/*--------------------------------*- C++ -*----------------------------------*\
  =========                 |
  \\      /  F ield         | OpenFOAM: The Open Source CFD Toolbox
   \\    /   O peration     | Website:  https://openfoam.org
    \\  /    A nd           | Version:  6
     \\/     M anipulation  |
\*---------------------------------------------------------------------------*/
FoamFile
{
    version     2.0;
    format      ascii;
    class       surfaceScalarField;
    location    "3200";
    object      phi;
}
// * * * * * * * * * * * * * * * * * * * * * * * * * * * * * * * * * * * * * //

dimensions      [0 3 -1 0 0 0 0];

internalField   nonuniform List<scalar> 
4900
(
-1.9357e-06
8.19357e-05
-6.86622e-06
8.49305e-05
-9.18706e-06
8.23208e-05
-1.047e-05
8.1283e-05
-1.10767e-05
8.06067e-05
-1.12388e-05
8.01621e-05
-1.11251e-05
7.98863e-05
-1.08337e-05
7.97086e-05
-1.04238e-05
7.959e-05
-9.93274e-06
7.9509e-05
-9.38505e-06
7.94523e-05
-8.79705e-06
7.9412e-05
-8.17993e-06
7.93829e-05
-7.54146e-06
7.93615e-05
-6.88716e-06
7.93457e-05
-6.22101e-06
7.93338e-05
-5.54589e-06
7.93249e-05
-4.86396e-06
7.93181e-05
-4.17685e-06
7.93129e-05
-3.4858e-06
7.93089e-05
-2.79178e-06
7.9306e-05
-2.09559e-06
7.93038e-05
-1.39787e-06
7.93023e-05
-6.9917e-07
7.93013e-05
1.50275e-16
7.93008e-05
6.9917e-07
7.93008e-05
1.39787e-06
7.93013e-05
2.09559e-06
7.93023e-05
2.79178e-06
7.93038e-05
3.4858e-06
7.9306e-05
4.17685e-06
7.93089e-05
4.86396e-06
7.93129e-05
5.54589e-06
7.93181e-05
6.22101e-06
7.93249e-05
6.88716e-06
7.93338e-05
7.54146e-06
7.93457e-05
8.17993e-06
7.93615e-05
8.79705e-06
7.93829e-05
9.38505e-06
7.9412e-05
9.93274e-06
7.94523e-05
1.04238e-05
7.9509e-05
1.08337e-05
7.959e-05
1.11251e-05
7.97086e-05
1.12388e-05
7.98863e-05
1.10767e-05
8.01621e-05
1.047e-05
8.06067e-05
9.18706e-06
8.1283e-05
6.86622e-06
8.23208e-05
1.9357e-06
8.49305e-05
8.19357e-05
5.52821e-06
7.64075e-05
3.24501e-06
8.72137e-05
-5.94487e-07
8.61603e-05
-3.65938e-06
8.43479e-05
-5.76696e-06
8.27143e-05
-7.11633e-06
8.15115e-05
-7.91033e-06
8.06803e-05
-8.30622e-06
8.01045e-05
-8.41777e-06
7.97016e-05
-8.32528e-06
7.94165e-05
-8.08515e-06
7.92122e-05
-7.73721e-06
7.90641e-05
-7.3098e-06
7.89555e-05
-6.82325e-06
7.8875e-05
-6.29233e-06
7.88148e-05
-5.72785e-06
7.87694e-05
-5.13783e-06
7.87349e-05
-4.52829e-06
7.87085e-05
-3.90382e-06
7.86884e-05
-3.26796e-06
7.86731e-05
-2.62352e-06
7.86615e-05
-1.97274e-06
7.8653e-05
-1.31751e-06
7.8647e-05
-6.59444e-07
7.86432e-05
4.35926e-16
7.86414e-05
6.59444e-07
7.86414e-05
1.31751e-06
7.86432e-05
1.97274e-06
7.8647e-05
2.62352e-06
7.8653e-05
3.26796e-06
7.86615e-05
3.90382e-06
7.86731e-05
4.52829e-06
7.86884e-05
5.13783e-06
7.87085e-05
5.72785e-06
7.87349e-05
6.29233e-06
7.87694e-05
6.82325e-06
7.88148e-05
7.3098e-06
7.8875e-05
7.73721e-06
7.89555e-05
8.08515e-06
7.90641e-05
8.32528e-06
7.92122e-05
8.41777e-06
7.94165e-05
8.30622e-06
7.97016e-05
7.91033e-06
8.01045e-05
7.11633e-06
8.06803e-05
5.76696e-06
8.15115e-05
3.65938e-06
8.27143e-05
5.94487e-07
8.43479e-05
-3.24501e-06
8.61603e-05
-5.52821e-06
8.72137e-05
7.64075e-05
7.5854e-06
6.88221e-05
8.02818e-06
8.67709e-05
4.70944e-06
8.94791e-05
1.22728e-06
8.783e-05
-1.58437e-06
8.55259e-05
-3.65663e-06
8.35837e-05
-5.08739e-06
8.21111e-05
-6.0111e-06
8.10282e-05
-6.54897e-06
8.02395e-05
-6.79737e-06
7.96649e-05
-6.82946e-06
7.92443e-05
-6.69976e-06
7.89344e-05
-6.44857e-06
7.87043e-05
-6.1057e-06
7.85321e-05
-5.69325e-06
7.84023e-05
-5.22773e-06
7.83038e-05
-4.72154e-06
7.82287e-05
-4.1841e-06
7.81711e-05
-3.62264e-06
7.8127e-05
-3.04282e-06
7.80933e-05
-2.44909e-06
7.80678e-05
-1.84511e-06
7.8049e-05
-1.23389e-06
7.80358e-05
-6.18067e-07
7.80274e-05
6.8657e-16
7.80233e-05
6.18067e-07
7.80233e-05
1.23389e-06
7.80274e-05
1.84511e-06
7.80358e-05
2.44909e-06
7.8049e-05
3.04282e-06
7.80678e-05
3.62264e-06
7.80933e-05
4.1841e-06
7.8127e-05
4.72154e-06
7.81711e-05
5.22773e-06
7.82287e-05
5.69325e-06
7.83038e-05
6.1057e-06
7.84023e-05
6.44857e-06
7.85321e-05
6.69976e-06
7.87043e-05
6.82946e-06
7.89344e-05
6.79737e-06
7.92443e-05
6.54897e-06
7.96649e-05
6.0111e-06
8.02395e-05
5.08739e-06
8.10282e-05
3.65663e-06
8.21111e-05
1.58437e-06
8.35837e-05
-1.22728e-06
8.55259e-05
-4.70944e-06
8.783e-05
-8.02818e-06
8.94791e-05
-7.5854e-06
8.67709e-05
6.88221e-05
8.00525e-06
6.08168e-05
9.93246e-06
8.48437e-05
7.72385e-06
9.16877e-05
4.56586e-06
9.0988e-05
1.59655e-06
8.84952e-05
-8.29285e-07
8.60096e-05
-2.6588e-06
8.39406e-05
-3.96014e-06
8.23296e-05
-4.82992e-06
8.11093e-05
-5.35972e-06
8.01947e-05
-5.62639e-06
7.95109e-05
-5.69103e-06
7.8999e-05
-5.60091e-06
7.86142e-05
-5.3922e-06
7.83234e-05
-5.0924e-06
7.81025e-05
-4.72244e-06
7.79339e-05
-4.29832e-06
7.78045e-05
-3.83232e-06
7.77051e-05
-3.33399e-06
7.76286e-05
-2.81083e-06
7.75701e-05
-2.26885e-06
7.75258e-05
-1.71292e-06
7.74931e-05
-1.14715e-06
7.74701e-05
-5.75104e-07
7.74554e-05
9.05472e-16
7.74482e-05
5.75104e-07
7.74482e-05
1.14715e-06
7.74554e-05
1.71292e-06
7.74701e-05
2.26885e-06
7.74931e-05
2.81083e-06
7.75258e-05
3.33399e-06
7.75701e-05
3.83232e-06
7.76286e-05
4.29832e-06
7.77051e-05
4.72244e-06
7.78045e-05
5.0924e-06
7.79339e-05
5.3922e-06
7.81025e-05
5.60091e-06
7.83234e-05
5.69103e-06
7.86142e-05
5.62639e-06
7.8999e-05
5.35972e-06
7.95109e-05
4.82992e-06
8.01947e-05
3.96014e-06
8.11093e-05
2.6588e-06
8.23296e-05
8.29285e-07
8.39406e-05
-1.59655e-06
8.60096e-05
-4.56586e-06
8.84952e-05
-7.72385e-06
9.0988e-05
-9.93246e-06
9.16877e-05
-8.00525e-06
8.48437e-05
6.08168e-05
7.43949e-06
5.33773e-05
1.02188e-05
8.20645e-05
9.20768e-06
9.26988e-05
6.7176e-06
9.34781e-05
3.93902e-06
9.12738e-05
1.43453e-06
8.8514e-05
-5.9919e-07
8.59743e-05
-2.1466e-06
8.3877e-05
-3.26113e-06
8.22238e-05
-4.01518e-06
8.09487e-05
-4.47913e-06
7.99749e-05
-4.71384e-06
7.92337e-05
-4.7691e-06
7.86694e-05
-4.6845e-06
7.82388e-05
-4.49106e-06
7.79091e-05
-4.21292e-06
7.76557e-05
-3.86882e-06
7.74604e-05
-3.47342e-06
7.73097e-05
-3.03818e-06
7.71934e-05
-2.57224e-06
7.71042e-05
-2.08292e-06
7.70365e-05
-1.57626e-06
7.69865e-05
-1.05734e-06
7.69511e-05
-5.3058e-07
7.69286e-05
1.09856e-15
7.69176e-05
5.3058e-07
7.69176e-05
1.05734e-06
7.69286e-05
1.57626e-06
7.69511e-05
2.08292e-06
7.69865e-05
2.57224e-06
7.70365e-05
3.03818e-06
7.71042e-05
3.47342e-06
7.71934e-05
3.86882e-06
7.73097e-05
4.21292e-06
7.74604e-05
4.49106e-06
7.76557e-05
4.6845e-06
7.79091e-05
4.7691e-06
7.82388e-05
4.71384e-06
7.86694e-05
4.47913e-06
7.92337e-05
4.01518e-06
7.99749e-05
3.26113e-06
8.09487e-05
2.1466e-06
8.22238e-05
5.9919e-07
8.3877e-05
-1.43453e-06
8.59743e-05
-3.93902e-06
8.8514e-05
-6.7176e-06
9.12738e-05
-9.20768e-06
9.34781e-05
-1.02188e-05
9.26988e-05
-7.43949e-06
8.20645e-05
5.33773e-05
6.43982e-06
4.69375e-05
9.66849e-06
7.88358e-05
9.71836e-06
9.26489e-05
8.00106e-06
9.51954e-05
5.60978e-06
9.36651e-05
3.21626e-06
9.09076e-05
1.12886e-06
8.80617e-05
-5.54589e-07
8.55604e-05
-1.83679e-06
8.3506e-05
-2.76237e-06
8.18743e-05
-3.38806e-06
8.06006e-05
-3.76914e-06
7.96148e-05
-3.95413e-06
7.88544e-05
-3.98347e-06
7.82682e-05
-3.88993e-06
7.78156e-05
-3.69967e-06
7.74655e-05
-3.43344e-06
7.71942e-05
-3.10767e-06
7.69839e-05
-2.73542e-06
7.68211e-05
-2.32716e-06
7.66959e-05
-1.89141e-06
7.66008e-05
-1.4352e-06
7.65302e-05
-9.64492e-07
7.64804e-05
-4.84509e-07
7.64486e-05
1.2775e-15
7.64331e-05
4.84509e-07
7.64331e-05
9.64492e-07
7.64486e-05
1.4352e-06
7.64804e-05
1.89141e-06
7.65302e-05
2.32716e-06
7.66008e-05
2.73542e-06
7.66959e-05
3.10767e-06
7.68211e-05
3.43344e-06
7.69839e-05
3.69967e-06
7.71942e-05
3.88993e-06
7.74655e-05
3.98347e-06
7.78156e-05
3.95413e-06
7.82682e-05
3.76914e-06
7.88544e-05
3.38806e-06
7.96148e-05
2.76237e-06
8.06006e-05
1.83679e-06
8.18743e-05
5.54589e-07
8.3506e-05
-1.12886e-06
8.55604e-05
-3.21626e-06
8.80617e-05
-5.60978e-06
9.09076e-05
-8.00106e-06
9.36651e-05
-9.71836e-06
9.51954e-05
-9.66849e-06
9.26489e-05
-6.43982e-06
7.88358e-05
4.69375e-05
5.37432e-06
4.15632e-05
8.77147e-06
7.54386e-05
9.64888e-06
9.17715e-05
8.67352e-06
9.61708e-05
6.75889e-06
9.55797e-05
4.59686e-06
9.30696e-05
2.56679e-06
9.00918e-05
8.36169e-07
8.7291e-05
-5.47515e-07
8.48897e-05
-1.59728e-06
8.29241e-05
-2.35172e-06
8.1355e-05
-2.85659e-06
8.01197e-05
-3.1561e-06
7.91539e-05
-3.28934e-06
7.84014e-05
-3.28924e-06
7.78155e-05
-3.18292e-06
7.73591e-05
-2.99232e-06
7.70036e-05
-2.73518e-06
7.67268e-05
-2.42575e-06
7.65117e-05
-2.07564e-06
7.63458e-05
-1.69433e-06
7.62195e-05
-1.28974e-06
7.61257e-05
-8.68612e-07
7.60593e-05
-4.36892e-07
7.60169e-05
1.45466e-15
7.59962e-05
4.36892e-07
7.59962e-05
8.68612e-07
7.60169e-05
1.28974e-06
7.60593e-05
1.69433e-06
7.61257e-05
2.07564e-06
7.62195e-05
2.42575e-06
7.63458e-05
2.73518e-06
7.65117e-05
2.99232e-06
7.67268e-05
3.18292e-06
7.70036e-05
3.28924e-06
7.73591e-05
3.28934e-06
7.78155e-05
3.1561e-06
7.84014e-05
2.85659e-06
7.91539e-05
2.35172e-06
8.01197e-05
1.59728e-06
8.1355e-05
5.47515e-07
8.29241e-05
-8.36169e-07
8.48897e-05
-2.56679e-06
8.7291e-05
-4.59686e-06
9.00918e-05
-6.75889e-06
9.30696e-05
-8.67352e-06
9.55797e-05
-9.64888e-06
9.61708e-05
-8.77147e-06
9.17715e-05
-5.37432e-06
7.54386e-05
4.15632e-05
4.40766e-06
3.71555e-05
7.79044e-06
7.20559e-05
9.25804e-06
9.03039e-05
8.93176e-06
9.6497e-05
7.51395e-06
9.69975e-05
5.65176e-06
9.49318e-05
3.75683e-06
9.19867e-05
2.04841e-06
8.89995e-05
6.18549e-07
8.63195e-05
-5.13934e-07
8.40565e-05
-1.36717e-06
8.22083e-05
-1.97479e-06
8.07273e-05
-2.37438e-06
7.95535e-05
-2.60182e-06
7.86288e-05
-2.68887e-06
7.79025e-05
-2.66257e-06
7.73329e-05
-2.54541e-06
7.68865e-05
-2.35589e-06
7.65372e-05
-2.10915e-06
7.6265e-05
-1.81763e-06
7.60543e-05
-1.49164e-06
7.58935e-05
-1.13984e-06
7.57739e-05
-7.69676e-07
7.56891e-05
-3.87719e-07
7.56349e-05
1.6477e-15
7.56085e-05
3.87719e-07
7.56085e-05
7.69676e-07
7.56349e-05
1.13984e-06
7.56891e-05
1.49164e-06
7.57739e-05
1.81763e-06
7.58935e-05
2.10915e-06
7.60543e-05
2.35589e-06
7.6265e-05
2.54541e-06
7.65372e-05
2.66257e-06
7.68865e-05
2.68887e-06
7.73329e-05
2.60182e-06
7.79025e-05
2.37438e-06
7.86288e-05
1.97479e-06
7.95535e-05
1.36717e-06
8.07273e-05
5.13934e-07
8.22083e-05
-6.18549e-07
8.40565e-05
-2.04841e-06
8.63195e-05
-3.75683e-06
8.89995e-05
-5.65176e-06
9.19867e-05
-7.51395e-06
9.49318e-05
-8.93176e-06
9.69975e-05
-9.25804e-06
9.6497e-05
-7.79044e-06
9.03039e-05
-4.40766e-06
7.20559e-05
3.71555e-05
3.59188e-06
3.35637e-05
6.85279e-06
6.87949e-05
8.71111e-06
8.84456e-05
8.9223e-06
9.62858e-05
7.98031e-06
9.79395e-05
6.44882e-06
9.64633e-05
4.74001e-06
9.36955e-05
3.10592e-06
9.06336e-05
1.67484e-06
8.77506e-05
4.95143e-07
8.52362e-05
-4.30293e-07
8.31337e-05
-1.12146e-06
8.14184e-05
-1.60766e-06
8.00397e-05
-1.92013e-06
7.89413e-05
-2.08831e-06
7.80707e-05
-2.13829e-06
7.73828e-05
-2.09246e-06
7.68406e-05
-1.96961e-06
7.64144e-05
-1.78544e-06
7.60808e-05
-1.55301e-06
7.58218e-05
-1.28325e-06
7.56237e-05
-9.85445e-07
7.54761e-05
-6.67637e-07
7.53713e-05
-3.36965e-07
7.53043e-05
1.87185e-15
7.52715e-05
3.36965e-07
7.52715e-05
6.67637e-07
7.53043e-05
9.85445e-07
7.53713e-05
1.28325e-06
7.54761e-05
1.55301e-06
7.56237e-05
1.78544e-06
7.58218e-05
1.96961e-06
7.60808e-05
2.09246e-06
7.64144e-05
2.13829e-06
7.68406e-05
2.08831e-06
7.73828e-05
1.92013e-06
7.80707e-05
1.60766e-06
7.89413e-05
1.12146e-06
8.00397e-05
4.30293e-07
8.14184e-05
-4.95143e-07
8.31337e-05
-1.67484e-06
8.52362e-05
-3.10592e-06
8.77506e-05
-4.74001e-06
9.06336e-05
-6.44882e-06
9.36955e-05
-7.98031e-06
9.64633e-05
-8.9223e-06
9.79395e-05
-8.71111e-06
9.62858e-05
-6.85279e-06
8.84456e-05
-3.59188e-06
6.87949e-05
3.35637e-05
2.9306e-06
3.06331e-05
6.01455e-06
6.5711e-05
8.11129e-06
8.63488e-05
8.75161e-06
9.56455e-05
8.24283e-06
9.84483e-05
7.04736e-06
9.76587e-05
5.5547e-06
9.51882e-05
4.03237e-06
9.21559e-05
2.63554e-06
8.91474e-05
1.43834e-06
8.64334e-05
4.63864e-07
8.41082e-05
-2.9363e-07
8.21759e-05
-8.54126e-07
8.06002e-05
-1.24312e-06
7.93303e-05
-1.48679e-06
7.83144e-05
-1.60954e-06
7.75056e-05
-1.63306e-06
7.68642e-05
-1.57605e-06
7.63574e-05
-1.45441e-06
7.59592e-05
-1.28159e-06
7.5649e-05
-1.06901e-06
7.54111e-05
-8.26444e-07
7.52335e-05
-5.6243e-07
7.51073e-05
-2.84598e-07
7.50264e-05
2.14532e-15
7.4987e-05
2.84598e-07
7.4987e-05
5.6243e-07
7.50264e-05
8.26444e-07
7.51073e-05
1.06901e-06
7.52335e-05
1.28159e-06
7.54111e-05
1.45441e-06
7.5649e-05
1.57605e-06
7.59592e-05
1.63306e-06
7.63574e-05
1.60954e-06
7.68642e-05
1.48679e-06
7.75056e-05
1.24312e-06
7.83144e-05
8.54126e-07
7.93303e-05
2.9363e-07
8.06002e-05
-4.63864e-07
8.21759e-05
-1.43834e-06
8.41082e-05
-2.63554e-06
8.64334e-05
-4.03237e-06
8.91474e-05
-5.5547e-06
9.21559e-05
-7.04736e-06
9.51882e-05
-8.24283e-06
9.76587e-05
-8.75161e-06
9.84483e-05
-8.11129e-06
9.56455e-05
-6.01455e-06
8.63488e-05
-2.9306e-06
6.5711e-05
3.06331e-05
2.408e-06
2.82251e-05
5.29401e-06
6.2825e-05
7.52049e-06
8.41224e-05
8.49512e-06
9.46709e-05
8.36818e-06
9.85752e-05
7.49781e-06
9.85291e-05
6.23565e-06
9.64503e-05
4.8504e-06
9.35411e-05
3.51493e-06
9.04829e-05
2.32451e-06
8.76238e-05
1.32077e-06
8.51119e-05
5.1209e-07
8.29846e-05
-1.11623e-07
8.12239e-05
-5.69384e-07
7.9788e-05
-8.83354e-07
7.86283e-05
-1.07564e-06
7.76979e-05
-1.16673e-06
7.69552e-05
-1.17483e-06
7.63655e-05
-1.11576e-06
7.59001e-05
-1.00317e-06
7.55364e-05
-8.4877e-07
7.52567e-05
-6.62728e-07
7.50474e-05
-4.53983e-07
7.48986e-05
-2.30583e-07
7.4803e-05
2.47965e-15
7.47564e-05
2.30583e-07
7.47564e-05
4.53983e-07
7.4803e-05
6.62728e-07
7.48986e-05
8.4877e-07
7.50474e-05
1.00317e-06
7.52567e-05
1.11576e-06
7.55364e-05
1.17483e-06
7.59001e-05
1.16673e-06
7.63655e-05
1.07564e-06
7.69552e-05
8.83354e-07
7.76979e-05
5.69384e-07
7.86283e-05
1.11623e-07
7.9788e-05
-5.1209e-07
8.12239e-05
-1.32077e-06
8.29846e-05
-2.32451e-06
8.51119e-05
-3.51493e-06
8.76238e-05
-4.8504e-06
9.04829e-05
-6.23565e-06
9.35411e-05
-7.49781e-06
9.64503e-05
-8.36818e-06
9.85291e-05
-8.49512e-06
9.85752e-05
-7.52049e-06
9.46709e-05
-5.29401e-06
8.41224e-05
-2.408e-06
6.2825e-05
2.82251e-05
2.00173e-06
2.62233e-05
4.69025e-06
6.01365e-05
6.97369e-06
8.18389e-05
8.20476e-06
9.34398e-05
8.40761e-06
9.83724e-05
7.84206e-06
9.90946e-05
6.81355e-06
9.74788e-05
5.58099e-06
9.47737e-05
4.32679e-06
9.17371e-05
3.16252e-06
8.87881e-05
2.14608e-06
8.61283e-05
1.29934e-06
8.38314e-05
6.22215e-07
8.19011e-05
1.02655e-07
8.03076e-05
-2.76936e-07
7.90079e-05
-5.35845e-07
7.79568e-05
-6.92924e-07
7.71123e-05
-7.65544e-07
7.64381e-05
-7.69205e-07
7.59038e-05
-7.17519e-07
7.54847e-05
-6.2237e-07
7.51616e-05
-4.94185e-07
7.49193e-05
-3.42224e-07
7.47466e-05
-1.74886e-07
7.46357e-05
2.88687e-15
7.45815e-05
1.74886e-07
7.45815e-05
3.42224e-07
7.46357e-05
4.94185e-07
7.47466e-05
6.2237e-07
7.49193e-05
7.17519e-07
7.51616e-05
7.69205e-07
7.54847e-05
7.65544e-07
7.59038e-05
6.92924e-07
7.64381e-05
5.35845e-07
7.71123e-05
2.76936e-07
7.79568e-05
-1.02655e-07
7.90079e-05
-6.22215e-07
8.03076e-05
-1.29934e-06
8.19011e-05
-2.14608e-06
8.38314e-05
-3.16252e-06
8.61283e-05
-4.32679e-06
8.87881e-05
-5.58099e-06
9.17371e-05
-6.81355e-06
9.47737e-05
-7.84206e-06
9.74788e-05
-8.40761e-06
9.90946e-05
-8.20476e-06
9.83724e-05
-6.97369e-06
9.34398e-05
-4.69025e-06
8.18389e-05
-2.00173e-06
6.01365e-05
2.62233e-05
1.68939e-06
2.45339e-05
4.19363e-06
5.76322e-05
6.4888e-06
7.95438e-05
7.91531e-06
9.20133e-05
8.39964e-06
9.78881e-05
8.11413e-06
9.93802e-05
7.31478e-06
9.82782e-05
6.24308e-06
9.58454e-05
5.08404e-06
9.28962e-05
3.96093e-06
8.99112e-05
2.94543e-06
8.71439e-05
2.07179e-06
8.4705e-05
1.3498e-06
8.26231e-05
7.74607e-07
8.08828e-05
3.33562e-07
7.9449e-05
1.06108e-08
7.82797e-05
-2.11105e-07
7.7334e-05
-3.47819e-07
7.65748e-05
-4.14464e-07
7.59704e-05
-4.24444e-07
7.54947e-05
-3.89667e-07
7.51268e-05
-3.20717e-07
7.48503e-05
-2.27094e-07
7.4653e-05
-1.17478e-07
7.45261e-05
3.36935e-15
7.4464e-05
1.17478e-07
7.4464e-05
2.27094e-07
7.45261e-05
3.20717e-07
7.4653e-05
3.89667e-07
7.48503e-05
4.24444e-07
7.51268e-05
4.14464e-07
7.54947e-05
3.47819e-07
7.59704e-05
2.11105e-07
7.65748e-05
-1.06108e-08
7.7334e-05
-3.33562e-07
7.82797e-05
-7.74607e-07
7.9449e-05
-1.3498e-06
8.08828e-05
-2.07179e-06
8.26231e-05
-2.94543e-06
8.4705e-05
-3.96093e-06
8.71439e-05
-5.08404e-06
8.99112e-05
-6.24308e-06
9.28962e-05
-7.31478e-06
9.58454e-05
-8.11413e-06
9.82782e-05
-8.39964e-06
9.93802e-05
-7.91531e-06
9.78881e-05
-6.4888e-06
9.20133e-05
-4.19363e-06
7.95438e-05
-1.68939e-06
5.76322e-05
2.45339e-05
1.45128e-06
2.30827e-05
3.79156e-06
5.52919e-05
6.0732e-06
7.72621e-05
7.64909e-06
9.04374e-05
8.37255e-06
9.71646e-05
8.34104e-06
9.94117e-05
7.76152e-06
9.88577e-05
6.85326e-06
9.67536e-05
5.79842e-06
9.3951e-05
4.72775e-06
9.09819e-05
3.72412e-06
8.81475e-05
2.83296e-06
8.55961e-05
2.07346e-06
8.33826e-05
1.44801e-06
8.15083e-05
9.49163e-07
7.99478e-05
5.64412e-07
7.86645e-05
2.79191e-07
7.76193e-05
7.86619e-08
7.67753e-05
-5.13247e-08
7.61004e-05
-1.23799e-07
7.55672e-05
-1.50565e-07
7.51536e-05
-1.42264e-07
7.4842e-05
-1.08557e-07
7.46193e-05
-5.83408e-08
7.44759e-05
3.92951e-15
7.44057e-05
5.83408e-08
7.44057e-05
1.08557e-07
7.44759e-05
1.42264e-07
7.46193e-05
1.50565e-07
7.4842e-05
1.23799e-07
7.51536e-05
5.13247e-08
7.55672e-05
-7.86619e-08
7.61004e-05
-2.79191e-07
7.67753e-05
-5.64412e-07
7.76193e-05
-9.49163e-07
7.86645e-05
-1.44801e-06
7.99478e-05
-2.07346e-06
8.15083e-05
-2.83296e-06
8.33826e-05
-3.72412e-06
8.55961e-05
-4.72775e-06
8.81475e-05
-5.79842e-06
9.09819e-05
-6.85326e-06
9.3951e-05
-7.76152e-06
9.67536e-05
-8.34104e-06
9.88577e-05
-8.37255e-06
9.94117e-05
-7.64909e-06
9.71646e-05
-6.0732e-06
9.04374e-05
-3.79156e-06
7.72621e-05
-1.45128e-06
5.52919e-05
2.30827e-05
1.27124e-06
2.18114e-05
3.47114e-06
5.3092e-05
5.72785e-06
7.50054e-05
7.41954e-06
8.87457e-05
8.34639e-06
9.62378e-05
8.5436e-06
9.92145e-05
8.17186e-06
9.92295e-05
7.42566e-06
9.74998e-05
6.48021e-06
9.48965e-05
5.47011e-06
9.1992e-05
4.48697e-06
8.91306e-05
3.58601e-06
8.64971e-05
2.79525e-06
8.41733e-05
2.12419e-06
8.21793e-05
1.57072e-06
8.05013e-05
1.1261e-06
7.91091e-05
7.78294e-07
7.79671e-05
5.14095e-07
7.70395e-05
3.20324e-07
7.62942e-05
1.8447e-07
7.57031e-05
9.49585e-08
7.52431e-05
4.11798e-08
7.48958e-05
1.3387e-08
7.46471e-05
2.52187e-09
7.44867e-05
4.55973e-15
7.44082e-05
-2.52187e-09
7.44082e-05
-1.3387e-08
7.44867e-05
-4.11798e-08
7.46471e-05
-9.49585e-08
7.48958e-05
-1.8447e-07
7.52431e-05
-3.20324e-07
7.57031e-05
-5.14095e-07
7.62942e-05
-7.78294e-07
7.70395e-05
-1.1261e-06
7.79671e-05
-1.57072e-06
7.91091e-05
-2.12419e-06
8.05013e-05
-2.79525e-06
8.21793e-05
-3.58601e-06
8.41733e-05
-4.48697e-06
8.64971e-05
-5.47011e-06
8.91306e-05
-6.48021e-06
9.1992e-05
-7.42566e-06
9.48965e-05
-8.17186e-06
9.74998e-05
-8.5436e-06
9.92295e-05
-8.34639e-06
9.92145e-05
-7.41954e-06
9.62378e-05
-5.72785e-06
8.87457e-05
-3.47114e-06
7.50054e-05
-1.27124e-06
5.3092e-05
2.18114e-05
1.13645e-06
2.0675e-05
3.22034e-06
5.10082e-05
5.44985e-06
7.27759e-05
7.23367e-06
8.69619e-05
8.33463e-06
9.51368e-05
8.73726e-06
9.88118e-05
8.56003e-06
9.94067e-05
7.97185e-06
9.8088e-05
7.13804e-06
9.57303e-05
6.1941e-06
9.29359e-05
5.2381e-06
9.00866e-05
4.33364e-06
8.74016e-05
3.51687e-06
8.49901e-05
2.80418e-06
8.2892e-05
2.19882e-06
8.11066e-05
1.69597e-06
7.9612e-05
1.28633e-06
7.83767e-05
9.58502e-07
7.73674e-05
7.00436e-07
7.65522e-05
5.00291e-07
7.59032e-05
3.46823e-07
7.53965e-05
2.29543e-07
7.50131e-05
1.38684e-07
7.47379e-05
6.50825e-08
7.45603e-05
5.25405e-15
7.44733e-05
-6.50825e-08
7.44733e-05
-1.38684e-07
7.45603e-05
-2.29543e-07
7.47379e-05
-3.46823e-07
7.50131e-05
-5.00291e-07
7.53965e-05
-7.00436e-07
7.59032e-05
-9.58502e-07
7.65522e-05
-1.28633e-06
7.73674e-05
-1.69597e-06
7.83767e-05
-2.19882e-06
7.9612e-05
-2.80418e-06
8.11066e-05
-3.51687e-06
8.2892e-05
-4.33364e-06
8.49901e-05
-5.2381e-06
8.74016e-05
-6.1941e-06
9.00866e-05
-7.13804e-06
9.29359e-05
-7.97185e-06
9.57303e-05
-8.56003e-06
9.8088e-05
-8.73726e-06
9.94067e-05
-8.33463e-06
9.88118e-05
-7.23367e-06
9.51368e-05
-5.44985e-06
8.69619e-05
-3.22034e-06
7.27759e-05
-1.13645e-06
5.10082e-05
2.0675e-05
1.0369e-06
1.96381e-05
3.02829e-06
4.90168e-05
5.23397e-06
7.05702e-05
7.09385e-06
8.51021e-05
8.34546e-06
9.38852e-05
8.93276e-06
9.82245e-05
8.93665e-06
9.94028e-05
8.50079e-06
9.85239e-05
7.77878e-06
9.64523e-05
6.90458e-06
9.38102e-05
5.98072e-06
9.10105e-05
5.07785e-06
8.83044e-05
4.23948e-06
8.58284e-05
3.48857e-06
8.36429e-05
2.83369e-06
8.17615e-05
2.27403e-06
8.01716e-05
1.80316e-06
7.88476e-05
1.41166e-06
7.77589e-05
1.08877e-06
7.68751e-05
8.23426e-07
7.61685e-05
6.04818e-07
7.56151e-05
4.22656e-07
7.51952e-05
2.67215e-07
7.48934e-05
1.2928e-07
7.46983e-05
5.99786e-15
7.46025e-05
-1.2928e-07
7.46025e-05
-2.67215e-07
7.46983e-05
-4.22656e-07
7.48934e-05
-6.04818e-07
7.51952e-05
-8.23426e-07
7.56151e-05
-1.08877e-06
7.61685e-05
-1.41166e-06
7.68751e-05
-1.80316e-06
7.77589e-05
-2.27403e-06
7.88476e-05
-2.83369e-06
8.01716e-05
-3.48857e-06
8.17615e-05
-4.23948e-06
8.36429e-05
-5.07785e-06
8.58284e-05
-5.98072e-06
8.83044e-05
-6.90458e-06
9.10105e-05
-7.77878e-06
9.38102e-05
-8.50079e-06
9.64523e-05
-8.93665e-06
9.85239e-05
-8.93276e-06
9.94028e-05
-8.34546e-06
9.82245e-05
-7.09385e-06
9.38852e-05
-5.23397e-06
8.51021e-05
-3.02829e-06
7.05702e-05
-1.0369e-06
4.90168e-05
1.96381e-05
9.64894e-07
1.86732e-05
2.88572e-06
4.7096e-05
5.07437e-06
6.83816e-05
7.00017e-06
8.31763e-05
8.38421e-06
9.25011e-05
9.13834e-06
9.74704e-05
9.31056e-06
9.92306e-05
9.02046e-06
9.8814e-05
8.40888e-06
9.70638e-05
7.60637e-06
9.46127e-05
6.71825e-06
9.18986e-05
5.8209e-06
8.92018e-05
4.96449e-06
8.66849e-05
4.17818e-06
8.44292e-05
3.47572e-06
8.2464e-05
2.86038e-06
8.0787e-05
2.32872e-06
7.93792e-05
1.87342e-06
7.82142e-05
1.48512e-06
7.72634e-05
1.15366e-06
7.65e-05
8.68737e-07
7.59001e-05
6.20346e-07
7.54436e-05
3.9886e-07
7.51149e-05
1.95051e-07
7.49021e-05
6.78154e-15
7.47976e-05
-1.95051e-07
7.47976e-05
-3.9886e-07
7.49021e-05
-6.20346e-07
7.51149e-05
-8.68737e-07
7.54436e-05
-1.15366e-06
7.59001e-05
-1.48512e-06
7.65e-05
-1.87342e-06
7.72634e-05
-2.32872e-06
7.82142e-05
-2.86038e-06
7.93792e-05
-3.47572e-06
8.0787e-05
-4.17818e-06
8.2464e-05
-4.96449e-06
8.44292e-05
-5.8209e-06
8.66849e-05
-6.71825e-06
8.92018e-05
-7.60637e-06
9.18986e-05
-8.40888e-06
9.46127e-05
-9.02046e-06
9.70638e-05
-9.31056e-06
9.8814e-05
-9.13834e-06
9.92306e-05
-8.38421e-06
9.74704e-05
-7.00017e-06
9.25011e-05
-5.07437e-06
8.31763e-05
-2.88572e-06
6.83816e-05
-9.64894e-07
4.7096e-05
1.86732e-05
9.13897e-07
1.77593e-05
2.78292e-06
4.52269e-05
4.96199e-06
6.62025e-05
6.94697e-06
8.11913e-05
8.44897e-06
9.09991e-05
9.35456e-06
9.65648e-05
9.68333e-06
9.89018e-05
9.53233e-06
9.8965e-05
9.02911e-06
9.75671e-05
8.29948e-06
9.53423e-05
7.44998e-06
9.27481e-05
6.56162e-06
9.00901e-05
5.69044e-06
8.7556e-05
4.87139e-06
8.52483e-05
4.12331e-06
8.32121e-05
3.4535e-06
8.14568e-05
2.86161e-06
7.99711e-05
2.34251e-06
7.87333e-05
1.88839e-06
7.77176e-05
1.49005e-06
7.68984e-05
1.13784e-06
7.62523e-05
8.22055e-07
7.57594e-05
5.33243e-07
7.54037e-05
2.6221e-07
7.51731e-05
7.58496e-15
7.50598e-05
-2.6221e-07
7.50598e-05
-5.33243e-07
7.51731e-05
-8.22055e-07
7.54037e-05
-1.13784e-06
7.57594e-05
-1.49005e-06
7.62523e-05
-1.88839e-06
7.68984e-05
-2.34251e-06
7.77176e-05
-2.86161e-06
7.87333e-05
-3.4535e-06
7.99711e-05
-4.12331e-06
8.14568e-05
-4.87139e-06
8.32121e-05
-5.69044e-06
8.52483e-05
-6.56162e-06
8.7556e-05
-7.44998e-06
9.00901e-05
-8.29948e-06
9.27481e-05
-9.02911e-06
9.53423e-05
-9.53233e-06
9.75671e-05
-9.68333e-06
9.8965e-05
-9.35456e-06
9.89018e-05
-8.44897e-06
9.65648e-05
-6.94697e-06
9.09991e-05
-4.96199e-06
8.11913e-05
-2.78292e-06
6.62025e-05
-9.13897e-07
4.52269e-05
1.77593e-05
8.78945e-07
1.68803e-05
2.712e-06
4.33939e-05
4.88896e-06
6.40255e-05
6.92899e-06
7.91512e-05
8.53765e-06
8.93905e-05
9.58176e-06
9.55207e-05
1.00565e-05
9.84271e-05
1.0038e-05
9.89834e-05
9.64062e-06
9.79645e-05
8.9843e-06
9.59986e-05
8.17564e-06
9.35568e-05
7.29918e-06
9.09666e-05
6.41612e-06
8.84391e-05
5.5668e-06
8.60976e-05
4.77494e-06
8.40039e-05
4.05186e-06
8.21799e-05
3.40035e-06
8.06226e-05
2.81759e-06
7.9316e-05
2.29737e-06
7.82378e-05
1.83159e-06
7.73641e-05
1.41128e-06
7.66726e-05
1.02714e-06
7.61435e-05
6.69936e-07
7.57609e-05
3.30539e-07
7.55125e-05
8.39487e-15
7.53903e-05
-3.30539e-07
7.53903e-05
-6.69936e-07
7.55125e-05
-1.02714e-06
7.57609e-05
-1.41128e-06
7.61435e-05
-1.83159e-06
7.66726e-05
-2.29737e-06
7.73641e-05
-2.81759e-06
7.82378e-05
-3.40035e-06
7.9316e-05
-4.05186e-06
8.06226e-05
-4.77494e-06
8.21799e-05
-5.5668e-06
8.40039e-05
-6.41612e-06
8.60976e-05
-7.29918e-06
8.84391e-05
-8.17564e-06
9.09666e-05
-8.9843e-06
9.35568e-05
-9.64062e-06
9.59986e-05
-1.0038e-05
9.79645e-05
-1.00565e-05
9.89834e-05
-9.58176e-06
9.84271e-05
-8.53765e-06
9.55207e-05
-6.92899e-06
8.93905e-05
-4.88896e-06
7.91512e-05
-2.712e-06
6.40255e-05
-8.78945e-07
4.33939e-05
1.68803e-05
8.55884e-07
1.60244e-05
2.6657e-06
4.15841e-05
4.84728e-06
6.1844e-05
6.93985e-06
7.70587e-05
8.64641e-06
8.76839e-05
9.81826e-06
9.43488e-05
1.04296e-05
9.78158e-05
1.05376e-05
9.88754e-05
1.02433e-05
9.82587e-05
9.6604e-06
9.65816e-05
8.89432e-06
9.43228e-05
8.0323e-06
9.18286e-05
7.13998e-06
8.93314e-05
6.2627e-06
8.69749e-05
5.42884e-06
8.48378e-05
4.65373e-06
8.2955e-05
3.94332e-06
8.1333e-05
3.29715e-06
7.99622e-05
2.71073e-06
7.88242e-05
2.17713e-06
7.78977e-05
1.68813e-06
7.71616e-05
1.23491e-06
7.65968e-05
8.08463e-07
7.61873e-05
3.998e-07
7.59212e-05
9.19233e-15
7.57901e-05
-3.998e-07
7.57901e-05
-8.08463e-07
7.59212e-05
-1.23491e-06
7.61873e-05
-1.68813e-06
7.65968e-05
-2.17713e-06
7.71616e-05
-2.71073e-06
7.78977e-05
-3.29715e-06
7.88242e-05
-3.94332e-06
7.99622e-05
-4.65374e-06
8.1333e-05
-5.42884e-06
8.2955e-05
-6.2627e-06
8.48378e-05
-7.13998e-06
8.69749e-05
-8.0323e-06
8.93314e-05
-8.89432e-06
9.18286e-05
-9.6604e-06
9.43228e-05
-1.02433e-05
9.65816e-05
-1.05376e-05
9.82587e-05
-1.04296e-05
9.88754e-05
-9.81826e-06
9.78158e-05
-8.64641e-06
9.43488e-05
-6.93985e-06
8.76839e-05
-4.84728e-06
7.70587e-05
-2.6657e-06
6.1844e-05
-8.55884e-07
4.15841e-05
1.60244e-05
8.41094e-07
1.51834e-05
2.63705e-06
3.97881e-05
4.82842e-06
5.96526e-05
6.97163e-06
7.49154e-05
8.76905e-06
8.58865e-05
1.00596e-05
9.30583e-05
1.07995e-05
9.7076e-05
1.10285e-05
9.86464e-05
1.0835e-05
9.84522e-05
1.03254e-05
9.70912e-05
9.60346e-06
9.50447e-05
8.75827e-06
9.26738e-05
7.85927e-06
9.02304e-05
6.95636e-06
8.78778e-05
6.08242e-06
8.57117e-05
5.25668e-06
8.37807e-05
4.48827e-06
8.21014e-05
3.7792e-06
8.06713e-05
3.12673e-06
7.94767e-05
2.5252e-06
7.84993e-05
1.9672e-06
7.77196e-05
1.44444e-06
7.71195e-05
9.48219e-07
7.66835e-05
4.6969e-07
7.63997e-05
9.96465e-15
7.62598e-05
-4.6969e-07
7.62598e-05
-9.48219e-07
7.63997e-05
-1.44444e-06
7.66835e-05
-1.9672e-06
7.71195e-05
-2.5252e-06
7.77196e-05
-3.12673e-06
7.84993e-05
-3.7792e-06
7.94767e-05
-4.48827e-06
8.06713e-05
-5.25668e-06
8.21014e-05
-6.08242e-06
8.37807e-05
-6.95636e-06
8.57117e-05
-7.85927e-06
8.78778e-05
-8.75827e-06
9.02304e-05
-9.60346e-06
9.26738e-05
-1.03254e-05
9.50447e-05
-1.0835e-05
9.70912e-05
-1.10285e-05
9.84522e-05
-1.07995e-05
9.86464e-05
-1.00596e-05
9.7076e-05
-8.76905e-06
9.30583e-05
-6.97163e-06
8.58865e-05
-4.82842e-06
7.49154e-05
-2.63705e-06
5.96526e-05
-8.41094e-07
3.97881e-05
1.51834e-05
8.31432e-07
1.43519e-05
2.61956e-06
3.8e-05
4.82397e-06
5.74482e-05
7.01589e-06
7.27235e-05
8.89818e-06
8.40042e-05
1.02999e-05
9.16566e-05
1.11614e-05
9.62145e-05
1.15067e-05
9.83011e-05
1.14116e-05
9.85473e-05
1.09755e-05
9.75273e-05
1.02994e-05
9.57208e-05
9.4735e-06
9.34997e-05
8.57047e-06
9.11335e-05
7.64443e-06
8.88038e-05
6.73249e-06
8.66237e-05
5.85777e-06
8.46554e-05
5.03256e-06
8.29267e-05
4.26137e-06
8.14425e-05
3.54333e-06
8.01947e-05
2.87408e-06
7.91685e-05
2.24711e-06
7.83466e-05
1.65471e-06
7.77119e-05
1.08851e-06
7.72497e-05
5.3986e-07
7.69484e-05
1.06935e-14
7.67997e-05
-5.3986e-07
7.67997e-05
-1.08851e-06
7.69484e-05
-1.65471e-06
7.72497e-05
-2.24711e-06
7.77119e-05
-2.87408e-06
7.83466e-05
-3.54333e-06
7.91685e-05
-4.26137e-06
8.01947e-05
-5.03256e-06
8.14425e-05
-5.85777e-06
8.29267e-05
-6.73249e-06
8.46554e-05
-7.64443e-06
8.66237e-05
-8.57047e-06
8.88038e-05
-9.4735e-06
9.11335e-05
-1.02994e-05
9.34997e-05
-1.09755e-05
9.57208e-05
-1.14116e-05
9.75273e-05
-1.15067e-05
9.85473e-05
-1.11614e-05
9.83011e-05
-1.02999e-05
9.62145e-05
-8.89818e-06
9.16566e-05
-7.01589e-06
8.40042e-05
-4.82397e-06
7.27235e-05
-2.61956e-06
5.74482e-05
-8.31432e-07
3.8e-05
1.43519e-05
8.2419e-07
1.35277e-05
2.60734e-06
3.62168e-05
4.82588e-06
5.52296e-05
7.064e-06
7.04854e-05
9.02574e-06
8.20425e-05
1.05319e-05
9.01504e-05
1.15091e-05
9.52373e-05
1.19666e-05
9.78435e-05
1.19684e-05
9.85455e-05
1.16061e-05
9.78897e-05
1.09776e-05
9.63492e-05
1.01736e-05
9.43037e-05
9.26943e-06
9.20377e-05
8.32297e-06
8.97503e-05
7.37544e-06
8.75712e-05
6.45367e-06
8.55772e-05
5.57319e-06
8.38071e-05
4.74103e-06
8.22746e-05
3.95825e-06
8.09775e-05
3.22187e-06
7.99049e-05
2.52634e-06
7.90421e-05
1.86456e-06
7.83737e-05
1.22857e-06
7.78857e-05
6.09927e-07
7.7567e-05
1.13685e-14
7.74096e-05
-6.09927e-07
7.74096e-05
-1.22857e-06
7.7567e-05
-1.86456e-06
7.78857e-05
-2.52634e-06
7.83737e-05
-3.22187e-06
7.90421e-05
-3.95825e-06
7.99049e-05
-4.74103e-06
8.09775e-05
-5.57319e-06
8.22746e-05
-6.45367e-06
8.38071e-05
-7.37544e-06
8.55772e-05
-8.32297e-06
8.75712e-05
-9.26943e-06
8.97503e-05
-1.01736e-05
9.20377e-05
-1.09776e-05
9.43037e-05
-1.16061e-05
9.63492e-05
-1.19684e-05
9.78897e-05
-1.19666e-05
9.85455e-05
-1.15091e-05
9.78435e-05
-1.05319e-05
9.52373e-05
-9.02574e-06
9.01504e-05
-7.064e-06
8.20425e-05
-4.82588e-06
7.04854e-05
-2.60734e-06
5.52296e-05
-8.2419e-07
3.62168e-05
1.35277e-05
8.17082e-07
1.27106e-05
2.59517e-06
3.44388e-05
4.82675e-06
5.29981e-05
7.10766e-06
6.82045e-05
9.14349e-06
8.00066e-05
1.07481e-05
8.85458e-05
1.18358e-05
9.41496e-05
1.24022e-05
9.72771e-05
1.24995e-05
9.84481e-05
1.22116e-05
9.81776e-05
1.16329e-05
9.69279e-05
1.08537e-05
9.5083e-05
9.95148e-06
9.29399e-05
8.98766e-06
9.07141e-05
8.00724e-06
8.85516e-05
7.04077e-06
8.65437e-05
6.10692e-06
8.4741e-05
5.21533e-06
8.31662e-05
4.36904e-06
8.18238e-05
3.56652e-06
8.07074e-05
2.80324e-06
7.98054e-05
2.07277e-06
7.91042e-05
1.36757e-06
7.85909e-05
6.79479e-07
7.82551e-05
1.19742e-14
7.80891e-05
-6.79479e-07
7.80891e-05
-1.36757e-06
7.82551e-05
-2.07277e-06
7.85909e-05
-2.80324e-06
7.91042e-05
-3.56652e-06
7.98054e-05
-4.36904e-06
8.07074e-05
-5.21533e-06
8.18238e-05
-6.10692e-06
8.31662e-05
-7.04077e-06
8.4741e-05
-8.00724e-06
8.65437e-05
-8.98766e-06
8.85516e-05
-9.95148e-06
9.07141e-05
-1.08537e-05
9.29399e-05
-1.16329e-05
9.5083e-05
-1.22116e-05
9.69279e-05
-1.24995e-05
9.81776e-05
-1.24022e-05
9.84481e-05
-1.18358e-05
9.72771e-05
-1.07481e-05
9.41496e-05
-9.14349e-06
8.85458e-05
-7.10766e-06
8.00066e-05
-4.82675e-06
6.82045e-05
-2.59517e-06
5.29981e-05
-8.17082e-07
3.44388e-05
1.27106e-05
8.08267e-07
1.19024e-05
2.57867e-06
3.26684e-05
4.82004e-06
5.07567e-05
7.1392e-06
6.58853e-05
9.24354e-06
7.79023e-05
1.09409e-05
8.68484e-05
1.21343e-05
9.29562e-05
1.28066e-05
9.66049e-05
1.29987e-05
9.82561e-05
1.27863e-05
9.839e-05
1.22597e-05
9.74545e-05
1.15084e-05
9.58343e-05
1.06117e-05
9.38366e-05
9.63389e-06
9.16919e-05
8.62371e-06
8.95618e-05
7.61525e-06
8.75521e-05
6.63037e-06
8.57259e-05
5.68132e-06
8.41153e-05
4.77317e-06
8.27319e-05
3.90592e-06
8.15747e-05
3.07612e-06
8.06352e-05
2.27806e-06
7.99022e-05
1.50468e-06
7.93643e-05
7.48095e-07
7.90117e-05
1.25037e-14
7.88372e-05
-7.48095e-07
7.88372e-05
-1.50468e-06
7.90117e-05
-2.27806e-06
7.93643e-05
-3.07612e-06
7.99022e-05
-3.90592e-06
8.06352e-05
-4.77317e-06
8.15747e-05
-5.68132e-06
8.27319e-05
-6.63037e-06
8.41153e-05
-7.61525e-06
8.57259e-05
-8.62371e-06
8.75521e-05
-9.63389e-06
8.95618e-05
-1.06117e-05
9.16919e-05
-1.15084e-05
9.38366e-05
-1.22597e-05
9.58343e-05
-1.27863e-05
9.74545e-05
-1.29987e-05
9.839e-05
-1.28066e-05
9.82561e-05
-1.21343e-05
9.66049e-05
-1.09409e-05
9.29562e-05
-9.24354e-06
8.68484e-05
-7.1392e-06
7.79023e-05
-4.82004e-06
6.58853e-05
-2.57867e-06
5.07567e-05
-8.08267e-07
3.26684e-05
1.19024e-05
7.96376e-07
1.1106e-05
2.55435e-06
3.09104e-05
4.80038e-06
4.85106e-05
7.15201e-06
6.35337e-05
9.31875e-06
7.57356e-05
1.11031e-05
8.5064e-05
1.23978e-05
9.16615e-05
1.31733e-05
9.58293e-05
1.34596e-05
9.79699e-05
1.3324e-05
9.85255e-05
1.28522e-05
9.79263e-05
1.21324e-05
9.65541e-05
1.1245e-05
9.47241e-05
1.0257e-05
9.26798e-05
9.2206e-06
9.05982e-05
8.17331e-06
8.85994e-05
7.14015e-06
8.6759e-05
6.13602e-06
8.51194e-05
5.1681e-06
8.36999e-05
4.23796e-06
8.25048e-05
3.34329e-06
8.15298e-05
2.47917e-06
8.07663e-05
1.63904e-06
8.02044e-05
8.15353e-07
7.98354e-05
1.29457e-14
7.96526e-05
-8.15353e-07
7.96526e-05
-1.63904e-06
7.98354e-05
-2.47917e-06
8.02044e-05
-3.34329e-06
8.07663e-05
-4.23796e-06
8.15298e-05
-5.1681e-06
8.25048e-05
-6.13602e-06
8.36999e-05
-7.14015e-06
8.51194e-05
-8.17331e-06
8.6759e-05
-9.2206e-06
8.85994e-05
-1.0257e-05
9.05982e-05
-1.1245e-05
9.26798e-05
-1.21324e-05
9.47241e-05
-1.28522e-05
9.65541e-05
-1.3324e-05
9.79263e-05
-1.34596e-05
9.85255e-05
-1.31733e-05
9.79699e-05
-1.23978e-05
9.58293e-05
-1.11031e-05
9.16615e-05
-9.31875e-06
8.5064e-05
-7.15201e-06
7.57356e-05
-4.80038e-06
6.35337e-05
-2.55435e-06
4.85106e-05
-7.96376e-07
3.09104e-05
1.1106e-05
7.80522e-07
1.03255e-05
2.51978e-06
2.91711e-05
4.76368e-06
4.62667e-05
7.14082e-06
6.11566e-05
9.36316e-06
7.35132e-05
1.12285e-05
8.31987e-05
1.26199e-05
9.02701e-05
1.34963e-05
9.4953e-05
1.38763e-05
9.75899e-05
1.3819e-05
9.85828e-05
1.3405e-05
9.83403e-05
1.27204e-05
9.72386e-05
1.18465e-05
9.5598e-05
1.08525e-05
9.36738e-05
9.79379e-06
9.16569e-05
8.71122e-06
8.9682e-05
7.63295e-06
8.78373e-05
6.57656e-06
8.61758e-05
5.55137e-06
8.4725e-05
4.56061e-06
8.34956e-05
3.60315e-06
8.24873e-05
2.6749e-06
8.16946e-05
1.76986e-06
8.11095e-05
8.80851e-07
8.07244e-05
1.32974e-14
8.05334e-05
-8.80851e-07
8.05334e-05
-1.76986e-06
8.07244e-05
-2.6749e-06
8.11095e-05
-3.60315e-06
8.16946e-05
-4.56061e-06
8.24873e-05
-5.55137e-06
8.34956e-05
-6.57656e-06
8.4725e-05
-7.63295e-06
8.61758e-05
-8.71122e-06
8.78373e-05
-9.79379e-06
8.9682e-05
-1.08525e-05
9.16569e-05
-1.18465e-05
9.36738e-05
-1.27204e-05
9.5598e-05
-1.3405e-05
9.72386e-05
-1.3819e-05
9.83403e-05
-1.38763e-05
9.85828e-05
-1.34963e-05
9.75899e-05
-1.26199e-05
9.4953e-05
-1.12285e-05
9.02701e-05
-9.36316e-06
8.31987e-05
-7.14082e-06
7.35132e-05
-4.76368e-06
6.11566e-05
-2.51978e-06
4.62667e-05
-7.80522e-07
2.91711e-05
1.03255e-05
7.60289e-07
9.56519e-06
2.47352e-06
2.74579e-05
4.70729e-06
4.4033e-05
7.10188e-06
5.8762e-05
9.37227e-06
7.12428e-05
1.13122e-05
8.12587e-05
1.27956e-05
8.87867e-05
1.37701e-05
9.39785e-05
1.42435e-05
9.71165e-05
1.42661e-05
9.85601e-05
1.39129e-05
9.86935e-05
1.32677e-05
9.78838e-05
1.24116e-05
9.64541e-05
1.14162e-05
9.46692e-05
1.03394e-05
9.27337e-05
9.22554e-06
9.07959e-05
8.10574e-06
8.89571e-05
7.00029e-06
8.72812e-05
5.92073e-06
8.58046e-05
4.87199e-06
8.45443e-05
3.85418e-06
8.35051e-05
2.86411e-06
8.26846e-05
1.89639e-06
8.20772e-05
9.44217e-07
8.16766e-05
1.35518e-14
8.14776e-05
-9.44217e-07
8.14776e-05
-1.89639e-06
8.16766e-05
-2.86411e-06
8.20772e-05
-3.85418e-06
8.26846e-05
-4.87199e-06
8.35051e-05
-5.92073e-06
8.45443e-05
-7.00029e-06
8.58046e-05
-8.10574e-06
8.72812e-05
-9.22554e-06
8.89571e-05
-1.03394e-05
9.07959e-05
-1.14162e-05
9.27337e-05
-1.24116e-05
9.46692e-05
-1.32677e-05
9.64541e-05
-1.39129e-05
9.78838e-05
-1.42661e-05
9.86935e-05
-1.42435e-05
9.85601e-05
-1.37701e-05
9.71165e-05
-1.27956e-05
9.39785e-05
-1.13122e-05
8.87867e-05
-9.37227e-06
8.12587e-05
-7.10188e-06
7.12428e-05
-4.70729e-06
5.8762e-05
-2.47352e-06
4.4033e-05
-7.60289e-07
2.74579e-05
9.56519e-06
7.35696e-07
8.8295e-06
2.41518e-06
2.57784e-05
4.62999e-06
4.18182e-05
7.0331e-06
5.63589e-05
9.34321e-06
6.89327e-05
1.13506e-05
7.92513e-05
1.29209e-05
8.72165e-05
1.39907e-05
9.29087e-05
1.45569e-05
9.65502e-05
1.4661e-05
9.84561e-05
1.43717e-05
9.89828e-05
1.37699e-05
9.84857e-05
1.29365e-05
9.72875e-05
1.19443e-05
9.56614e-05
1.08541e-05
9.38238e-05
9.71319e-06
9.19368e-05
8.55577e-06
9.01145e-05
7.40484e-06
8.84322e-05
6.27416e-06
8.69353e-05
5.17042e-06
8.5648e-05
4.09506e-06
8.45805e-05
3.04583e-06
8.37339e-05
2.01797e-06
8.31051e-05
1.00512e-06
8.26894e-05
1.37097e-14
8.24827e-05
-1.00512e-06
8.24827e-05
-2.01797e-06
8.26894e-05
-3.04583e-06
8.31051e-05
-4.09506e-06
8.37339e-05
-5.17042e-06
8.45805e-05
-6.27416e-06
8.5648e-05
-7.40484e-06
8.69353e-05
-8.55577e-06
8.84322e-05
-9.71319e-06
9.01145e-05
-1.08541e-05
9.19368e-05
-1.19443e-05
9.38238e-05
-1.29365e-05
9.56614e-05
-1.37699e-05
9.72875e-05
-1.43717e-05
9.84857e-05
-1.4661e-05
9.89828e-05
-1.45569e-05
9.84561e-05
-1.39907e-05
9.65502e-05
-1.29209e-05
9.29087e-05
-1.13506e-05
8.72165e-05
-9.34321e-06
7.92513e-05
-7.0331e-06
6.89327e-05
-4.62999e-06
5.63589e-05
-2.41518e-06
4.18182e-05
-7.35696e-07
2.57784e-05
8.8295e-06
7.07132e-07
8.12237e-06
2.34523e-06
2.41403e-05
4.53192e-06
3.96315e-05
6.93403e-06
5.39568e-05
9.27486e-06
6.65919e-05
1.13421e-05
7.71841e-05
1.29935e-05
8.55651e-05
1.41553e-05
9.17469e-05
1.48135e-05
9.5892e-05
1.50003e-05
9.82693e-05
1.4778e-05
9.92052e-05
1.42238e-05
9.90399e-05
1.34177e-05
9.80937e-05
1.24337e-05
9.66454e-05
1.1335e-05
9.49225e-05
1.01716e-05
9.31002e-05
8.98075e-06
9.13053e-05
7.78819e-06
8.96247e-05
6.60994e-06
8.81135e-05
5.4545e-06
8.68035e-05
4.32467e-06
8.57103e-05
3.21921e-06
8.48393e-05
2.13404e-06
8.41902e-05
1.06329e-06
8.37601e-05
1.37679e-14
8.3546e-05
-1.06329e-06
8.3546e-05
-2.13404e-06
8.37601e-05
-3.21921e-06
8.41902e-05
-4.32467e-06
8.48393e-05
-5.4545e-06
8.57103e-05
-6.60994e-06
8.68035e-05
-7.78819e-06
8.81135e-05
-8.98075e-06
8.96247e-05
-1.01716e-05
9.13053e-05
-1.1335e-05
9.31002e-05
-1.24337e-05
9.49225e-05
-1.34177e-05
9.66454e-05
-1.42238e-05
9.80937e-05
-1.4778e-05
9.90399e-05
-1.50003e-05
9.92052e-05
-1.48135e-05
9.82693e-05
-1.41553e-05
9.5892e-05
-1.29935e-05
9.17469e-05
-1.13421e-05
8.55651e-05
-9.27486e-06
7.71841e-05
-6.93403e-06
6.65919e-05
-4.53192e-06
5.39568e-05
-2.34523e-06
3.96315e-05
-7.07132e-07
2.41403e-05
8.12237e-06
6.7527e-07
7.4471e-06
2.26493e-06
2.25507e-05
4.41442e-06
3.7482e-05
6.8057e-06
5.15655e-05
9.16774e-06
6.42298e-05
1.12865e-05
7.50653e-05
1.30128e-05
8.38389e-05
1.42626e-05
9.0497e-05
1.50115e-05
9.51432e-05
1.52819e-05
9.79988e-05
1.51293e-05
9.93578e-05
1.46267e-05
9.95425e-05
1.38527e-05
9.88676e-05
1.2882e-05
9.76161e-05
1.17797e-05
9.60249e-05
1.05986e-05
9.42813e-05
9.37882e-06
9.25251e-05
8.14874e-06
9.08548e-05
6.9267e-06
8.93356e-05
5.72308e-06
8.80071e-05
4.54211e-06
8.68913e-05
3.38358e-06
8.59979e-05
2.24417e-06
8.53296e-05
1.1185e-06
8.48858e-05
1.37296e-14
8.46645e-05
-1.1185e-06
8.46645e-05
-2.24417e-06
8.48858e-05
-3.38358e-06
8.53296e-05
-4.54211e-06
8.59979e-05
-5.72308e-06
8.68913e-05
-6.9267e-06
8.80071e-05
-8.14874e-06
8.93356e-05
-9.37882e-06
9.08548e-05
-1.05986e-05
9.25251e-05
-1.17797e-05
9.42813e-05
-1.2882e-05
9.60249e-05
-1.38527e-05
9.76161e-05
-1.46267e-05
9.88676e-05
-1.51293e-05
9.95425e-05
-1.52819e-05
9.93578e-05
-1.50115e-05
9.79988e-05
-1.42626e-05
9.51432e-05
-1.30128e-05
9.0497e-05
-1.12865e-05
8.38389e-05
-9.16774e-06
7.50653e-05
-6.8057e-06
6.42298e-05
-4.41442e-06
5.15655e-05
-2.26493e-06
3.7482e-05
-6.7527e-07
2.25507e-05
7.4471e-06
6.4094e-07
6.80616e-06
2.17595e-06
2.10157e-05
4.27954e-06
3.53784e-05
6.65002e-06
4.9195e-05
9.02324e-06
6.18566e-05
1.11846e-05
7.29039e-05
1.29785e-05
8.20449e-05
1.43118e-05
8.91638e-05
1.51491e-05
9.43058e-05
1.55036e-05
9.76443e-05
1.5423e-05
9.94384e-05
1.49758e-05
9.99896e-05
1.42387e-05
9.96048e-05
1.32863e-05
9.85684e-05
1.21856e-05
9.71256e-05
1.09918e-05
9.54751e-05
9.74783e-06
9.37691e-05
8.4846e-06
9.2118e-05
7.22286e-06
9.05973e-05
5.97487e-06
8.92551e-05
4.74635e-06
8.81198e-05
3.53818e-06
8.7206e-05
2.34783e-06
8.652e-05
1.1705e-06
8.60631e-05
1.35932e-14
8.5835e-05
-1.1705e-06
8.5835e-05
-2.34783e-06
8.60631e-05
-3.53818e-06
8.652e-05
-4.74635e-06
8.7206e-05
-5.97487e-06
8.81198e-05
-7.22286e-06
8.92551e-05
-8.4846e-06
9.05973e-05
-9.74783e-06
9.2118e-05
-1.09918e-05
9.37691e-05
-1.21856e-05
9.54751e-05
-1.32863e-05
9.71256e-05
-1.42387e-05
9.85684e-05
-1.49758e-05
9.96048e-05
-1.5423e-05
9.99896e-05
-1.55036e-05
9.94384e-05
-1.51491e-05
9.76443e-05
-1.43118e-05
9.43058e-05
-1.29785e-05
8.91638e-05
-1.11846e-05
8.20449e-05
-9.02324e-06
7.29039e-05
-6.65002e-06
6.18566e-05
-4.27954e-06
4.9195e-05
-2.17595e-06
3.53784e-05
-6.4094e-07
2.10157e-05
6.80616e-06
6.05137e-07
6.20102e-06
2.08057e-06
1.95402e-05
4.13042e-06
3.33285e-05
6.47048e-06
4.68549e-05
8.84473e-06
5.94824e-05
1.10391e-05
7.07095e-05
1.2893e-05
8.0191e-05
1.43042e-05
8.77526e-05
1.52272e-05
9.33828e-05
1.56654e-05
9.72062e-05
1.56587e-05
9.94451e-05
1.52704e-05
0.000100378
1.45745e-05
0.000100301
1.36455e-05
9.94973e-05
1.25516e-05
9.82195e-05
1.13501e-05
9.66765e-05
1.00867e-05
9.50326e-05
8.79482e-06
9.34099e-05
7.49758e-06
9.18945e-05
6.20917e-06
9.05435e-05
4.93683e-06
8.93921e-05
3.6826e-06
8.84603e-05
2.44478e-06
8.77578e-05
1.21916e-06
8.72888e-05
1.33628e-14
8.70542e-05
-1.21916e-06
8.70542e-05
-2.44478e-06
8.72888e-05
-3.6826e-06
8.77578e-05
-4.93683e-06
8.84603e-05
-6.20917e-06
8.93921e-05
-7.49758e-06
9.05435e-05
-8.79482e-06
9.18945e-05
-1.00867e-05
9.34099e-05
-1.13501e-05
9.50326e-05
-1.25516e-05
9.66765e-05
-1.36455e-05
9.82195e-05
-1.45745e-05
9.94973e-05
-1.52704e-05
0.000100301
-1.56587e-05
0.000100378
-1.56654e-05
9.94451e-05
-1.52272e-05
9.72062e-05
-1.43042e-05
9.33828e-05
-1.2893e-05
8.77526e-05
-1.10391e-05
8.0191e-05
-8.84473e-06
7.07095e-05
-6.47048e-06
5.94824e-05
-4.13042e-06
4.68549e-05
-2.08057e-06
3.33285e-05
-6.05137e-07
1.95402e-05
6.20102e-06
5.69001e-07
5.63202e-06
1.98174e-06
1.81275e-05
3.97175e-06
3.13385e-05
6.27308e-06
4.45536e-05
8.63901e-06
5.71165e-05
1.08574e-05
6.84912e-05
1.27633e-05
7.82851e-05
1.42467e-05
8.62693e-05
1.5252e-05
9.23775e-05
1.57729e-05
9.66853e-05
1.58413e-05
9.93767e-05
1.55148e-05
0.000100704
1.48641e-05
0.000100951
1.3963e-05
0.000100398
1.28805e-05
9.9302e-05
1.16761e-05
9.78809e-05
1.03977e-05
9.6311e-05
9.08141e-06
9.47262e-05
7.75259e-06
9.32233e-05
6.42742e-06
9.18687e-05
5.11471e-06
9.07048e-05
3.8177e-06
8.97573e-05
2.53557e-06
8.90399e-05
1.26475e-06
8.85596e-05
1.30442e-14
8.8319e-05
-1.26475e-06
8.8319e-05
-2.53557e-06
8.85596e-05
-3.8177e-06
8.90399e-05
-5.11471e-06
8.97573e-05
-6.42742e-06
9.07048e-05
-7.75259e-06
9.18687e-05
-9.08141e-06
9.32233e-05
-1.03977e-05
9.47262e-05
-1.16761e-05
9.6311e-05
-1.28805e-05
9.78809e-05
-1.3963e-05
9.9302e-05
-1.48641e-05
0.000100398
-1.55148e-05
0.000100951
-1.58413e-05
0.000100704
-1.57729e-05
9.93767e-05
-1.5252e-05
9.66853e-05
-1.42467e-05
9.23775e-05
-1.27633e-05
8.62693e-05
-1.08574e-05
7.82851e-05
-8.63901e-06
6.84912e-05
-6.27308e-06
5.71165e-05
-3.97175e-06
4.45536e-05
-1.98174e-06
3.13385e-05
-5.69001e-07
1.81275e-05
5.63202e-06
5.33367e-07
5.09865e-06
1.88153e-06
1.67793e-05
3.80659e-06
2.94135e-05
6.06138e-06
4.22988e-05
8.40962e-06
5.47682e-05
1.06423e-05
6.62585e-05
1.25917e-05
7.63356e-05
1.41405e-05
8.47205e-05
1.52239e-05
9.1294e-05
1.58259e-05
9.60833e-05
1.59699e-05
9.92327e-05
1.57073e-05
0.000100967
1.51055e-05
0.000101553
1.42368e-05
0.000101267
1.31705e-05
0.000100368
1.19679e-05
9.90835e-05
1.06792e-05
9.75997e-05
9.34284e-06
9.60625e-05
7.98658e-06
9.45796e-05
6.62854e-06
9.32267e-05
5.27914e-06
9.20542e-05
3.94285e-06
9.10936e-05
2.6198e-06
9.0363e-05
1.30709e-06
8.98723e-05
1.26389e-14
8.9626e-05
-1.30709e-06
8.9626e-05
-2.6198e-06
8.98723e-05
-3.94285e-06
9.0363e-05
-5.27914e-06
9.10936e-05
-6.62854e-06
9.20542e-05
-7.98658e-06
9.32267e-05
-9.34284e-06
9.45796e-05
-1.06792e-05
9.60625e-05
-1.19679e-05
9.75997e-05
-1.31705e-05
9.90835e-05
-1.42368e-05
0.000100368
-1.51055e-05
0.000101267
-1.57073e-05
0.000101553
-1.59699e-05
0.000100967
-1.58259e-05
9.92327e-05
-1.52239e-05
9.60833e-05
-1.41405e-05
9.1294e-05
-1.25917e-05
8.47205e-05
-1.06423e-05
7.63356e-05
-8.40962e-06
6.62585e-05
-6.06138e-06
5.47682e-05
-3.80659e-06
4.22988e-05
-1.88153e-06
2.94135e-05
-5.33367e-07
1.67793e-05
5.09865e-06
4.99077e-07
4.59957e-06
1.78228e-06
1.54961e-05
3.63877e-06
2.7557e-05
5.84031e-06
4.00973e-05
8.1621e-06
5.24464e-05
1.03996e-05
6.4021e-05
1.23835e-05
7.43517e-05
1.39904e-05
8.31136e-05
1.51468e-05
9.01376e-05
1.58272e-05
9.54029e-05
1.60465e-05
9.90134e-05
1.58497e-05
0.000101164
1.52999e-05
0.000102103
1.44674e-05
0.0001021
1.34219e-05
0.000101414
1.22258e-05
0.00010028
1.09312e-05
9.88942e-05
9.57926e-06
9.74145e-05
8.19967e-06
9.59592e-05
6.81263e-06
9.46138e-05
5.4302e-06
9.34367e-05
4.05813e-06
9.24656e-05
2.69751e-06
9.17236e-05
1.34619e-06
9.12236e-05
1.21509e-14
9.09722e-05
-1.34619e-06
9.09722e-05
-2.69751e-06
9.12236e-05
-4.05813e-06
9.17236e-05
-5.4302e-06
9.24656e-05
-6.81263e-06
9.34367e-05
-8.19967e-06
9.46138e-05
-9.57926e-06
9.59592e-05
-1.09312e-05
9.74145e-05
-1.22258e-05
9.88942e-05
-1.34219e-05
0.00010028
-1.44674e-05
0.000101414
-1.52999e-05
0.0001021
-1.58497e-05
0.000102103
-1.60465e-05
0.000101164
-1.58272e-05
9.90134e-05
-1.51468e-05
9.54029e-05
-1.39904e-05
9.01376e-05
-1.23835e-05
8.31136e-05
-1.03996e-05
7.43517e-05
-8.1621e-06
6.4021e-05
-5.84031e-06
5.24464e-05
-3.63877e-06
4.00973e-05
-1.78228e-06
2.7557e-05
-4.99077e-07
1.54961e-05
4.59957e-06
4.66827e-07
4.13275e-06
1.68609e-06
1.42768e-05
3.4719e-06
2.57712e-05
5.61479e-06
3.79544e-05
7.90217e-06
5.0159e-05
1.01352e-05
6.17879e-05
1.21445e-05
7.23424e-05
1.38016e-05
8.14565e-05
1.50252e-05
8.89141e-05
1.57805e-05
9.46476e-05
1.60742e-05
9.87197e-05
1.59441e-05
0.000101294
1.54487e-05
0.000102598
1.46562e-05
0.000102892
1.36356e-05
0.000102434
1.24503e-05
0.000101465
1.11544e-05
0.00010019
9.79102e-06
9.87779e-05
8.39217e-06
9.7358e-05
6.97995e-06
9.6026e-05
5.5681e-06
9.48485e-05
4.16369e-06
9.38701e-05
2.76881e-06
9.31185e-05
1.3821e-06
9.26103e-05
1.15836e-14
9.23543e-05
-1.3821e-06
9.23543e-05
-2.76881e-06
9.26103e-05
-4.16369e-06
9.31185e-05
-5.5681e-06
9.38701e-05
-6.97995e-06
9.48485e-05
-8.39217e-06
9.6026e-05
-9.79102e-06
9.7358e-05
-1.11544e-05
9.87779e-05
-1.24503e-05
0.00010019
-1.36356e-05
0.000101465
-1.46562e-05
0.000102434
-1.54487e-05
0.000102892
-1.59441e-05
0.000102598
-1.60742e-05
0.000101294
-1.57805e-05
9.87197e-05
-1.50252e-05
9.46476e-05
-1.38016e-05
8.89141e-05
-1.21445e-05
8.14565e-05
-1.01352e-05
7.23424e-05
-7.90217e-06
6.17879e-05
-5.61479e-06
5.0159e-05
-3.4719e-06
3.79544e-05
-1.68609e-06
2.57712e-05
-4.66827e-07
1.42768e-05
4.13275e-06
4.37122e-07
3.69562e-06
1.59471e-06
1.31193e-05
3.30926e-06
2.40566e-05
5.38946e-06
3.58742e-05
7.63545e-06
4.79131e-05
9.85534e-06
5.9568e-05
1.18808e-05
7.03169e-05
1.35799e-05
7.97575e-05
1.4864e-05
8.763e-05
1.56901e-05
9.38215e-05
1.60561e-05
9.83537e-05
1.5993e-05
0.000101357
1.5554e-05
0.000103037
1.48045e-05
0.000103642
1.38126e-05
0.000103426
1.26423e-05
0.000102635
1.13493e-05
0.000101483
9.97867e-06
0.000100149
8.5645e-06
9.87722e-05
7.13086e-06
9.74596e-05
5.69314e-06
9.62863e-05
4.25976e-06
9.53034e-05
2.83387e-06
9.45444e-05
1.41492e-06
9.40293e-05
1.09448e-14
9.37692e-05
-1.41492e-06
9.37692e-05
-2.83387e-06
9.40293e-05
-4.25976e-06
9.45444e-05
-5.69314e-06
9.53034e-05
-7.13086e-06
9.62863e-05
-8.5645e-06
9.74596e-05
-9.97867e-06
9.87722e-05
-1.13493e-05
0.000100149
-1.26423e-05
0.000101483
-1.38126e-05
0.000102635
-1.48045e-05
0.000103426
-1.5554e-05
0.000103642
-1.5993e-05
0.000103037
-1.60561e-05
0.000101357
-1.56901e-05
9.83537e-05
-1.4864e-05
9.38215e-05
-1.35799e-05
8.763e-05
-1.18808e-05
7.97575e-05
-9.85534e-06
7.03169e-05
-7.63545e-06
5.9568e-05
-5.38946e-06
4.79131e-05
-3.30926e-06
3.58742e-05
-1.59471e-06
2.40566e-05
-4.37122e-07
1.31193e-05
3.69562e-06
4.10255e-07
3.28537e-06
1.50943e-06
1.20201e-05
3.15356e-06
2.24125e-05
5.16845e-06
3.38593e-05
7.36721e-06
4.57143e-05
9.56585e-06
5.73694e-05
1.15986e-05
6.82842e-05
1.33309e-05
7.80251e-05
1.46685e-05
8.62923e-05
1.55603e-05
9.29297e-05
1.59961e-05
9.7918e-05
1.59993e-05
0.000101354
1.56179e-05
0.000103419
1.4914e-05
0.000104346
1.39542e-05
0.000104386
1.28028e-05
0.000103787
1.15168e-05
0.000102769
1.01428e-05
0.000101522
8.71721e-06
0.000100198
7.26582e-06
9.8911e-05
5.80569e-06
9.77464e-05
4.34662e-06
9.67625e-05
2.89287e-06
9.59981e-05
1.44472e-06
9.54774e-05
1.02382e-14
9.5214e-05
-1.44472e-06
9.5214e-05
-2.89287e-06
9.54774e-05
-4.34662e-06
9.59981e-05
-5.80569e-06
9.67625e-05
-7.26582e-06
9.77464e-05
-8.71721e-06
9.8911e-05
-1.01428e-05
0.000100198
-1.15168e-05
0.000101522
-1.28028e-05
0.000102769
-1.39542e-05
0.000103787
-1.4914e-05
0.000104386
-1.56179e-05
0.000104346
-1.59993e-05
0.000103419
-1.59961e-05
0.000101354
-1.55603e-05
9.7918e-05
-1.46685e-05
9.29297e-05
-1.33309e-05
8.62923e-05
-1.15986e-05
7.80251e-05
-9.56585e-06
6.82842e-05
-7.36721e-06
5.73694e-05
-5.16845e-06
4.57143e-05
-3.15356e-06
3.38593e-05
-1.50943e-06
2.24125e-05
-4.10255e-07
1.20201e-05
3.28537e-06
3.86269e-07
2.8991e-06
1.43104e-06
1.09753e-05
3.00679e-06
2.08367e-05
4.95517e-06
3.19109e-05
7.10212e-06
4.35673e-05
9.27226e-06
5.51993e-05
1.13036e-05
6.62529e-05
1.30606e-05
7.62681e-05
1.44441e-05
8.49088e-05
1.53959e-05
9.19779e-05
1.58978e-05
9.74161e-05
1.59661e-05
0.000101286
1.56429e-05
0.000103742
1.49866e-05
0.000105002
1.40619e-05
0.000105311
1.2933e-05
0.000104915
1.16576e-05
0.000104045
1.02843e-05
0.000102896
8.85092e-06
0.000101631
7.38531e-06
0.000100377
5.90614e-06
9.92255e-05
4.42459e-06
9.82441e-05
2.94601e-06
9.74767e-05
1.47163e-06
9.69518e-05
9.4774e-15
9.66856e-05
-1.47163e-06
9.66856e-05
-2.94601e-06
9.69518e-05
-4.42459e-06
9.74767e-05
-5.90614e-06
9.82441e-05
-7.38531e-06
9.92255e-05
-8.85092e-06
0.000100377
-1.02843e-05
0.000101631
-1.16576e-05
0.000102896
-1.2933e-05
0.000104045
-1.40619e-05
0.000104915
-1.49866e-05
0.000105311
-1.56429e-05
0.000105002
-1.59661e-05
0.000103742
-1.58978e-05
0.000101286
-1.53959e-05
9.74161e-05
-1.44441e-05
9.19779e-05
-1.30606e-05
8.49088e-05
-1.13036e-05
7.62681e-05
-9.27227e-06
6.62529e-05
-7.10212e-06
5.51993e-05
-4.95517e-06
4.35673e-05
-3.00679e-06
3.19109e-05
-1.43104e-06
2.08367e-05
-3.86269e-07
1.09753e-05
2.8991e-06
3.64939e-07
2.53416e-06
1.35968e-06
9.98057e-06
2.87011e-06
1.93263e-05
4.75211e-06
3.00289e-05
6.84396e-06
4.14755e-05
8.97941e-06
5.30638e-05
1.10013e-05
6.4231e-05
1.27744e-05
7.4495e-05
1.4196e-05
8.34872e-05
1.52016e-05
9.09723e-05
1.57654e-05
9.68522e-05
1.58967e-05
0.000101154
1.56316e-05
0.000104007
1.50243e-05
0.000105609
1.41372e-05
0.000106198
1.3034e-05
0.000106019
1.17729e-05
0.000105306
1.04038e-05
0.000104265
8.96629e-06
0.000103069
7.48992e-06
0.000101853
5.99496e-06
0.00010072
4.494e-06
9.9745e-05
2.99355e-06
9.89772e-05
1.49576e-06
9.84496e-05
8.66759e-15
9.81814e-05
-1.49576e-06
9.81814e-05
-2.99355e-06
9.84496e-05
-4.494e-06
9.89772e-05
-5.99496e-06
9.9745e-05
-7.48992e-06
0.00010072
-8.96629e-06
0.000101853
-1.04038e-05
0.000103069
-1.17729e-05
0.000104265
-1.3034e-05
0.000105306
-1.41372e-05
0.000106019
-1.50243e-05
0.000106198
-1.56316e-05
0.000105609
-1.58967e-05
0.000104007
-1.57654e-05
0.000101154
-1.52016e-05
9.68522e-05
-1.4196e-05
9.09723e-05
-1.27744e-05
8.34872e-05
-1.10013e-05
7.4495e-05
-8.97941e-06
6.4231e-05
-6.84396e-06
5.30638e-05
-4.75211e-06
4.14755e-05
-2.87011e-06
3.00289e-05
-1.35968e-06
1.93263e-05
-3.64939e-07
9.98057e-06
2.53416e-06
3.45757e-07
2.1884e-06
1.29484e-06
9.03149e-06
2.74367e-06
1.78775e-05
4.56058e-06
2.8212e-05
6.59538e-06
3.94407e-05
8.6911e-06
5.09681e-05
1.06963e-05
6.22259e-05
1.24773e-05
7.2714e-05
1.3929e-05
8.20354e-05
1.49817e-05
8.99196e-05
1.56028e-05
9.62311e-05
1.57944e-05
0.000100963
1.55866e-05
0.000104215
1.50291e-05
0.000106167
1.41819e-05
0.000107045
1.31072e-05
0.000107093
1.18637e-05
0.000106549
1.05022e-05
0.000105626
9.06404e-06
0.000104507
7.58022e-06
0.000103337
6.07264e-06
0.000102228
4.55524e-06
0.000101262
3.03572e-06
0.000100497
1.51724e-06
9.9968e-05
7.82833e-15
9.96986e-05
-1.51724e-06
9.96986e-05
-3.03572e-06
9.9968e-05
-4.55524e-06
0.000100497
-6.07264e-06
0.000101262
-7.58022e-06
0.000102228
-9.06404e-06
0.000103337
-1.05022e-05
0.000104507
-1.18637e-05
0.000105626
-1.31072e-05
0.000106549
-1.41819e-05
0.000107093
-1.50291e-05
0.000107045
-1.55866e-05
0.000106167
-1.57944e-05
0.000104215
-1.56028e-05
0.000100963
-1.49817e-05
9.62311e-05
-1.3929e-05
8.99196e-05
-1.24773e-05
8.20354e-05
-1.06963e-05
7.2714e-05
-8.6911e-06
6.22259e-05
-6.59538e-06
5.09681e-05
-4.56058e-06
3.94407e-05
-2.74367e-06
2.8212e-05
-1.29484e-06
1.78775e-05
-3.45757e-07
9.03149e-06
2.1884e-06
3.27921e-07
1.86048e-06
1.23524e-06
8.12417e-06
2.62645e-06
1.64862e-05
4.38048e-06
2.6458e-05
6.35755e-06
3.74636e-05
8.4098e-06
4.89158e-05
1.03921e-05
6.02436e-05
1.21734e-05
7.09327e-05
1.36476e-05
8.05613e-05
1.47405e-05
8.88267e-05
1.54136e-05
9.5558e-05
1.56623e-05
0.000100714
1.55106e-05
0.000104366
1.50034e-05
0.000106674
1.41975e-05
0.000107851
1.31539e-05
0.000108137
1.1931e-05
0.000107772
1.05806e-05
0.000106977
9.14499e-06
0.000105942
7.65692e-06
0.000104825
6.13972e-06
0.000103745
4.60873e-06
0.000102793
3.07283e-06
0.000102033
1.53622e-06
0.000101505
6.96685e-15
0.000101235
-1.53622e-06
0.000101235
-3.07283e-06
0.000101505
-4.60873e-06
0.000102033
-6.13972e-06
0.000102793
-7.65692e-06
0.000103745
-9.14499e-06
0.000104825
-1.05806e-05
0.000105942
-1.1931e-05
0.000106977
-1.31539e-05
0.000107772
-1.41975e-05
0.000108137
-1.50034e-05
0.000107851
-1.55106e-05
0.000106674
-1.56623e-05
0.000104366
-1.54136e-05
0.000100714
-1.47405e-05
9.5558e-05
-1.36476e-05
8.88267e-05
-1.21734e-05
8.05613e-05
-1.03921e-05
7.09327e-05
-8.4098e-06
6.02436e-05
-6.35755e-06
4.89158e-05
-4.38048e-06
3.74636e-05
-2.62645e-06
2.6458e-05
-1.23524e-06
1.64862e-05
-3.27921e-07
8.12417e-06
1.86048e-06
3.10362e-07
1.55012e-06
1.17884e-06
7.25569e-06
2.51616e-06
1.51489e-05
4.21002e-06
2.47641e-05
6.12978e-06
3.55439e-05
8.13617e-06
4.69095e-05
1.00906e-05
5.82892e-05
1.18656e-05
6.91576e-05
1.3355e-05
7.90719e-05
1.44816e-05
8.77001e-05
1.52014e-05
9.48382e-05
1.55036e-05
0.000100412
1.54062e-05
0.000104464
1.49492e-05
0.000107131
1.4186e-05
0.000108614
1.31757e-05
0.000109147
1.19763e-05
0.000108971
1.06399e-05
0.000108313
9.21008e-06
0.000107372
7.72079e-06
0.000106314
6.19686e-06
0.000105269
4.65496e-06
0.000104335
3.10521e-06
0.000103582
1.55286e-06
0.000103057
6.10857e-15
0.000102788
-1.55286e-06
0.000102788
-3.10521e-06
0.000103057
-4.65496e-06
0.000103582
-6.19686e-06
0.000104335
-7.72079e-06
0.000105269
-9.21008e-06
0.000106314
-1.06399e-05
0.000107372
-1.19763e-05
0.000108313
-1.31757e-05
0.000108971
-1.4186e-05
0.000109147
-1.49492e-05
0.000108614
-1.54062e-05
0.000107131
-1.55036e-05
0.000104464
-1.52014e-05
0.000100412
-1.44816e-05
9.48382e-05
-1.3355e-05
8.77001e-05
-1.18656e-05
7.90719e-05
-1.00906e-05
6.91576e-05
-8.13617e-06
5.82892e-05
-6.12978e-06
4.69095e-05
-4.21002e-06
3.55439e-05
-2.51616e-06
2.47641e-05
-1.17884e-06
1.51489e-05
-3.10362e-07
7.25569e-06
1.55012e-06
2.9191e-07
1.25821e-06
1.12302e-06
6.42458e-06
2.40932e-06
1.38626e-05
4.04573e-06
2.31277e-05
5.9094e-06
3.36802e-05
7.86881e-06
4.495e-05
9.79191e-06
5.63661e-05
1.15553e-05
6.73942e-05
1.30537e-05
7.75735e-05
1.42077e-05
8.65461e-05
1.49691e-05
9.40769e-05
1.53211e-05
0.00010006
1.52761e-05
0.000104509
1.4869e-05
0.000107538
1.41495e-05
0.000109334
1.31745e-05
0.000110122
1.20012e-05
0.000110145
1.06817e-05
0.000109633
9.26049e-06
0.000108794
7.77284e-06
0.000107802
6.24485e-06
0.000106797
4.69454e-06
0.000105886
3.13325e-06
0.000105144
1.56737e-06
0.000104623
5.26249e-15
0.000104355
-1.56737e-06
0.000104355
-3.13325e-06
0.000104623
-4.69454e-06
0.000105144
-6.24485e-06
0.000105886
-7.77284e-06
0.000106797
-9.26049e-06
0.000107802
-1.06817e-05
0.000108794
-1.20012e-05
0.000109633
-1.31745e-05
0.000110145
-1.41495e-05
0.000110122
-1.4869e-05
0.000109334
-1.52761e-05
0.000107538
-1.53211e-05
0.000104509
-1.49691e-05
0.00010006
-1.42077e-05
9.40769e-05
-1.30537e-05
8.65461e-05
-1.15553e-05
7.75735e-05
-9.79191e-06
6.73942e-05
-7.86881e-06
5.63661e-05
-5.9094e-06
4.495e-05
-4.04573e-06
3.36802e-05
-2.40932e-06
2.31277e-05
-1.12302e-06
1.38626e-05
-2.9191e-07
6.42458e-06
1.25821e-06
2.71924e-07
9.86287e-07
1.06561e-06
5.6309e-06
2.30233e-06
1.26259e-05
3.88325e-06
2.15468e-05
5.69221e-06
3.18713e-05
7.60454e-06
4.30377e-05
9.49427e-06
5.44764e-05
1.12422e-05
6.56463e-05
1.27447e-05
7.60711e-05
1.39211e-05
8.53697e-05
1.47194e-05
9.32786e-05
1.51179e-05
9.96612e-05
1.51234e-05
0.000104503
1.47657e-05
0.000107896
1.40907e-05
0.000110009
1.31527e-05
0.00011106
1.20077e-05
0.00011129
1.07077e-05
0.000110933
9.29783e-06
0.000110203
7.81439e-06
0.000109285
6.28476e-06
0.000108327
4.72827e-06
0.000107442
3.1575e-06
0.000106714
1.58002e-06
0.0001062
4.4638e-15
0.000105935
-1.58002e-06
0.000105935
-3.1575e-06
0.0001062
-4.72827e-06
0.000106714
-6.28476e-06
0.000107442
-7.81439e-06
0.000108327
-9.29783e-06
0.000109285
-1.07077e-05
0.000110203
-1.20077e-05
0.000110933
-1.31527e-05
0.00011129
-1.40907e-05
0.00011106
-1.47657e-05
0.000110009
-1.51234e-05
0.000107896
-1.51179e-05
0.000104503
-1.47194e-05
9.96612e-05
-1.39211e-05
9.32786e-05
-1.27447e-05
8.53697e-05
-1.12422e-05
7.60711e-05
-9.49427e-06
6.56463e-05
-7.60454e-06
5.44764e-05
-5.69221e-06
4.30377e-05
-3.88325e-06
3.18713e-05
-2.30233e-06
2.15468e-05
-1.06561e-06
1.26259e-05
-2.71924e-07
5.6309e-06
9.86287e-07
2.50947e-07
7.35339e-07
1.00564e-06
4.87621e-06
2.19147e-06
1.14401e-05
3.71636e-06
2.00219e-05
5.47065e-06
3.0117e-05
7.33574e-06
4.11726e-05
9.19107e-06
5.2621e-05
1.09214e-05
6.39159e-05
1.2425e-05
7.45676e-05
1.36203e-05
8.41743e-05
1.44526e-05
9.24464e-05
1.48954e-05
9.92184e-05
1.49502e-05
0.000104449
1.4642e-05
0.000108204
1.40126e-05
0.000110638
1.31135e-05
0.000111959
1.1999e-05
0.000112404
1.07209e-05
0.000112211
9.32477e-06
0.0001116
7.84774e-06
0.000110762
6.31846e-06
0.000109856
4.75755e-06
0.000109003
3.1789e-06
0.000108293
1.59127e-06
0.000107788
3.73727e-15
0.000107526
-1.59127e-06
0.000107526
-3.1789e-06
0.000107788
-4.75755e-06
0.000108293
-6.31846e-06
0.000109003
-7.84774e-06
0.000109856
-9.32477e-06
0.000110762
-1.07209e-05
0.0001116
-1.1999e-05
0.000112211
-1.31135e-05
0.000112404
-1.40126e-05
0.000111959
-1.4642e-05
0.000110638
-1.49502e-05
0.000108204
-1.48954e-05
0.000104449
-1.44526e-05
9.92184e-05
-1.36203e-05
9.24464e-05
-1.2425e-05
8.41743e-05
-1.09214e-05
7.45676e-05
-9.19107e-06
6.39159e-05
-7.33574e-06
5.2621e-05
-5.47065e-06
4.11726e-05
-3.71636e-06
3.0117e-05
-2.19147e-06
2.00219e-05
-1.00564e-06
1.14401e-05
-2.50947e-07
4.87621e-06
7.35339e-07
2.28343e-07
5.06997e-07
9.38014e-07
4.16654e-06
2.06468e-06
1.03134e-05
3.52691e-06
1.85597e-05
5.22254e-06
2.84213e-05
7.03872e-06
3.93564e-05
8.85944e-06
5.08003e-05
1.05727e-05
6.22026e-05
1.20781e-05
7.30622e-05
1.32934e-05
8.29589e-05
1.41609e-05
9.15789e-05
1.46498e-05
9.87295e-05
1.47564e-05
0.000104342
1.45005e-05
0.00010846
1.39198e-05
0.000111219
1.30625e-05
0.000112817
1.19815e-05
0.000113485
1.07278e-05
0.000113464
9.34724e-06
0.00011298
7.87809e-06
0.000112231
6.35021e-06
0.000111384
4.78564e-06
0.000110568
3.19963e-06
0.000109879
1.60223e-06
0.000109385
3.14647e-15
0.000109129
-1.60223e-06
0.000109129
-3.19963e-06
0.000109385
-4.78564e-06
0.000109879
-6.35021e-06
0.000110568
-7.87809e-06
0.000111384
-9.34724e-06
0.000112231
-1.07278e-05
0.00011298
-1.19815e-05
0.000113464
-1.30625e-05
0.000113485
-1.39198e-05
0.000112817
-1.45005e-05
0.000111219
-1.47564e-05
0.00010846
-1.46498e-05
0.000104342
-1.41609e-05
9.87295e-05
-1.32934e-05
9.15789e-05
-1.20781e-05
8.29589e-05
-1.05727e-05
7.30622e-05
-8.85944e-06
6.22026e-05
-7.03872e-06
5.08003e-05
-5.22254e-06
3.93564e-05
-3.52691e-06
2.84213e-05
-2.06468e-06
1.85597e-05
-9.38014e-07
1.03134e-05
-2.28343e-07
4.16654e-06
5.06997e-07
1.85444e-07
8.11261e-07
1.84794e-06
3.2269e-06
4.85367e-06
6.61988e-06
8.41222e-06
1.01199e-05
1.16417e-05
1.28933e-05
1.38126e-05
1.43632e-05
1.45354e-05
1.43433e-05
1.382e-05
1.30107e-05
1.19667e-05
1.0739e-05
9.37441e-06
7.91261e-06
6.38524e-06
4.81603e-06
3.22178e-06
1.61389e-06
2.80777e-15
-1.61389e-06
-3.22178e-06
-4.81603e-06
-6.38524e-06
-7.91261e-06
-9.37441e-06
-1.0739e-05
-1.19667e-05
-1.30107e-05
-1.382e-05
-1.43433e-05
-1.45354e-05
-1.43632e-05
-1.38126e-05
-1.28933e-05
-1.16417e-05
-1.01199e-05
-8.41222e-06
-6.61988e-06
-4.85367e-06
-3.2269e-06
-1.84794e-06
-8.11261e-07
-1.85444e-07
)
;

boundaryField
{
    left
    {
        type            calculated;
        value           uniform 0;
    }
    right
    {
        type            calculated;
        value           uniform 0;
    }
    up
    {
        type            calculated;
        value           nonuniform List<scalar> 
50
(
3.21553e-07
3.54072e-06
9.27672e-06
1.71807e-05
2.67946e-05
3.75902e-05
4.9008e-05
6.0495e-05
7.15403e-05
8.17073e-05
9.06597e-05
9.81789e-05
0.00010417
0.000108652
0.000111742
0.000113626
0.000114529
0.000114692
0.000114345
0.000113693
0.000112911
0.000112137
0.000111473
0.000110993
0.000110742
0.000110742
0.000110993
0.000111473
0.000112137
0.000112911
0.000113693
0.000114345
0.000114692
0.000114529
0.000113626
0.000111742
0.000108652
0.00010417
9.81789e-05
9.06597e-05
8.17073e-05
7.15403e-05
6.0495e-05
4.9008e-05
3.75902e-05
2.67946e-05
1.71807e-05
9.27672e-06
3.54072e-06
3.21553e-07
)
;
    }
    down
    {
        type            calculated;
        value           nonuniform List<scalar> 
50
(
-8e-05
-8e-05
-8e-05
-8e-05
-8e-05
-8e-05
-8e-05
-8e-05
-8e-05
-8e-05
-8e-05
-8e-05
-8e-05
-8e-05
-8e-05
-8e-05
-8e-05
-8e-05
-8e-05
-8e-05
-8e-05
-8e-05
-8e-05
-8e-05
-8e-05
-8e-05
-8e-05
-8e-05
-8e-05
-8e-05
-8e-05
-8e-05
-8e-05
-8e-05
-8e-05
-8e-05
-8e-05
-8e-05
-8e-05
-8e-05
-8e-05
-8e-05
-8e-05
-8e-05
-8e-05
-8e-05
-8e-05
-8e-05
-8e-05
-8e-05
)
;
    }
    frontAndBack
    {
        type            empty;
        value           nonuniform 0();
    }
}


// ************************************************************************* //
