/*--------------------------------*- C++ -*----------------------------------*\
  =========                 |
  \\      /  F ield         | OpenFOAM: The Open Source CFD Toolbox
   \\    /   O peration     | Website:  https://openfoam.org
    \\  /    A nd           | Version:  6
     \\/     M anipulation  |
\*---------------------------------------------------------------------------*/
FoamFile
{
    version     2.0;
    format      ascii;
    class       volVectorField;
    location    "3200";
    object      U;
}
// * * * * * * * * * * * * * * * * * * * * * * * * * * * * * * * * * * * * * //

dimensions      [0 1 -1 0 0 0 0];

internalField   nonuniform List<vector> 
2500
(
(0.0735347 0.359265 5.30551e-18)
(0.137318 0.395615 -2.40883e-18)
(0.0878401 0.397817 8.41819e-19)
(0.0573494 0.399544 -2.16747e-19)
(0.0404533 0.399908 -6.25905e-19)
(0.0292359 0.39993 0)
(0.0216315 0.399942 -3.3296e-19)
(0.0163549 0.399951 3.33571e-19)
(0.01259 0.399959 -1.25647e-19)
(0.00984377 0.399966 1.25888e-19)
(0.00780123 0.399974 -1.01219e-19)
(0.00625455 0.399981 1.0141e-19)
(0.0050634 0.399986 8.54934e-20)
(0.004131 0.399992 -8.56457e-20)
(0.00338939 0.399996 7.49318e-20)
(0.00279005 0.4 -7.50557e-20)
(0.00229779 0.400003 3.3856e-20)
(0.0018867 0.400006 -1.39728e-21)
(0.0015374 0.400008 -1.14534e-21)
(0.00123516 0.40001 -3.1454e-20)
(0.000968524 0.400011 -1.49198e-20)
(0.000728439 0.400012 2.96006e-20)
(0.000507517 0.400013 -2.19228e-20)
(0.000299533 0.400014 1.08482e-20)
(9.90275e-05 0.400014 -3.60056e-21)
(-9.90275e-05 0.400014 -3.60056e-21)
(-0.000299533 0.400014 1.08482e-20)
(-0.000507517 0.400013 -2.19228e-20)
(-0.000728439 0.400012 2.96006e-20)
(-0.000968524 0.400011 -1.49198e-20)
(-0.00123516 0.40001 -3.1454e-20)
(-0.0015374 0.400008 -1.14534e-21)
(-0.0018867 0.400006 -1.39728e-21)
(-0.00229779 0.400003 3.3856e-20)
(-0.00279005 0.4 -7.50557e-20)
(-0.00338939 0.399996 7.49318e-20)
(-0.004131 0.399992 -8.56457e-20)
(-0.0050634 0.399986 8.54934e-20)
(-0.00625455 0.399981 1.0141e-19)
(-0.00780123 0.399974 -1.01219e-19)
(-0.00984377 0.399966 1.25888e-19)
(-0.01259 0.399959 -1.25647e-19)
(-0.0163549 0.399951 3.33571e-19)
(-0.0216315 0.399942 -3.3296e-19)
(-0.0292359 0.39993 0)
(-0.0404533 0.399908 -6.25905e-19)
(-0.0573494 0.399544 -2.16747e-19)
(-0.0878401 0.397817 8.41819e-19)
(-0.137318 0.395615 -2.40883e-18)
(-0.0735347 0.359265 -7.88303e-19)
(0.145766 0.400385 -2.22779e-18)
(0.269839 0.43757 2.41504e-18)
(0.196835 0.426753 0)
(0.144009 0.418555 0)
(0.107571 0.412551 0)
(0.0805818 0.40854 0)
(0.0611153 0.405952 0)
(0.0469859 0.404241 0)
(0.0365919 0.403082 0)
(0.0288465 0.402282 0)
(0.0229961 0.401719 0)
(0.0185158 0.401316 -1.25014e-19)
(0.0150364 0.401024 9.64164e-21)
(0.0122958 0.40081 1.15906e-19)
(0.0101058 0.40065 0)
(0.00832971 0.400531 0)
(0.00686694 0.40044 0)
(0.0056428 0.400372 0)
(0.00460092 0.400319 -4.27686e-20)
(0.00369816 0.400279 4.28441e-20)
(0.00290092 0.400249 0)
(0.00218243 0.400227 -2.00056e-20)
(0.00152085 0.400212 2.00348e-20)
(0.000897713 0.400202 0)
(0.00029681 0.400197 0)
(-0.00029681 0.400197 0)
(-0.000897713 0.400202 0)
(-0.00152085 0.400212 2.00348e-20)
(-0.00218243 0.400227 -2.00056e-20)
(-0.00290092 0.400249 0)
(-0.00369816 0.400279 4.28441e-20)
(-0.00460092 0.400319 -4.27686e-20)
(-0.0056428 0.400372 0)
(-0.00686694 0.40044 0)
(-0.00832971 0.400531 0)
(-0.0101058 0.40065 0)
(-0.0122958 0.40081 1.15906e-19)
(-0.0150364 0.401024 9.64164e-21)
(-0.0185158 0.401316 -1.25014e-19)
(-0.0229961 0.401719 0)
(-0.0288465 0.402282 0)
(-0.0365919 0.403082 0)
(-0.0469859 0.404241 0)
(-0.0611153 0.405952 0)
(-0.0805818 0.40854 0)
(-0.107571 0.412551 0)
(-0.144009 0.418555 0)
(-0.196835 0.426753 0)
(-0.269839 0.43757 2.41504e-18)
(-0.145766 0.400385 -2.22779e-18)
(0.162716 0.380313 -1.71936e-18)
(0.31579 0.450075 1.83757e-18)
(0.258398 0.450928 0)
(0.205748 0.440357 7.59134e-19)
(0.160698 0.429679 -1.47609e-19)
(0.124047 0.421483 -6.19475e-19)
(0.0961023 0.415615 4.38358e-19)
(0.0749873 0.41146 -2.48732e-19)
(0.0590208 0.408511 -1.90582e-19)
(0.0468865 0.406403 1.50438e-19)
(0.037588 0.404882 -1.50736e-19)
(0.0303904 0.403773 1.2515e-19)
(0.0247559 0.402956 -2.41332e-19)
(0.0202908 0.402349 1.16162e-19)
(0.0167062 0.401894 0)
(0.0137887 0.40155 9.68574e-20)
(0.0113792 0.401288 -9.70455e-20)
(0.00935828 0.401088 -4.45044e-20)
(0.00763529 0.400935 8.76418e-20)
(0.00614024 0.400818 -1.23393e-21)
(0.00481842 0.40073 -4.19642e-20)
(0.00362609 0.400665 2.01591e-20)
(0.00252741 0.40062 -2.01872e-20)
(0.00149207 0.400591 0)
(0.000493355 0.400577 0)
(-0.000493355 0.400577 0)
(-0.00149207 0.400591 0)
(-0.00252741 0.40062 -2.01872e-20)
(-0.00362609 0.400665 2.01591e-20)
(-0.00481842 0.40073 -4.19642e-20)
(-0.00614024 0.400818 -1.23393e-21)
(-0.00763529 0.400935 8.76418e-20)
(-0.00935828 0.401088 -4.45044e-20)
(-0.0113792 0.401288 -9.70455e-20)
(-0.0137887 0.40155 9.68574e-20)
(-0.0167062 0.401894 0)
(-0.0202908 0.402349 1.16162e-19)
(-0.0247559 0.402956 -2.41332e-19)
(-0.0303904 0.403773 1.2515e-19)
(-0.037588 0.404882 -1.50736e-19)
(-0.0468865 0.406403 1.50438e-19)
(-0.0590208 0.408511 -1.90582e-19)
(-0.0749873 0.41146 -2.48732e-19)
(-0.0961023 0.415615 4.38358e-19)
(-0.124047 0.421483 -6.19475e-19)
(-0.160698 0.429679 -1.47609e-19)
(-0.205748 0.440357 7.59134e-19)
(-0.258398 0.450928 0)
(-0.31579 0.450075 1.83757e-18)
(-0.162716 0.380313 -1.71936e-18)
(0.156818 0.337249 1.71764e-18)
(0.320478 0.445166 -1.06323e-18)
(0.29007 0.468964 1.05793e-18)
(0.247331 0.461962 7.02374e-19)
(0.200982 0.449008 -1.25992e-19)
(0.159671 0.437304 -5.89581e-19)
(0.126304 0.428071 0)
(0.10004 0.421121 1.8707e-19)
(0.0796079 0.415978 -1.87402e-19)
(0.063757 0.41219 0)
(0.0514232 0.409394 -1.35749e-19)
(0.0417659 0.407321 1.3602e-19)
(0.0341395 0.405775 0)
(0.0280554 0.404614 -1.0839e-19)
(0.0231457 0.403737 2.10846e-19)
(0.0191334 0.403069 -1.0244e-19)
(0.0158091 0.402559 0)
(0.013014 0.402167 -4.47071e-20)
(0.010626 0.401867 8.80649e-20)
(0.00855041 0.401637 -4.33515e-20)
(0.00671284 0.401464 2.062e-20)
(0.0050535 0.401336 -2.06497e-20)
(0.00352322 0.401246 -1.00302e-20)
(0.00208029 0.401188 5.05879e-21)
(0.000687907 0.40116 4.98922e-21)
(-0.000687907 0.40116 4.98922e-21)
(-0.00208029 0.401188 5.05879e-21)
(-0.00352322 0.401246 -1.00302e-20)
(-0.0050535 0.401336 -2.06497e-20)
(-0.00671284 0.401464 2.062e-20)
(-0.00855041 0.401637 -4.33515e-20)
(-0.010626 0.401867 8.80649e-20)
(-0.013014 0.402167 -4.47071e-20)
(-0.0158091 0.402559 0)
(-0.0191334 0.403069 -1.0244e-19)
(-0.0231457 0.403737 2.10846e-19)
(-0.0280554 0.404614 -1.0839e-19)
(-0.0341395 0.405775 0)
(-0.0417659 0.407321 1.3602e-19)
(-0.0514232 0.409394 -1.35749e-19)
(-0.063757 0.41219 0)
(-0.0796079 0.415978 -1.87402e-19)
(-0.10004 0.421121 1.8707e-19)
(-0.126304 0.428071 0)
(-0.159671 0.437304 -5.89581e-19)
(-0.200982 0.449008 -1.25992e-19)
(-0.247331 0.461962 7.02374e-19)
(-0.29007 0.468964 1.05793e-18)
(-0.320478 0.445166 -1.06323e-18)
(-0.156818 0.337249 -1.71764e-18)
(0.143056 0.296887 -1.392e-18)
(0.305793 0.435383 0)
(0.301928 0.481477 0)
(0.272676 0.481217 6.4408e-19)
(0.229915 0.468458 -6.50811e-19)
(0.187844 0.454453 0)
(0.151676 0.442274 0)
(0.121972 0.432548 0)
(0.0981712 0.425055 0)
(0.0793007 0.419371 -1.47185e-19)
(0.0643767 0.415085 1.47486e-19)
(0.0525461 0.411853 0)
(0.0431144 0.409412 -1.15299e-19)
(0.0355346 0.40756 1.15528e-19)
(0.0293826 0.406149 0)
(0.0243322 0.405069 0)
(0.0201328 0.404239 0)
(0.0165915 0.4036 0)
(0.0135588 0.403108 0)
(0.0109178 0.402731 0)
(0.00857607 0.402446 0)
(0.00645877 0.402235 0)
(0.00450427 0.402086 0)
(0.00266005 0.401991 -5.01083e-21)
(0.000879704 0.401945 5.01607e-21)
(-0.000879704 0.401945 5.01607e-21)
(-0.00266005 0.401991 -5.01083e-21)
(-0.00450427 0.402086 0)
(-0.00645877 0.402235 0)
(-0.00857607 0.402446 0)
(-0.0109178 0.402731 0)
(-0.0135588 0.403108 0)
(-0.0165915 0.4036 0)
(-0.0201328 0.404239 0)
(-0.0243322 0.405069 0)
(-0.0293826 0.406149 0)
(-0.0355346 0.40756 1.15528e-19)
(-0.0431144 0.409412 -1.15299e-19)
(-0.0525461 0.411853 0)
(-0.0643767 0.415085 1.47486e-19)
(-0.0793007 0.419371 -1.47185e-19)
(-0.0981712 0.425055 0)
(-0.121972 0.432548 0)
(-0.151676 0.442274 0)
(-0.187844 0.454453 0)
(-0.229915 0.468458 -6.50811e-19)
(-0.272676 0.481217 6.4408e-19)
(-0.301928 0.481477 0)
(-0.305793 0.435383 0)
(-0.143056 0.296887 1.392e-18)
(0.126921 0.262711 -1.13413e-18)
(0.28261 0.423209 0)
(0.300768 0.48827 -6.96153e-19)
(0.285471 0.496769 6.96815e-19)
(0.249243 0.486523 0)
(0.209215 0.47168 0)
(0.172378 0.45731 0)
(0.14075 0.445109 1.76386e-19)
(0.114613 0.435317 -3.3612e-19)
(0.0934122 0.427667 1.59331e-19)
(0.076355 0.421769 -1.32511e-19)
(0.0626544 0.417248 1.32796e-19)
(0.0516201 0.413787 -1.14435e-19)
(0.0426813 0.411135 7.07641e-21)
(0.0353806 0.409097 1.07798e-19)
(0.029357 0.407527 0)
(0.0243282 0.406314 0)
(0.0200737 0.405376 0)
(0.0164206 0.404652 0)
(0.0132325 0.404095 4.24371e-20)
(0.0104005 0.403673 -4.24978e-20)
(0.00783636 0.40336 0)
(0.00546678 0.40314 0)
(0.00322916 0.402999 5.03248e-21)
(0.00106803 0.40293 -5.0374e-21)
(-0.00106803 0.40293 -5.0374e-21)
(-0.00322916 0.402999 5.03248e-21)
(-0.00546678 0.40314 0)
(-0.00783636 0.40336 0)
(-0.0104005 0.403673 -4.24978e-20)
(-0.0132325 0.404095 4.24371e-20)
(-0.0164206 0.404652 0)
(-0.0200737 0.405376 0)
(-0.0243282 0.406314 0)
(-0.029357 0.407527 0)
(-0.0353806 0.409097 1.07798e-19)
(-0.0426813 0.411135 7.07641e-21)
(-0.0516201 0.413787 -1.14435e-19)
(-0.0626544 0.417248 1.32796e-19)
(-0.076355 0.421769 -1.32511e-19)
(-0.0934122 0.427667 1.59331e-19)
(-0.114613 0.435317 -3.3612e-19)
(-0.14075 0.445109 1.76386e-19)
(-0.172378 0.45731 0)
(-0.209215 0.47168 0)
(-0.249243 0.486523 0)
(-0.285471 0.496769 6.96815e-19)
(-0.300768 0.48827 -6.96153e-19)
(-0.28261 0.423209 0)
(-0.126921 0.262711 1.13413e-18)
(0.111015 0.233837 0)
(0.256863 0.409267 0)
(0.291591 0.489965 0)
(0.289022 0.508331 0)
(0.260713 0.502415 0)
(0.224561 0.488149 0)
(0.188699 0.472484 1.87056e-19)
(0.156438 0.458286 -1.88846e-19)
(0.128902 0.446394 0)
(0.106029 0.436822 0)
(0.0872917 0.429274 1.30127e-19)
(0.0720314 0.423389 -9.48741e-21)
(0.059607 0.418823 -1.21207e-19)
(0.0494557 0.415286 -1.06768e-19)
(0.041108 0.412546 1.06978e-19)
(0.0341829 0.410421 4.83758e-20)
(0.028376 0.40877 -4.84617e-20)
(0.0234455 0.407487 4.48687e-20)
(0.0191995 0.406493 -4.49397e-20)
(0.0154851 0.405728 0)
(0.0121791 0.405145 0)
(0.00918109 0.404714 0)
(0.00640721 0.404408 0)
(0.00378555 0.404213 -5.04821e-21)
(0.0012522 0.404118 5.05278e-21)
(-0.0012522 0.404118 5.05278e-21)
(-0.00378555 0.404213 -5.04821e-21)
(-0.00640721 0.404408 0)
(-0.00918109 0.404714 0)
(-0.0121791 0.405145 0)
(-0.0154851 0.405728 0)
(-0.0191995 0.406493 -4.49397e-20)
(-0.0234455 0.407487 4.48687e-20)
(-0.028376 0.40877 -4.84617e-20)
(-0.0341829 0.410421 4.83758e-20)
(-0.041108 0.412546 1.06978e-19)
(-0.0494557 0.415286 -1.06768e-19)
(-0.059607 0.418823 -1.21207e-19)
(-0.0720314 0.423389 -9.48741e-21)
(-0.0872917 0.429274 1.30127e-19)
(-0.106029 0.436822 0)
(-0.128902 0.446394 0)
(-0.156438 0.458286 -1.88846e-19)
(-0.188699 0.472484 1.87056e-19)
(-0.224561 0.488149 0)
(-0.260713 0.502415 0)
(-0.289022 0.508331 0)
(-0.291591 0.489965 0)
(-0.256863 0.409267 0)
(-0.111015 0.233837 0)
(0.0966424 0.209809 -7.36398e-20)
(0.231633 0.394578 -7.27719e-19)
(0.277839 0.487773 -5.53126e-19)
(0.285998 0.516212 5.48985e-19)
(0.265905 0.515813 0)
(0.234687 0.503338 0)
(0.201005 0.487286 0)
(0.169169 0.471654 0)
(0.141059 0.457968 0)
(0.117123 0.446604 0)
(0.097144 0.437439 0)
(0.0806333 0.430165 1.18877e-19)
(0.0670359 0.424444 -2.30888e-19)
(0.0558245 0.419964 2.17658e-19)
(0.0465376 0.416463 -1.05896e-19)
(0.038788 0.413727 0)
(0.0322585 0.411591 -4.62936e-20)
(0.0266928 0.409924 4.63702e-20)
(0.0218845 0.408627 -4.35182e-20)
(0.017667 0.407625 4.35806e-20)
(0.0139053 0.406861 0)
(0.0104881 0.406294 -2.05513e-20)
(0.00732224 0.405892 2.05736e-20)
(0.00432729 0.405636 0)
(0.00143158 0.40551 0)
(-0.00143158 0.40551 0)
(-0.00432729 0.405636 0)
(-0.00732224 0.405892 2.05736e-20)
(-0.0104881 0.406294 -2.05513e-20)
(-0.0139053 0.406861 0)
(-0.017667 0.407625 4.35806e-20)
(-0.0218845 0.408627 -4.35182e-20)
(-0.0266928 0.409924 4.63702e-20)
(-0.0322585 0.411591 -4.62936e-20)
(-0.038788 0.413727 0)
(-0.0465376 0.416463 -1.05896e-19)
(-0.0558245 0.419964 2.17658e-19)
(-0.0670359 0.424444 -2.30888e-19)
(-0.0806333 0.430165 1.18877e-19)
(-0.097144 0.437439 0)
(-0.117123 0.446604 0)
(-0.141059 0.457968 0)
(-0.169169 0.471654 0)
(-0.201005 0.487286 0)
(-0.234687 0.503338 0)
(-0.265905 0.515813 0)
(-0.285998 0.516212 5.48985e-19)
(-0.277839 0.487773 -5.53126e-19)
(-0.231633 0.394578 -7.27719e-19)
(-0.0966424 0.209809 1.47093e-18)
(0.0842139 0.190143 5.10485e-20)
(0.208264 0.379976 6.19127e-19)
(0.261718 0.482838 0)
(0.278429 0.520906 0)
(0.266171 0.526668 0)
(0.240371 0.51694 0)
(0.209696 0.501343 1.65981e-19)
(0.17912 0.484874 -1.67596e-19)
(0.151144 0.46976 0)
(0.126698 0.456805 0)
(0.105889 0.446108 0)
(0.0884298 0.437466 0)
(0.0738765 0.430572 -1.09939e-19)
(0.0617608 0.425114 1.10188e-19)
(0.0516465 0.42081 0)
(0.0431532 0.417422 -4.77563e-20)
(0.0359603 0.414761 4.78409e-20)
(0.0298033 0.412675 0)
(0.0244656 0.411046 -4.34069e-20)
(0.0197705 0.409783 4.34672e-20)
(0.015573 0.408818 0)
(0.011753 0.4081 -2.05491e-20)
(0.00820877 0.407591 2.05701e-20)
(0.00485255 0.407266 0)
(0.00160556 0.407107 0)
(-0.00160556 0.407107 0)
(-0.00485255 0.407266 0)
(-0.00820877 0.407591 2.05701e-20)
(-0.011753 0.4081 -2.05491e-20)
(-0.015573 0.408818 0)
(-0.0197705 0.409783 4.34672e-20)
(-0.0244656 0.411046 -4.34069e-20)
(-0.0298033 0.412675 0)
(-0.0359603 0.414761 4.78409e-20)
(-0.0431532 0.417422 -4.77563e-20)
(-0.0516465 0.42081 0)
(-0.0617608 0.425114 1.10188e-19)
(-0.0738765 0.430572 -1.09939e-19)
(-0.0884298 0.437466 0)
(-0.105889 0.446108 0)
(-0.126698 0.456805 0)
(-0.151144 0.46976 0)
(-0.17912 0.484874 -1.67596e-19)
(-0.209696 0.501343 1.65981e-19)
(-0.240371 0.51694 0)
(-0.266171 0.526668 0)
(-0.278429 0.520906 0)
(-0.261718 0.482838 0)
(-0.208264 0.379976 6.19127e-19)
(-0.0842139 0.190143 -5.94068e-19)
(0.0736508 0.174137 5.41353e-19)
(0.187153 0.365906 -4.8195e-19)
(0.244585 0.476044 4.64373e-19)
(0.26781 0.522928 0)
(0.262634 0.53508 1.80588e-19)
(0.242333 0.528802 -1.81512e-19)
(0.215182 0.514396 0)
(0.186497 0.497674 0)
(0.159245 0.481535 1.35697e-19)
(0.134779 0.467234 -9.3519e-21)
(0.113524 0.455139 -1.28382e-19)
(0.0954031 0.445187 0)
(0.0801071 0.437134 0)
(0.0672432 0.430684 0)
(0.0564158 0.42555 -4.91856e-20)
(0.0472624 0.42148 4.92816e-20)
(0.0394679 0.418263 -4.5699e-20)
(0.0327657 0.415729 4.57731e-20)
(0.0269338 0.413741 0)
(0.0217883 0.412197 -2.11527e-20)
(0.0171768 0.411013 4.19682e-20)
(0.0129715 0.410131 -2.08123e-20)
(0.00906396 0.409504 1.01638e-20)
(0.00535966 0.409103 -1.52271e-20)
(0.00177361 0.408907 5.05847e-21)
(-0.00177361 0.408907 5.05847e-21)
(-0.00535966 0.409103 -1.52271e-20)
(-0.00906396 0.409504 1.01638e-20)
(-0.0129715 0.410131 -2.08123e-20)
(-0.0171768 0.411013 4.19682e-20)
(-0.0217883 0.412197 -2.11527e-20)
(-0.0269338 0.413741 0)
(-0.0327657 0.415729 4.57731e-20)
(-0.0394679 0.418263 -4.5699e-20)
(-0.0472624 0.42148 4.92816e-20)
(-0.0564158 0.42555 -4.91856e-20)
(-0.0672432 0.430684 0)
(-0.0801071 0.437134 0)
(-0.0954031 0.445187 0)
(-0.113524 0.455139 -1.28382e-19)
(-0.134779 0.467234 -9.3519e-21)
(-0.159245 0.481535 1.35697e-19)
(-0.186497 0.497674 0)
(-0.215182 0.514396 0)
(-0.242333 0.528802 -1.81512e-19)
(-0.262634 0.53508 1.80588e-19)
(-0.26781 0.522928 0)
(-0.244585 0.476044 4.64373e-19)
(-0.187153 0.365906 -4.8195e-19)
(-0.0736508 0.174137 -5.41353e-19)
(0.0646867 0.161057 -4.55031e-19)
(0.168246 0.352558 -4.19625e-19)
(0.22724 0.468035 4.03495e-19)
(0.255216 0.522754 0)
(0.256204 0.541234 0)
(0.241214 0.538878 0)
(0.217859 0.526275 0)
(0.191521 0.509848 -1.36563e-19)
(0.165471 0.493097 8.75182e-21)
(0.14141 0.477727 1.30136e-19)
(0.120056 0.464401 0)
(0.101546 0.453228 0)
(0.0857139 0.444054 0)
(0.0722562 0.43662 1.00962e-19)
(0.0608302 0.430646 -1.01187e-19)
(0.0511021 0.425874 0)
(0.0427697 0.422078 0)
(0.0355705 0.419072 0)
(0.0292812 0.416705 -4.29636e-20)
(0.0237142 0.414859 4.30193e-20)
(0.0187115 0.413441 0)
(0.01414 0.412382 0)
(0.0098852 0.411629 0)
(0.00584709 0.411146 0)
(0.00193521 0.41091 0)
(-0.00193521 0.41091 0)
(-0.00584709 0.411146 0)
(-0.00988519 0.411629 0)
(-0.01414 0.412382 0)
(-0.0187115 0.413441 0)
(-0.0237142 0.414859 4.30193e-20)
(-0.0292812 0.416705 -4.29636e-20)
(-0.0355705 0.419072 0)
(-0.0427697 0.422078 0)
(-0.0511021 0.425874 0)
(-0.0608302 0.430646 -1.01187e-19)
(-0.0722562 0.43662 1.00962e-19)
(-0.0857139 0.444054 0)
(-0.101546 0.453228 0)
(-0.120056 0.464401 0)
(-0.14141 0.477727 1.30136e-19)
(-0.165471 0.493097 8.75182e-21)
(-0.191521 0.509848 -1.36563e-19)
(-0.217859 0.526275 0)
(-0.241214 0.538878 0)
(-0.256204 0.541234 0)
(-0.255216 0.522754 0)
(-0.22724 0.468035 4.03495e-19)
(-0.168246 0.352558 -4.19625e-19)
(-0.0646867 0.161057 4.55031e-19)
(0.0570178 0.150263 -3.65724e-19)
(0.151297 0.339991 7.46767e-19)
(0.210136 0.459264 -3.49004e-19)
(0.241403 0.520791 0)
(0.247603 0.545342 -1.48458e-19)
(0.237574 0.547188 1.48649e-19)
(0.218103 0.536879 0)
(0.194418 0.52124 0)
(0.169944 0.504282 0)
(0.146651 0.488137 0)
(0.12551 0.473775 -1.11638e-19)
(0.106862 0.461498 1.12387e-19)
(0.09069 0.451264 -1.02657e-19)
(0.0767888 0.44287 1.03147e-19)
(0.0648782 0.43606 -4.76673e-20)
(0.0546612 0.430576 4.77731e-20)
(0.0458559 0.426185 4.47564e-20)
(0.0382093 0.42269 -1.22791e-21)
(0.031501 0.419927 -8.62891e-20)
(0.0255424 0.417764 6.35941e-20)
(0.0201728 0.416098 -2.09363e-20)
(0.015255 0.414851 -2.03518e-20)
(0.0106701 0.413963 1.02764e-20)
(0.00631344 0.413393 5.07657e-21)
(0.00208989 0.413114 5.02405e-21)
(-0.00208989 0.413114 5.02405e-21)
(-0.00631344 0.413393 5.07657e-21)
(-0.0106701 0.413963 1.02764e-20)
(-0.015255 0.414851 -2.03518e-20)
(-0.0201728 0.416098 -2.09363e-20)
(-0.0255424 0.417764 6.35941e-20)
(-0.031501 0.419927 -8.62891e-20)
(-0.0382093 0.42269 -1.22791e-21)
(-0.0458559 0.426185 4.47564e-20)
(-0.0546612 0.430576 4.77731e-20)
(-0.0648782 0.43606 -4.76673e-20)
(-0.0767888 0.44287 1.03147e-19)
(-0.09069 0.451264 -1.02657e-19)
(-0.106862 0.461498 1.12387e-19)
(-0.12551 0.473775 -1.11638e-19)
(-0.146651 0.488137 0)
(-0.169944 0.504282 0)
(-0.194418 0.52124 0)
(-0.218103 0.536879 0)
(-0.237574 0.547188 1.48649e-19)
(-0.247603 0.545342 -1.48458e-19)
(-0.241403 0.520791 0)
(-0.210136 0.459264 -3.49004e-19)
(-0.151297 0.339991 7.46767e-19)
(-0.0570178 0.150263 -3.65724e-19)
(0.0503634 0.141227 6.27381e-19)
(0.136008 0.328178 -1.1362e-20)
(0.193504 0.450024 -1.52808e-19)
(0.22689 0.517367 -1.43793e-19)
(0.237394 0.547616 1.33607e-19)
(0.231888 0.553794 -1.33521e-19)
(0.216256 0.546154 0)
(0.195408 0.531738 0)
(0.172795 0.51496 0)
(0.150569 0.498341 0)
(0.129915 0.483152 1.07093e-19)
(0.111361 0.469908 -2.11064e-19)
(0.0950345 0.458695 2.03483e-19)
(0.0808351 0.449383 -1.48311e-19)
(0.0685516 0.441753 9.50535e-20)
(0.0579314 0.435558 -4.68413e-20)
(0.0487187 0.430565 0)
(0.040675 0.426569 -4.31028e-20)
(0.033587 0.423395 8.53749e-20)
(0.027268 0.420903 -6.30008e-20)
(0.0215567 0.418977 2.07591e-20)
(0.0163136 0.417532 -2.0217e-20)
(0.0114166 0.416502 1.02017e-20)
(0.00675747 0.41584 5.04331e-21)
(0.00223726 0.415516 4.99407e-21)
(-0.00223725 0.415516 4.99407e-21)
(-0.00675747 0.41584 5.04331e-21)
(-0.0114166 0.416502 1.02017e-20)
(-0.0163136 0.417532 -2.0217e-20)
(-0.0215567 0.418977 2.07591e-20)
(-0.027268 0.420903 -6.30008e-20)
(-0.033587 0.423395 8.53749e-20)
(-0.040675 0.426569 -4.31028e-20)
(-0.0487187 0.430565 0)
(-0.0579314 0.435558 -4.68413e-20)
(-0.0685516 0.441753 9.50535e-20)
(-0.0808351 0.449383 -1.48311e-19)
(-0.0950345 0.458695 2.03483e-19)
(-0.111361 0.469908 -2.11064e-19)
(-0.129915 0.483152 1.07093e-19)
(-0.150569 0.498341 0)
(-0.172795 0.51496 0)
(-0.195408 0.531738 0)
(-0.216256 0.546154 0)
(-0.231888 0.553794 -1.33521e-19)
(-0.237394 0.547616 1.33607e-19)
(-0.22689 0.517367 -1.43793e-19)
(-0.193504 0.450024 -1.52808e-19)
(-0.136008 0.328178 -1.1362e-20)
(-0.0503634 0.141227 -1.03755e-20)
(0.0444882 0.133526 2.63759e-19)
(0.12209 0.317036 0)
(0.17745 0.440488 0)
(0.212029 0.512728 1.22608e-19)
(0.226015 0.548246 -1.65227e-21)
(0.224559 0.558773 -1.19244e-19)
(0.212627 0.55408 1.14299e-19)
(0.194702 0.541262 -2.26561e-19)
(0.174155 0.525025 2.20991e-19)
(0.153241 0.508228 -1.09469e-19)
(0.133311 0.492436 0)
(0.11506 0.478376 0)
(0.0987519 0.466281 0)
(0.0843928 0.456109 0)
(0.0718454 0.447687 4.55774e-20)
(0.0609063 0.440792 -1.31999e-21)
(0.0513518 0.435196 -4.45619e-20)
(0.042962 0.430692 0)
(0.0355342 0.427099 4.17112e-20)
(0.0288868 0.424266 -6.22883e-20)
(0.0228599 0.422072 2.0543e-20)
(0.0173132 0.420421 0)
(0.0121229 0.419243 0)
(0.00717809 0.418484 0)
(0.00237693 0.418113 0)
(-0.00237693 0.418113 0)
(-0.00717809 0.418484 0)
(-0.0121229 0.419243 0)
(-0.0173132 0.420421 0)
(-0.0228599 0.422072 2.0543e-20)
(-0.0288868 0.424266 -6.22883e-20)
(-0.0355342 0.427099 4.17112e-20)
(-0.042962 0.430692 0)
(-0.0513518 0.435196 -4.45619e-20)
(-0.0609063 0.440792 -1.31999e-21)
(-0.0718454 0.447687 4.55774e-20)
(-0.0843928 0.456109 0)
(-0.0987519 0.466281 0)
(-0.11506 0.478376 0)
(-0.133311 0.492436 0)
(-0.153241 0.508228 -1.09469e-19)
(-0.174155 0.525025 2.20991e-19)
(-0.194702 0.541262 -2.26561e-19)
(-0.212627 0.55408 1.14299e-19)
(-0.224559 0.558773 -1.19244e-19)
(-0.226015 0.548246 -1.65227e-21)
(-0.212029 0.512728 1.22608e-19)
(-0.17745 0.440488 0)
(-0.12209 0.317036 0)
(-0.0444882 0.133526 -2.63759e-19)
(0.039206 0.126822 1.06123e-19)
(0.109294 0.306455 1.47073e-22)
(0.162004 0.430741 -1.07424e-19)
(0.197058 0.507057 0)
(0.213803 0.547396 0)
(0.215923 0.56221 0)
(0.207492 0.56066 0)
(0.192501 0.549755 1.03399e-19)
(0.174157 0.534391 -2.05886e-19)
(0.154747 0.517708 2.0232e-19)
(0.135743 0.501539 -1.00549e-19)
(0.11798 0.486829 9.53459e-20)
(0.101851 0.473962 -4.94175e-20)
(0.0874637 0.462998 -4.67951e-20)
(0.0747571 0.453824 0)
(0.0635821 0.446247 0)
(0.0537506 0.440056 -4.25409e-20)
(0.0450659 0.435043 4.26546e-20)
(0.0373388 0.431025 2.05387e-20)
(0.0303954 0.427844 -2.05737e-20)
(0.0240794 0.425374 -2.0014e-20)
(0.0182515 0.423511 2.9949e-20)
(0.0127874 0.422178 -7.21186e-23)
(0.00757436 0.42132 -4.94875e-21)
(0.00250861 0.420899 -4.90667e-21)
(-0.00250861 0.420899 -4.90667e-21)
(-0.00757436 0.42132 -4.94875e-21)
(-0.0127874 0.422178 -7.21186e-23)
(-0.0182515 0.423511 2.9949e-20)
(-0.0240794 0.425374 -2.0014e-20)
(-0.0303954 0.427844 -2.05737e-20)
(-0.0373388 0.431025 2.05387e-20)
(-0.0450659 0.435043 4.26546e-20)
(-0.0537506 0.440056 -4.25409e-20)
(-0.0635821 0.446247 0)
(-0.0747571 0.453824 0)
(-0.0874637 0.462998 -4.67951e-20)
(-0.101851 0.473962 -4.94175e-20)
(-0.11798 0.486829 9.53459e-20)
(-0.135743 0.501539 -1.00549e-19)
(-0.154747 0.517708 2.0232e-19)
(-0.174157 0.534391 -2.05886e-19)
(-0.192501 0.549755 1.03399e-19)
(-0.207492 0.56066 0)
(-0.215923 0.56221 0)
(-0.213803 0.547396 0)
(-0.197058 0.507057 0)
(-0.162004 0.430741 -1.07424e-19)
(-0.109294 0.306455 1.47073e-22)
(-0.039206 0.126822 1.06123e-19)
(0.0343767 0.120849 0)
(0.0974201 0.29631 0)
(0.147162 0.420808 0)
(0.182137 0.50048 0)
(0.201018 0.5452 9.37202e-20)
(0.206257 0.564185 -1.87868e-19)
(0.201092 0.565909 -6.07495e-22)
(0.188989 0.557181 9.57501e-20)
(0.172928 0.54299 0)
(0.15517 0.5267 0)
(0.137261 0.510383 0)
(0.120151 0.495194 0)
(0.104346 0.481678 0)
(0.0900526 0.470003 0)
(0.0772873 0.460125 4.31174e-20)
(0.0659568 0.451895 -8.56279e-20)
(0.0559123 0.44512 4.24781e-20)
(0.0469833 0.439602 0)
(0.0389975 0.435157 0)
(0.031791 0.431626 -1.99302e-20)
(0.0252131 0.428874 1.99598e-20)
(0.0191269 0.426793 0)
(0.0134087 0.425302 9.72633e-21)
(0.00794551 0.424341 -9.7319e-21)
(0.00263204 0.423869 0)
(-0.00263204 0.423869 0)
(-0.00794551 0.424341 -9.7319e-21)
(-0.0134087 0.425302 9.72633e-21)
(-0.0191269 0.426793 0)
(-0.0252131 0.428874 1.99598e-20)
(-0.031791 0.431626 -1.99302e-20)
(-0.0389975 0.435157 0)
(-0.0469833 0.439602 0)
(-0.0559123 0.44512 4.24781e-20)
(-0.0659568 0.451895 -8.56279e-20)
(-0.0772873 0.460125 4.31174e-20)
(-0.0900526 0.470003 0)
(-0.104346 0.481678 0)
(-0.120151 0.495194 0)
(-0.137261 0.510383 0)
(-0.15517 0.5267 0)
(-0.172928 0.54299 0)
(-0.188989 0.557181 9.57501e-20)
(-0.201092 0.565909 -6.07495e-22)
(-0.206257 0.564185 -1.87868e-19)
(-0.201018 0.5452 9.37202e-20)
(-0.182137 0.50048 0)
(-0.147162 0.420808 0)
(-0.0974201 0.29631 0)
(-0.0343767 0.120849 0)
(0.0298992 0.115397 -6.61232e-20)
(0.0863139 0.286475 0)
(0.132905 0.410679 7.70448e-20)
(0.167378 0.493081 -7.48451e-20)
(0.187864 0.541764 0)
(0.195797 0.564772 0)
(0.193643 0.569849 8.63682e-20)
(0.184339 0.563514 -8.66311e-20)
(0.170594 0.550769 0)
(0.154594 0.535135 0)
(0.137917 0.518897 4.38974e-20)
(0.121601 0.503408 -4.4209e-20)
(0.106252 0.489372 0)
(0.0921676 0.477075 0)
(0.0794388 0.466553 0)
(0.0680304 0.457705 -4.11616e-20)
(0.0578355 0.450366 4.13143e-20)
(0.0487125 0.444351 0)
(0.0405084 0.439482 -1.97793e-20)
(0.0330718 0.435598 1.98203e-20)
(0.0262591 0.432561 0)
(0.0199379 0.430259 0)
(0.013986 0.428607 0)
(0.00829095 0.427539 0)
(0.00274702 0.427016 0)
(-0.00274702 0.427016 0)
(-0.00829095 0.427539 0)
(-0.013986 0.428607 0)
(-0.0199379 0.430259 0)
(-0.0262591 0.432561 0)
(-0.0330718 0.435598 1.98203e-20)
(-0.0405084 0.439482 -1.97793e-20)
(-0.0487125 0.444351 0)
(-0.0578355 0.450366 4.13143e-20)
(-0.0680304 0.457705 -4.11616e-20)
(-0.0794388 0.466553 0)
(-0.0921676 0.477075 0)
(-0.106252 0.489372 0)
(-0.121601 0.503408 -4.4209e-20)
(-0.137917 0.518897 4.38974e-20)
(-0.154594 0.535135 0)
(-0.170594 0.550769 0)
(-0.184339 0.563514 -8.66311e-20)
(-0.193643 0.569849 8.63682e-20)
(-0.195797 0.564772 0)
(-0.187864 0.541764 0)
(-0.167378 0.493081 -7.48451e-20)
(-0.132905 0.410679 7.70448e-20)
(-0.0863139 0.286475 0)
(-0.0298992 0.115397 6.61232e-20)
(0.0257041 0.110303 5.03979e-20)
(0.0758628 0.276829 -5.358e-20)
(0.119211 0.400318 0)
(0.152858 0.484913 0)
(0.174501 0.53717 -7.08357e-20)
(0.184735 0.564035 7.01669e-20)
(0.185331 0.572504 7.77393e-20)
(0.178705 0.568741 -7.78826e-20)
(0.167274 0.557682 0)
(0.153101 0.542954 4.12644e-20)
(0.137767 0.527018 -1.40089e-22)
(0.122367 0.51141 -4.17011e-20)
(0.107591 0.496991 -4.11025e-20)
(0.0938195 0.48417 5.88839e-22)
(0.081217 0.47307 6.22271e-22)
(0.0698051 0.463646 6.20433e-22)
(0.0595204 0.455768 4.00741e-20)
(0.0502526 0.44927 -1.95315e-20)
(0.0418704 0.443983 1.95851e-20)
(0.0342365 0.439747 -1.91712e-20)
(0.0272166 0.436423 1.92064e-20)
(0.0206836 0.433899 9.45951e-21)
(0.0145186 0.432082 -9.4703e-21)
(0.00861028 0.430907 0)
(0.0028534 0.430331 0)
(-0.0028534 0.430331 0)
(-0.00861028 0.430907 0)
(-0.0145186 0.432082 -9.4703e-21)
(-0.0206836 0.433899 9.45951e-21)
(-0.0272166 0.436423 1.92064e-20)
(-0.0342365 0.439747 -1.91712e-20)
(-0.0418704 0.443983 1.95851e-20)
(-0.0502526 0.44927 -1.95315e-20)
(-0.0595204 0.455768 4.00741e-20)
(-0.0698051 0.463646 6.20433e-22)
(-0.081217 0.47307 6.22271e-22)
(-0.0938195 0.48417 5.88839e-22)
(-0.107591 0.496991 -4.11025e-20)
(-0.122367 0.51141 -4.17011e-20)
(-0.137767 0.527018 -1.40089e-22)
(-0.153101 0.542954 4.12644e-20)
(-0.167274 0.557682 0)
(-0.178705 0.568741 -7.78826e-20)
(-0.185331 0.572504 7.77393e-20)
(-0.184735 0.564035 7.01669e-20)
(-0.174501 0.53717 -7.08357e-20)
(-0.152858 0.484913 0)
(-0.119211 0.400318 0)
(-0.0758628 0.276829 -5.358e-20)
(-0.0257041 0.110303 5.03979e-20)
(0.0217481 0.105437 0)
(0.0659914 0.267262 0)
(0.106065 0.389681 4.98133e-20)
(0.13864 0.476005 6.82597e-21)
(0.161061 0.53148 -5.40282e-20)
(0.173238 0.562028 0)
(0.176321 0.573899 0)
(0.172233 0.572852 0)
(0.163079 0.563695 0)
(0.150775 0.550107 0)
(0.136865 0.534688 0)
(0.122483 0.519142 3.9156e-20)
(0.108384 0.504482 -3.94128e-20)
(0.0950217 0.491243 3.90788e-20)
(0.0826291 0.479638 -3.92911e-20)
(0.0712845 0.469687 0)
(0.0609686 0.461301 0)
(0.0516042 0.454338 0)
(0.0430833 0.448641 0)
(0.0352847 0.444057 0)
(0.0280849 0.440449 0)
(0.0213637 0.4377 0)
(0.0150061 0.435718 0)
(0.00890326 0.434434 0)
(0.00295112 0.433804 0)
(-0.00295112 0.433804 0)
(-0.00890326 0.434434 0)
(-0.0150061 0.435718 0)
(-0.0213637 0.4377 0)
(-0.0280849 0.440449 0)
(-0.0352847 0.444057 0)
(-0.0430833 0.448641 0)
(-0.0516042 0.454338 0)
(-0.0609686 0.461301 0)
(-0.0712845 0.469687 0)
(-0.0826291 0.479638 -3.92911e-20)
(-0.0950217 0.491243 3.90788e-20)
(-0.108384 0.504482 -3.94128e-20)
(-0.122483 0.519142 3.9156e-20)
(-0.136865 0.534688 0)
(-0.150775 0.550107 0)
(-0.163079 0.563695 0)
(-0.172233 0.572852 0)
(-0.176321 0.573899 0)
(-0.173238 0.562028 0)
(-0.161061 0.53148 -5.40282e-20)
(-0.13864 0.476005 6.82597e-21)
(-0.106065 0.389681 4.98133e-20)
(-0.0659914 0.267262 0)
(-0.0217481 0.105437 0)
(0.0180086 0.100702 2.16229e-20)
(0.0566548 0.257685 -2.30912e-20)
(0.0934646 0.378727 0)
(0.124776 0.466377 -2.22049e-20)
(0.147654 0.524744 -3.65317e-21)
(0.161447 0.5588 -3.22061e-21)
(0.166761 0.574059 -2.66589e-21)
(0.165055 0.575843 -2.06956e-21)
(0.158118 0.568777 -1.50142e-21)
(0.147695 0.556545 -1.00396e-21)
(0.13527 0.541853 3.58427e-20)
(0.121989 0.52655 0)
(0.108656 0.511795 0)
(0.0957895 0.498248 0)
(0.0836843 0.486218 0)
(0.0724739 0.475795 0)
(0.0621831 0.466936 -1.85336e-20)
(0.0527687 0.45953 1.86021e-20)
(0.0441476 0.453437 0)
(0.0362165 0.448512 9.12836e-21)
(0.028864 0.444621 -9.14844e-21)
(0.0219778 0.441649 0)
(0.0154483 0.439502 0)
(0.00916979 0.438109 -2.25634e-21)
(0.00304014 0.437424 2.25832e-21)
(-0.00304014 0.437424 2.25832e-21)
(-0.00916979 0.438109 -2.25634e-21)
(-0.0154483 0.439502 0)
(-0.0219778 0.441649 0)
(-0.028864 0.444621 -9.14844e-21)
(-0.0362165 0.448512 9.12836e-21)
(-0.0441476 0.453437 0)
(-0.0527687 0.45953 1.86021e-20)
(-0.0621831 0.466936 -1.85336e-20)
(-0.0724739 0.475795 0)
(-0.0836843 0.486218 0)
(-0.0957895 0.498248 0)
(-0.108656 0.511795 0)
(-0.121989 0.52655 0)
(-0.13527 0.541853 3.58427e-20)
(-0.147695 0.556545 -1.00396e-21)
(-0.158118 0.568777 -1.50142e-21)
(-0.165055 0.575843 -2.06956e-21)
(-0.166761 0.574059 -2.66589e-21)
(-0.161447 0.5588 -3.22061e-21)
(-0.147654 0.524744 -3.65317e-21)
(-0.124776 0.466377 -2.22049e-20)
(-0.0934646 0.378727 0)
(-0.0566548 0.257685 -2.30912e-20)
(-0.0180086 0.100702 2.16229e-20)
(0.0144778 0.0960253 0)
(0.0478315 0.248023 0)
(0.0814151 0.367419 0)
(0.111315 0.456042 0)
(0.134375 0.517004 0)
(0.149489 0.554392 0)
(0.156783 0.573008 0)
(0.157293 0.577711 0)
(0.152492 0.572904 0)
(0.14394 0.562228 0)
(0.13304 0.548464 0)
(0.120924 0.533583 0)
(0.108435 0.518881 0)
(0.0961407 0.505141 0)
(0.0843941 0.492771 0)
(0.0733803 0.481936 0)
(0.0631682 0.472646 0)
(0.0537488 0.464824 0)
(0.0450652 0.458351 0)
(0.0370331 0.453094 0)
(0.0295545 0.448925 0)
(0.0225265 0.445732 0)
(0.0158455 0.44342 0)
(0.00940997 0.441918 0)
(0.00312049 0.441179 0)
(-0.00312049 0.441179 0)
(-0.00940997 0.441918 0)
(-0.0158455 0.44342 0)
(-0.0225265 0.445732 0)
(-0.0295545 0.448925 0)
(-0.0370331 0.453094 0)
(-0.0450652 0.458351 0)
(-0.0537488 0.464824 0)
(-0.0631682 0.472646 0)
(-0.0733803 0.481936 0)
(-0.0843941 0.492771 0)
(-0.0961407 0.505141 0)
(-0.108435 0.518881 0)
(-0.120924 0.533583 0)
(-0.13304 0.548464 0)
(-0.14394 0.562228 0)
(-0.152492 0.572904 0)
(-0.157293 0.577711 0)
(-0.156783 0.573008 0)
(-0.149489 0.554392 0)
(-0.134375 0.517004 0)
(-0.111315 0.456042 0)
(-0.0814151 0.367419 0)
(-0.0478315 0.248023 0)
(-0.0144778 0.0960253 0)
(0.0111596 0.0913552 -2.83161e-21)
(0.039518 0.238224 -4.04525e-21)
(0.0699316 0.355729 3.87267e-21)
(0.0983052 0.445012 0)
(0.121309 0.508294 1.67505e-20)
(0.137472 0.548841 -1.64969e-20)
(0.146507 0.570768 0)
(0.149059 0.578458 0)
(0.146299 0.576056 1.42151e-20)
(0.139589 0.567122 8.28568e-22)
(0.130231 0.554476 -1.51705e-20)
(0.119332 0.540193 0)
(0.107749 0.525694 0)
(0.0960951 0.511879 0)
(0.0847716 0.499259 -1.70543e-20)
(0.0740127 0.488078 1.71431e-20)
(0.0639297 0.478402 8.6006e-21)
(0.0545483 0.470194 -8.63568e-21)
(0.0458385 0.46336 0)
(0.0377361 0.457783 8.59976e-21)
(0.0301577 0.453344 -8.62189e-21)
(0.0230105 0.449932 0)
(0.0161982 0.447457 2.14445e-21)
(0.00962413 0.445846 -3.21983e-21)
(0.00319227 0.445053 1.07348e-21)
(-0.00319227 0.445053 1.07348e-21)
(-0.00962413 0.445846 -3.21983e-21)
(-0.0161982 0.447457 2.14445e-21)
(-0.0230105 0.449932 0)
(-0.0301577 0.453344 -8.62189e-21)
(-0.0377361 0.457783 8.59976e-21)
(-0.0458385 0.46336 0)
(-0.0545483 0.470194 -8.63568e-21)
(-0.0639297 0.478402 8.6006e-21)
(-0.0740127 0.488078 1.71431e-20)
(-0.0847716 0.499259 -1.70543e-20)
(-0.0960951 0.511879 0)
(-0.107749 0.525694 0)
(-0.119332 0.540193 0)
(-0.130231 0.554476 -1.51705e-20)
(-0.139589 0.567122 8.28568e-22)
(-0.146299 0.576056 1.42151e-20)
(-0.149059 0.578458 0)
(-0.146507 0.570768 0)
(-0.137472 0.548841 -1.64969e-20)
(-0.121309 0.508294 1.67505e-20)
(-0.0983052 0.445012 0)
(-0.0699316 0.355729 3.87267e-21)
(-0.039518 0.238224 -4.04525e-21)
(-0.0111596 0.0913552 2.83161e-21)
(0.00806504 0.0866612 0)
(0.0317237 0.228258 0)
(0.059037 0.343646 0)
(0.0857926 0.433305 0)
(0.108534 0.49865 0)
(0.125497 0.542186 0)
(0.136041 0.567365 0)
(0.140458 0.578089 0)
(0.139631 0.578217 0)
(0.134716 0.571195 0)
(0.126903 0.559849 0)
(0.117254 0.546336 0)
(0.10663 0.532188 0)
(0.0956742 0.51842 0)
(0.0848318 0.505645 0)
(0.0743814 0.494187 0)
(0.0644748 0.484174 0)
(0.0551723 0.475615 0)
(0.0464712 0.468442 0)
(0.0383282 0.46256 0)
(0.0306753 0.457858 0)
(0.0234312 0.454234 0)
(0.0165073 0.451598 0)
(0.00981274 0.44988 0)
(0.00325564 0.449034 0)
(-0.00325564 0.449034 0)
(-0.00981274 0.44988 0)
(-0.0165073 0.451598 0)
(-0.0234312 0.454234 0)
(-0.0306753 0.457858 0)
(-0.0383282 0.46256 0)
(-0.0464712 0.468442 0)
(-0.0551723 0.475614 0)
(-0.0644748 0.484174 0)
(-0.0743814 0.494187 0)
(-0.0848318 0.505645 0)
(-0.0956742 0.51842 0)
(-0.10663 0.532188 0)
(-0.117254 0.546336 0)
(-0.126903 0.559849 0)
(-0.134716 0.571195 0)
(-0.139631 0.578217 0)
(-0.140458 0.578089 0)
(-0.136041 0.567365 0)
(-0.125497 0.542186 0)
(-0.108534 0.49865 0)
(-0.0857926 0.433305 0)
(-0.059037 0.343646 0)
(-0.0317237 0.228258 0)
(-0.00806504 0.0866612 0)
(0.00520975 0.0819303 -6.00802e-21)
(0.0244661 0.218115 2.50392e-21)
(0.0487599 0.331175 -2.25438e-21)
(0.0738247 0.420947 -1.40058e-22)
(0.0961201 0.488111 0)
(0.113653 0.534464 -6.75985e-21)
(0.125485 0.562826 2.4076e-21)
(0.131589 0.576613 4.25506e-21)
(0.132574 0.579378 5.71709e-21)
(0.129394 0.574421 -5.72768e-21)
(0.123113 0.564547 0)
(0.114734 0.55197 0)
(0.105109 0.538322 0)
(0.094901 0.524725 7.53488e-21)
(0.0845911 0.511891 -1.5269e-20)
(0.0744979 0.500229 3.82992e-21)
(0.064812 0.489934 7.86495e-21)
(0.055627 0.48106 1.12667e-23)
(0.0469677 0.473575 -3.98763e-21)
(0.0388126 0.467403 -4.00545e-21)
(0.0311099 0.46245 4.01729e-21)
(0.0237902 0.458619 0)
(0.0167739 0.455826 0)
(0.00997648 0.454003 0)
(0.00331081 0.453104 0)
(-0.00331081 0.453104 0)
(-0.00997648 0.454003 0)
(-0.0167739 0.455826 0)
(-0.0237902 0.458619 0)
(-0.0311099 0.46245 4.01729e-21)
(-0.0388126 0.467403 -4.00545e-21)
(-0.0469677 0.473575 -3.98763e-21)
(-0.055627 0.48106 1.12667e-23)
(-0.064812 0.489934 7.86495e-21)
(-0.0744979 0.500229 3.82992e-21)
(-0.0845911 0.511891 -1.5269e-20)
(-0.094901 0.524725 7.53488e-21)
(-0.105109 0.538322 0)
(-0.114734 0.55197 0)
(-0.123113 0.564547 0)
(-0.129394 0.574421 -5.72768e-21)
(-0.132574 0.579378 5.71709e-21)
(-0.131589 0.576613 4.25506e-21)
(-0.125485 0.562826 2.4076e-21)
(-0.113653 0.534464 -6.75985e-21)
(-0.0961201 0.488111 0)
(-0.0738247 0.420947 -1.40058e-22)
(-0.0487599 0.331175 -2.25438e-21)
(-0.0244661 0.218115 2.50392e-21)
(-0.00520975 0.0819303 6.00802e-21)
(0.00261031 0.077165 0)
(0.0177669 0.207806 0)
(0.0391316 0.318338 0)
(0.0624484 0.407975 0)
(0.0841349 0.476722 -7.93516e-22)
(0.102026 0.525719 7.78781e-22)
(0.114931 0.55718 0)
(0.122543 0.574042 0)
(0.125212 0.579533 0)
(0.123694 0.576778 0)
(0.118918 0.568536 0)
(0.111817 0.557058 0)
(0.103219 0.544056 0)
(0.0938002 0.530754 1.76974e-21)
(0.0840674 0.517961 3.66747e-23)
(0.0743754 0.506173 -1.82665e-21)
(0.0649506 0.495652 0)
(0.0559192 0.486504 1.89914e-21)
(0.0473333 0.478734 -1.90694e-21)
(0.0391932 0.472292 -9.62262e-22)
(0.0314642 0.467099 9.6529e-22)
(0.0240897 0.463069 0)
(0.0169995 0.460124 0)
(0.0101162 0.458198 0)
(0.00335807 0.457247 0)
(-0.00335807 0.457247 0)
(-0.0101162 0.458198 0)
(-0.0169995 0.460124 0)
(-0.0240897 0.463069 0)
(-0.0314642 0.467099 9.6529e-22)
(-0.0391932 0.472292 -9.62262e-22)
(-0.0473333 0.478734 -1.90694e-21)
(-0.0559192 0.486504 1.89914e-21)
(-0.0649506 0.495652 0)
(-0.0743754 0.506173 -1.82665e-21)
(-0.0840674 0.517961 3.66747e-23)
(-0.0938002 0.530754 1.76974e-21)
(-0.103219 0.544056 0)
(-0.111817 0.557058 0)
(-0.118918 0.568536 0)
(-0.123694 0.576778 0)
(-0.125212 0.579533 0)
(-0.122543 0.574042 0)
(-0.114931 0.55718 0)
(-0.102026 0.525719 7.78781e-22)
(-0.0841349 0.476722 -7.93516e-22)
(-0.0624484 0.407975 0)
(-0.0391316 0.318338 0)
(-0.0177669 0.207806 0)
(-0.00261031 0.077165 0)
(0.000281721 0.0723811 0)
(0.0116475 0.197364 0)
(0.0301834 0.305176 0)
(0.0517088 0.394437 0)
(0.072641 0.464537 0)
(0.0906924 0.515999 0)
(0.104465 0.550464 0)
(0.113406 0.570395 0)
(0.117626 0.578681 0)
(0.117686 0.578251 0)
(0.114375 0.571791 0)
(0.108547 0.561564 1.50262e-21)
(0.100996 0.549353 -1.51051e-21)
(0.0923973 0.53647 -1.65652e-21)
(0.0832797 0.523821 1.66607e-21)
(0.0740279 0.511986 0)
(0.0649013 0.501299 0)
(0.0560569 0.491921 -1.81044e-21)
(0.0475739 0.483897 1.81821e-21)
(0.0394746 0.477206 0)
(0.0317417 0.471787 0)
(0.0243321 0.467567 0)
(0.0171858 0.464475 0)
(0.0102328 0.462449 0)
(0.00339774 0.461448 0)
(-0.00339774 0.461448 0)
(-0.0102328 0.462449 0)
(-0.0171858 0.464475 0)
(-0.0243321 0.467567 0)
(-0.0317417 0.471787 0)
(-0.0394746 0.477206 0)
(-0.0475739 0.483897 1.81821e-21)
(-0.0560569 0.491921 -1.81044e-21)
(-0.0649013 0.501299 0)
(-0.0740279 0.511986 0)
(-0.0832797 0.523821 1.66607e-21)
(-0.0923973 0.53647 -1.65652e-21)
(-0.100996 0.549353 -1.51051e-21)
(-0.108547 0.561564 1.50262e-21)
(-0.114375 0.571791 0)
(-0.117686 0.578251 0)
(-0.117626 0.578681 0)
(-0.113406 0.570395 0)
(-0.104465 0.550464 0)
(-0.0906924 0.515999 0)
(-0.072641 0.464537 0)
(-0.0517088 0.394437 0)
(-0.0301834 0.305176 0)
(-0.0116475 0.197364 0)
(-0.000281721 0.0723811 0)
(-0.00176483 0.0676043 1.04768e-20)
(0.00612573 0.186833 -7.19482e-21)
(0.0219436 0.291743 1.12362e-20)
(0.0416477 0.380396 -4.18136e-21)
(0.0616965 0.451616 0)
(0.0797243 0.505359 2.66534e-21)
(0.094168 0.54272 -3.35061e-22)
(0.104259 0.565696 -2.27191e-21)
(0.109892 0.576828 -3.88593e-21)
(0.111436 0.57883 3.88311e-21)
(0.109541 0.574288 0)
(0.104969 0.56546 0)
(0.098473 0.554178 0)
(0.0907189 0.541839 -6.1788e-21)
(0.082248 0.529437 1.2634e-20)
(0.0734706 0.517638 -3.15001e-21)
(0.0646754 0.506848 -6.70518e-21)
(0.0560489 0.497285 -4.26579e-23)
(0.0476962 0.489041 3.45633e-21)
(0.0396618 0.482123 3.52271e-21)
(0.0319463 0.476494 -3.53512e-21)
(0.0245203 0.472094 0)
(0.0173346 0.468861 0)
(0.0103276 0.466739 0)
(0.00343019 0.465689 0)
(-0.00343019 0.465689 0)
(-0.0103276 0.466739 0)
(-0.0173346 0.468861 0)
(-0.0245203 0.472094 0)
(-0.0319463 0.476494 -3.53512e-21)
(-0.0396618 0.482123 3.52271e-21)
(-0.0476962 0.489041 3.45633e-21)
(-0.0560489 0.497285 -4.26579e-23)
(-0.0646754 0.506848 -6.70518e-21)
(-0.0734706 0.517638 -3.15001e-21)
(-0.082248 0.529437 1.2634e-20)
(-0.0907189 0.541839 -6.1788e-21)
(-0.098473 0.554178 0)
(-0.104969 0.56546 0)
(-0.109541 0.574288 0)
(-0.111436 0.57883 3.88311e-21)
(-0.109892 0.576828 -3.88593e-21)
(-0.104259 0.565696 -2.27191e-21)
(-0.094168 0.54272 -3.35061e-22)
(-0.0797243 0.505359 2.66534e-21)
(-0.0616965 0.451616 0)
(-0.0416477 0.380396 -4.18136e-21)
(-0.0219436 0.291743 1.12362e-20)
(-0.00612573 0.186833 -7.19482e-21)
(0.00176483 0.0676043 -1.04768e-20)
(-0.00352354 0.0628672 0)
(0.0012134 0.176274 0)
(0.0144355 0.278108 0)
(0.0323021 0.365924 0)
(0.0513537 0.438033 0)
(0.0691877 0.493864 0)
(0.0841138 0.533998 0)
(0.0951806 0.559977 0)
(0.102083 0.573987 0)
(0.10501 0.57851 0)
(0.104469 0.57601 0)
(0.101127 0.568719 0)
(0.0956861 0.558503 0)
(0.0887922 0.546829 0)
(0.0809933 0.534779 0)
(0.0727193 0.523099 0)
(0.0642851 0.512271 0)
(0.0559043 0.502573 0)
(0.0477073 0.494143 0)
(0.0397604 0.487023 0)
(0.0320821 0.481201 0)
(0.0246573 0.476632 0)
(0.0174481 0.473265 0)
(0.0104016 0.471051 0)
(0.00345582 0.469954 0)
(-0.00345581 0.469954 0)
(-0.0104016 0.471051 0)
(-0.0174481 0.473265 0)
(-0.0246573 0.476632 0)
(-0.0320821 0.481201 0)
(-0.0397604 0.487023 0)
(-0.0477073 0.494143 0)
(-0.0559043 0.502573 0)
(-0.0642851 0.512271 0)
(-0.0727193 0.523099 0)
(-0.0809933 0.534779 0)
(-0.0887922 0.546829 0)
(-0.0956861 0.558503 0)
(-0.101127 0.568719 0)
(-0.104469 0.57601 0)
(-0.10501 0.57851 0)
(-0.102083 0.573987 0)
(-0.0951806 0.559977 0)
(-0.0841138 0.533998 0)
(-0.0691877 0.493864 0)
(-0.0513537 0.438033 0)
(-0.0323021 0.365924 0)
(-0.0144355 0.278108 0)
(-0.0012134 0.176274 0)
(0.00352354 0.0628672 0)
(-0.00499493 0.0582063 2.40559e-20)
(-0.0030857 0.165752 0)
(0.00767508 0.264351 0)
(0.0237027 0.351106 0)
(0.0416592 0.423868 2.94593e-21)
(0.0591426 0.481586 -2.88148e-21)
(0.0743716 0.524356 0)
(0.0862412 0.553276 0)
(0.0942682 0.570178 -5.7094e-21)
(0.09847 0.577293 -1.32983e-21)
(0.099214 0.576947 7.02869e-21)
(0.0970673 0.57132 0)
(0.0926705 0.5623 0)
(0.086645 0.551413 0)
(0.0795369 0.539817 1.1181e-20)
(0.0717905 0.528342 -1.12441e-20)
(0.0637431 0.517543 -6.00591e-21)
(0.055633 0.507761 6.03706e-21)
(0.0476149 0.499182 0)
(0.0397762 0.491887 -6.37019e-21)
(0.0321536 0.48589 6.3949e-21)
(0.0247465 0.481164 0)
(0.0175286 0.477672 -1.63594e-21)
(0.0104562 0.47537 2.46184e-21)
(0.00347507 0.474229 -8.23486e-22)
(-0.00347506 0.474229 -8.23486e-22)
(-0.0104562 0.47537 2.46184e-21)
(-0.0175286 0.477672 -1.63594e-21)
(-0.0247465 0.481164 0)
(-0.0321536 0.48589 6.3949e-21)
(-0.0397762 0.491887 -6.37019e-21)
(-0.0476149 0.499182 0)
(-0.055633 0.507761 6.03706e-21)
(-0.0637431 0.517543 -6.00591e-21)
(-0.0717905 0.528342 -1.12441e-20)
(-0.0795369 0.539817 1.1181e-20)
(-0.086645 0.551413 0)
(-0.0926705 0.5623 0)
(-0.0970673 0.57132 0)
(-0.099214 0.576947 7.02869e-21)
(-0.09847 0.577293 -1.32983e-21)
(-0.0942682 0.570178 -5.7094e-21)
(-0.0862412 0.553276 0)
(-0.0743716 0.524356 0)
(-0.0591426 0.481586 -2.88148e-21)
(-0.0416592 0.423868 2.94593e-21)
(-0.0237027 0.351106 0)
(-0.00767508 0.264351 0)
(0.0030857 0.165752 0)
(0.00499493 0.0582063 -2.40559e-20)
(-0.00618598 0.0536586 0)
(-0.00677679 0.155339 0)
(0.00166958 0.250558 0)
(0.0158724 0.336033 0)
(0.0326522 0.40921 0)
(0.0496425 0.468606 0)
(0.0650044 0.513859 0)
(0.0775082 0.545642 0)
(0.086513 0.565429 0)
(0.0918765 0.575191 0)
(0.0938283 0.577093 0)
(0.092832 0.57325 0)
(0.0894616 0.565549 0)
(0.0843051 0.555565 0)
(0.0779006 0.544527 0)
(0.0707012 0.533343 0)
(0.0630624 0.522641 0)
(0.0552452 0.512827 0)
(0.0474267 0.504139 0)
(0.0397153 0.496697 0)
(0.0321653 0.490544 0)
(0.0247912 0.485675 3.0874e-21)
(0.0175784 0.482065 -3.09708e-21)
(0.0104929 0.479682 0)
(0.0034884 0.478498 0)
(-0.0034884 0.478498 0)
(-0.0104929 0.479682 0)
(-0.0175784 0.482065 -3.09708e-21)
(-0.0247912 0.485675 3.0874e-21)
(-0.0321653 0.490544 0)
(-0.0397153 0.496697 0)
(-0.0474267 0.504139 0)
(-0.0552452 0.512827 0)
(-0.0630624 0.522641 0)
(-0.0707012 0.533343 0)
(-0.0779006 0.544527 0)
(-0.0843051 0.555565 0)
(-0.0894616 0.565549 0)
(-0.092832 0.57325 0)
(-0.0938283 0.577093 0)
(-0.0918765 0.575191 0)
(-0.086513 0.565429 0)
(-0.0775082 0.545642 0)
(-0.0650044 0.513859 0)
(-0.0496425 0.468606 0)
(-0.0326522 0.40921 0)
(-0.0158724 0.336033 0)
(-0.00166958 0.250558 0)
(0.00677679 0.155339 0)
(0.00618598 0.0536586 0)
(-0.0071097 0.0492589 4.59743e-20)
(-0.00987426 0.145105 -5.02447e-20)
(-0.00358308 0.236817 0)
(0.00882574 0.320801 -1.00967e-20)
(0.0243643 0.394157 4.016e-21)
(0.0407338 0.455011 3.80688e-21)
(0.056069 0.50258 3.56524e-21)
(0.0690436 0.537128 3.28524e-21)
(0.0788795 0.559775 2.97117e-21)
(0.0852873 0.572219 2.63606e-21)
(0.0883627 0.576451 -1.05241e-20)
(0.0884644 0.574498 -1.48045e-20)
(0.0860943 0.568233 1.48541e-20)
(0.0818005 0.559265 0)
(0.0761063 0.548886 0)
(0.0694683 0.538079 0)
(0.0622563 0.527544 1.05228e-20)
(0.0547511 0.517752 -1.05794e-20)
(0.0471509 0.508995 0)
(0.039584 0.501436 -5.68831e-21)
(0.0321223 0.495148 5.7122e-21)
(0.024795 0.49015 0)
(0.0176 0.486432 0)
(0.0105131 0.483972 1.48328e-21)
(0.00349628 0.482748 -1.48685e-21)
(-0.00349628 0.482748 -1.48685e-21)
(-0.0105131 0.483972 1.48328e-21)
(-0.0176 0.486432 0)
(-0.024795 0.49015 0)
(-0.0321223 0.495148 5.7122e-21)
(-0.039584 0.501436 -5.68831e-21)
(-0.0471509 0.508995 0)
(-0.0547511 0.517752 -1.05794e-20)
(-0.0622563 0.527544 1.05228e-20)
(-0.0694683 0.538079 0)
(-0.0761063 0.548886 0)
(-0.0818005 0.559265 0)
(-0.0860943 0.568233 1.48541e-20)
(-0.0884644 0.574498 -1.48045e-20)
(-0.0883627 0.576451 -1.05241e-20)
(-0.0852873 0.572219 2.63606e-21)
(-0.0788795 0.559775 2.97117e-21)
(-0.0690436 0.537128 3.28524e-21)
(-0.056069 0.50258 3.56524e-21)
(-0.0407338 0.455011 3.80688e-21)
(-0.0243643 0.394157 4.016e-21)
(-0.00882574 0.320801 -1.00967e-20)
(0.00358308 0.236817 0)
(0.00987426 0.145105 -5.02447e-20)
(0.0071097 0.0492589 4.59743e-20)
(-0.00778416 0.0450373 0)
(-0.0124011 0.135117 0)
(-0.00809443 0.223216 3.08877e-20)
(0.00256806 0.305509 -8.02088e-21)
(0.0168187 0.378808 -2.12913e-20)
(0.0324552 0.440895 0)
(0.0476159 0.490601 0)
(0.0609041 0.527799 0)
(0.0714255 0.55326 0)
(0.0787568 0.568403 0)
(0.0828661 0.57503 0)
(0.0840061 0.575061 -1.32183e-20)
(0.0826031 0.57034 1.32564e-20)
(0.0791588 0.562496 -1.64073e-20)
(0.0741759 0.552876 1.64906e-20)
(0.068109 0.542531 0)
(0.0613384 0.532232 0)
(0.0541614 0.522517 0)
(0.0467957 0.513734 0)
(0.0393886 0.506088 0)
(0.0320292 0.499687 0)
(0.0247616 0.494575 0)
(0.0175958 0.490759 0)
(0.0105182 0.488228 0)
(0.0034992 0.486967 0)
(-0.0034992 0.486967 0)
(-0.0105182 0.488228 0)
(-0.0175958 0.490759 0)
(-0.0247616 0.494575 0)
(-0.0320292 0.499687 0)
(-0.0393886 0.506088 0)
(-0.0467957 0.513734 0)
(-0.0541614 0.522517 0)
(-0.0613384 0.532232 0)
(-0.068109 0.542531 0)
(-0.0741759 0.552876 1.64906e-20)
(-0.0791588 0.562496 -1.64073e-20)
(-0.0826031 0.57034 1.32564e-20)
(-0.0840061 0.575061 -1.32183e-20)
(-0.0828661 0.57503 0)
(-0.0787568 0.568403 0)
(-0.0714255 0.55326 0)
(-0.0609041 0.527799 0)
(-0.0476159 0.490601 0)
(-0.0324552 0.440895 0)
(-0.0168187 0.378808 -2.12913e-20)
(-0.00256806 0.305509 -8.02088e-21)
(0.00809443 0.223216 3.08877e-20)
(0.0124011 0.135117 0)
(0.00778416 0.0450373 0)
(-0.00823119 0.0410181 4.58644e-20)
(-0.0143875 0.125434 -5.03023e-20)
(-0.0118848 0.20984 0)
(-0.0029039 0.290255 0)
(0.0100306 0.363266 -1.52258e-20)
(0.0248385 0.426357 1.48665e-20)
(0.0396889 0.478007 1.4001e-21)
(0.0531408 0.517724 -1.3799e-21)
(0.0642046 0.545934 0)
(0.0723369 0.563775 -7.55834e-21)
(0.0773851 0.572844 -2.23275e-21)
(0.0794975 0.574942 9.77493e-21)
(0.0790215 0.571864 1.34392e-20)
(0.0764073 0.565246 1.42884e-21)
(0.0721311 0.556481 1.19727e-21)
(0.0666404 0.546682 9.90944e-22)
(0.0603218 0.53669 -1.73643e-20)
(0.0534864 0.527109 0)
(0.0463693 0.518341 0)
(0.0391355 0.510639 1.00277e-20)
(0.0318911 0.504149 -1.00726e-20)
(0.0246945 0.498939 -5.1922e-21)
(0.0175684 0.495036 5.21061e-21)
(0.0105096 0.49244 0)
(0.00349763 0.491145 0)
(-0.00349763 0.491145 0)
(-0.0105096 0.49244 0)
(-0.0175684 0.495036 5.21061e-21)
(-0.0246945 0.498939 -5.1922e-21)
(-0.0318911 0.504149 -1.00726e-20)
(-0.0391355 0.510639 1.00277e-20)
(-0.0463693 0.518341 0)
(-0.0534864 0.527109 0)
(-0.0603218 0.53669 -1.73643e-20)
(-0.0666404 0.546682 9.90944e-22)
(-0.0721311 0.556481 1.19727e-21)
(-0.0764073 0.565246 1.42884e-21)
(-0.0790215 0.571864 1.34392e-20)
(-0.0794975 0.574942 9.77493e-21)
(-0.0773851 0.572844 -2.23275e-21)
(-0.0723369 0.563775 -7.55834e-21)
(-0.0642046 0.545934 0)
(-0.0531408 0.517724 -1.3799e-21)
(-0.0396889 0.478007 1.4001e-21)
(-0.0248385 0.426357 1.48665e-20)
(-0.0100306 0.363266 -1.52258e-20)
(0.0029039 0.290255 0)
(0.0118848 0.20984 0)
(0.0143875 0.125434 -5.03023e-20)
(0.00823119 0.0410181 4.58644e-20)
(-0.00847497 0.0372187 -4.86748e-20)
(-0.0158696 0.116106 0)
(-0.0149822 0.196764 3.18453e-20)
(-0.00760191 0.275135 -3.09001e-20)
(0.0040065 0.347633 0)
(0.0179073 0.411497 0)
(0.0323252 0.464891 3.26204e-21)
(0.0457995 0.506979 -3.21258e-21)
(0.0572658 0.537856 0)
(0.0660758 0.558375 0)
(0.0719644 0.569918 -8.42044e-21)
(0.0749778 0.57415 8.41723e-21)
(0.0753823 0.572803 0)
(0.0735726 0.567507 0)
(0.0699932 0.559689 0)
(0.0650794 0.550519 1.58697e-20)
(0.0592199 0.540904 -1.59573e-20)
(0.0527366 0.531511 0)
(0.0458797 0.522803 9.10511e-21)
(0.0388311 0.515079 -9.15063e-21)
(0.0317126 0.508523 0)
(0.0245972 0.503232 0)
(0.0175202 0.499251 0)
(0.0104889 0.496597 0)
(0.00349206 0.495271 0)
(-0.00349206 0.495271 0)
(-0.0104889 0.496597 0)
(-0.0175202 0.499251 0)
(-0.0245972 0.503232 0)
(-0.0317126 0.508523 0)
(-0.0388311 0.515079 -9.15063e-21)
(-0.0458797 0.522803 9.10511e-21)
(-0.0527366 0.531511 0)
(-0.0592199 0.540904 -1.59573e-20)
(-0.0650794 0.550519 1.58697e-20)
(-0.0699932 0.559689 0)
(-0.0735726 0.567507 0)
(-0.0753823 0.572803 0)
(-0.0749778 0.57415 8.41723e-21)
(-0.0719644 0.569918 -8.42044e-21)
(-0.0660758 0.558375 0)
(-0.0572658 0.537856 0)
(-0.0457995 0.506979 -3.21258e-21)
(-0.0323252 0.464891 3.26204e-21)
(-0.0179073 0.411497 0)
(-0.0040065 0.347633 0)
(0.00760191 0.275135 -3.09001e-20)
(0.0149822 0.196764 3.18453e-20)
(0.0158696 0.116106 0)
(0.00847497 0.0372187 4.86748e-20)
(-0.00854061 0.0336484 0)
(-0.0168876 0.107171 0)
(-0.017422 0.184055 0)
(-0.0115462 0.260232 0)
(-0.00125569 0.332007 1.70631e-20)
(0.0116767 0.396414 -2.73211e-20)
(0.025554 0.451345 5.6806e-21)
(0.0389188 0.495645 4.69539e-21)
(0.0506526 0.529089 0)
(0.0600175 0.552248 0)
(0.0666452 0.566279 0)
(0.0704833 0.5727 0)
(0.0717165 0.573161 0)
(0.0706803 0.569276 0)
(0.0677827 0.562492 -1.34264e-20)
(0.0634422 0.554031 2.80161e-20)
(0.0580454 0.544862 -1.46007e-20)
(0.0519219 0.535715 0)
(0.0453349 0.52711 0)
(0.0384813 0.519398 8.71785e-21)
(0.0314985 0.512799 -8.75875e-21)
(0.0244734 0.507444 0)
(0.0174536 0.503399 -4.61177e-21)
(0.0104574 0.500694 4.62688e-21)
(0.00348295 0.49934 0)
(-0.00348295 0.49934 0)
(-0.0104574 0.500694 4.62688e-21)
(-0.0174536 0.503399 -4.61177e-21)
(-0.0244734 0.507444 0)
(-0.0314985 0.512799 -8.75875e-21)
(-0.0384813 0.519398 8.71785e-21)
(-0.0453349 0.52711 0)
(-0.0519219 0.535715 0)
(-0.0580454 0.544862 -1.46007e-20)
(-0.0634422 0.554031 2.80161e-20)
(-0.0677827 0.562492 -1.34264e-20)
(-0.0706803 0.569276 0)
(-0.0717165 0.573161 0)
(-0.0704833 0.5727 0)
(-0.0666452 0.566279 0)
(-0.0600175 0.552248 0)
(-0.0506526 0.529089 0)
(-0.0389188 0.495645 4.69539e-21)
(-0.025554 0.451345 5.6806e-21)
(-0.0116767 0.396414 -2.73211e-20)
(0.00125569 0.332007 1.70631e-20)
(0.0115462 0.260232 0)
(0.017422 0.184055 0)
(0.0168876 0.107171 0)
(0.00854061 0.0336484 0)
(-0.0084529 0.0303098 4.18034e-20)
(-0.0174838 0.0986552 -4.60449e-20)
(-0.0192438 0.171764 0)
(-0.0147637 0.245623 0)
(-0.00576573 0.316477 0)
(0.00615414 0.381206 0)
(0.0193972 0.437463 0)
(0.0325311 0.483804 8.70432e-22)
(0.0444032 0.519701 2.96678e-21)
(0.0542017 0.545443 -1.19444e-20)
(0.0614655 0.561963 8.11083e-21)
(0.0660483 0.570611 -1.56882e-20)
(0.0680535 0.572949 6.24714e-21)
(0.0677546 0.570553 9.47791e-21)
(0.0655192 0.564887 0)
(0.0617445 0.557213 0)
(0.0568107 0.548557 1.41628e-20)
(0.051052 0.539711 -1.42406e-20)
(0.0447423 0.531254 -7.81038e-21)
(0.0380922 0.523587 7.85056e-21)
(0.0312533 0.516972 8.30296e-21)
(0.0243263 0.51157 -1.25758e-20)
(0.017371 0.507471 -4.65258e-23)
(0.0104165 0.504722 2.14344e-21)
(0.00347075 0.503344 2.17695e-21)
(-0.00347075 0.503344 2.17695e-21)
(-0.0104165 0.504722 2.14344e-21)
(-0.017371 0.507471 -4.65258e-23)
(-0.0243263 0.51157 -1.25758e-20)
(-0.0312533 0.516972 8.30296e-21)
(-0.0380922 0.523587 7.85056e-21)
(-0.0447423 0.531254 -7.81038e-21)
(-0.051052 0.539711 -1.42406e-20)
(-0.0568107 0.548557 1.41628e-20)
(-0.0617445 0.557213 0)
(-0.0655192 0.564887 0)
(-0.0677546 0.570553 9.47791e-21)
(-0.0680535 0.572949 6.24714e-21)
(-0.0660483 0.570611 -1.56882e-20)
(-0.0614655 0.561963 8.11083e-21)
(-0.0542017 0.545443 -1.19444e-20)
(-0.0444032 0.519701 2.96678e-21)
(-0.0325311 0.483804 8.70432e-22)
(-0.0193972 0.437463 0)
(-0.00615414 0.381206 0)
(0.00576573 0.316477 0)
(0.0147637 0.245623 0)
(0.0192438 0.171764 0)
(0.0174838 0.0986552 -4.60449e-20)
(0.0084529 0.0303098 4.18034e-20)
(-0.00823536 0.0271991 8.51002e-20)
(-0.017701 0.0905722 -3.72487e-20)
(-0.0204908 0.159933 3.62909e-20)
(-0.0172863 0.231375 2.34198e-20)
(-0.0095395 0.30113 -5.38739e-21)
(0.00134065 0.365966 -1.70105e-20)
(0.0138706 0.423337 6.83574e-21)
(0.0266632 0.471541 -8.84237e-21)
(0.0385512 0.509763 -1.59497e-22)
(0.0486646 0.538019 2.23397e-21)
(0.0564606 0.557007 0)
(0.0617051 0.56791 0)
(0.0644212 0.572178 0)
(0.0648191 0.571345 0)
(0.0632218 0.566873 -1.09094e-20)
(0.0600013 0.560058 -1.02614e-21)
(0.0555277 0.551982 1.20485e-20)
(0.0501363 0.543493 0)
(0.0441093 0.535228 -1.43784e-20)
(0.0376694 0.52764 2.19177e-20)
(0.0309814 0.521034 -7.50082e-21)
(0.0241591 0.515603 0)
(0.0172746 0.511464 0)
(0.0103676 0.508679 0)
(0.00345591 0.507281 0)
(-0.00345591 0.507281 0)
(-0.0103676 0.508679 0)
(-0.0172746 0.511464 0)
(-0.0241591 0.515603 0)
(-0.0309814 0.521034 -7.50082e-21)
(-0.0376694 0.52764 2.19177e-20)
(-0.0441093 0.535228 -1.43784e-20)
(-0.0501363 0.543493 0)
(-0.0555277 0.551982 1.20485e-20)
(-0.0600013 0.560058 -1.02614e-21)
(-0.0632218 0.566873 -1.09094e-20)
(-0.0648191 0.571345 0)
(-0.0644212 0.572178 0)
(-0.0617051 0.56791 0)
(-0.0564606 0.557007 0)
(-0.0486646 0.538019 2.23397e-21)
(-0.0385512 0.509763 -1.59497e-22)
(-0.0266632 0.471541 -8.84237e-21)
(-0.0138706 0.423337 6.83574e-21)
(-0.00134065 0.365966 -1.70105e-20)
(0.0095395 0.30113 -5.38739e-21)
(0.0172863 0.231375 2.34198e-20)
(0.0204908 0.159933 3.62909e-20)
(0.017701 0.0905722 -3.72487e-20)
(0.00823536 0.0271991 -8.51002e-20)
(-0.00790961 0.0243073 7.98552e-20)
(-0.0175812 0.0829264 7.06453e-20)
(-0.0212079 0.148592 -4.03031e-20)
(-0.0191505 0.217543 -2.79041e-20)
(-0.0125989 0.28604 1.71501e-20)
(-0.00276935 0.350781 -1.67443e-20)
(0.00898368 0.40906 0)
(0.0213363 0.458942 0)
(0.0331251 0.49935 0)
(0.0434383 0.530033 0)
(0.0516629 0.551458 -8.20692e-21)
(0.0574836 0.564625 1.963e-20)
(0.0608462 0.570868 -1.14437e-20)
(0.0618958 0.571659 8.54726e-21)
(0.0609087 0.568451 -1.83199e-20)
(0.0582272 0.562567 9.78721e-21)
(0.0542079 0.555133 0)
(0.0491838 0.547055 1.25079e-20)
(0.0434431 0.539027 -2.5749e-20)
(0.0372185 0.531553 2.01052e-20)
(0.0306871 0.524982 -6.89633e-21)
(0.0239752 0.519541 7.25948e-21)
(0.0171665 0.515374 -3.59496e-21)
(0.0103119 0.512561 -1.83874e-21)
(0.00343884 0.511145 -1.87335e-21)
(-0.00343884 0.511145 -1.87335e-21)
(-0.0103119 0.512561 -1.83874e-21)
(-0.0171665 0.515374 -3.59496e-21)
(-0.0239752 0.519541 7.25948e-21)
(-0.0306871 0.524982 -6.89633e-21)
(-0.0372185 0.531553 2.01052e-20)
(-0.0434431 0.539027 -2.5749e-20)
(-0.0491838 0.547055 1.25079e-20)
(-0.0542079 0.555133 0)
(-0.0582272 0.562567 9.78721e-21)
(-0.0609087 0.568451 -1.83199e-20)
(-0.0618958 0.571659 8.54726e-21)
(-0.0608462 0.570868 -1.14437e-20)
(-0.0574836 0.564625 1.963e-20)
(-0.0516629 0.551458 -8.20692e-21)
(-0.0434383 0.530033 0)
(-0.0331251 0.49935 0)
(-0.0213363 0.458942 0)
(-0.00898368 0.40906 0)
(0.00276935 0.350781 -1.67443e-20)
(0.0125989 0.28604 1.71501e-20)
(0.0191505 0.217543 -2.79041e-20)
(0.0212079 0.148592 -4.03031e-20)
(0.0175812 0.0829264 7.06453e-20)
(0.00790961 0.0243073 -7.98552e-20)
(-0.00749509 0.0216212 0)
(-0.0171649 0.0757116 6.62967e-20)
(-0.0214413 0.137757 -6.47986e-20)
(-0.0203962 0.20417 0)
(-0.0149711 0.271274 -1.66202e-20)
(-0.00618777 0.335734 1.62303e-20)
(0.00473927 0.394718 0)
(0.0165654 0.446093 0)
(0.0281483 0.488538 0)
(0.0385507 0.521551 0)
(0.0471012 0.545364 6.54622e-21)
(0.0534115 0.560792 -6.52095e-21)
(0.0573529 0.56904 0)
(0.0590058 0.571508 0)
(0.0585969 0.569628 8.64119e-21)
(0.0564361 0.56474 -8.67651e-21)
(0.0528622 0.558009 -1.05706e-20)
(0.0482032 0.550395 -7.22285e-22)
(0.0427503 0.542648 2.34171e-20)
(0.0367447 0.535322 -1.83493e-20)
(0.0303743 0.528811 6.30939e-21)
(0.0237774 0.523381 0)
(0.017049 0.519198 3.40075e-21)
(0.0102507 0.516365 -1.69164e-21)
(0.00341996 0.514936 -1.72641e-21)
(-0.00341996 0.514936 -1.72641e-21)
(-0.0102507 0.516365 -1.69164e-21)
(-0.017049 0.519198 3.40075e-21)
(-0.0237774 0.523381 0)
(-0.0303743 0.528811 6.30939e-21)
(-0.0367447 0.535322 -1.83493e-20)
(-0.0427503 0.542648 2.34171e-20)
(-0.0482032 0.550395 -7.22285e-22)
(-0.0528622 0.558009 -1.05706e-20)
(-0.0564361 0.56474 -8.67651e-21)
(-0.0585969 0.569628 8.64119e-21)
(-0.0590058 0.571508 0)
(-0.0573529 0.56904 0)
(-0.0534115 0.560792 -6.52095e-21)
(-0.0471012 0.545364 6.54622e-21)
(-0.0385507 0.521551 0)
(-0.0281483 0.488538 0)
(-0.0165654 0.446093 0)
(-0.00473927 0.394718 0)
(0.00618777 0.335734 1.62303e-20)
(0.0149711 0.271274 -1.66202e-20)
(0.0203962 0.20417 0)
(0.0214413 0.137757 -6.47986e-20)
(0.0171649 0.0757116 6.62967e-20)
(0.00749509 0.0216212 0)
(-0.0070091 0.019125 -6.83026e-20)
(-0.0164911 0.0689134 -6.15397e-20)
(-0.0212379 0.127432 6.02411e-20)
(-0.021067 0.191286 0)
(-0.0166886 0.256886 0)
(-0.00893261 0.320896 0)
(0.00113391 0.380394 0)
(0.0123593 0.433077 -4.43518e-21)
(0.023639 0.477405 3.2656e-21)
(0.0340251 0.512636 1.09071e-21)
(0.0428011 0.538776 0)
(0.0495137 0.556449 0)
(0.053964 0.56672 0)
(0.0561685 0.570908 -1.29754e-20)
(0.0563028 0.570413 1.30072e-20)
(0.0546409 0.56658 0)
(0.0515011 0.56061 0)
(0.0472027 0.553512 0)
(0.0420375 0.546088 1.08824e-20)
(0.0362531 0.538945 -1.09389e-20)
(0.0300472 0.532522 0)
(0.0235688 0.527119 0)
(0.016924 0.522935 0)
(0.0101852 0.52009 0)
(0.0033997 0.518653 0)
(-0.0033997 0.518653 0)
(-0.0101852 0.52009 0)
(-0.016924 0.522935 0)
(-0.0235688 0.527119 0)
(-0.0300472 0.532522 0)
(-0.0362531 0.538945 -1.09389e-20)
(-0.0420375 0.546088 1.08824e-20)
(-0.0472027 0.553512 0)
(-0.0515011 0.56061 0)
(-0.0546409 0.56658 0)
(-0.0563028 0.570413 1.30072e-20)
(-0.0561685 0.570908 -1.29754e-20)
(-0.053964 0.56672 0)
(-0.0495137 0.556449 0)
(-0.0428011 0.538776 0)
(-0.0340251 0.512636 1.09071e-21)
(-0.023639 0.477405 3.2656e-21)
(-0.0123593 0.433077 -4.43518e-21)
(-0.00113391 0.380394 0)
(0.00893261 0.320896 0)
(0.0166886 0.256886 0)
(0.021067 0.191286 0)
(0.0212379 0.127432 6.02411e-20)
(0.0164911 0.0689134 -6.15397e-20)
(0.0070091 0.019125 6.83026e-20)
(-0.00646713 0.0168014 6.21411e-20)
(-0.0155972 0.0625113 0)
(-0.0206455 0.117614 0)
(-0.0212096 0.17891 0)
(-0.0177891 0.24292 1.49319e-20)
(-0.0110283 0.306333 -1.45901e-20)
(-0.00184252 0.366164 0)
(0.00872084 0.419974 0)
(0.0196096 0.466027 1.83932e-21)
(0.0298805 0.503357 -2.8204e-21)
(0.0387844 0.531749 9.94626e-22)
(0.0458122 0.551636 0)
(0.0507001 0.563938 0)
(0.0534021 0.569878 0)
(0.0540416 0.570815 6.61163e-21)
(0.0528544 0.568092 -6.63424e-21)
(0.0501347 0.562938 8.41809e-21)
(0.0461904 0.556405 -8.45972e-21)
(0.0413111 0.549347 0)
(0.035749 0.542421 5.16446e-21)
(0.0297097 0.536111 -1.0571e-20)
(0.0233523 0.530757 5.40574e-21)
(0.0167938 0.526585 -2.83725e-21)
(0.0101167 0.523736 4.28628e-21)
(0.00337846 0.522294 -1.44318e-21)
(-0.00337846 0.522294 -1.44318e-21)
(-0.0101167 0.523736 4.28628e-21)
(-0.0167938 0.526585 -2.83725e-21)
(-0.0233523 0.530757 5.40574e-21)
(-0.0297097 0.536111 -1.0571e-20)
(-0.035749 0.542421 5.16446e-21)
(-0.0413111 0.549347 0)
(-0.0461904 0.556405 -8.45972e-21)
(-0.0501347 0.562938 8.41809e-21)
(-0.0528544 0.568092 -6.63424e-21)
(-0.0540416 0.570815 6.61163e-21)
(-0.0534021 0.569878 0)
(-0.0507001 0.563938 0)
(-0.0458122 0.551636 0)
(-0.0387844 0.531749 9.94626e-22)
(-0.0298805 0.503357 -2.8204e-21)
(-0.0196096 0.466027 1.83932e-21)
(-0.00872084 0.419974 0)
(0.00184252 0.366164 0)
(0.0110283 0.306333 -1.45901e-20)
(0.0177891 0.24292 1.49319e-20)
(0.0212096 0.17891 0)
(0.0206455 0.117614 0)
(0.0155972 0.0625113 0)
(0.00646713 0.0168014 -6.21411e-20)
(-0.0058834 0.0146338 -5.28599e-20)
(-0.0145204 0.0564804 5.84693e-20)
(-0.0197134 0.108288 0)
(-0.0208751 0.16705 0)
(-0.0183164 0.229408 0)
(-0.0125063 0.292097 0)
(-0.00420743 0.352097 7.73952e-21)
(0.00564578 0.40686 -7.59287e-21)
(0.0160666 0.454478 0)
(0.0261308 0.49378 0)
(0.0350692 0.52434 0)
(0.0423266 0.546399 0)
(0.04758 0.560724 7.20463e-21)
(0.0507234 0.56844 -7.20092e-21)
(0.0518277 0.570849 0)
(0.0510884 0.569286 6.59381e-21)
(0.0487728 0.564997 -6.62091e-21)
(0.0451742 0.559076 0)
(0.0405776 0.552424 8.74984e-21)
(0.0352373 0.545749 -8.79439e-21)
(0.0293658 0.53958 0)
(0.0231312 0.534294 5.01244e-21)
(0.0166605 0.530147 -5.03325e-21)
(0.0100465 0.527305 0)
(0.00335669 0.525862 0)
(-0.00335668 0.525862 0)
(-0.0100465 0.527305 0)
(-0.0166605 0.530147 -5.03325e-21)
(-0.0231312 0.534294 5.01244e-21)
(-0.0293658 0.53958 0)
(-0.0352373 0.545749 -8.79439e-21)
(-0.0405776 0.552424 8.74984e-21)
(-0.0451742 0.559076 0)
(-0.0487728 0.564997 -6.62091e-21)
(-0.0510884 0.569286 6.59381e-21)
(-0.0518277 0.570849 0)
(-0.0507234 0.56844 -7.20092e-21)
(-0.04758 0.560724 7.20463e-21)
(-0.0423266 0.546399 0)
(-0.0350692 0.52434 0)
(-0.0261308 0.49378 0)
(-0.0160666 0.454478 0)
(-0.00564578 0.40686 -7.59287e-21)
(0.00420743 0.352097 7.73952e-21)
(0.0125063 0.292097 0)
(0.0183164 0.229408 0)
(0.0208751 0.16705 0)
(0.0197134 0.108288 0)
(0.0145204 0.0564804 5.84693e-20)
(0.0058834 0.0146338 -1.08642e-19)
(-0.00527152 0.0126074 -2.43611e-21)
(-0.0132984 0.0507945 -5.17884e-20)
(-0.0184939 0.0994342 -3.79509e-20)
(-0.0201198 0.155704 3.71831e-20)
(-0.0183219 0.216371 0)
(-0.0134068 0.278231 0)
(-0.00598688 0.338253 0)
(0.00312196 0.393804 0)
(0.0130097 0.442829 0)
(0.0227842 0.483972 0)
(0.0316691 0.516606 0)
(0.039073 0.540782 0)
(0.0446203 0.557115 5.71892e-21)
(0.0481481 0.566617 -1.34319e-20)
(0.0496751 0.570531 7.72716e-21)
(0.0493548 0.570169 0)
(0.0474252 0.566793 6.4509e-21)
(0.0441623 0.561528 -6.48025e-21)
(0.0398436 0.555322 7.74183e-21)
(0.0347236 0.548931 -7.78063e-21)
(0.02902 0.542929 0)
(0.0229089 0.537731 4.49031e-21)
(0.0165266 0.533624 -4.50897e-21)
(0.00997608 0.530796 0)
(0.00333487 0.529357 0)
(-0.00333487 0.529357 0)
(-0.00997608 0.530796 0)
(-0.0165266 0.533624 -4.50897e-21)
(-0.0229089 0.537731 4.49031e-21)
(-0.02902 0.542929 0)
(-0.0347236 0.548931 -7.78063e-21)
(-0.0398436 0.555322 7.74183e-21)
(-0.0441623 0.561528 -6.48025e-21)
(-0.0474252 0.566793 6.4509e-21)
(-0.0493548 0.570169 0)
(-0.0496751 0.570531 7.72716e-21)
(-0.0481481 0.566617 -1.34319e-20)
(-0.0446203 0.557115 5.71892e-21)
(-0.039073 0.540782 0)
(-0.0316691 0.516606 0)
(-0.0227842 0.483972 0)
(-0.0130097 0.442829 0)
(-0.00312196 0.393804 0)
(0.00598688 0.338253 0)
(0.0134068 0.278231 0)
(0.0183219 0.216371 0)
(0.0201198 0.155704 3.71831e-20)
(0.0184939 0.0994342 -3.79509e-20)
(0.0132984 0.0507945 -5.17884e-20)
(0.00527152 0.0126074 9.60593e-20)
(-0.00464508 0.0107106 0)
(-0.0119709 0.0454274 0)
(-0.0170438 0.0910295 0)
(-0.0190078 0.144862 0)
(-0.0178664 0.203821 0)
(-0.0137804 0.264769 0)
(-0.00721766 0.324683 6.97653e-21)
(0.00112743 0.380868 -6.84128e-21)
(0.0104302 0.431148 0)
(0.0198426 0.473998 0)
(0.0285932 0.508603 -5.44901e-22)
(0.0360645 0.534833 -1.9059e-21)
(0.0418356 0.553145 2.43612e-21)
(0.0456907 0.564436 6.17976e-21)
(0.0475972 0.569878 -6.18289e-21)
(0.0476657 0.570754 -4.78686e-21)
(0.0461025 0.568331 4.80358e-21)
(0.0431636 0.563765 -6.19545e-21)
(0.0391167 0.558043 6.22499e-21)
(0.0342143 0.551969 0)
(0.0286775 0.546159 0)
(0.0226893 0.54107 0)
(0.016395 0.537018 0)
(0.00990721 0.534214 1.04251e-21)
(0.00331361 0.532783 -1.04579e-21)
(-0.00331361 0.532783 -1.04579e-21)
(-0.00990721 0.534214 1.04251e-21)
(-0.016395 0.537018 0)
(-0.0226893 0.54107 0)
(-0.0286775 0.546159 0)
(-0.0342143 0.551969 0)
(-0.0391167 0.558043 6.22499e-21)
(-0.0431636 0.563765 -6.19545e-21)
(-0.0461025 0.568331 4.80358e-21)
(-0.0476657 0.570754 -4.78686e-21)
(-0.0475972 0.569878 -6.18289e-21)
(-0.0456907 0.564436 6.17976e-21)
(-0.0418356 0.553145 2.43612e-21)
(-0.0360645 0.534833 -1.9059e-21)
(-0.0285932 0.508603 -5.44901e-22)
(-0.0198426 0.473998 0)
(-0.0104302 0.431148 0)
(-0.00112743 0.380868 -6.84128e-21)
(0.00721766 0.324683 6.97653e-21)
(0.0137804 0.264769 0)
(0.0178664 0.203821 0)
(0.0190078 0.144862 0)
(0.0170438 0.0910295 0)
(0.0119709 0.0454274 0)
(0.00464508 0.0107106 0)
(-0.00401775 0.00893631 -3.56792e-20)
(-0.0105808 0.0403558 0)
(-0.0154259 0.0830471 -2.82802e-20)
(-0.0176125 0.134506 2.77625e-20)
(-0.0170238 0.191756 0)
(-0.0136923 0.25173 0)
(-0.00795053 0.311426 0)
(-0.000372423 0.368106 4.9508e-21)
(0.00830898 0.419493 -8.32111e-21)
(0.0172997 0.463916 3.40599e-21)
(0.0258447 0.500386 -3.10192e-22)
(0.0333106 0.528597 3.07696e-22)
(0.0392391 0.54885 3.04777e-21)
(0.0433656 0.561923 1.69006e-21)
(0.0456083 0.568908 -4.7307e-21)
(0.0460344 0.571052 0)
(0.0448168 0.56962 0)
(0.042189 0.565791 0)
(0.0384063 0.56059 0)
(0.0337172 0.554864 -6.3026e-21)
(0.0283446 0.549274 6.33253e-21)
(0.0224775 0.544313 0)
(0.0162693 0.540331 0)
(0.00984207 0.537561 -9.17405e-22)
(0.00329362 0.536143 9.20293e-22)
(-0.00329362 0.536143 9.20293e-22)
(-0.00984207 0.537561 -9.17405e-22)
(-0.0162693 0.540331 0)
(-0.0224775 0.544313 0)
(-0.0283446 0.549274 6.33253e-21)
(-0.0337172 0.554864 -6.3026e-21)
(-0.0384063 0.56059 0)
(-0.042189 0.565791 0)
(-0.0448168 0.56962 0)
(-0.0460344 0.571052 0)
(-0.0456083 0.568908 -4.7307e-21)
(-0.0433656 0.561923 1.69006e-21)
(-0.0392391 0.54885 3.04777e-21)
(-0.0333106 0.528597 3.07696e-22)
(-0.0258447 0.500386 -3.10192e-22)
(-0.0172997 0.463916 3.40599e-21)
(-0.00830898 0.419493 -8.32112e-21)
(0.000372423 0.368106 4.9508e-21)
(0.00795053 0.311426 0)
(0.0136923 0.25173 0)
(0.0170238 0.191756 0)
(0.0176125 0.134506 2.77625e-20)
(0.0154259 0.0830471 -2.82802e-20)
(0.0105808 0.0403558 0)
(0.00401775 0.00893631 3.56792e-20)
(-0.00340285 0.007284 -2.86426e-20)
(-0.00917377 0.0355636 0)
(-0.0137098 0.075465 0)
(-0.0160195 0.12462 1.95828e-20)
(-0.0158835 0.180173 -1.91926e-20)
(-0.0132255 0.23913 0)
(-0.00825475 0.298515 0)
(-0.00142903 0.355566 0)
(0.00661278 0.407923 0)
(0.0151386 0.453788 -2.40103e-21)
(0.0234196 0.492012 2.37257e-21)
(0.0308168 0.522124 0)
(0.0368421 0.544272 1.84692e-21)
(0.0411877 0.559109 -1.84152e-21)
(0.0437247 0.567643 0)
(0.0444773 0.571078 0)
(0.0435835 0.570669 0)
(0.0412525 0.567611 0)
(0.0377249 0.562966 0)
(0.0332431 0.557618 0)
(0.0280303 0.552274 0)
(0.0222804 0.547462 0)
(0.0161544 0.543564 0)
(0.00978361 0.540837 7.94947e-22)
(0.00327589 0.539437 -7.97447e-22)
(-0.00327589 0.539437 -7.97447e-22)
(-0.00978361 0.540837 7.94947e-22)
(-0.0161544 0.543564 0)
(-0.0222804 0.547462 0)
(-0.0280303 0.552274 0)
(-0.0332431 0.557618 0)
(-0.0377249 0.562966 0)
(-0.0412525 0.567611 0)
(-0.0435835 0.570669 0)
(-0.0444773 0.571078 0)
(-0.0437247 0.567643 0)
(-0.0411877 0.559109 -1.84152e-21)
(-0.0368421 0.544272 1.84692e-21)
(-0.0308168 0.522124 0)
(-0.0234196 0.492012 2.37257e-21)
(-0.0151386 0.453788 -2.40103e-21)
(-0.00661278 0.407923 0)
(0.00142903 0.355566 0)
(0.00825475 0.298515 0)
(0.0132255 0.23913 0)
(0.0158835 0.180173 -1.91926e-20)
(0.0160195 0.12462 1.95828e-20)
(0.0137098 0.075465 0)
(0.00917377 0.0355636 0)
(0.00340285 0.007284 2.86426e-20)
(-0.00281261 0.00576643 2.13985e-20)
(-0.00779599 0.0310577 -2.04792e-20)
(-0.0119708 0.0682879 2.02235e-20)
(-0.0143266 0.115214 1.50766e-20)
(-0.0145543 0.169094 -1.64857e-21)
(-0.0124866 0.227005 -1.28651e-20)
(-0.00822434 0.286004 0)
(-0.00211724 0.343314 4.42878e-21)
(0.00528847 0.396512 -4.34939e-21)
(0.013327 0.443687 0)
(0.0213038 0.483552 -1.75032e-21)
(0.0285829 0.515476 1.73395e-21)
(0.0346544 0.53946 0)
(0.0391732 0.556031 2.08655e-21)
(0.0419663 0.56611 -5.5355e-21)
(0.0430156 0.570848 3.45432e-21)
(0.0424239 0.571487 0)
(0.0403739 0.569231 3.56824e-21)
(0.0370901 0.565171 -7.64475e-21)
(0.0328071 0.560231 4.07992e-21)
(0.0277471 0.555156 -2.41208e-21)
(0.0221077 0.550513 2.42269e-21)
(0.0160572 0.546715 1.32142e-21)
(0.0097359 0.544041 -6.50281e-22)
(0.00326178 0.542664 -6.78065e-22)
(-0.00326178 0.542664 -6.78065e-22)
(-0.0097359 0.544041 -6.50281e-22)
(-0.0160572 0.546715 1.32142e-21)
(-0.0221077 0.550513 2.42269e-21)
(-0.0277471 0.555156 -2.41208e-21)
(-0.0328071 0.560231 4.07992e-21)
(-0.0370901 0.565171 -7.64475e-21)
(-0.0403739 0.569231 3.56824e-21)
(-0.0424239 0.571487 0)
(-0.0430156 0.570848 3.45432e-21)
(-0.0419663 0.56611 -5.5355e-21)
(-0.0391732 0.556031 2.08655e-21)
(-0.0346544 0.53946 0)
(-0.0285829 0.515476 1.73395e-21)
(-0.0213038 0.483552 -1.75032e-21)
(-0.013327 0.443687 0)
(-0.00528847 0.396512 -4.34939e-21)
(0.00211724 0.343314 4.42878e-21)
(0.00822434 0.286004 0)
(0.0124866 0.227005 -1.28651e-20)
(0.0145543 0.169094 -1.64857e-21)
(0.0143266 0.115214 1.50766e-20)
(0.0119708 0.0682879 2.02235e-20)
(0.00779599 0.0310577 -2.04792e-20)
(0.00281261 0.00576643 -2.13985e-20)
(-0.00225631 0.00441023 -1.35463e-20)
(-0.00648451 0.0268698 1.49771e-20)
(-0.0102831 0.0615425 0)
(-0.0126422 0.106305 1.04616e-20)
(-0.0131667 0.158528 -5.07732e-22)
(-0.0116126 0.215365 -9.55962e-21)
(-0.00798782 0.273904 9.00664e-21)
(-0.00254636 0.331367 -4.55122e-21)
(0.00425201 0.38528 -4.19799e-21)
(0.0118077 0.433639 3.33585e-21)
(0.0194652 0.475028 -3.29242e-21)
(0.0265984 0.508673 1.57762e-21)
(0.0326826 0.53443 -2.01169e-21)
(0.0373406 0.552704 4.43217e-22)
(0.0403591 0.564321 0)
(0.0416795 0.570378 -3.31224e-21)
(0.0413688 0.57209 3.31893e-21)
(0.0395831 0.57067 2.79088e-21)
(0.0365292 0.567232 -6.06964e-21)
(0.0324326 0.562734 -3.91151e-22)
(0.0275139 0.557959 3.68943e-21)
(0.021974 0.55351 -2.13083e-21)
(0.015988 0.54983 2.13941e-21)
(0.00970508 0.547222 0)
(0.00325331 0.545874 0)
(-0.00325331 0.545874 0)
(-0.00970508 0.547222 0)
(-0.015988 0.54983 2.13941e-21)
(-0.021974 0.55351 -2.13083e-21)
(-0.0275139 0.557959 3.68943e-21)
(-0.0324326 0.562734 -3.91151e-22)
(-0.0365292 0.567232 -6.06964e-21)
(-0.0395831 0.57067 2.79088e-21)
(-0.0413688 0.57209 3.31893e-21)
(-0.0416795 0.570378 -3.31224e-21)
(-0.0403591 0.564321 0)
(-0.0373406 0.552704 4.43217e-22)
(-0.0326826 0.53443 -2.01169e-21)
(-0.0265984 0.508673 1.57762e-21)
(-0.0194652 0.475028 -3.29242e-21)
(-0.0118077 0.433639 3.33585e-21)
(-0.00425201 0.38528 -4.19799e-21)
(0.00254636 0.331367 -4.55122e-21)
(0.00798782 0.273904 9.00664e-21)
(0.0116126 0.215365 -9.55962e-21)
(0.0131667 0.158528 -5.07732e-22)
(0.0126422 0.106305 1.04616e-20)
(0.0102831 0.0615425 0)
(0.00648451 0.0268698 1.49771e-20)
(0.00225631 0.00441023 -1.35463e-20)
(-0.0017268 0.00318688 -7.05831e-21)
(-0.00526061 0.0229419 7.80122e-21)
(-0.00872392 0.0551143 0)
(-0.0110978 0.0977085 0)
(-0.0118899 0.148229 0)
(-0.0107892 0.203912 0)
(-0.00772689 0.261892 0)
(-0.00287714 0.319393 0)
(0.00337515 0.373904 0)
(0.0104908 0.423342 0)
(0.0178524 0.466172 0)
(0.024847 0.501486 -3.2203e-21)
(0.0309397 0.529 1.12421e-21)
(0.0357255 0.548994 2.06168e-21)
(0.038954 0.562195 0)
(0.0405277 0.569636 0)
(0.0404794 0.572501 0)
(0.0389386 0.571997 0)
(0.0360946 0.569258 2.59014e-21)
(0.0321645 0.565271 -2.60091e-21)
(0.027367 0.560853 0)
(0.0219069 0.556644 1.79458e-21)
(0.015966 0.553116 -1.80171e-21)
(0.00970251 0.550596 0)
(0.00325427 0.549288 0)
(-0.00325427 0.549288 0)
(-0.00970251 0.550596 0)
(-0.015966 0.553116 -1.80171e-21)
(-0.0219069 0.556644 1.79458e-21)
(-0.027367 0.560853 0)
(-0.0321645 0.565271 -2.60091e-21)
(-0.0360946 0.569258 2.59014e-21)
(-0.0389386 0.571997 0)
(-0.0404794 0.572501 0)
(-0.0405277 0.569636 0)
(-0.038954 0.562195 0)
(-0.0357255 0.548994 2.06168e-21)
(-0.0309397 0.529 1.12421e-21)
(-0.024847 0.501486 -3.2203e-21)
(-0.0178524 0.466172 0)
(-0.0104908 0.423342 0)
(-0.00337515 0.373904 0)
(0.00287714 0.319393 0)
(0.00772689 0.261892 0)
(0.0107892 0.203912 0)
(0.0118899 0.148229 0)
(0.0110978 0.0977085 0)
(0.00872392 0.0551143 0)
(0.00526061 0.0229419 7.80122e-21)
(0.0017268 0.00318688 -7.05831e-21)
(-0.00111159 0.001716 9.33301e-21)
(-0.00413159 0.0183397 -6.12304e-21)
(-0.00740088 0.047585 1.20143e-20)
(-0.00987823 0.0876474 3.47284e-21)
(-0.0109596 0.13618 -1.47847e-20)
(-0.0102741 0.190508 0)
(-0.0076936 0.247812 -2.14703e-20)
(-0.0033315 0.30532 2.08021e-20)
(0.00248448 0.360481 -1.04312e-20)
(0.00926223 0.411123 1.0166e-20)
(0.0164147 0.455589 -8.22471e-21)
(0.0233382 0.492815 8.08609e-21)
(0.0294868 0.522356 4.84251e-21)
(0.0344285 0.544342 -4.80348e-21)
(0.0378774 0.559382 1.21541e-21)
(0.0396992 0.568424 -1.21431e-21)
(0.0398946 0.572613 -9.64609e-22)
(0.0385698 0.573153 -6.31437e-22)
(0.0359001 0.571196 1.60781e-21)
(0.032097 0.56777 0)
(0.0273807 0.563734 1.43446e-21)
(0.0219611 0.559773 -2.99713e-21)
(0.0160285 0.556395 2.38089e-21)
(0.00974974 0.553958 -1.24378e-21)
(0.00327173 0.552686 4.2338e-22)
(-0.00327173 0.552686 4.2338e-22)
(-0.00974974 0.553958 -1.24378e-21)
(-0.0160285 0.556395 2.38089e-21)
(-0.0219611 0.559773 -2.99713e-21)
(-0.0273807 0.563734 1.43446e-21)
(-0.032097 0.56777 0)
(-0.0359001 0.571196 1.60781e-21)
(-0.0385698 0.573153 -6.31437e-22)
(-0.0398946 0.572613 -9.64609e-22)
(-0.0396992 0.568424 -1.21431e-21)
(-0.0378774 0.559382 1.21541e-21)
(-0.0344285 0.544342 -4.80348e-21)
(-0.0294868 0.522356 4.84251e-21)
(-0.0233382 0.492815 8.08609e-21)
(-0.0164147 0.455589 -8.22471e-21)
(-0.00926223 0.411123 1.0166e-20)
(-0.00248448 0.360481 -1.04312e-20)
(0.0033315 0.30532 2.08021e-20)
(0.0076936 0.247812 -2.14703e-20)
(0.0102741 0.190508 0)
(0.0109596 0.13618 -1.47847e-20)
(0.00987823 0.0876474 3.47284e-21)
(0.00740088 0.047585 1.20143e-20)
(0.00413159 0.0183397 -6.12304e-21)
(0.00111159 0.001716 1.11415e-21)
)
;

boundaryField
{
    left
    {
        type            noSlip;
    }
    right
    {
        type            noSlip;
    }
    up
    {
        type            zeroGradient;
    }
    down
    {
        type            fixedValue;
        value           uniform (0 0.4 0);
    }
    frontAndBack
    {
        type            empty;
    }
}


// ************************************************************************* //
