2.788162231445312500e-01
4.265308380126953125e-04
4.472732543945312500e-04
4.134178161621093750e-04
3.850460052490234375e-04
4.217624664306640625e-04
4.096031188964843750e-04
3.819465637207031250e-04
3.829002380371093750e-04
3.790855407714843750e-04
3.840923309326171875e-04
3.812313079833984375e-04
4.382133483886718750e-04
4.003047943115234375e-04
3.995895385742187500e-04
1.840829849243164062e-03
4.189014434814453125e-04
4.179477691650390625e-04
3.817081451416015625e-04
4.000663757324218750e-04
4.422664642333984375e-04
3.793239593505859375e-04
3.993511199951171875e-04
3.859996795654296875e-04
3.800392150878906250e-04
3.979206085205078125e-04
3.795623779296875000e-04
3.795623779296875000e-04
4.045963287353515625e-04
4.043579101562500000e-04
3.807544708251953125e-04
4.122257232666015625e-04
3.812313079833984375e-04
3.771781921386718750e-04
3.798007965087890625e-04
4.007816314697265625e-04
3.826618194580078125e-04
3.788471221923828125e-04
3.829002380371093750e-04
3.793239593505859375e-04
4.107952117919921875e-04
4.117488861083984375e-04
3.781318664550781250e-04
4.105567932128906250e-04
4.119873046875000000e-04
3.788471221923828125e-04
3.776550292968750000e-04
3.829002380371093750e-04
3.814697265625000000e-04
3.809928894042968750e-04
3.807544708251953125e-04
3.821849822998046875e-04
4.138946533203125000e-04
3.788471221923828125e-04
3.805160522460937500e-04
3.807544708251953125e-04
4.160404205322265625e-04
4.258155822753906250e-04
3.771781921386718750e-04
3.807544708251953125e-04
3.819465637207031250e-04
3.993511199951171875e-04
3.960132598876953125e-04
3.805160522460937500e-04
4.129409790039062500e-04
4.026889801025390625e-04
3.857612609863281250e-04
3.802776336669921875e-04
3.821849822998046875e-04
3.795623779296875000e-04
4.007816314697265625e-04
3.819465637207031250e-04
3.809928894042968750e-04
3.936290740966796875e-04
3.805160522460937500e-04
4.074573516845703125e-04
4.007816314697265625e-04
3.991127014160156250e-04
3.976821899414062500e-04
3.998279571533203125e-04
3.807544708251953125e-04
3.819465637207031250e-04
1.823425292968750000e-03
3.809928894042968750e-04
4.365444183349609375e-04
3.788471221923828125e-04
3.814697265625000000e-04
3.802776336669921875e-04
4.060268402099609375e-04
3.845691680908203125e-04
3.819465637207031250e-04
3.802776336669921875e-04
4.010200500488281250e-04
3.814697265625000000e-04
4.177093505859375000e-04
4.129409790039062500e-04
3.788471221923828125e-04
3.790855407714843750e-04
3.812313079833984375e-04
3.790855407714843750e-04
3.802776336669921875e-04
3.795623779296875000e-04
4.374980926513671875e-04
3.850460052490234375e-04
3.778934478759765625e-04
3.807544708251953125e-04
3.793239593505859375e-04
3.814697265625000000e-04
3.790855407714843750e-04
4.148483276367187500e-04
3.983974456787109375e-04
4.441738128662109375e-04
3.819465637207031250e-04
4.212856292724609375e-04
4.260540008544921875e-04
3.995895385742187500e-04
4.003047943115234375e-04
4.346370697021484375e-04
4.274845123291015625e-04
3.936290740966796875e-04
4.017353057861328125e-04
3.983974456787109375e-04
4.012584686279296875e-04
4.255771636962890625e-04
3.807544708251953125e-04
3.874301910400390625e-04
3.812313079833984375e-04
3.826618194580078125e-04
3.814697265625000000e-04
3.814697265625000000e-04
3.821849822998046875e-04
3.807544708251953125e-04
3.795623779296875000e-04
3.838539123535156250e-04
3.812313079833984375e-04
4.112720489501953125e-04
3.793239593505859375e-04
3.829002380371093750e-04
3.802776336669921875e-04
3.798007965087890625e-04
3.795623779296875000e-04
3.814697265625000000e-04
3.824234008789062500e-04
4.076957702636718750e-04
3.781318664550781250e-04
3.800392150878906250e-04
3.874301910400390625e-04
3.955364227294921875e-04
3.790855407714843750e-04
3.802776336669921875e-04
3.831386566162109375e-04
3.809928894042968750e-04
3.824234008789062500e-04
3.802776336669921875e-04
3.809928894042968750e-04
3.826618194580078125e-04
3.795623779296875000e-04
3.907680511474609375e-04
4.408359527587890625e-04
3.817081451416015625e-04
3.793239593505859375e-04
3.798007965087890625e-04
3.790855407714843750e-04
3.802776336669921875e-04
4.155635833740234375e-04
4.060268402099609375e-04
3.809928894042968750e-04
3.800392150878906250e-04
3.800392150878906250e-04
3.781318664550781250e-04
3.845691680908203125e-04
3.771781921386718750e-04
3.800392150878906250e-04
3.888607025146484375e-04
3.786087036132812500e-04
4.208087921142578125e-04
3.790855407714843750e-04
3.812313079833984375e-04
3.805160522460937500e-04
3.809928894042968750e-04
3.981590270996093750e-04
3.833770751953125000e-04
3.809928894042968750e-04
3.795623779296875000e-04
3.824234008789062500e-04
3.805160522460937500e-04
3.762245178222656250e-04
4.110336303710937500e-04
3.793239593505859375e-04
3.912448883056640625e-04
3.993511199951171875e-04
3.812313079833984375e-04
4.000663757324218750e-04
4.272460937500000000e-04
3.817081451416015625e-04
3.807544708251953125e-04
3.998279571533203125e-04
3.793239593505859375e-04
3.798007965087890625e-04
3.807544708251953125e-04
3.788471221923828125e-04
3.972053527832031250e-04
3.855228424072265625e-04
3.838539123535156250e-04
3.819465637207031250e-04
3.788471221923828125e-04
3.790855407714843750e-04
3.852844238281250000e-04
3.867149353027343750e-04
4.019737243652343750e-04
3.814697265625000000e-04
4.165172576904296875e-04
3.800392150878906250e-04
3.798007965087890625e-04
4.031658172607421875e-04
3.843307495117187500e-04
3.802776336669921875e-04
3.809928894042968750e-04
3.781318664550781250e-04
4.405975341796875000e-04
3.812313079833984375e-04
1.811981201171875000e-03
3.817081451416015625e-04
3.859996795654296875e-04
3.807544708251953125e-04
3.807544708251953125e-04
3.786087036132812500e-04
3.824234008789062500e-04
3.798007965087890625e-04
3.993511199951171875e-04
3.786087036132812500e-04
3.821849822998046875e-04
4.088878631591796875e-04
3.786087036132812500e-04
3.800392150878906250e-04
3.798007965087890625e-04
3.783702850341796875e-04
3.798007965087890625e-04
3.795623779296875000e-04
3.888607025146484375e-04
3.793239593505859375e-04
3.776550292968750000e-04
3.788471221923828125e-04
3.795623779296875000e-04
3.812313079833984375e-04
3.790855407714843750e-04
3.800392150878906250e-04
3.790855407714843750e-04
3.788471221923828125e-04
3.788471221923828125e-04
4.022121429443359375e-04
4.081726074218750000e-04
3.802776336669921875e-04
3.819465637207031250e-04
3.800392150878906250e-04
3.902912139892578125e-04
3.817081451416015625e-04
4.098415374755859375e-04
3.809928894042968750e-04
3.800392150878906250e-04
6.136894226074218750e-04
7.133483886718750000e-04
7.143020629882812500e-04
6.275177001953125000e-04
4.436969757080078125e-04
4.031658172607421875e-04
4.301071166992187500e-04
4.146099090576171875e-04
3.826618194580078125e-04
4.284381866455078125e-04
3.831386566162109375e-04
3.795623779296875000e-04
4.146099090576171875e-04
4.289150238037109375e-04
3.819465637207031250e-04
4.310607910156250000e-04
4.279613494873046875e-04
3.812313079833984375e-04
3.833770751953125000e-04
4.017353057861328125e-04
4.019737243652343750e-04
4.048347473144531250e-04
4.010200500488281250e-04
4.012584686279296875e-04
3.991127014160156250e-04
4.200935363769531250e-04
3.809928894042968750e-04
4.088878631591796875e-04
4.017353057861328125e-04
3.814697265625000000e-04
3.774166107177734375e-04
4.122257232666015625e-04
4.038810729980468750e-04
4.627704620361328125e-04
4.003047943115234375e-04
4.365444183349609375e-04
3.795623779296875000e-04
3.812313079833984375e-04
4.072189331054687500e-04
3.800392150878906250e-04
3.979206085205078125e-04
3.795623779296875000e-04
3.802776336669921875e-04
4.277229309082031250e-04
3.795623779296875000e-04
4.041194915771484375e-04
4.246234893798828125e-04
3.776550292968750000e-04
4.007816314697265625e-04
3.795623779296875000e-04
3.890991210937500000e-04
3.924369812011718750e-04
4.162788391113281250e-04
4.019737243652343750e-04
3.960132598876953125e-04
4.212856292724609375e-04
3.821849822998046875e-04
4.062652587890625000e-04
4.048347473144531250e-04
4.014968872070312500e-04
3.790855407714843750e-04
4.024505615234375000e-04
3.833770751953125000e-04
4.012584686279296875e-04
4.050731658935546875e-04
3.795623779296875000e-04
4.000663757324218750e-04
3.798007965087890625e-04
3.881454467773437500e-04
4.379749298095703125e-04
3.802776336669921875e-04
4.215240478515625000e-04
3.783702850341796875e-04
3.829002380371093750e-04
4.138946533203125000e-04
3.974437713623046875e-04
3.907680511474609375e-04
3.955364227294921875e-04
3.800392150878906250e-04
3.821849822998046875e-04
3.821849822998046875e-04
3.972053527832031250e-04
3.945827484130859375e-04
3.809928894042968750e-04
4.019737243652343750e-04
3.802776336669921875e-04
3.805160522460937500e-04
3.798007965087890625e-04
4.160404205322265625e-04
3.829002380371093750e-04
3.871917724609375000e-04
3.812313079833984375e-04
3.802776336669921875e-04
3.781318664550781250e-04
3.781318664550781250e-04
3.788471221923828125e-04
4.229545593261718750e-04
3.790855407714843750e-04
3.876686096191406250e-04
4.642009735107421875e-04
3.812313079833984375e-04
3.795623779296875000e-04
3.988742828369140625e-04
3.814697265625000000e-04
3.800392150878906250e-04
3.869533538818359375e-04
4.076957702636718750e-04
3.793239593505859375e-04
3.790855407714843750e-04
3.783702850341796875e-04
4.074573516845703125e-04
3.812313079833984375e-04
3.814697265625000000e-04
3.793239593505859375e-04
3.814697265625000000e-04
3.800392150878906250e-04
3.829002380371093750e-04
3.800392150878906250e-04
3.809928894042968750e-04
3.910064697265625000e-04
3.986358642578125000e-04
3.819465637207031250e-04
3.771781921386718750e-04
4.389286041259765625e-04
3.812313079833984375e-04
3.814697265625000000e-04
3.976821899414062500e-04
3.786087036132812500e-04
3.807544708251953125e-04
3.995895385742187500e-04
3.800392150878906250e-04
4.475116729736328125e-04
3.781318664550781250e-04
4.045963287353515625e-04
3.802776336669921875e-04
4.115104675292968750e-04
3.821849822998046875e-04
3.833770751953125000e-04
3.817081451416015625e-04
3.829002380371093750e-04
4.017353057861328125e-04
3.845691680908203125e-04
3.783702850341796875e-04
4.000663757324218750e-04
3.771781921386718750e-04
3.986358642578125000e-04
4.143714904785156250e-04
3.929138183593750000e-04
3.802776336669921875e-04
3.795623779296875000e-04
3.998279571533203125e-04
3.759860992431640625e-04
3.974437713623046875e-04
3.817081451416015625e-04
3.798007965087890625e-04
3.824234008789062500e-04
3.786087036132812500e-04
4.005432128906250000e-04
3.874301910400390625e-04
3.819465637207031250e-04
3.814697265625000000e-04
3.800392150878906250e-04
3.781318664550781250e-04
4.510879516601562500e-04
3.857612609863281250e-04
3.790855407714843750e-04
3.876686096191406250e-04
3.809928894042968750e-04
3.814697265625000000e-04
3.869533538818359375e-04
4.062652587890625000e-04
3.981590270996093750e-04
3.781318664550781250e-04
3.778934478759765625e-04
4.639625549316406250e-04
3.776550292968750000e-04
3.833770751953125000e-04
3.998279571533203125e-04
3.805160522460937500e-04
3.983974456787109375e-04
3.809928894042968750e-04
3.790855407714843750e-04
3.795623779296875000e-04
4.003047943115234375e-04
3.783702850341796875e-04
3.809928894042968750e-04
3.807544708251953125e-04
3.798007965087890625e-04
3.986358642578125000e-04
3.991127014160156250e-04
4.043579101562500000e-04
3.881454467773437500e-04
3.807544708251953125e-04
4.010200500488281250e-04
3.864765167236328125e-04
3.859996795654296875e-04
3.805160522460937500e-04
4.265308380126953125e-04
4.043579101562500000e-04
3.993511199951171875e-04
3.855228424072265625e-04
4.060268402099609375e-04
4.038810729980468750e-04
3.802776336669921875e-04
3.817081451416015625e-04
3.798007965087890625e-04
4.017353057861328125e-04
3.840923309326171875e-04
3.817081451416015625e-04
3.800392150878906250e-04
3.805160522460937500e-04
3.819465637207031250e-04
3.829002380371093750e-04
3.800392150878906250e-04
3.809928894042968750e-04
3.812313079833984375e-04
4.105567932128906250e-04
4.098415374755859375e-04
3.864765167236328125e-04
4.131793975830078125e-04
3.805160522460937500e-04
3.876686096191406250e-04
3.781318664550781250e-04
3.774166107177734375e-04
3.798007965087890625e-04
3.774166107177734375e-04
3.960132598876953125e-04
3.809928894042968750e-04
3.783702850341796875e-04
4.220008850097656250e-04
3.805160522460937500e-04
3.776550292968750000e-04
3.845691680908203125e-04
3.809928894042968750e-04
3.976821899414062500e-04
3.807544708251953125e-04
3.786087036132812500e-04
4.045963287353515625e-04
4.639625549316406250e-04
3.888607025146484375e-04
3.764629364013671875e-04
3.986358642578125000e-04
3.886222839355468750e-04
3.781318664550781250e-04
3.821849822998046875e-04
3.795623779296875000e-04
3.788471221923828125e-04
3.874301910400390625e-04
3.805160522460937500e-04
3.819465637207031250e-04
3.864765167236328125e-04
3.802776336669921875e-04
3.790855407714843750e-04
3.805160522460937500e-04
3.786087036132812500e-04
3.931522369384765625e-04
3.900527954101562500e-04
3.793239593505859375e-04
4.062652587890625000e-04
3.771781921386718750e-04
3.802776336669921875e-04
3.807544708251953125e-04
4.045963287353515625e-04
3.798007965087890625e-04
3.788471221923828125e-04
3.995895385742187500e-04
4.115104675292968750e-04
3.857612609863281250e-04
3.800392150878906250e-04
3.964900970458984375e-04
4.110336303710937500e-04
3.807544708251953125e-04
3.898143768310546875e-04
3.793239593505859375e-04
3.812313079833984375e-04
3.812313079833984375e-04
3.790855407714843750e-04
3.769397735595703125e-04
3.805160522460937500e-04
3.798007965087890625e-04
3.819465637207031250e-04
4.031658172607421875e-04
3.809928894042968750e-04
3.795623779296875000e-04
4.003047943115234375e-04
3.795623779296875000e-04
3.809928894042968750e-04
3.800392150878906250e-04
3.807544708251953125e-04
4.017353057861328125e-04
3.805160522460937500e-04
3.986358642578125000e-04
3.943443298339843750e-04
3.798007965087890625e-04
3.790855407714843750e-04
3.783702850341796875e-04
3.778934478759765625e-04
4.000663757324218750e-04
3.812313079833984375e-04
3.829002380371093750e-04
3.805160522460937500e-04
3.783702850341796875e-04
3.786087036132812500e-04
3.812313079833984375e-04
3.783702850341796875e-04
4.014968872070312500e-04
3.995895385742187500e-04
3.781318664550781250e-04
3.821849822998046875e-04
3.793239593505859375e-04
3.783702850341796875e-04
3.831386566162109375e-04
3.809928894042968750e-04
4.024505615234375000e-04
3.783702850341796875e-04
3.824234008789062500e-04
4.353523254394531250e-04
3.795623779296875000e-04
3.805160522460937500e-04
4.398822784423828125e-04
3.862380981445312500e-04
3.795623779296875000e-04
4.067420959472656250e-04
4.029273986816406250e-04
3.788471221923828125e-04
3.888607025146484375e-04
4.107952117919921875e-04
3.795623779296875000e-04
3.993511199951171875e-04
3.900527954101562500e-04
4.057884216308593750e-04
4.100799560546875000e-04
3.848075866699218750e-04
3.831386566162109375e-04
4.115104675292968750e-04
3.814697265625000000e-04
4.062652587890625000e-04
3.795623779296875000e-04
3.981590270996093750e-04
4.429817199707031250e-04
3.798007965087890625e-04
4.007816314697265625e-04
3.998279571533203125e-04
4.353523254394531250e-04
3.807544708251953125e-04
3.802776336669921875e-04
4.353523254394531250e-04
3.812313079833984375e-04
3.778934478759765625e-04
4.377365112304687500e-04
3.829002380371093750e-04
3.826618194580078125e-04
4.069805145263671875e-04
3.824234008789062500e-04
4.043579101562500000e-04
3.972053527832031250e-04
3.819465637207031250e-04
4.031658172607421875e-04
3.824234008789062500e-04
3.805160522460937500e-04
3.991127014160156250e-04
4.003047943115234375e-04
3.798007965087890625e-04
3.995895385742187500e-04
3.795623779296875000e-04
4.193782806396484375e-04
3.783702850341796875e-04
4.127025604248046875e-04
4.005432128906250000e-04
3.814697265625000000e-04
4.136562347412109375e-04
3.805160522460937500e-04
3.790855407714843750e-04
3.802776336669921875e-04
3.795623779296875000e-04
3.764629364013671875e-04
4.031658172607421875e-04
3.800392150878906250e-04
4.036426544189453125e-04
4.127025604248046875e-04
3.826618194580078125e-04
3.812313079833984375e-04
3.812313079833984375e-04
4.236698150634765625e-04
3.809928894042968750e-04
1.852989196777343750e-03
3.812313079833984375e-04
4.031658172607421875e-04
3.993511199951171875e-04
3.807544708251953125e-04
3.819465637207031250e-04
3.819465637207031250e-04
3.802776336669921875e-04
4.036426544189453125e-04
4.179477691650390625e-04
4.162788391113281250e-04
3.991127014160156250e-04
4.005432128906250000e-04
3.800392150878906250e-04
3.783702850341796875e-04
3.802776336669921875e-04
3.817081451416015625e-04
3.817081451416015625e-04
3.979206085205078125e-04
4.355907440185546875e-04
3.795623779296875000e-04
4.093647003173828125e-04
3.793239593505859375e-04
3.798007965087890625e-04
4.200935363769531250e-04
3.805160522460937500e-04
3.809928894042968750e-04
3.819465637207031250e-04
3.991127014160156250e-04
4.010200500488281250e-04
3.995895385742187500e-04
3.798007965087890625e-04
3.798007965087890625e-04
3.795623779296875000e-04
3.788471221923828125e-04
3.795623779296875000e-04
4.003047943115234375e-04
3.807544708251953125e-04
4.296302795410156250e-04
4.026889801025390625e-04
3.798007965087890625e-04
3.833770751953125000e-04
3.857612609863281250e-04
3.821849822998046875e-04
4.072189331054687500e-04
3.786087036132812500e-04
3.786087036132812500e-04
3.995895385742187500e-04
3.793239593505859375e-04
4.160404205322265625e-04
4.003047943115234375e-04
3.793239593505859375e-04
3.824234008789062500e-04
3.800392150878906250e-04
3.817081451416015625e-04
3.795623779296875000e-04
3.805160522460937500e-04
3.812313079833984375e-04
3.809928894042968750e-04
3.795623779296875000e-04
3.778934478759765625e-04
3.957748413085937500e-04
3.802776336669921875e-04
3.821849822998046875e-04
3.783702850341796875e-04
3.809928894042968750e-04
4.019737243652343750e-04
3.829002380371093750e-04
3.802776336669921875e-04
4.131793975830078125e-04
3.798007965087890625e-04
3.805160522460937500e-04
3.788471221923828125e-04
3.991127014160156250e-04
3.805160522460937500e-04
3.788471221923828125e-04
3.798007965087890625e-04
3.769397735595703125e-04
1.856327056884765625e-03
3.819465637207031250e-04
3.812313079833984375e-04
3.831386566162109375e-04
3.807544708251953125e-04
3.991127014160156250e-04
3.895759582519531250e-04
3.821849822998046875e-04
3.809928894042968750e-04
4.005432128906250000e-04
3.790855407714843750e-04
3.817081451416015625e-04
3.998279571533203125e-04
3.809928894042968750e-04
3.883838653564453125e-04
3.802776336669921875e-04
4.017353057861328125e-04
3.821849822998046875e-04
3.783702850341796875e-04
3.814697265625000000e-04
3.819465637207031250e-04
3.807544708251953125e-04
3.795623779296875000e-04
3.814697265625000000e-04
3.890991210937500000e-04
3.790855407714843750e-04
3.819465637207031250e-04
3.814697265625000000e-04
3.781318664550781250e-04
3.829002380371093750e-04
3.814697265625000000e-04
4.081726074218750000e-04
3.826618194580078125e-04
3.857612609863281250e-04
4.012584686279296875e-04
3.809928894042968750e-04
3.798007965087890625e-04
4.091262817382812500e-04
3.926753997802734375e-04
3.805160522460937500e-04
3.781318664550781250e-04
3.819465637207031250e-04
3.883838653564453125e-04
3.805160522460937500e-04
3.812313079833984375e-04
3.817081451416015625e-04
4.005432128906250000e-04
4.014968872070312500e-04
3.774166107177734375e-04
3.998279571533203125e-04
4.045963287353515625e-04
3.964900970458984375e-04
4.191398620605468750e-04
3.809928894042968750e-04
3.821849822998046875e-04
3.821849822998046875e-04
3.783702850341796875e-04
3.819465637207031250e-04
3.836154937744140625e-04
4.003047943115234375e-04
3.833770751953125000e-04
3.807544708251953125e-04
3.993511199951171875e-04
4.026889801025390625e-04
3.807544708251953125e-04
5.192756652832031250e-04
4.177093505859375000e-04
3.807544708251953125e-04
3.831386566162109375e-04
3.824234008789062500e-04
3.893375396728515625e-04
3.809928894042968750e-04
3.819465637207031250e-04
3.838539123535156250e-04
3.798007965087890625e-04
3.807544708251953125e-04
4.017353057861328125e-04
3.790855407714843750e-04
3.767013549804687500e-04
3.812313079833984375e-04
3.809928894042968750e-04
3.805160522460937500e-04
3.812313079833984375e-04
3.786087036132812500e-04
3.812313079833984375e-04
3.798007965087890625e-04
3.783702850341796875e-04
3.809928894042968750e-04
3.876686096191406250e-04
3.981590270996093750e-04
3.795623779296875000e-04
4.136562347412109375e-04
3.812313079833984375e-04
3.798007965087890625e-04
3.788471221923828125e-04
4.060268402099609375e-04
3.805160522460937500e-04
3.793239593505859375e-04
3.817081451416015625e-04
3.790855407714843750e-04
3.783702850341796875e-04
3.800392150878906250e-04
4.127025604248046875e-04
3.805160522460937500e-04
3.798007965087890625e-04
3.809928894042968750e-04
3.886222839355468750e-04
3.809928894042968750e-04
3.800392150878906250e-04
4.196166992187500000e-04
3.800392150878906250e-04
3.809928894042968750e-04
3.805160522460937500e-04
3.855228424072265625e-04
4.174709320068359375e-04
4.007816314697265625e-04
3.809928894042968750e-04
3.793239593505859375e-04
3.812313079833984375e-04
3.798007965087890625e-04
3.795623779296875000e-04
4.098415374755859375e-04
3.788471221923828125e-04
3.824234008789062500e-04
5.652904510498046875e-04
7.019042968750000000e-04
7.040500640869140625e-04
7.097721099853515625e-04
4.663467407226562500e-04
4.322528839111328125e-04
4.026889801025390625e-04
4.441738128662109375e-04
4.022121429443359375e-04
3.824234008789062500e-04
4.012584686279296875e-04
4.091262817382812500e-04
4.043579101562500000e-04
4.067420959472656250e-04
4.615783691406250000e-04
3.817081451416015625e-04
4.007816314697265625e-04
3.821849822998046875e-04
3.819465637207031250e-04
4.618167877197265625e-04
3.805160522460937500e-04
3.829002380371093750e-04
3.807544708251953125e-04
3.814697265625000000e-04
4.210472106933593750e-04
3.783702850341796875e-04
3.824234008789062500e-04
4.367828369140625000e-04
3.802776336669921875e-04
3.824234008789062500e-04
3.795623779296875000e-04
3.829002380371093750e-04
3.974437713623046875e-04
3.798007965087890625e-04
4.069805145263671875e-04
4.003047943115234375e-04
3.805160522460937500e-04
3.800392150878906250e-04
3.786087036132812500e-04
4.119873046875000000e-04
3.886222839355468750e-04
3.998279571533203125e-04
3.790855407714843750e-04
3.798007965087890625e-04
3.998279571533203125e-04
3.778934478759765625e-04
3.800392150878906250e-04
3.986358642578125000e-04
3.798007965087890625e-04
3.991127014160156250e-04
4.270076751708984375e-04
3.800392150878906250e-04
4.012584686279296875e-04
3.991127014160156250e-04
3.995895385742187500e-04
3.995895385742187500e-04
3.809928894042968750e-04
3.829002380371093750e-04
4.034042358398437500e-04
3.995895385742187500e-04
4.222393035888671875e-04
3.979206085205078125e-04
4.568099975585937500e-04
4.377365112304687500e-04
3.817081451416015625e-04
3.781318664550781250e-04
4.434585571289062500e-04
3.814697265625000000e-04
3.817081451416015625e-04
4.069805145263671875e-04
3.800392150878906250e-04
4.010200500488281250e-04
3.986358642578125000e-04
4.532337188720703125e-04
4.045963287353515625e-04
3.817081451416015625e-04
4.353523254394531250e-04
3.809928894042968750e-04
3.762245178222656250e-04
3.983974456787109375e-04
1.851081848144531250e-03
4.298686981201171875e-04
4.005432128906250000e-04
4.532337188720703125e-04
3.795623779296875000e-04
3.774166107177734375e-04
3.995895385742187500e-04
3.819465637207031250e-04
4.074573516845703125e-04
3.964900970458984375e-04
4.122257232666015625e-04
4.353523254394531250e-04
3.795623779296875000e-04
4.165172576904296875e-04
3.995895385742187500e-04
3.812313079833984375e-04
3.809928894042968750e-04
3.998279571533203125e-04
4.003047943115234375e-04
3.798007965087890625e-04
4.022121429443359375e-04
3.786087036132812500e-04
3.783702850341796875e-04
3.771781921386718750e-04
3.974437713623046875e-04
3.998279571533203125e-04
3.798007965087890625e-04
4.096031188964843750e-04
3.800392150878906250e-04
4.105567932128906250e-04
3.814697265625000000e-04
3.812313079833984375e-04
3.814697265625000000e-04
3.798007965087890625e-04
4.005432128906250000e-04
3.883838653564453125e-04
3.812313079833984375e-04
3.800392150878906250e-04
4.084110260009765625e-04
3.795623779296875000e-04
4.017353057861328125e-04
4.093647003173828125e-04
3.807544708251953125e-04
3.783702850341796875e-04
4.062652587890625000e-04
4.062652587890625000e-04
3.783702850341796875e-04
3.798007965087890625e-04
4.422664642333984375e-04
3.788471221923828125e-04
4.117488861083984375e-04
3.798007965087890625e-04
3.805160522460937500e-04
3.795623779296875000e-04
3.795623779296875000e-04
3.786087036132812500e-04
4.069805145263671875e-04
3.793239593505859375e-04
3.840923309326171875e-04
3.800392150878906250e-04
3.800392150878906250e-04
4.479885101318359375e-04
3.943443298339843750e-04
3.888607025146484375e-04
3.809928894042968750e-04
3.979206085205078125e-04
3.802776336669921875e-04
3.824234008789062500e-04
3.800392150878906250e-04
3.817081451416015625e-04
3.786087036132812500e-04
3.795623779296875000e-04
3.798007965087890625e-04
