/*--------------------------------*- C++ -*----------------------------------*\
  =========                 |
  \\      /  F ield         | OpenFOAM: The Open Source CFD Toolbox
   \\    /   O peration     | Website:  https://openfoam.org
    \\  /    A nd           | Version:  6
     \\/     M anipulation  |
\*---------------------------------------------------------------------------*/
FoamFile
{
    version     2.0;
    format      ascii;
    class       surfaceScalarField;
    location    "3200";
    object      phi;
}
// * * * * * * * * * * * * * * * * * * * * * * * * * * * * * * * * * * * * * //

dimensions      [0 3 -1 0 0 0 0];

internalField   nonuniform List<scalar> 
4900
(
2.12794e-05
5.87206e-05
2.21305e-05
7.91489e-05
2.10373e-05
8.10932e-05
1.99008e-05
8.11365e-05
1.88558e-05
8.10451e-05
1.78626e-05
8.09932e-05
1.68941e-05
8.09685e-05
1.59384e-05
8.09557e-05
1.499e-05
8.09484e-05
1.40461e-05
8.0944e-05
1.31049e-05
8.09412e-05
1.21655e-05
8.09394e-05
1.12274e-05
8.09381e-05
1.02901e-05
8.09373e-05
9.35342e-06
8.09367e-05
8.41719e-06
8.09362e-05
7.4813e-06
8.09359e-05
6.54567e-06
8.09356e-05
5.61024e-06
8.09354e-05
4.67498e-06
8.09353e-05
3.73984e-06
8.09351e-05
2.8048e-06
8.0935e-05
1.86983e-06
8.0935e-05
9.34903e-07
8.09349e-05
-7.57789e-17
8.09349e-05
-9.34903e-07
8.09349e-05
-1.86983e-06
8.09349e-05
-2.8048e-06
8.0935e-05
-3.73984e-06
8.0935e-05
-4.67498e-06
8.09351e-05
-5.61024e-06
8.09353e-05
-6.54567e-06
8.09354e-05
-7.4813e-06
8.09356e-05
-8.41719e-06
8.09359e-05
-9.35342e-06
8.09362e-05
-1.02901e-05
8.09367e-05
-1.12274e-05
8.09373e-05
-1.21655e-05
8.09381e-05
-1.31049e-05
8.09394e-05
-1.40461e-05
8.09412e-05
-1.499e-05
8.0944e-05
-1.59384e-05
8.09484e-05
-1.68941e-05
8.09557e-05
-1.78626e-05
8.09685e-05
-1.88558e-05
8.09932e-05
-1.99008e-05
8.10451e-05
-2.10373e-05
8.11365e-05
-2.21305e-05
8.10932e-05
-2.12794e-05
7.91489e-05
5.87206e-05
1.65014e-05
4.22192e-05
2.19156e-05
7.37347e-05
2.18202e-05
8.11886e-05
2.06221e-05
8.23346e-05
1.93953e-05
8.22719e-05
1.82664e-05
8.21221e-05
1.72089e-05
8.2026e-05
1.6194e-05
8.19706e-05
1.52043e-05
8.19381e-05
1.42299e-05
8.19183e-05
1.32653e-05
8.19059e-05
1.23068e-05
8.18978e-05
1.13525e-05
8.18924e-05
1.04011e-05
8.18887e-05
9.45169e-06
8.18861e-05
8.50373e-06
8.18842e-05
7.55686e-06
8.18828e-05
6.61081e-06
8.18817e-05
5.6654e-06
8.18808e-05
4.72049e-06
8.18802e-05
3.77596e-06
8.18797e-05
2.83173e-06
8.18793e-05
1.8877e-06
8.1879e-05
9.43819e-07
8.18788e-05
-2.06529e-16
8.18787e-05
-9.43819e-07
8.18787e-05
-1.8877e-06
8.18788e-05
-2.83173e-06
8.1879e-05
-3.77596e-06
8.18793e-05
-4.72049e-06
8.18797e-05
-5.6654e-06
8.18802e-05
-6.61081e-06
8.18808e-05
-7.55686e-06
8.18817e-05
-8.50373e-06
8.18828e-05
-9.45169e-06
8.18842e-05
-1.04011e-05
8.18861e-05
-1.13525e-05
8.18887e-05
-1.23068e-05
8.18924e-05
-1.32653e-05
8.18978e-05
-1.42299e-05
8.19059e-05
-1.52043e-05
8.19183e-05
-1.6194e-05
8.19381e-05
-1.72089e-05
8.19706e-05
-1.82664e-05
8.2026e-05
-1.93953e-05
8.21221e-05
-2.06221e-05
8.22719e-05
-2.18202e-05
8.23346e-05
-2.19156e-05
8.11886e-05
-1.65014e-05
7.37347e-05
4.22192e-05
1.21123e-05
3.0107e-05
1.99588e-05
6.58881e-05
2.17215e-05
7.94259e-05
2.10699e-05
8.29862e-05
1.98676e-05
8.34742e-05
1.86525e-05
8.33372e-05
1.75125e-05
8.3166e-05
1.6436e-05
8.30471e-05
1.54021e-05
8.2972e-05
1.43954e-05
8.29249e-05
1.34063e-05
8.2895e-05
1.24287e-05
8.28754e-05
1.14588e-05
8.28623e-05
1.04941e-05
8.28534e-05
9.53314e-06
8.28471e-05
8.57482e-06
8.28425e-05
7.61846e-06
8.28391e-05
6.66358e-06
8.28366e-05
5.70985e-06
8.28346e-05
4.75701e-06
8.2833e-05
3.80485e-06
8.28318e-05
2.85321e-06
8.28309e-05
1.90194e-06
8.28303e-05
9.50908e-07
8.28298e-05
-3.17073e-16
8.28296e-05
-9.50908e-07
8.28296e-05
-1.90194e-06
8.28298e-05
-2.85321e-06
8.28303e-05
-3.80485e-06
8.28309e-05
-4.75701e-06
8.28318e-05
-5.70985e-06
8.2833e-05
-6.66358e-06
8.28346e-05
-7.61846e-06
8.28366e-05
-8.57482e-06
8.28391e-05
-9.53314e-06
8.28425e-05
-1.04941e-05
8.28471e-05
-1.14588e-05
8.28534e-05
-1.24287e-05
8.28623e-05
-1.34063e-05
8.28754e-05
-1.43954e-05
8.2895e-05
-1.54021e-05
8.29249e-05
-1.6436e-05
8.2972e-05
-1.75125e-05
8.30471e-05
-1.86525e-05
8.3166e-05
-1.98676e-05
8.33372e-05
-2.10699e-05
8.34742e-05
-2.17215e-05
8.29862e-05
-1.99588e-05
7.94259e-05
-1.21123e-05
6.58881e-05
3.0107e-05
8.50829e-06
2.15987e-05
1.70522e-05
5.73442e-05
2.06404e-05
7.58376e-05
2.10081e-05
8.26185e-05
2.01337e-05
8.43486e-05
1.89578e-05
8.45131e-05
1.77779e-05
8.4346e-05
1.66526e-05
8.41723e-05
1.55778e-05
8.40467e-05
1.45398e-05
8.3963e-05
1.35267e-05
8.3908e-05
1.25305e-05
8.38716e-05
1.15457e-05
8.38471e-05
1.05689e-05
8.38302e-05
9.59756e-06
8.38184e-05
8.63029e-06
8.38098e-05
7.66597e-06
8.38034e-05
6.70389e-06
8.37986e-05
5.74352e-06
8.37949e-05
4.78448e-06
8.37921e-05
3.82646e-06
8.37898e-05
2.8692e-06
8.37882e-05
1.9125e-06
8.3787e-05
9.56163e-07
8.37862e-05
-4.102e-16
8.37858e-05
-9.56163e-07
8.37858e-05
-1.9125e-06
8.37862e-05
-2.8692e-06
8.3787e-05
-3.82646e-06
8.37882e-05
-4.78448e-06
8.37898e-05
-5.74352e-06
8.37921e-05
-6.70389e-06
8.37949e-05
-7.66597e-06
8.37986e-05
-8.63029e-06
8.38034e-05
-9.59756e-06
8.38098e-05
-1.05689e-05
8.38184e-05
-1.15457e-05
8.38302e-05
-1.25305e-05
8.38471e-05
-1.35267e-05
8.38716e-05
-1.45398e-05
8.3908e-05
-1.55778e-05
8.3963e-05
-1.66526e-05
8.40467e-05
-1.77779e-05
8.41723e-05
-1.89578e-05
8.4346e-05
-2.01337e-05
8.45131e-05
-2.10081e-05
8.43486e-05
-2.06404e-05
8.26185e-05
-1.70522e-05
7.58376e-05
-8.50829e-06
5.73442e-05
2.15987e-05
5.8175e-06
1.57812e-05
1.39492e-05
4.92126e-05
1.88281e-05
7.09587e-05
2.03656e-05
8.1081e-05
2.00826e-05
8.46316e-05
1.91113e-05
8.54844e-05
1.79683e-05
8.54891e-05
1.68256e-05
8.53149e-05
1.57226e-05
8.51498e-05
1.46582e-05
8.50274e-05
1.36236e-05
8.49426e-05
1.26104e-05
8.48848e-05
1.16122e-05
8.48453e-05
1.06245e-05
8.48179e-05
9.6444e-06
8.47985e-05
8.66971e-06
8.47845e-05
7.69906e-06
8.47741e-05
6.73145e-06
8.47662e-05
5.76619e-06
8.47602e-05
4.80272e-06
8.47555e-05
3.84064e-06
8.47519e-05
2.87961e-06
8.47492e-05
1.91934e-06
8.47472e-05
9.59548e-07
8.4746e-05
-4.8806e-16
8.47453e-05
-9.59548e-07
8.47453e-05
-1.91934e-06
8.4746e-05
-2.87961e-06
8.47472e-05
-3.84064e-06
8.47492e-05
-4.80272e-06
8.47519e-05
-5.76619e-06
8.47555e-05
-6.73145e-06
8.47602e-05
-7.69906e-06
8.47662e-05
-8.66971e-06
8.47741e-05
-9.6444e-06
8.47845e-05
-1.06245e-05
8.47985e-05
-1.16122e-05
8.48179e-05
-1.26104e-05
8.48453e-05
-1.36236e-05
8.48848e-05
-1.46582e-05
8.49426e-05
-1.57226e-05
8.50274e-05
-1.68256e-05
8.51498e-05
-1.79683e-05
8.53149e-05
-1.91113e-05
8.54891e-05
-2.00826e-05
8.54844e-05
-2.03656e-05
8.46316e-05
-1.88281e-05
8.1081e-05
-1.39492e-05
7.09587e-05
-5.8175e-06
4.92126e-05
1.57812e-05
3.91586e-06
1.18653e-05
1.10883e-05
4.20401e-05
1.66274e-05
6.54197e-05
1.92172e-05
7.84912e-05
1.96693e-05
8.41795e-05
1.90568e-05
8.60968e-05
1.80459e-05
8.65e-05
1.69339e-05
8.64269e-05
1.58248e-05
8.6259e-05
1.47445e-05
8.61077e-05
1.36936e-05
8.59935e-05
1.26664e-05
8.5912e-05
1.16569e-05
8.58549e-05
1.06602e-05
8.58146e-05
9.67292e-06
8.57858e-05
8.69251e-06
8.57649e-05
7.71725e-06
8.57494e-05
6.74589e-06
8.57376e-05
5.77752e-06
8.57286e-05
4.81147e-06
8.57216e-05
3.8472e-06
8.57162e-05
2.88428e-06
8.57121e-05
1.92233e-06
8.57092e-05
9.61012e-07
8.57073e-05
-5.53067e-16
8.57064e-05
-9.61012e-07
8.57064e-05
-1.92233e-06
8.57073e-05
-2.88428e-06
8.57092e-05
-3.8472e-06
8.57121e-05
-4.81147e-06
8.57162e-05
-5.77752e-06
8.57216e-05
-6.74589e-06
8.57286e-05
-7.71725e-06
8.57376e-05
-8.69251e-06
8.57494e-05
-9.67292e-06
8.57649e-05
-1.06602e-05
8.57858e-05
-1.16569e-05
8.58146e-05
-1.26664e-05
8.58549e-05
-1.36936e-05
8.5912e-05
-1.47445e-05
8.59935e-05
-1.58248e-05
8.61077e-05
-1.69339e-05
8.6259e-05
-1.80459e-05
8.64269e-05
-1.90568e-05
8.65e-05
-1.96693e-05
8.60968e-05
-1.92172e-05
8.41795e-05
-1.66274e-05
7.84912e-05
-1.10883e-05
6.54197e-05
-3.91586e-06
4.20401e-05
1.18653e-05
2.61483e-06
9.25049e-06
8.65334e-06
3.60016e-05
1.43265e-05
5.97466e-05
1.77079e-05
7.51097e-05
1.89101e-05
8.29774e-05
1.87641e-05
8.62428e-05
1.79791e-05
8.72849e-05
1.69556e-05
8.74504e-05
1.58714e-05
8.73432e-05
1.47911e-05
8.7188e-05
1.37322e-05
8.70523e-05
1.26957e-05
8.69485e-05
1.16779e-05
8.68727e-05
1.06746e-05
8.68179e-05
9.68212e-06
8.67782e-05
8.6979e-06
8.67491e-05
7.71989e-06
8.67274e-05
6.74664e-06
8.67109e-05
5.77707e-06
8.66981e-05
4.81035e-06
8.66883e-05
3.84584e-06
8.66807e-05
2.88299e-06
8.6675e-05
1.92135e-06
8.66708e-05
9.60481e-07
8.66682e-05
-6.07477e-16
8.66668e-05
-9.60481e-07
8.66668e-05
-1.92135e-06
8.66682e-05
-2.88299e-06
8.66708e-05
-3.84584e-06
8.6675e-05
-4.81035e-06
8.66807e-05
-5.77707e-06
8.66883e-05
-6.74664e-06
8.66981e-05
-7.71989e-06
8.67109e-05
-8.6979e-06
8.67274e-05
-9.68212e-06
8.67491e-05
-1.06746e-05
8.67782e-05
-1.16779e-05
8.68179e-05
-1.26957e-05
8.68727e-05
-1.37322e-05
8.69485e-05
-1.47911e-05
8.70523e-05
-1.58714e-05
8.7188e-05
-1.69556e-05
8.73432e-05
-1.79791e-05
8.74504e-05
-1.87641e-05
8.72849e-05
-1.89101e-05
8.62428e-05
-1.77079e-05
8.29774e-05
-1.43265e-05
7.51097e-05
-8.65334e-06
5.97466e-05
-2.61483e-06
3.60016e-05
9.25049e-06
1.74458e-06
7.50592e-06
6.68054e-06
3.10656e-05
1.21209e-05
5.43062e-05
1.59941e-05
7.12365e-05
1.78634e-05
8.11081e-05
1.82312e-05
8.5875e-05
1.77476e-05
8.77685e-05
1.68715e-05
8.83265e-05
1.58488e-05
8.83659e-05
1.47892e-05
8.82477e-05
1.37338e-05
8.81077e-05
1.26947e-05
8.79876e-05
1.16728e-05
8.78945e-05
1.06658e-05
8.78249e-05
9.67067e-06
8.77734e-05
8.6848e-06
8.7735e-05
7.7061e-06
8.77061e-05
6.73298e-06
8.7684e-05
5.76422e-06
8.76669e-05
4.79886e-06
8.76537e-05
3.83615e-06
8.76434e-05
2.87544e-06
8.76357e-05
1.91618e-06
8.76301e-05
9.57858e-07
8.76265e-05
-6.53825e-16
8.76247e-05
-9.57858e-07
8.76247e-05
-1.91618e-06
8.76265e-05
-2.87544e-06
8.76301e-05
-3.83615e-06
8.76357e-05
-4.79886e-06
8.76434e-05
-5.76422e-06
8.76537e-05
-6.73298e-06
8.76669e-05
-7.7061e-06
8.7684e-05
-8.6848e-06
8.77061e-05
-9.67067e-06
8.7735e-05
-1.06658e-05
8.77734e-05
-1.16728e-05
8.78249e-05
-1.26947e-05
8.78945e-05
-1.37338e-05
8.79876e-05
-1.47892e-05
8.81077e-05
-1.58488e-05
8.82477e-05
-1.68715e-05
8.83659e-05
-1.77476e-05
8.83265e-05
-1.82312e-05
8.77685e-05
-1.78634e-05
8.5875e-05
-1.59941e-05
8.11081e-05
-1.21209e-05
7.12365e-05
-6.68054e-06
5.43062e-05
-1.74458e-06
3.10656e-05
7.50592e-06
1.17204e-06
6.33388e-06
5.13337e-06
2.71043e-05
1.01227e-05
4.93169e-05
1.42118e-05
6.71474e-05
1.66077e-05
7.87122e-05
1.74794e-05
8.50033e-05
1.73445e-05
8.79034e-05
1.66676e-05
8.90033e-05
1.57447e-05
8.92889e-05
1.47298e-05
8.92626e-05
1.36923e-05
8.91452e-05
1.26591e-05
8.90208e-05
1.16387e-05
8.8915e-05
1.06318e-05
8.88318e-05
9.63688e-06
8.87683e-05
8.65185e-06
8.872e-05
7.67476e-06
8.86832e-05
6.70398e-06
8.86548e-05
5.7382e-06
8.86327e-05
4.77638e-06
8.86155e-05
3.81764e-06
8.86022e-05
2.86126e-06
8.85921e-05
1.90659e-06
8.85848e-05
9.53019e-07
8.858e-05
-6.94378e-16
8.85777e-05
-9.53019e-07
8.85777e-05
-1.90659e-06
8.858e-05
-2.86126e-06
8.85848e-05
-3.81764e-06
8.85921e-05
-4.77638e-06
8.86022e-05
-5.7382e-06
8.86155e-05
-6.70398e-06
8.86327e-05
-7.67476e-06
8.86548e-05
-8.65185e-06
8.86832e-05
-9.63688e-06
8.872e-05
-1.06318e-05
8.87683e-05
-1.16387e-05
8.88318e-05
-1.26591e-05
8.8915e-05
-1.36923e-05
8.90208e-05
-1.47298e-05
8.91452e-05
-1.57447e-05
8.92626e-05
-1.66676e-05
8.92889e-05
-1.73445e-05
8.90033e-05
-1.74794e-05
8.79034e-05
-1.66077e-05
8.50033e-05
-1.42118e-05
7.87122e-05
-1.01227e-05
6.71474e-05
-5.13337e-06
4.93169e-05
-1.17204e-06
2.71043e-05
6.33388e-06
7.99285e-07
5.53459e-06
3.94555e-06
2.3958e-05
8.38065e-06
4.48818e-05
1.2464e-05
6.3064e-05
1.52247e-05
7.59514e-05
1.65464e-05
8.36816e-05
1.67758e-05
8.76741e-05
1.63366e-05
8.94425e-05
1.5549e-05
9.00765e-05
1.46044e-05
9.02072e-05
1.36012e-05
9.01484e-05
1.25845e-05
9.00375e-05
1.15721e-05
8.99274e-05
1.05699e-05
8.9834e-05
9.57873e-06
8.97595e-05
8.59744e-06
8.97013e-05
7.62453e-06
8.96561e-05
6.65851e-06
8.96208e-05
5.69809e-06
8.95931e-05
4.74213e-06
8.95714e-05
3.78972e-06
8.95546e-05
2.84001e-06
8.95418e-05
1.89227e-06
8.95325e-05
9.45817e-07
8.95265e-05
-7.31176e-16
8.95235e-05
-9.45817e-07
8.95235e-05
-1.89227e-06
8.95265e-05
-2.84001e-06
8.95325e-05
-3.78972e-06
8.95418e-05
-4.74213e-06
8.95546e-05
-5.69809e-06
8.95714e-05
-6.65851e-06
8.95931e-05
-7.62453e-06
8.96208e-05
-8.59744e-06
8.96561e-05
-9.57873e-06
8.97013e-05
-1.05699e-05
8.97595e-05
-1.15721e-05
8.9834e-05
-1.25845e-05
8.99274e-05
-1.36012e-05
9.00375e-05
-1.46044e-05
9.01484e-05
-1.5549e-05
9.02072e-05
-1.63366e-05
9.00765e-05
-1.67758e-05
8.94425e-05
-1.65464e-05
8.76741e-05
-1.52247e-05
8.36816e-05
-1.2464e-05
7.59514e-05
-8.38065e-06
6.3064e-05
-3.94555e-06
4.48818e-05
-7.99285e-07
2.3958e-05
5.53459e-06
5.57363e-07
4.97723e-06
3.04498e-06
2.14704e-05
6.90178e-06
4.1025e-05
1.08195e-05
5.91463e-05
1.37878e-05
7.29831e-05
1.54774e-05
8.19919e-05
1.60582e-05
8.70933e-05
1.58784e-05
8.96223e-05
1.52553e-05
9.06996e-05
1.44056e-05
9.10569e-05
1.34544e-05
9.10996e-05
1.24658e-05
9.10262e-05
1.14693e-05
9.09238e-05
1.04773e-05
9.0826e-05
9.4939e-06
9.07429e-05
8.51965e-06
9.06755e-05
7.55383e-06
9.06219e-05
6.59527e-06
9.05793e-05
5.64277e-06
9.05456e-05
4.69523e-06
9.0519e-05
3.75166e-06
9.04981e-05
2.81115e-06
9.04823e-05
1.87288e-06
9.04708e-05
9.36075e-07
9.04633e-05
-7.65614e-16
9.04596e-05
-9.36075e-07
9.04596e-05
-1.87288e-06
9.04633e-05
-2.81115e-06
9.04708e-05
-3.75166e-06
9.04823e-05
-4.69523e-06
9.04981e-05
-5.64277e-06
9.0519e-05
-6.59527e-06
9.05456e-05
-7.55383e-06
9.05793e-05
-8.51965e-06
9.06219e-05
-9.4939e-06
9.06755e-05
-1.04773e-05
9.07429e-05
-1.14693e-05
9.0826e-05
-1.24658e-05
9.09238e-05
-1.34544e-05
9.10262e-05
-1.44056e-05
9.10996e-05
-1.52553e-05
9.10569e-05
-1.58784e-05
9.06996e-05
-1.60582e-05
8.96223e-05
-1.54774e-05
8.70933e-05
-1.37878e-05
8.19919e-05
-1.08195e-05
7.29831e-05
-6.90178e-06
5.91463e-05
-3.04498e-06
4.1025e-05
-5.57363e-07
2.14704e-05
4.97723e-06
3.99436e-07
4.5778e-06
2.36571e-06
1.95041e-05
5.66828e-06
3.77225e-05
9.31731e-06
5.54973e-05
1.2356e-05
6.99445e-05
1.43189e-05
8.0029e-05
1.52155e-05
8.61967e-05
1.52994e-05
8.95384e-05
1.48611e-05
9.11379e-05
1.41279e-05
9.179e-05
1.32461e-05
9.19814e-05
1.22981e-05
9.19742e-05
1.13263e-05
9.18956e-05
1.03507e-05
9.18016e-05
9.37977e-06
9.17139e-05
8.41633e-06
9.1639e-05
7.46085e-06
9.15774e-05
6.51273e-06
9.15275e-05
5.571e-06
9.14873e-05
4.63465e-06
9.14553e-05
3.70266e-06
9.14301e-05
2.77408e-06
9.14109e-05
1.84801e-06
9.13969e-05
9.23595e-07
9.13877e-05
-7.98282e-16
9.13832e-05
-9.23595e-07
9.13832e-05
-1.84801e-06
9.13877e-05
-2.77408e-06
9.13969e-05
-3.70266e-06
9.14109e-05
-4.63465e-06
9.14301e-05
-5.571e-06
9.14553e-05
-6.51273e-06
9.14873e-05
-7.46085e-06
9.15275e-05
-8.41633e-06
9.15774e-05
-9.37977e-06
9.1639e-05
-1.03507e-05
9.17139e-05
-1.13263e-05
9.18016e-05
-1.22981e-05
9.18956e-05
-1.32461e-05
9.19742e-05
-1.41279e-05
9.19814e-05
-1.48611e-05
9.179e-05
-1.52994e-05
9.11379e-05
-1.52155e-05
8.95384e-05
-1.43189e-05
8.61967e-05
-1.2356e-05
8.0029e-05
-9.31731e-06
6.99445e-05
-5.66828e-06
5.54973e-05
-2.36571e-06
3.77225e-05
-3.99436e-07
1.95041e-05
4.5778e-06
2.94647e-07
4.28315e-06
1.85265e-06
1.79461e-05
4.65042e-06
3.49247e-05
7.9737e-06
5.2174e-05
1.09726e-05
6.69456e-05
1.31133e-05
7.78884e-05
1.4275e-05
8.50349e-05
1.46112e-05
8.92023e-05
1.43678e-05
9.13813e-05
1.3768e-05
9.23897e-05
1.29715e-05
9.27779e-05
1.20768e-05
9.28689e-05
1.11391e-05
9.28333e-05
1.01868e-05
9.27539e-05
9.23351e-06
9.26671e-05
8.28511e-06
9.25874e-05
7.3436e-06
9.25189e-05
6.40921e-06
9.24618e-05
5.48138e-06
9.24152e-05
4.55924e-06
9.23775e-05
3.64181e-06
9.23476e-05
2.72813e-06
9.23245e-05
1.81722e-06
9.23078e-05
9.08154e-07
9.22968e-05
-8.29037e-16
9.22914e-05
-9.08154e-07
9.22914e-05
-1.81722e-06
9.22968e-05
-2.72813e-06
9.23078e-05
-3.64181e-06
9.23245e-05
-4.55924e-06
9.23476e-05
-5.48138e-06
9.23775e-05
-6.40921e-06
9.24152e-05
-7.3436e-06
9.24618e-05
-8.28511e-06
9.25189e-05
-9.23351e-06
9.25874e-05
-1.01868e-05
9.26671e-05
-1.11391e-05
9.27539e-05
-1.20768e-05
9.28333e-05
-1.29715e-05
9.28689e-05
-1.3768e-05
9.27779e-05
-1.43678e-05
9.23897e-05
-1.46112e-05
9.13813e-05
-1.4275e-05
8.92023e-05
-1.31133e-05
8.50349e-05
-1.09726e-05
7.78884e-05
-7.9737e-06
6.69456e-05
-4.65042e-06
5.2174e-05
-1.85265e-06
3.49247e-05
-2.94647e-07
1.79461e-05
4.28315e-06
2.23153e-07
4.06e-06
1.46232e-06
1.6707e-05
3.81473e-06
3.25723e-05
6.78928e-06
4.91994e-05
9.66633e-06
6.40685e-05
1.18967e-05
7.5658e-05
1.32646e-05
8.36669e-05
1.38289e-05
8.8638e-05
1.37803e-05
9.14299e-05
1.3325e-05
9.2845e-05
1.26272e-05
9.34757e-05
1.17978e-05
9.36983e-05
1.09036e-05
9.37275e-05
9.98198e-06
9.36755e-05
9.05214e-06
9.3597e-05
8.12345e-06
9.35161e-05
7.19994e-06
9.34424e-05
6.28291e-06
9.33789e-05
5.37239e-06
9.33257e-05
4.46775e-06
9.32821e-05
3.56814e-06
9.32472e-05
2.67257e-06
9.32201e-05
1.78003e-06
9.32003e-05
8.8951e-07
9.31873e-05
-8.56749e-16
9.31809e-05
-8.8951e-07
9.31809e-05
-1.78003e-06
9.31873e-05
-2.67257e-06
9.32003e-05
-3.56814e-06
9.32201e-05
-4.46775e-06
9.32472e-05
-5.37239e-06
9.32821e-05
-6.28291e-06
9.33257e-05
-7.19994e-06
9.33789e-05
-8.12345e-06
9.34424e-05
-9.05214e-06
9.35161e-05
-9.98198e-06
9.3597e-05
-1.09036e-05
9.36755e-05
-1.17978e-05
9.37275e-05
-1.26272e-05
9.36983e-05
-1.3325e-05
9.34757e-05
-1.37803e-05
9.2845e-05
-1.38289e-05
9.14299e-05
-1.32646e-05
8.8638e-05
-1.18967e-05
8.36669e-05
-9.66633e-06
7.5658e-05
-6.78928e-06
6.40685e-05
-3.81473e-06
4.91994e-05
-1.46232e-06
3.25723e-05
-2.23153e-07
1.6707e-05
4.06e-06
1.72444e-07
3.88755e-06
1.1617e-06
1.57177e-05
3.12882e-06
3.06052e-05
5.75487e-06
4.65734e-05
8.45339e-06
6.137e-05
1.06975e-05
7.34139e-05
1.22105e-05
8.21539e-05
1.29697e-05
8.78789e-05
1.31065e-05
9.12931e-05
1.28001e-05
9.31514e-05
1.22112e-05
9.40646e-05
1.14577e-05
9.44518e-05
1.06164e-05
9.45688e-05
9.73294e-06
9.4559e-05
8.83264e-06
9.44973e-05
7.92875e-06
9.442e-05
7.02762e-06
9.43435e-05
6.13193e-06
9.42745e-05
5.24244e-06
9.42152e-05
4.3589e-06
9.41656e-05
3.48061e-06
9.41255e-05
2.60663e-06
9.40941e-05
1.73592e-06
9.4071e-05
8.67412e-07
9.40558e-05
-8.79996e-16
9.40483e-05
-8.67412e-07
9.40483e-05
-1.73592e-06
9.40558e-05
-2.60663e-06
9.4071e-05
-3.48061e-06
9.40941e-05
-4.3589e-06
9.41255e-05
-5.24244e-06
9.41656e-05
-6.13193e-06
9.42152e-05
-7.02762e-06
9.42745e-05
-7.92875e-06
9.43435e-05
-8.83264e-06
9.442e-05
-9.73294e-06
9.44973e-05
-1.06164e-05
9.4559e-05
-1.14577e-05
9.45688e-05
-1.22112e-05
9.44518e-05
-1.28001e-05
9.40646e-05
-1.31065e-05
9.31514e-05
-1.29697e-05
9.12931e-05
-1.22105e-05
8.78789e-05
-1.06975e-05
8.21539e-05
-8.45339e-06
7.34139e-05
-5.75487e-06
6.137e-05
-3.12882e-06
4.65734e-05
-1.1617e-06
3.06052e-05
-1.72444e-07
1.57177e-05
3.88755e-06
1.34752e-07
3.7528e-06
9.26353e-07
1.49261e-05
2.5638e-06
2.89677e-05
4.85605e-06
4.42811e-05
7.34061e-06
5.88855e-05
9.53654e-06
7.12179e-05
1.11359e-05
8.05546e-05
1.20512e-05
8.69635e-05
1.23565e-05
9.09879e-05
1.21973e-05
9.33106e-05
1.17231e-05
9.45388e-05
1.10542e-05
9.51207e-05
1.02744e-05
9.53486e-05
9.43658e-06
9.53968e-05
8.57216e-06
9.53617e-05
7.69844e-06
9.52937e-05
6.82443e-06
9.52175e-05
5.95438e-06
9.51446e-05
5.08995e-06
9.50796e-05
4.23138e-06
9.50242e-05
3.37821e-06
9.49786e-05
2.52956e-06
9.49427e-05
1.6844e-06
9.49162e-05
8.41607e-07
9.48986e-05
-8.96532e-16
9.48899e-05
-8.41607e-07
9.48899e-05
-1.6844e-06
9.48986e-05
-2.52956e-06
9.49162e-05
-3.37821e-06
9.49427e-05
-4.23138e-06
9.49786e-05
-5.08995e-06
9.50242e-05
-5.95438e-06
9.50796e-05
-6.82443e-06
9.51446e-05
-7.69844e-06
9.52175e-05
-8.57216e-06
9.52937e-05
-9.43658e-06
9.53617e-05
-1.02744e-05
9.53968e-05
-1.10542e-05
9.53486e-05
-1.17231e-05
9.51207e-05
-1.21973e-05
9.45388e-05
-1.23565e-05
9.33106e-05
-1.20512e-05
9.09879e-05
-1.11359e-05
8.69635e-05
-9.53654e-06
8.05546e-05
-7.34061e-06
7.12179e-05
-4.85605e-06
5.88855e-05
-2.5638e-06
4.42811e-05
-9.26353e-07
2.89677e-05
-1.34752e-07
1.49261e-05
3.7528e-06
1.05305e-07
3.64749e-06
7.38506e-07
1.42929e-05
2.09518e-06
2.7611e-05
4.0763e-06
4.23e-05
6.32803e-06
5.66337e-05
8.42782e-06
6.91181e-05
1.00602e-05
7.89222e-05
1.10908e-05
8.59329e-05
1.15416e-05
9.05371e-05
1.1522e-05
9.33302e-05
1.11645e-05
9.48963e-05
1.05864e-05
9.56988e-05
9.87528e-06
9.60597e-05
9.0903e-06
9.61818e-05
8.26812e-06
9.61839e-05
7.43018e-06
9.61316e-05
6.58829e-06
9.60594e-05
5.74846e-06
9.59844e-05
4.9134e-06
9.59147e-05
4.08396e-06
9.58536e-05
3.25994e-06
9.58027e-05
2.44062e-06
9.57621e-05
1.62499e-06
9.57318e-05
8.11857e-07
9.57117e-05
-9.04489e-16
9.57017e-05
-8.11857e-07
9.57017e-05
-1.62499e-06
9.57117e-05
-2.44062e-06
9.57318e-05
-3.25994e-06
9.57621e-05
-4.08396e-06
9.58027e-05
-4.9134e-06
9.58536e-05
-5.74846e-06
9.59147e-05
-6.58829e-06
9.59844e-05
-7.43018e-06
9.60594e-05
-8.26812e-06
9.61316e-05
-9.0903e-06
9.61839e-05
-9.87528e-06
9.61818e-05
-1.05864e-05
9.60597e-05
-1.11645e-05
9.56988e-05
-1.1522e-05
9.48963e-05
-1.15416e-05
9.33302e-05
-1.10908e-05
9.05371e-05
-1.00602e-05
8.59329e-05
-8.42782e-06
7.89222e-05
-6.32803e-06
6.91181e-05
-4.0763e-06
5.66337e-05
-2.09518e-06
4.23e-05
-7.38506e-07
2.7611e-05
-1.05305e-07
1.42929e-05
3.64749e-06
8.11916e-08
3.5663e-06
5.85407e-07
1.37887e-05
1.70293e-06
2.64935e-05
3.39903e-06
4.06039e-05
5.41129e-06
5.46215e-05
7.37981e-06
6.71496e-05
8.9991e-06
7.73029e-05
1.01044e-05
8.48276e-05
1.06741e-05
8.99674e-05
1.07816e-05
9.32228e-05
1.05384e-05
9.51394e-05
1.00544e-05
9.61828e-05
9.41802e-06
9.66961e-05
8.69228e-06
9.69075e-05
7.91851e-06
9.69577e-05
7.12202e-06
9.69281e-05
6.31742e-06
9.6864e-05
5.51263e-06
9.67892e-05
4.7115e-06
9.67158e-05
3.91555e-06
9.66496e-05
3.12497e-06
9.65932e-05
2.3392e-06
9.65478e-05
1.55725e-06
9.65137e-05
7.77955e-07
9.6491e-05
-9.01355e-16
9.64797e-05
-7.77955e-07
9.64797e-05
-1.55725e-06
9.6491e-05
-2.3392e-06
9.65137e-05
-3.12497e-06
9.65478e-05
-3.91555e-06
9.65932e-05
-4.7115e-06
9.66496e-05
-5.51263e-06
9.67158e-05
-6.31742e-06
9.67892e-05
-7.12202e-06
9.6864e-05
-7.91851e-06
9.69281e-05
-8.69228e-06
9.69577e-05
-9.41802e-06
9.69075e-05
-1.00544e-05
9.66961e-05
-1.05384e-05
9.61828e-05
-1.07816e-05
9.51394e-05
-1.06741e-05
9.32228e-05
-1.01044e-05
8.99674e-05
-8.9991e-06
8.48276e-05
-7.37981e-06
7.73029e-05
-5.41129e-06
6.71496e-05
-3.39903e-06
5.46215e-05
-1.70293e-06
4.06039e-05
-5.85407e-07
2.64935e-05
-8.11916e-08
1.37887e-05
3.5663e-06
6.06299e-08
3.50567e-06
4.57959e-07
1.33914e-05
1.37101e-06
2.55805e-05
2.80881e-06
3.91661e-05
4.58348e-06
5.28468e-05
6.39658e-06
6.53365e-05
7.96437e-06
7.57351e-05
9.10628e-06
8.36857e-05
9.76642e-06
8.93072e-05
9.9846e-06
9.30046e-05
9.84967e-06
9.52743e-05
9.46038e-06
9.65721e-05
8.90268e-06
9.72538e-05
8.24165e-06
9.75686e-05
7.52205e-06
9.76773e-05
6.77258e-06
9.76776e-05
6.01054e-06
9.76261e-05
5.24573e-06
9.7554e-05
4.48325e-06
9.74783e-05
3.72536e-06
9.74075e-05
2.97266e-06
9.73459e-05
2.22481e-06
9.72957e-05
1.4809e-06
9.72576e-05
7.39745e-07
9.72322e-05
-8.8558e-16
9.72194e-05
-7.39745e-07
9.72194e-05
-1.4809e-06
9.72322e-05
-2.22481e-06
9.72576e-05
-2.97266e-06
9.72957e-05
-3.72536e-06
9.73459e-05
-4.48325e-06
9.74075e-05
-5.24573e-06
9.74783e-05
-6.01054e-06
9.7554e-05
-6.77258e-06
9.76261e-05
-7.52205e-06
9.76776e-05
-8.24165e-06
9.76773e-05
-8.90268e-06
9.75686e-05
-9.46038e-06
9.72538e-05
-9.84967e-06
9.65721e-05
-9.9846e-06
9.52743e-05
-9.76642e-06
9.30046e-05
-9.10628e-06
8.93072e-05
-7.96437e-06
8.36857e-05
-6.39658e-06
7.57351e-05
-4.58348e-06
6.53365e-05
-2.80881e-06
5.28468e-05
-1.37101e-06
3.91661e-05
-4.57959e-07
2.55805e-05
-6.06299e-08
1.33914e-05
3.50567e-06
4.25205e-08
3.46315e-06
3.49684e-07
1.30842e-05
1.08683e-06
2.48433e-05
2.29192e-06
3.7961e-05
3.83646e-06
5.13023e-05
5.47904e-06
6.3694e-05
6.96469e-06
7.42494e-05
8.10875e-06
8.25416e-05
8.83058e-06
8.85854e-05
9.14061e-06
9.26946e-05
9.10457e-06
9.53104e-05
8.80775e-06
9.68689e-05
8.33086e-06
9.77307e-05
7.73879e-06
9.81606e-05
7.07848e-06
9.83376e-05
6.38133e-06
9.83747e-05
5.66702e-06
9.83404e-05
4.94717e-06
9.82739e-05
4.22812e-06
9.81973e-05
3.51294e-06
9.81227e-05
2.80267e-06
9.80562e-05
2.09721e-06
9.80012e-05
1.39576e-06
9.79591e-05
6.97148e-07
9.79308e-05
-8.55013e-16
9.79166e-05
-6.97148e-07
9.79166e-05
-1.39576e-06
9.79308e-05
-2.09721e-06
9.79591e-05
-2.80267e-06
9.80012e-05
-3.51294e-06
9.80562e-05
-4.22812e-06
9.81227e-05
-4.94717e-06
9.81973e-05
-5.66702e-06
9.82739e-05
-6.38133e-06
9.83404e-05
-7.07848e-06
9.83747e-05
-7.73879e-06
9.83376e-05
-8.33086e-06
9.81606e-05
-8.80775e-06
9.77307e-05
-9.10457e-06
9.68689e-05
-9.14061e-06
9.53104e-05
-8.83058e-06
9.26946e-05
-8.10875e-06
8.85854e-05
-6.96469e-06
8.25416e-05
-5.47904e-06
7.42494e-05
-3.83646e-06
6.3694e-05
-2.29192e-06
5.13023e-05
-1.08683e-06
3.7961e-05
-3.49684e-07
2.48433e-05
-4.25206e-08
1.30842e-05
3.46315e-06
2.61875e-08
3.43696e-06
2.56058e-07
1.28543e-05
8.4091e-07
2.42585e-05
1.83718e-06
3.69647e-05
3.1629e-06
4.99766e-05
4.62751e-06
6.22293e-05
6.00809e-06
7.28689e-05
7.12479e-06
8.14249e-05
7.88094e-06
8.78293e-05
8.26268e-06
9.23129e-05
8.31373e-06
9.52593e-05
8.10456e-06
9.70781e-05
7.7084e-06
9.81268e-05
7.18801e-06
9.8681e-05
6.59108e-06
9.89345e-05
5.95084e-06
9.9015e-05
5.28897e-06
9.90022e-05
4.61872e-06
9.89441e-05
3.94762e-06
9.88684e-05
3.27952e-06
9.87908e-05
2.61598e-06
9.87198e-05
1.95713e-06
9.866e-05
1.30233e-06
9.86139e-05
6.50412e-07
9.85827e-05
-8.092e-16
9.8567e-05
-6.50412e-07
9.8567e-05
-1.30233e-06
9.85827e-05
-1.95713e-06
9.86139e-05
-2.61598e-06
9.866e-05
-3.27952e-06
9.87198e-05
-3.94762e-06
9.87908e-05
-4.61872e-06
9.88684e-05
-5.28897e-06
9.89441e-05
-5.95084e-06
9.90022e-05
-6.59108e-06
9.9015e-05
-7.18801e-06
9.89345e-05
-7.7084e-06
9.8681e-05
-8.10456e-06
9.81268e-05
-8.31373e-06
9.70781e-05
-8.26268e-06
9.52593e-05
-7.88094e-06
9.23129e-05
-7.12479e-06
8.78293e-05
-6.00809e-06
8.14249e-05
-4.62751e-06
7.28689e-05
-3.1629e-06
6.22293e-05
-1.83718e-06
4.99766e-05
-8.4091e-07
3.69647e-05
-2.56059e-07
2.42585e-05
-2.61875e-08
1.28543e-05
3.43696e-06
1.11761e-08
3.42579e-06
1.73596e-07
1.26919e-05
6.25072e-07
2.3807e-05
1.4333e-06
3.61565e-05
2.55232e-06
4.88575e-05
3.83584e-06
6.09458e-05
5.09385e-06
7.16108e-05
6.15775e-06
8.0361e-05
6.92243e-06
8.70646e-05
7.35517e-06
9.18801e-05
7.47979e-06
9.51347e-05
7.35148e-06
9.72064e-05
7.03441e-06
9.84439e-05
6.58737e-06
9.91281e-05
6.05732e-06
9.94645e-05
5.47844e-06
9.95939e-05
4.8738e-06
9.96069e-05
4.25801e-06
9.95599e-05
3.63967e-06
9.94868e-05
3.0234e-06
9.9407e-05
2.41122e-06
9.93319e-05
1.80357e-06
9.92676e-05
1.19992e-06
9.92175e-05
5.992e-07
9.91834e-05
-7.46133e-16
9.91662e-05
-5.992e-07
9.91662e-05
-1.19992e-06
9.91834e-05
-1.80357e-06
9.92175e-05
-2.41122e-06
9.92676e-05
-3.0234e-06
9.93319e-05
-3.63967e-06
9.9407e-05
-4.25801e-06
9.94868e-05
-4.8738e-06
9.95599e-05
-5.47844e-06
9.96069e-05
-6.05732e-06
9.95939e-05
-6.58737e-06
9.94645e-05
-7.03441e-06
9.91281e-05
-7.35148e-06
9.84439e-05
-7.47979e-06
9.72064e-05
-7.35517e-06
9.51347e-05
-6.92243e-06
9.18801e-05
-6.15775e-06
8.70646e-05
-5.09385e-06
8.0361e-05
-3.83584e-06
7.16108e-05
-2.55232e-06
6.09458e-05
-1.4333e-06
4.88575e-05
-6.25072e-07
3.61565e-05
-1.73596e-07
2.3807e-05
-1.11761e-08
1.26919e-05
3.42579e-06
-2.82164e-09
3.42861e-06
9.99431e-08
1.25891e-05
4.33693e-07
2.34733e-05
1.07247e-06
3.55177e-05
1.99795e-06
4.79321e-05
3.10158e-06
5.98422e-05
4.22532e-06
7.04871e-05
5.21598e-06
7.93704e-05
5.96631e-06
8.63143e-05
6.42997e-06
9.14165e-05
6.61366e-06
9.4951e-05
6.55774e-06
9.72623e-05
6.3163e-06
9.86854e-05
5.9427e-06
9.95017e-05
5.48187e-06
9.99254e-05
4.96788e-06
0.000100108
4.4246e-06
0.00010015
3.86762e-06
0.000100117
3.30644e-06
0.000100048
2.74633e-06
9.99671e-05
2.1898e-06
9.98885e-05
1.63757e-06
9.98199e-05
1.08927e-06
9.97659e-05
5.43868e-07
9.97288e-05
-6.66375e-16
9.97101e-05
-5.43868e-07
9.97101e-05
-1.08927e-06
9.97288e-05
-1.63757e-06
9.97659e-05
-2.1898e-06
9.98199e-05
-2.74633e-06
9.98885e-05
-3.30644e-06
9.99671e-05
-3.86762e-06
0.000100048
-4.4246e-06
0.000100117
-4.96788e-06
0.00010015
-5.48187e-06
0.000100108
-5.9427e-06
9.99254e-05
-6.3163e-06
9.95017e-05
-6.55774e-06
9.86854e-05
-6.61366e-06
9.72623e-05
-6.42997e-06
9.4951e-05
-5.96631e-06
9.14165e-05
-5.21598e-06
8.63143e-05
-4.22532e-06
7.93704e-05
-3.10158e-06
7.04871e-05
-1.99795e-06
5.98422e-05
-1.07247e-06
4.79321e-05
-4.33693e-07
3.55177e-05
-9.99432e-08
2.34733e-05
2.82162e-09
1.25891e-05
3.42861e-06
-1.59992e-08
3.44461e-06
3.34079e-08
1.25397e-05
2.62463e-07
2.32442e-05
7.48325e-07
3.50319e-05
1.49372e-06
4.71867e-05
2.42187e-06
5.8914e-05
3.40463e-06
6.95043e-05
4.30658e-06
7.84684e-05
5.02316e-06
8.55977e-05
5.4992e-06
9.09404e-05
5.72737e-06
9.47228e-05
5.73427e-06
9.72554e-05
5.56352e-06
9.88561e-05
5.26199e-06
9.98032e-05
4.87141e-06
0.000100316
4.42481e-06
0.000100554
3.94615e-06
0.000100629
3.4516e-06
0.000100611
2.95132e-06
0.000100548
2.45114e-06
0.000100467
1.95398e-06
0.000100386
1.46083e-06
0.000100313
9.71471e-07
0.000100255
4.84975e-07
0.000100215
-5.70068e-16
0.000100195
-4.84975e-07
0.000100195
-9.71471e-07
0.000100215
-1.46083e-06
0.000100255
-1.95398e-06
0.000100313
-2.45114e-06
0.000100386
-2.95132e-06
0.000100467
-3.4516e-06
0.000100548
-3.94615e-06
0.000100611
-4.42481e-06
0.000100629
-4.87141e-06
0.000100554
-5.26199e-06
0.000100316
-5.56352e-06
9.98032e-05
-5.73427e-06
9.88561e-05
-5.72737e-06
9.72554e-05
-5.4992e-06
9.47228e-05
-5.02316e-06
9.09404e-05
-4.30658e-06
8.55977e-05
-3.40463e-06
7.84684e-05
-2.42187e-06
6.95043e-05
-1.49372e-06
5.8914e-05
-7.48325e-07
4.71867e-05
-2.62463e-07
3.50319e-05
-3.34079e-08
2.32442e-05
1.59992e-08
1.25397e-05
3.44461e-06
-2.84928e-08
3.4731e-06
-2.73081e-08
1.25385e-05
1.07869e-07
2.3109e-05
4.55237e-07
3.46845e-05
1.03356e-06
4.66083e-05
1.79262e-06
5.8155e-05
2.63151e-06
6.86655e-05
3.43362e-06
7.76663e-05
4.10062e-06
8.49307e-05
4.57259e-06
9.04685e-05
4.83125e-06
9.44642e-05
4.89092e-06
9.71957e-05
4.7849e-06
9.89621e-05
4.5529e-06
0.000100035
4.2325e-06
0.000100636
3.85479e-06
0.000100932
3.44318e-06
0.00010104
3.01397e-06
0.000101041
2.57769e-06
0.000100985
2.14061e-06
0.000100904
1.70596e-06
0.00010082
1.27499e-06
0.000100744
8.4764e-07
0.000100683
4.23075e-07
0.00010064
-4.59298e-16
0.000100618
-4.23075e-07
0.000100618
-8.4764e-07
0.00010064
-1.27499e-06
0.000100683
-1.70596e-06
0.000100744
-2.14061e-06
0.00010082
-2.57769e-06
0.000100904
-3.01397e-06
0.000100985
-3.44318e-06
0.000101041
-3.85479e-06
0.00010104
-4.2325e-06
0.000100932
-4.5529e-06
0.000100636
-4.7849e-06
0.000100035
-4.89092e-06
9.89621e-05
-4.83125e-06
9.71957e-05
-4.57259e-06
9.44642e-05
-4.10062e-06
9.04685e-05
-3.43362e-06
8.49307e-05
-2.63151e-06
7.76663e-05
-1.79262e-06
6.86655e-05
-1.03356e-06
5.8155e-05
-4.55237e-07
4.66083e-05
-1.07869e-07
3.46845e-05
2.7308e-08
2.3109e-05
2.84928e-08
1.25385e-05
3.4731e-06
-4.03966e-08
3.5135e-06
-8.3196e-08
1.25813e-05
-3.28908e-08
2.30587e-05
1.88485e-07
3.44631e-05
6.11996e-07
4.61848e-05
1.20956e-06
5.75574e-05
1.90475e-06
6.79703e-05
2.59978e-06
7.69713e-05
3.20492e-06
8.43255e-05
3.65885e-06
9.00145e-05
3.93518e-06
9.41879e-05
4.0377e-06
9.70932e-05
3.98987e-06
9.901e-05
3.82392e-06
0.000100201
3.57258e-06
0.000100888
3.2643e-06
0.00010124
2.92128e-06
0.000101383
2.5595e-06
0.000101402
2.1896e-06
0.000101354
1.81806e-06
0.000101276
1.44839e-06
0.00010119
1.08204e-06
0.00010111
7.19098e-07
0.000101045
3.58827e-07
0.000101
-3.35555e-16
0.000100977
-3.58827e-07
0.000100977
-7.19098e-07
0.000101
-1.08204e-06
0.000101045
-1.44839e-06
0.00010111
-1.81806e-06
0.00010119
-2.1896e-06
0.000101276
-2.5595e-06
0.000101354
-2.92128e-06
0.000101402
-3.2643e-06
0.000101383
-3.57258e-06
0.00010124
-3.82392e-06
0.000100888
-3.98987e-06
0.000100201
-4.0377e-06
9.901e-05
-3.93518e-06
9.70932e-05
-3.65885e-06
9.41879e-05
-3.20492e-06
9.00145e-05
-2.59978e-06
8.43255e-05
-1.90475e-06
7.69713e-05
-1.20956e-06
6.79703e-05
-6.11996e-07
5.75574e-05
-1.88485e-07
4.61848e-05
3.28907e-08
3.44631e-05
8.3196e-08
2.30587e-05
4.03965e-08
1.25813e-05
3.5135e-06
-5.17777e-08
3.56528e-06
-1.3505e-07
1.26646e-05
-1.62132e-07
2.30858e-05
-5.60029e-08
3.4357e-05
2.23986e-07
4.59048e-05
6.683e-07
5.71131e-05
1.22231e-06
6.74163e-05
1.80638e-06
7.63872e-05
2.34083e-06
8.37911e-05
2.76545e-06
8.95899e-05
3.04829e-06
9.3905e-05
3.18431e-06
9.69572e-05
3.18793e-06
9.90063e-05
3.0839e-06
0.000100305
2.89968e-06
0.000101072
2.66042e-06
0.00010148
2.38663e-06
0.000101657
2.09353e-06
0.000101696
1.79154e-06
0.000101656
1.48723e-06
0.00010158
1.18424e-06
0.000101493
8.84198e-07
0.00010141
5.87321e-07
0.000101342
2.92971e-07
0.000101295
-2.02368e-16
0.00010127
-2.92971e-07
0.00010127
-5.87321e-07
0.000101295
-8.84198e-07
0.000101342
-1.18424e-06
0.00010141
-1.48723e-06
0.000101493
-1.79154e-06
0.00010158
-2.09353e-06
0.000101656
-2.38663e-06
0.000101696
-2.66042e-06
0.000101657
-2.89968e-06
0.00010148
-3.0839e-06
0.000101072
-3.18793e-06
0.000100305
-3.18431e-06
9.90063e-05
-3.04829e-06
9.69572e-05
-2.76545e-06
9.3905e-05
-2.34083e-06
8.95899e-05
-1.80638e-06
8.37911e-05
-1.22231e-06
7.63872e-05
-6.683e-07
6.74163e-05
-2.23986e-07
5.71131e-05
5.60028e-08
4.59048e-05
1.62132e-07
3.4357e-05
1.3505e-07
2.30858e-05
5.17777e-08
1.26646e-05
3.56528e-06
-6.26885e-08
3.62796e-06
-1.83543e-07
1.27855e-05
-2.81864e-07
2.31841e-05
-2.81866e-07
3.4357e-05
-1.35205e-07
4.57582e-05
1.64322e-07
5.68136e-05
5.81385e-07
6.69992e-05
1.05347e-06
7.59151e-05
1.51157e-06
8.3333e-05
1.8984e-06
8.92031e-05
2.1785e-06
9.36249e-05
2.33968e-06
9.6796e-05
2.38823e-06
9.89578e-05
2.34164e-06
0.000100352
2.22188e-06
0.000101192
2.05045e-06
0.000101651
1.84566e-06
0.000101862
1.62161e-06
0.00010192
1.38825e-06
0.00010189
1.15203e-06
0.000101816
9.16642e-07
0.000101728
6.83805e-07
0.000101643
4.53865e-07
0.000101572
2.26283e-07
0.000101522
-6.2431e-17
0.000101496
-2.26283e-07
0.000101496
-4.53865e-07
0.000101522
-6.83805e-07
0.000101572
-9.16642e-07
0.000101643
-1.15203e-06
0.000101728
-1.38825e-06
0.000101816
-1.62161e-06
0.00010189
-1.84566e-06
0.00010192
-2.05045e-06
0.000101862
-2.22188e-06
0.000101651
-2.34164e-06
0.000101192
-2.38823e-06
0.000100352
-2.33968e-06
9.89578e-05
-2.1785e-06
9.6796e-05
-1.8984e-06
9.36249e-05
-1.51157e-06
8.92031e-05
-1.05347e-06
8.3333e-05
-5.81385e-07
7.59151e-05
-1.64322e-07
6.69992e-05
1.35205e-07
5.68136e-05
2.81866e-07
4.57582e-05
2.81864e-07
3.4357e-05
1.83543e-07
2.31841e-05
6.26885e-08
1.27855e-05
3.62796e-06
-7.31773e-08
3.70114e-06
-2.29295e-07
1.29416e-05
-3.93939e-07
2.33488e-05
-4.9251e-07
3.44556e-05
-4.70157e-07
4.57358e-05
-3.07079e-07
5.66505e-05
-2.14834e-08
6.67136e-05
3.39949e-07
7.55537e-05
7.18923e-07
8.2954e-05
1.06218e-06
8.88598e-05
1.33238e-06
9.33547e-05
1.51164e-06
9.66168e-05
1.59908e-06
9.88704e-05
1.60539e-06
0.000100345
1.547e-06
0.00010125
1.44151e-06
0.000101757
1.30471e-06
0.000101999
1.14928e-06
0.000102075
9.84448e-07
0.000102055
8.16372e-07
0.000101985
6.48697e-07
0.000101896
4.83186e-07
0.000101809
3.20279e-07
0.000101735
1.59537e-07
0.000101683
7.99303e-17
0.000101656
-1.59537e-07
0.000101656
-3.20279e-07
0.000101683
-4.83186e-07
0.000101735
-6.48697e-07
0.000101809
-8.16372e-07
0.000101896
-9.84448e-07
0.000101985
-1.14928e-06
0.000102055
-1.30471e-06
0.000102075
-1.44151e-06
0.000101999
-1.547e-06
0.000101757
-1.60539e-06
0.00010125
-1.59908e-06
0.000100345
-1.51164e-06
9.88704e-05
-1.33238e-06
9.66168e-05
-1.06218e-06
9.33547e-05
-7.18923e-07
8.88598e-05
-3.39949e-07
8.2954e-05
2.14834e-08
7.55537e-05
3.07079e-07
6.67136e-05
4.70157e-07
5.66505e-05
4.9251e-07
4.57358e-05
3.93939e-07
3.44556e-05
2.29295e-07
2.33488e-05
7.31772e-08
1.29416e-05
3.70114e-06
-8.32821e-08
3.78442e-06
-2.72867e-07
1.31312e-05
-5.00061e-07
2.3576e-05
-6.91121e-07
3.46466e-05
-7.85266e-07
4.583e-05
-7.50631e-07
5.66159e-05
-5.90192e-07
6.65532e-05
-3.36204e-07
7.52997e-05
-3.66792e-08
8.26545e-05
2.5972e-07
8.85634e-05
5.14928e-07
9.30995e-05
7.06587e-07
9.64251e-05
8.27608e-07
9.87493e-05
8.82389e-07
0.000100291
8.82023e-07
0.00010125
8.40069e-07
0.000101799
7.6961e-07
0.000102069
6.81646e-07
0.000102163
5.84499e-07
0.000102152
4.83887e-07
0.000102085
3.83302e-07
0.000101997
2.84504e-07
0.000101908
1.88001e-07
0.000101832
9.34519e-08
0.000101777
2.21556e-16
0.000101749
-9.34519e-08
0.000101749
-1.88001e-07
0.000101777
-2.84504e-07
0.000101832
-3.83302e-07
0.000101908
-4.83887e-07
0.000101997
-5.84499e-07
0.000102085
-6.81646e-07
0.000102152
-7.6961e-07
0.000102163
-8.40069e-07
0.000102069
-8.82023e-07
0.000101799
-8.82389e-07
0.00010125
-8.27608e-07
0.000100291
-7.06587e-07
9.87493e-05
-5.14928e-07
9.64251e-05
-2.5972e-07
9.30995e-05
3.66793e-08
8.85634e-05
3.36204e-07
8.26545e-05
5.90192e-07
7.52997e-05
7.50631e-07
6.65532e-05
7.85266e-07
5.66159e-05
6.91121e-07
4.583e-05
5.00061e-07
3.46466e-05
2.72867e-07
2.3576e-05
8.32821e-08
1.31312e-05
3.78442e-06
-9.30881e-08
3.87751e-06
-3.14936e-07
1.3353e-05
-6.02072e-07
2.38631e-05
-8.80993e-07
3.49256e-05
-1.08502e-06
4.6034e-05
-1.17123e-06
5.67021e-05
-1.12897e-06
6.65109e-05
-9.77602e-07
7.51483e-05
-7.5563e-07
8.24325e-05
-5.07035e-07
8.83148e-05
-2.69886e-07
9.28624e-05
-7.00234e-08
9.62252e-05
8.01352e-08
9.85992e-05
1.79297e-07
0.000100192
2.33483e-07
0.000101196
2.52271e-07
0.00010178
2.45927e-07
0.000102076
2.23626e-07
0.000102185
1.92625e-07
0.000102183
1.58083e-07
0.00010212
1.23255e-07
0.000102031
8.98522e-08
0.000101941
5.84245e-08
0.000101863
2.87222e-08
0.000101807
3.58133e-16
0.000101778
-2.87222e-08
0.000101778
-5.84245e-08
0.000101807
-8.98522e-08
0.000101863
-1.23255e-07
0.000101941
-1.58083e-07
0.000102031
-1.92625e-07
0.00010212
-2.23626e-07
0.000102183
-2.45927e-07
0.000102185
-2.52271e-07
0.000102076
-2.33483e-07
0.00010178
-1.79297e-07
0.000101196
-8.01352e-08
0.000100192
7.00234e-08
9.85992e-05
2.69886e-07
9.62252e-05
5.07035e-07
9.28624e-05
7.5563e-07
8.83148e-05
9.77602e-07
8.24325e-05
1.12897e-06
7.51483e-05
1.17123e-06
6.65109e-05
1.08502e-06
5.67021e-05
8.80993e-07
4.6034e-05
6.02072e-07
3.49256e-05
3.14936e-07
2.38631e-05
9.3088e-08
1.3353e-05
3.87751e-06
-1.02732e-07
3.98024e-06
-3.56442e-07
1.36067e-05
-7.02359e-07
2.4209e-05
-1.06621e-06
3.52894e-05
-1.37489e-06
4.63427e-05
-1.57493e-06
5.69021e-05
-1.64345e-06
6.65794e-05
-1.58848e-06
7.50934e-05
-1.44015e-06
8.22842e-05
-1.23809e-06
8.81128e-05
-1.02003e-06
9.26443e-05
-8.14557e-07
9.60198e-05
-6.38645e-07
9.84233e-05
-4.98663e-07
0.000100052
-3.93286e-07
0.000101091
-3.16755e-07
0.000101703
-2.61616e-07
0.00010202
-2.20581e-07
0.000102144
-1.87559e-07
0.00010215
-1.5803e-07
0.00010209
-1.29042e-07
0.000102002
-9.89765e-08
0.000101911
-6.72602e-08
0.000101831
-3.40576e-08
0.000101774
4.8727e-16
0.000101744
3.40576e-08
0.000101744
6.72602e-08
0.000101774
9.89765e-08
0.000101831
1.29042e-07
0.000101911
1.5803e-07
0.000102002
1.87559e-07
0.00010209
2.20581e-07
0.00010215
2.61616e-07
0.000102144
3.16755e-07
0.00010202
3.93286e-07
0.000101703
4.98663e-07
0.000101091
6.38645e-07
0.000100052
8.14557e-07
9.84233e-05
1.02003e-06
9.60198e-05
1.23809e-06
9.26443e-05
1.44015e-06
8.81128e-05
1.58848e-06
8.22842e-05
1.64345e-06
7.50934e-05
1.57493e-06
6.65794e-05
1.37489e-06
5.69021e-05
1.06621e-06
4.63427e-05
7.02359e-07
3.52894e-05
3.56442e-07
2.4209e-05
1.02732e-07
1.36067e-05
3.98024e-06
-1.12298e-07
4.09254e-06
-3.98178e-07
1.38926e-05
-8.03007e-07
2.46138e-05
-1.25033e-06
3.57367e-05
-1.65964e-06
4.6752e-05
-1.96704e-06
5.72095e-05
-2.13872e-06
6.67511e-05
-2.173e-06
7.51276e-05
-2.09298e-06
8.22041e-05
-1.93455e-06
8.79544e-05
-1.73504e-06
9.24448e-05
-1.52527e-06
9.581e-05
-1.32609e-06
9.82241e-05
-1.14832e-06
9.98738e-05
-9.94915e-07
0.000100937
-8.63688e-07
0.000101572
-7.49909e-07
0.000101907
-6.48185e-07
0.000102043
-5.53632e-07
0.000102055
-4.6243e-07
0.000101999
-3.71973e-07
0.000101912
-2.80774e-07
0.00010182
-1.8825e-07
0.000101739
-9.44867e-08
0.00010168
6.05761e-16
0.000101649
9.44867e-08
0.000101649
1.8825e-07
0.00010168
2.80774e-07
0.000101739
3.71973e-07
0.00010182
4.6243e-07
0.000101912
5.53632e-07
0.000101999
6.48185e-07
0.000102055
7.49909e-07
0.000102043
8.63688e-07
0.000101907
9.94915e-07
0.000101572
1.14832e-06
0.000100937
1.32609e-06
9.98738e-05
1.52527e-06
9.82241e-05
1.73504e-06
9.581e-05
1.93455e-06
9.24448e-05
2.09298e-06
8.79544e-05
2.173e-06
8.22041e-05
2.13872e-06
7.51276e-05
1.96704e-06
6.67511e-05
1.65964e-06
5.72095e-05
1.25033e-06
4.6752e-05
8.03007e-07
3.57367e-05
3.98178e-07
2.46138e-05
1.12298e-07
1.38926e-05
4.09254e-06
-1.21962e-07
4.2145e-06
-4.41264e-07
1.42119e-05
-9.0666e-07
2.50792e-05
-1.43755e-06
3.62676e-05
-1.94451e-06
4.72589e-05
-2.35322e-06
5.76182e-05
-2.6201e-06
6.7018e-05
-2.73558e-06
7.52431e-05
-2.71721e-06
8.21858e-05
-2.59805e-06
8.78352e-05
-2.41513e-06
9.22619e-05
-2.20119e-06
9.5596e-05
-1.98032e-06
9.80032e-05
-1.76725e-06
9.96607e-05
-1.56872e-06
0.000100739
-1.38582e-06
0.000101389
-1.21639e-06
0.000101737
-1.05686e-06
0.000101883
-9.03569e-07
0.000101902
-7.5342e-07
0.000101849
-6.04186e-07
0.000101763
-4.54528e-07
0.00010167
-3.03872e-07
0.000101588
-1.5223e-07
0.000101528
7.12025e-16
0.000101497
1.5223e-07
0.000101497
3.03872e-07
0.000101528
4.54528e-07
0.000101588
6.04186e-07
0.00010167
7.5342e-07
0.000101763
9.03569e-07
0.000101849
1.05686e-06
0.000101902
1.21639e-06
0.000101883
1.38582e-06
0.000101737
1.56872e-06
0.000101389
1.76725e-06
0.000100739
1.98032e-06
9.96607e-05
2.20119e-06
9.80032e-05
2.41513e-06
9.5596e-05
2.59805e-06
9.22619e-05
2.71721e-06
8.78352e-05
2.73558e-06
8.21858e-05
2.6201e-06
7.52431e-05
2.35322e-06
6.7018e-05
1.94451e-06
5.76182e-05
1.43755e-06
4.72589e-05
9.0666e-07
3.62676e-05
4.41264e-07
2.50792e-05
1.21962e-07
1.42119e-05
4.2145e-06
-1.31973e-07
4.34648e-06
-4.87135e-07
1.45671e-05
-1.01646e-06
2.56086e-05
-1.63251e-06
3.68837e-05
-2.23502e-06
4.78615e-05
-2.7391e-06
5.81223e-05
-3.0928e-06
6.73717e-05
-3.28057e-06
7.54309e-05
-3.3161e-06
8.22213e-05
-3.23062e-06
8.77497e-05
-3.06119e-06
9.20924e-05
-2.84217e-06
9.5377e-05
-2.60044e-06
9.77615e-05
-2.35403e-06
9.94143e-05
-2.11299e-06
0.000100498
-1.88135e-06
0.000101157
-1.65929e-06
0.000101515
-1.44499e-06
0.000101669
-1.23595e-06
0.000101693
-1.02981e-06
0.000101643
-8.24727e-07
0.000101558
-6.19527e-07
0.000101465
-4.13655e-07
0.000101382
-2.07052e-07
0.000101322
8.04181e-16
0.00010129
2.07052e-07
0.00010129
4.13655e-07
0.000101322
6.19527e-07
0.000101382
8.24727e-07
0.000101465
1.02981e-06
0.000101558
1.23595e-06
0.000101643
1.44499e-06
0.000101693
1.65929e-06
0.000101669
1.88135e-06
0.000101515
2.11299e-06
0.000101157
2.35403e-06
0.000100498
2.60044e-06
9.94143e-05
2.84217e-06
9.77615e-05
3.06119e-06
9.5377e-05
3.23062e-06
9.20924e-05
3.3161e-06
8.77497e-05
3.28057e-06
8.22213e-05
3.0928e-06
7.54309e-05
2.7391e-06
6.73717e-05
2.23502e-06
5.81223e-05
1.63251e-06
4.78615e-05
1.01646e-06
3.68837e-05
4.87135e-07
2.56086e-05
1.31973e-07
1.45671e-05
4.34648e-06
-1.42707e-07
4.48918e-06
-5.37674e-07
1.4962e-05
-1.13619e-06
2.62071e-05
-1.84039e-06
3.75879e-05
-2.53686e-06
4.85579e-05
-3.1302e-06
5.87156e-05
-3.56171e-06
6.78032e-05
-3.81202e-06
7.56812e-05
-3.89279e-06
8.23021e-05
-3.83445e-06
8.76914e-05
-3.67447e-06
9.19325e-05
-3.44868e-06
9.51512e-05
-3.18628e-06
9.74991e-05
-2.90803e-06
9.9136e-05
-2.62681e-06
0.000100217
-2.34922e-06
0.00010088
-2.07755e-06
0.000101244
-1.81158e-06
0.000101403
-1.5499e-06
0.000101431
-1.29085e-06
0.000101384
-1.033e-06
0.0001013
-7.75325e-07
0.000101207
-5.17302e-07
0.000101124
-2.58806e-07
0.000101063
8.81577e-16
0.000101031
2.58806e-07
0.000101031
5.17302e-07
0.000101063
7.75325e-07
0.000101124
1.033e-06
0.000101207
1.29085e-06
0.0001013
1.5499e-06
0.000101384
1.81158e-06
0.000101431
2.07755e-06
0.000101403
2.34922e-06
0.000101244
2.62681e-06
0.00010088
2.90803e-06
0.000100217
3.18628e-06
9.9136e-05
3.44868e-06
9.74991e-05
3.67447e-06
9.51512e-05
3.83445e-06
9.19325e-05
3.89279e-06
8.76914e-05
3.81202e-06
8.23021e-05
3.56171e-06
7.56812e-05
3.1302e-06
6.78032e-05
2.53686e-06
5.87156e-05
1.84039e-06
4.85579e-05
1.13619e-06
3.75879e-05
5.37674e-07
2.62071e-05
1.42707e-07
1.4962e-05
4.48918e-06
-1.54735e-07
4.64392e-06
-5.95404e-07
1.54027e-05
-1.2705e-06
2.68822e-05
-2.067e-06
3.83844e-05
-2.85592e-06
4.93468e-05
-3.53175e-06
5.93915e-05
-4.03123e-06
6.83027e-05
-4.3335e-06
7.59835e-05
-4.45005e-06
8.24186e-05
-4.41162e-06
8.76529e-05
-4.25642e-06
9.17773e-05
-4.02159e-06
9.49164e-05
-3.73818e-06
9.72157e-05
-3.42922e-06
9.88271e-05
-3.10991e-06
9.98974e-05
-2.78902e-06
0.000100559
-2.47069e-06
0.000100925
-2.15613e-06
0.000101088
-1.84496e-06
0.00010112
-1.53617e-06
0.000101075
-1.22869e-06
0.000100992
-9.21693e-07
0.0001009
-6.14665e-07
0.000100817
-3.07418e-07
0.000100756
9.43342e-16
0.000100724
3.07418e-07
0.000100724
6.14665e-07
0.000100756
9.21693e-07
0.000100817
1.22869e-06
0.0001009
1.53617e-06
0.000100992
1.84496e-06
0.000101075
2.15613e-06
0.00010112
2.47069e-06
0.000101088
2.78902e-06
0.000100925
3.10991e-06
0.000100559
3.42922e-06
9.98974e-05
3.73818e-06
9.88271e-05
4.02159e-06
9.72157e-05
4.25642e-06
9.49164e-05
4.41162e-06
9.17773e-05
4.45005e-06
8.76529e-05
4.3335e-06
8.24186e-05
4.03123e-06
7.59835e-05
3.53175e-06
6.83027e-05
2.85592e-06
5.93915e-05
2.067e-06
4.93468e-05
1.2705e-06
3.83844e-05
5.95404e-07
2.68822e-05
1.54735e-07
1.54027e-05
4.64392e-06
-1.68948e-07
4.81287e-06
-6.6374e-07
1.58975e-05
-1.42506e-06
2.76435e-05
-2.31879e-06
3.92781e-05
-3.19805e-06
5.02261e-05
-3.94849e-06
6.01419e-05
-4.50498e-06
6.88592e-05
-4.84783e-06
7.63263e-05
-4.99014e-06
8.2561e-05
-4.96394e-06
8.76267e-05
-4.80844e-06
9.16218e-05
-4.56191e-06
9.46699e-05
-4.25684e-06
9.69106e-05
-3.918e-06
9.84882e-05
-3.56244e-06
9.95418e-05
-3.20076e-06
0.000100197
-2.83864e-06
0.000100563
-2.47855e-06
0.000100728
-2.12102e-06
0.000100762
-1.76566e-06
0.000100719
-1.41173e-06
0.000100638
-1.05858e-06
0.000100547
-7.05706e-07
0.000100464
-3.52869e-07
0.000100403
9.89281e-16
0.000100371
3.52869e-07
0.000100371
7.05706e-07
0.000100403
1.05858e-06
0.000100464
1.41173e-06
0.000100547
1.76566e-06
0.000100638
2.12102e-06
0.000100719
2.47855e-06
0.000100762
2.83864e-06
0.000100728
3.20076e-06
0.000100563
3.56244e-06
0.000100197
3.918e-06
9.95418e-05
4.25684e-06
9.84882e-05
4.56191e-06
9.69106e-05
4.80844e-06
9.46699e-05
4.96394e-06
9.16218e-05
4.99014e-06
8.76267e-05
4.84783e-06
8.2561e-05
4.50498e-06
7.63263e-05
3.94849e-06
6.88592e-05
3.19805e-06
6.01419e-05
2.31879e-06
5.02261e-05
1.42506e-06
3.92781e-05
6.6374e-07
2.76435e-05
1.68948e-07
1.58975e-05
4.81287e-06
-1.86743e-07
4.99961e-06
-7.4733e-07
1.64581e-05
-1.60682e-06
2.8503e-05
-2.60277e-06
4.02741e-05
-3.56888e-06
5.11922e-05
-4.38438e-06
6.09574e-05
-4.98565e-06
6.94604e-05
-5.35692e-06
7.66976e-05
-5.51461e-06
8.27186e-05
-5.49275e-06
8.76049e-05
-5.33172e-06
9.14607e-05
-5.07067e-06
9.44088e-05
-4.74309e-06
9.6583e-05
-4.37501e-06
9.81202e-05
-3.98491e-06
9.91517e-05
-3.58479e-06
9.97972e-05
-3.18165e-06
0.00010016
-2.77903e-06
0.000100325
-2.37824e-06
0.000100362
-1.97943e-06
0.000100321
-1.58221e-06
0.000100241
-1.18605e-06
0.000100151
-7.90475e-07
0.000100069
-3.95186e-07
0.000100008
1.01903e-15
9.99758e-05
3.95186e-07
9.99758e-05
7.90475e-07
0.000100008
1.18605e-06
0.000100069
1.58221e-06
0.000100151
1.97943e-06
0.000100241
2.37824e-06
0.000100321
2.77903e-06
0.000100362
3.18165e-06
0.000100325
3.58479e-06
0.00010016
3.98491e-06
9.97972e-05
4.37501e-06
9.91517e-05
4.74309e-06
9.81202e-05
5.07067e-06
9.6583e-05
5.33172e-06
9.44088e-05
5.49275e-06
9.14607e-05
5.51461e-06
8.76049e-05
5.35692e-06
8.27186e-05
4.98565e-06
7.66976e-05
4.38438e-06
6.94604e-05
3.56888e-06
6.09574e-05
2.60277e-06
5.11922e-05
1.60682e-06
4.02741e-05
7.4733e-07
2.8503e-05
1.86743e-07
1.64581e-05
4.99961e-06
-2.10323e-07
5.20993e-06
-8.52477e-07
1.71002e-05
-1.82406e-06
2.94746e-05
-2.92631e-06
4.13763e-05
-3.97344e-06
5.22393e-05
-4.84222e-06
6.18262e-05
-5.47467e-06
7.00929e-05
-5.86162e-06
7.70845e-05
-6.02418e-06
8.28812e-05
-5.99886e-06
8.75795e-05
-5.82715e-06
9.1289e-05
-5.54878e-06
9.41304e-05
-5.1978e-06
9.62321e-05
-4.80103e-06
9.77234e-05
-4.37795e-06
9.87286e-05
-3.94166e-06
9.93609e-05
-3.50019e-06
9.97185e-05
-3.05794e-06
9.98832e-05
-2.61692e-06
9.99207e-05
-2.17776e-06
9.98815e-05
-1.74034e-06
9.98037e-05
-1.30426e-06
9.97147e-05
-8.69077e-07
9.96337e-05
-4.34421e-07
9.95734e-05
1.03223e-15
9.95414e-05
4.34421e-07
9.95414e-05
8.69077e-07
9.95734e-05
1.30426e-06
9.96337e-05
1.74034e-06
9.97147e-05
2.17776e-06
9.98037e-05
2.61692e-06
9.98815e-05
3.05794e-06
9.99207e-05
3.50019e-06
9.98832e-05
3.94166e-06
9.97185e-05
4.37795e-06
9.93609e-05
4.80103e-06
9.87286e-05
5.1978e-06
9.77234e-05
5.54878e-06
9.62321e-05
5.82715e-06
9.41304e-05
5.99886e-06
9.1289e-05
6.02418e-06
8.75795e-05
5.86162e-06
8.28812e-05
5.47467e-06
7.70845e-05
4.84222e-06
7.00929e-05
3.97344e-06
6.18262e-05
2.92631e-06
5.22393e-05
1.82406e-06
4.13763e-05
8.52477e-07
2.94746e-05
2.10323e-07
1.71002e-05
5.20993e-06
-2.43132e-07
5.45307e-06
-9.87618e-07
1.78447e-05
-2.08648e-06
3.05734e-05
-3.29668e-06
4.25865e-05
-4.41556e-06
5.33582e-05
-5.32325e-06
6.27339e-05
-5.97196e-06
7.07416e-05
-6.36155e-06
7.74741e-05
-6.51868e-06
8.30383e-05
-6.48247e-06
8.75433e-05
-6.29526e-06
9.11018e-05
-5.99694e-06
9.38321e-05
-5.62174e-06
9.58569e-05
-5.19683e-06
9.72985e-05
-4.74231e-06
9.82741e-05
-4.27203e-06
9.88906e-05
-3.79481e-06
9.92413e-05
-3.31577e-06
9.94042e-05
-2.83749e-06
9.94424e-05
-2.36098e-06
9.9405e-05
-1.88639e-06
9.93291e-05
-1.41342e-06
9.92418e-05
-9.41654e-07
9.91619e-05
-4.70645e-07
9.91023e-05
1.02857e-15
9.90707e-05
4.70645e-07
9.90707e-05
9.41654e-07
9.91023e-05
1.41342e-06
9.91619e-05
1.88639e-06
9.92418e-05
2.36098e-06
9.93291e-05
2.83749e-06
9.9405e-05
3.31577e-06
9.94424e-05
3.79481e-06
9.94042e-05
4.27203e-06
9.92413e-05
4.74231e-06
9.88906e-05
5.19683e-06
9.82741e-05
5.62174e-06
9.72985e-05
5.99694e-06
9.58569e-05
6.29526e-06
9.38321e-05
6.48247e-06
9.11018e-05
6.51868e-06
8.75433e-05
6.36155e-06
8.30383e-05
5.97196e-06
7.74741e-05
5.32325e-06
7.07416e-05
4.41556e-06
6.27339e-05
3.29668e-06
5.33582e-05
2.08648e-06
4.25865e-05
9.87618e-07
3.05734e-05
2.43132e-07
1.78447e-05
5.45307e-06
-2.90489e-07
5.74356e-06
-1.16378e-06
1.8718e-05
-2.40477e-06
3.18144e-05
-3.72025e-06
4.3902e-05
-4.89712e-06
5.45351e-05
-5.82665e-06
6.36634e-05
-6.47575e-06
7.13907e-05
-6.85506e-06
7.78534e-05
-6.99705e-06
8.31803e-05
-6.94315e-06
8.74894e-05
-6.73614e-06
9.08948e-05
-6.41563e-06
9.35116e-05
-6.01559e-06
9.54568e-05
-5.56315e-06
9.6846e-05
-5.0787e-06
9.77897e-05
-4.57656e-06
9.83885e-05
-4.06612e-06
9.87308e-05
-3.55305e-06
9.88911e-05
-3.04039e-06
9.89297e-05
-2.52948e-06
9.88941e-05
-2.02068e-06
9.88203e-05
-1.51378e-06
9.87349e-05
-1.00837e-06
9.86565e-05
-5.03939e-07
9.85979e-05
1.00709e-15
9.85668e-05
5.03939e-07
9.85668e-05
1.00837e-06
9.85979e-05
1.51378e-06
9.86565e-05
2.02068e-06
9.87349e-05
2.52948e-06
9.88203e-05
3.04039e-06
9.88941e-05
3.55305e-06
9.89297e-05
4.06612e-06
9.88911e-05
4.57656e-06
9.87308e-05
5.0787e-06
9.83885e-05
5.56315e-06
9.77897e-05
6.01559e-06
9.6846e-05
6.41563e-06
9.54568e-05
6.73614e-06
9.35116e-05
6.94315e-06
9.08948e-05
6.99705e-06
8.74894e-05
6.85506e-06
8.31803e-05
6.47575e-06
7.78534e-05
5.82665e-06
7.13907e-05
4.89712e-06
6.36634e-05
3.72025e-06
5.45351e-05
2.40477e-06
4.3902e-05
1.16378e-06
3.18144e-05
2.90489e-07
1.8718e-05
5.74356e-06
-3.60428e-07
6.10398e-06
-1.39484e-06
1.97524e-05
-2.78979e-06
3.32094e-05
-4.20122e-06
4.53134e-05
-5.41716e-06
5.5751e-05
-6.34902e-06
6.45953e-05
-6.98234e-06
7.2024e-05
-7.33916e-06
7.82103e-05
-7.45734e-06
8.32985e-05
-7.3799e-06
8.7412e-05
-7.14949e-06
9.06644e-05
-6.80503e-06
9.31672e-05
-6.37979e-06
9.50316e-05
-5.90058e-06
9.63668e-05
-5.38776e-06
9.72768e-05
-4.85589e-06
9.78566e-05
-4.31472e-06
9.81897e-05
-3.77032e-06
9.83467e-05
-3.2261e-06
9.83855e-05
-2.68366e-06
9.83517e-05
-2.14352e-06
9.82802e-05
-1.60556e-06
9.81969e-05
-1.06937e-06
9.81203e-05
-5.34384e-07
9.80629e-05
9.67459e-16
9.80324e-05
5.34384e-07
9.80324e-05
1.06937e-06
9.80629e-05
1.60556e-06
9.81203e-05
2.14352e-06
9.81969e-05
2.68366e-06
9.82802e-05
3.2261e-06
9.83517e-05
3.77032e-06
9.83855e-05
4.31472e-06
9.83467e-05
4.85589e-06
9.81897e-05
5.38776e-06
9.78566e-05
5.90058e-06
9.72768e-05
6.37979e-06
9.63668e-05
6.80503e-06
9.50316e-05
7.14949e-06
9.31672e-05
7.3799e-06
9.06644e-05
7.45734e-06
8.7412e-05
7.33916e-06
8.32985e-05
6.98234e-06
7.82103e-05
6.34902e-06
7.2024e-05
5.41716e-06
6.45953e-05
4.20122e-06
5.5751e-05
2.78979e-06
4.53134e-05
1.39484e-06
3.32094e-05
3.60428e-07
1.97524e-05
6.10398e-06
-4.64822e-07
6.56881e-06
-1.69727e-06
2.09849e-05
-3.25087e-06
3.4763e-05
-4.73997e-06
4.68025e-05
-5.97079e-06
5.69819e-05
-6.88407e-06
6.55086e-05
-7.4861e-06
7.2626e-05
-7.80969e-06
7.85338e-05
-7.89679e-06
8.33856e-05
-7.79115e-06
8.73063e-05
-7.53464e-06
9.04079e-05
-7.16502e-06
9.27976e-05
-6.71462e-06
9.45812e-05
-6.20959e-06
9.58618e-05
-5.67004e-06
9.67373e-05
-5.11057e-06
9.72971e-05
-4.54114e-06
9.76202e-05
-3.96808e-06
9.77736e-05
-3.39504e-06
9.78125e-05
-2.82388e-06
9.77805e-05
-2.25522e-06
9.77115e-05
-1.68901e-06
9.76307e-05
-1.12483e-06
9.75562e-05
-5.6206e-07
9.75002e-05
9.0827e-16
9.74704e-05
5.6206e-07
9.74704e-05
1.12483e-06
9.75002e-05
1.68901e-06
9.75562e-05
2.25522e-06
9.76307e-05
2.82388e-06
9.77115e-05
3.39504e-06
9.77805e-05
3.96808e-06
9.78125e-05
4.54114e-06
9.77736e-05
5.11057e-06
9.76202e-05
5.67004e-06
9.72971e-05
6.20959e-06
9.67373e-05
6.71462e-06
9.58618e-05
7.16502e-06
9.45812e-05
7.53464e-06
9.27976e-05
7.79115e-06
9.04079e-05
7.89679e-06
8.73063e-05
7.80969e-06
8.33856e-05
7.4861e-06
7.85338e-05
6.88407e-06
7.2626e-05
5.97079e-06
6.55086e-05
4.73997e-06
5.69819e-05
3.25087e-06
4.68025e-05
1.69727e-06
3.4763e-05
4.64822e-07
2.09849e-05
6.56881e-06
-6.20826e-07
7.18963e-06
-2.08884e-06
2.24529e-05
-3.79294e-06
3.64671e-05
-5.33081e-06
4.83404e-05
-6.54828e-06
5.81993e-05
-7.42236e-06
6.63826e-05
-7.97961e-06
7.31833e-05
-8.26138e-06
7.88156e-05
-8.31202e-06
8.34362e-05
-8.17489e-06
8.71692e-05
-7.89053e-06
9.01235e-05
-7.49524e-06
9.24023e-05
-7.02009e-06
9.4106e-05
-6.49044e-06
9.53321e-05
-5.92595e-06
9.61728e-05
-5.34108e-06
9.67123e-05
-4.74585e-06
9.7025e-05
-4.14675e-06
9.71745e-05
-3.54763e-06
9.72133e-05
-2.95049e-06
9.71834e-05
-2.35606e-06
9.71171e-05
-1.76435e-06
9.7039e-05
-1.1749e-06
9.69667e-05
-5.87043e-07
9.69123e-05
8.30099e-16
9.68833e-05
5.87043e-07
9.68833e-05
1.1749e-06
9.69123e-05
1.76435e-06
9.69667e-05
2.35606e-06
9.7039e-05
2.95049e-06
9.71171e-05
3.54763e-06
9.71834e-05
4.14675e-06
9.72133e-05
4.74585e-06
9.71745e-05
5.34108e-06
9.7025e-05
5.92595e-06
9.67123e-05
6.49044e-06
9.61728e-05
7.02009e-06
9.53321e-05
7.49524e-06
9.4106e-05
7.89053e-06
9.24023e-05
8.17489e-06
9.01235e-05
8.31202e-06
8.71692e-05
8.26138e-06
8.34362e-05
7.97961e-06
7.88156e-05
7.42236e-06
7.31833e-05
6.54828e-06
6.63826e-05
5.33081e-06
5.81993e-05
3.79294e-06
4.83404e-05
2.08884e-06
3.64671e-05
6.20826e-07
2.24529e-05
7.18963e-06
-8.51886e-07
8.04152e-06
-2.58453e-06
2.41855e-05
-4.41174e-06
3.82943e-05
-5.95946e-06
4.98881e-05
-7.13434e-06
5.93742e-05
-7.95147e-06
6.71998e-05
-8.45387e-06
7.36857e-05
-8.68812e-06
7.90499e-05
-8.69902e-06
8.34471e-05
-8.52865e-06
8.69988e-05
-8.21575e-06
8.98106e-05
-7.79494e-06
9.19815e-05
-7.29594e-06
9.3607e-05
-6.74315e-06
9.47794e-05
-6.15567e-06
9.55853e-05
-5.54767e-06
9.61043e-05
-4.92915e-06
9.64065e-05
-4.30667e-06
9.65521e-05
-3.68417e-06
9.65909e-05
-3.06377e-06
9.6563e-05
-2.44629e-06
9.64996e-05
-1.83175e-06
9.64245e-05
-1.21969e-06
9.63546e-05
-6.09395e-07
9.6302e-05
7.32848e-16
9.62739e-05
6.09395e-07
9.62739e-05
1.21969e-06
9.6302e-05
1.83175e-06
9.63546e-05
2.44629e-06
9.64245e-05
3.06377e-06
9.64996e-05
3.68417e-06
9.6563e-05
4.30667e-06
9.65909e-05
4.92915e-06
9.65521e-05
5.54767e-06
9.64065e-05
6.15567e-06
9.61043e-05
6.74315e-06
9.55853e-05
7.29594e-06
9.47794e-05
7.79494e-06
9.3607e-05
8.21575e-06
9.19815e-05
8.52865e-06
8.98106e-05
8.69902e-06
8.69988e-05
8.68812e-06
8.34471e-05
8.45387e-06
7.90499e-05
7.95147e-06
7.36857e-05
7.13434e-06
6.71998e-05
5.95946e-06
5.93742e-05
4.41174e-06
4.98881e-05
2.58453e-06
3.82943e-05
8.51886e-07
2.41855e-05
8.04152e-06
-1.18286e-06
9.22438e-06
-3.18502e-06
2.61877e-05
-5.08566e-06
4.01949e-05
-6.59975e-06
5.14022e-05
-7.70739e-06
6.04818e-05
-8.4559e-06
6.79483e-05
-8.89834e-06
7.41281e-05
-9.08286e-06
7.92344e-05
-9.05313e-06
8.34174e-05
-8.84938e-06
8.67951e-05
-8.50838e-06
8.94696e-05
-8.063e-06
9.15361e-05
-7.54158e-06
9.30856e-05
-6.96749e-06
9.42053e-05
-6.35918e-06
9.4977e-05
-5.7305e-06
9.54756e-05
-5.09128e-06
9.57673e-05
-4.44808e-06
9.59089e-05
-3.80493e-06
9.59477e-05
-3.16398e-06
9.5922e-05
-2.52612e-06
9.58618e-05
-1.8914e-06
9.57897e-05
-1.25934e-06
9.57226e-05
-6.29178e-07
9.56718e-05
6.21368e-16
9.56447e-05
6.29178e-07
9.56447e-05
1.25934e-06
9.56718e-05
1.8914e-06
9.57226e-05
2.52612e-06
9.57897e-05
3.16398e-06
9.58618e-05
3.80493e-06
9.5922e-05
4.44808e-06
9.59477e-05
5.09128e-06
9.59089e-05
5.7305e-06
9.57673e-05
6.35918e-06
9.54756e-05
6.96749e-06
9.4977e-05
7.54158e-06
9.42053e-05
8.063e-06
9.30856e-05
8.50838e-06
9.15361e-05
8.84938e-06
8.94696e-05
9.05313e-06
8.67951e-05
9.08286e-06
8.34174e-05
8.89834e-06
7.92344e-05
8.4559e-06
7.41281e-05
7.70739e-06
6.79483e-05
6.59975e-06
6.04818e-05
5.08566e-06
5.14022e-05
3.18502e-06
4.01949e-05
1.18286e-06
2.61877e-05
9.22438e-06
-1.62028e-06
1.08447e-05
-3.85698e-06
2.84244e-05
-5.76867e-06
4.21066e-05
-7.21379e-06
5.28473e-05
-8.24156e-06
6.15096e-05
-8.91897e-06
6.86257e-05
-9.30226e-06
7.45114e-05
-9.43861e-06
7.93707e-05
-9.36988e-06
8.33487e-05
-9.1343e-06
8.65595e-05
-8.76684e-06
8.91022e-05
-8.2987e-06
9.1068e-05
-7.75687e-06
9.25438e-05
-7.16374e-06
9.36121e-05
-6.53705e-06
9.43503e-05
-5.89027e-06
9.48288e-05
-5.23301e-06
9.511e-05
-4.57179e-06
9.52476e-05
-3.91064e-06
9.52865e-05
-3.25177e-06
9.52631e-05
-2.59611e-06
9.52061e-05
-1.94372e-06
9.51374e-05
-1.29413e-06
9.5073e-05
-6.46546e-07
9.50243e-05
5.03487e-16
9.49982e-05
6.46546e-07
9.49982e-05
1.29413e-06
9.50243e-05
1.94372e-06
9.5073e-05
2.59611e-06
9.51374e-05
3.25177e-06
9.52061e-05
3.91064e-06
9.52631e-05
4.57179e-06
9.52865e-05
5.23301e-06
9.52476e-05
5.89027e-06
9.511e-05
6.53705e-06
9.48288e-05
7.16374e-06
9.43503e-05
7.75687e-06
9.36121e-05
8.2987e-06
9.25438e-05
8.76684e-06
9.1068e-05
9.1343e-06
8.91022e-05
9.36988e-06
8.65595e-05
9.43861e-06
8.33487e-05
9.30226e-06
7.93707e-05
8.91897e-06
7.45114e-05
8.24156e-06
6.86257e-05
7.21379e-06
6.15096e-05
5.76867e-06
5.28473e-05
3.85698e-06
4.21066e-05
1.62028e-06
2.84244e-05
1.08447e-05
-2.1169e-06
1.29616e-05
-4.53677e-06
3.08443e-05
-6.4064e-06
4.39762e-05
-7.76884e-06
5.42098e-05
-8.71939e-06
6.24602e-05
-9.33165e-06
6.9238e-05
-9.66109e-06
7.48408e-05
-9.75337e-06
7.9463e-05
-9.64878e-06
8.32441e-05
-9.38402e-06
8.62948e-05
-8.99248e-06
8.87106e-05
-8.50392e-06
9.05794e-05
-7.9441e-06
9.19839e-05
-7.33441e-06
9.30024e-05
-6.69192e-06
9.37078e-05
-6.02962e-06
9.41665e-05
-5.35691e-06
9.44373e-05
-4.68019e-06
9.45709e-05
-4.00349e-06
9.46098e-05
-3.32904e-06
9.45887e-05
-2.65782e-06
9.45349e-05
-1.98992e-06
9.44695e-05
-1.32488e-06
9.4408e-05
-6.61903e-07
9.43613e-05
3.96673e-16
9.43363e-05
6.61903e-07
9.43363e-05
1.32488e-06
9.43613e-05
1.98992e-06
9.4408e-05
2.65782e-06
9.44695e-05
3.32904e-06
9.45349e-05
4.00349e-06
9.45887e-05
4.68019e-06
9.46098e-05
5.35691e-06
9.45709e-05
6.02962e-06
9.44373e-05
6.69192e-06
9.41665e-05
7.33441e-06
9.37078e-05
7.9441e-06
9.30024e-05
8.50392e-06
9.19839e-05
8.99248e-06
9.05794e-05
9.38402e-06
8.87106e-05
9.64878e-06
8.62948e-05
9.75337e-06
8.32441e-05
9.66109e-06
7.9463e-05
9.33165e-06
7.48408e-05
8.71939e-06
6.9238e-05
7.76884e-06
6.24602e-05
6.4064e-06
5.42098e-05
4.53677e-06
4.39762e-05
2.1169e-06
3.08443e-05
1.29616e-05
-2.94766e-06
-5.35229e-06
-7.09497e-06
-8.3482e-06
-9.20805e-06
-9.7449e-06
-1.00117e-05
-1.00526e-05
-9.90636e-06
-9.60821e-06
-9.18995e-06
-8.67981e-06
-8.10208e-06
-7.47694e-06
-6.8205e-06
-6.14508e-06
-5.45961e-06
-4.77023e-06
-4.08083e-06
-3.39361e-06
-2.70955e-06
-2.02874e-06
-1.35076e-06
-6.74836e-07
3.35037e-16
6.74836e-07
1.35076e-06
2.02874e-06
2.70955e-06
3.39361e-06
4.08083e-06
4.77023e-06
5.45961e-06
6.14508e-06
6.8205e-06
7.47694e-06
8.10208e-06
8.67981e-06
9.18995e-06
9.60821e-06
9.90636e-06
1.00526e-05
1.00117e-05
9.7449e-06
9.20805e-06
8.3482e-06
7.09497e-06
5.35229e-06
2.94766e-06
)
;

boundaryField
{
    left
    {
        type            calculated;
        value           uniform 0;
    }
    right
    {
        type            calculated;
        value           uniform 0;
    }
    up
    {
        type            calculated;
        value           nonuniform List<scalar> 
50
(
1.59092e-05
3.32489e-05
4.57189e-05
5.5463e-05
6.332e-05
6.97748e-05
7.51077e-05
7.95039e-05
8.30979e-05
8.59966e-05
8.82923e-05
9.00693e-05
9.14062e-05
9.23773e-05
9.30514e-05
9.34911e-05
9.37518e-05
9.38815e-05
9.39204e-05
9.39015e-05
9.38508e-05
9.37886e-05
9.373e-05
9.36854e-05
9.36615e-05
9.36615e-05
9.36854e-05
9.373e-05
9.37886e-05
9.38508e-05
9.39015e-05
9.39204e-05
9.38815e-05
9.37518e-05
9.34911e-05
9.30514e-05
9.23773e-05
9.14062e-05
9.00693e-05
8.82923e-05
8.59966e-05
8.30979e-05
7.95039e-05
7.51077e-05
6.97748e-05
6.332e-05
5.5463e-05
4.57189e-05
3.32489e-05
1.59092e-05
)
;
    }
    down
    {
        type            calculated;
        value           nonuniform List<scalar> 
50
(
-8e-05
-8e-05
-8e-05
-8e-05
-8e-05
-8e-05
-8e-05
-8e-05
-8e-05
-8e-05
-8e-05
-8e-05
-8e-05
-8e-05
-8e-05
-8e-05
-8e-05
-8e-05
-8e-05
-8e-05
-8e-05
-8e-05
-8e-05
-8e-05
-8e-05
-8e-05
-8e-05
-8e-05
-8e-05
-8e-05
-8e-05
-8e-05
-8e-05
-8e-05
-8e-05
-8e-05
-8e-05
-8e-05
-8e-05
-8e-05
-8e-05
-8e-05
-8e-05
-8e-05
-8e-05
-8e-05
-8e-05
-8e-05
-8e-05
-8e-05
)
;
    }
    frontAndBack
    {
        type            empty;
        value           nonuniform 0();
    }
}


// ************************************************************************* //
