/*--------------------------------*- C++ -*----------------------------------*\
  =========                 |
  \\      /  F ield         | OpenFOAM: The Open Source CFD Toolbox
   \\    /   O peration     | Website:  https://openfoam.org
    \\  /    A nd           | Version:  6
     \\/     M anipulation  |
\*---------------------------------------------------------------------------*/
FoamFile
{
    version     2.0;
    format      ascii;
    class       volVectorField;
    location    "3200";
    object      U;
}
// * * * * * * * * * * * * * * * * * * * * * * * * * * * * * * * * * * * * * //

dimensions      [0 1 -1 0 0 0 0];

internalField   nonuniform List<vector> 
2500
(
(-0.0135679 0.342187 0)
(0.00857192 0.406104 0)
(0.00755859 0.401935 -1.28857e-19)
(0.00475247 0.400531 1.29397e-19)
(0.00324441 0.400231 0)
(0.0024003 0.40013 0)
(0.00189503 0.40009 0)
(0.00156856 0.400069 0)
(0.0013403 0.400055 0)
(0.0011698 0.400045 0)
(0.00103513 0.400038 3.58622e-20)
(0.000923452 0.400032 -7.05193e-20)
(0.000826988 0.400027 3.46486e-20)
(0.000740904 0.400023 -3.23088e-20)
(0.000662114 0.400019 3.23941e-20)
(0.000588604 0.400016 0)
(0.000519022 0.400014 0)
(0.000452434 0.400011 1.45629e-20)
(0.000388169 0.40001 -1.45936e-20)
(0.000325725 0.400008 0)
(0.000264711 0.400007 0)
(0.000204801 0.400006 0)
(0.000145716 0.400005 0)
(8.72032e-05 0.400004 0)
(2.90298e-05 0.400004 0)
(-2.90298e-05 0.400004 0)
(-8.72032e-05 0.400004 0)
(-0.000145716 0.400005 0)
(-0.000204801 0.400006 0)
(-0.000264711 0.400007 0)
(-0.000325725 0.400008 0)
(-0.000388169 0.40001 -1.45936e-20)
(-0.000452434 0.400011 1.45629e-20)
(-0.000519022 0.400014 0)
(-0.000588604 0.400016 0)
(-0.000662114 0.400019 3.23941e-20)
(-0.000740904 0.400023 -3.23088e-20)
(-0.000826988 0.400027 3.46486e-20)
(-0.000923452 0.400032 -7.05193e-20)
(-0.00103513 0.400038 3.58622e-20)
(-0.0011698 0.400045 0)
(-0.0013403 0.400055 0)
(-0.00156856 0.400069 0)
(-0.00189503 0.40009 0)
(-0.0024003 0.40013 0)
(-0.00324441 0.400231 0)
(-0.00475247 0.400531 1.29397e-19)
(-0.00755859 0.401935 -1.28857e-19)
(-0.00857192 0.406104 0)
(0.0135679 0.342187 0)
(-0.0294303 0.23469 0)
(0.00890597 0.379278 0)
(0.0161703 0.40126 0)
(0.0133429 0.402199 0)
(0.00993967 0.401269 0)
(0.00754419 0.400705 1.2462e-19)
(0.00596925 0.400429 -1.25257e-19)
(0.00491557 0.400286 0)
(0.00417531 0.400205 0)
(0.00362531 0.400157 0)
(0.00319455 0.400126 4.81722e-20)
(0.00284065 0.400106 -4.83667e-20)
(0.00253764 0.400093 0)
(0.00226926 0.400083 0)
(0.00202509 0.400076 0)
(0.00179834 0.400071 0)
(0.00158446 0.400067 0)
(0.00138032 0.400064 -1.95612e-20)
(0.00118368 0.400062 1.96162e-20)
(0.000992894 0.40006 0)
(0.000806674 0.400058 0)
(0.000623971 0.400057 0)
(0.000443887 0.400056 0)
(0.000265618 0.400056 0)
(8.84203e-05 0.400055 0)
(-8.84203e-05 0.400055 0)
(-0.000265618 0.400056 0)
(-0.000443887 0.400056 0)
(-0.000623971 0.400057 0)
(-0.000806674 0.400058 0)
(-0.000992894 0.40006 0)
(-0.00118368 0.400062 1.96162e-20)
(-0.00138032 0.400064 -1.95612e-20)
(-0.00158446 0.400067 0)
(-0.00179834 0.400071 0)
(-0.00202509 0.400076 0)
(-0.00226926 0.400083 0)
(-0.00253764 0.400093 0)
(-0.00284065 0.400106 -4.83667e-20)
(-0.00319455 0.400126 4.81722e-20)
(-0.00362531 0.400157 0)
(-0.00417531 0.400205 0)
(-0.00491558 0.400286 0)
(-0.00596925 0.400429 -1.25257e-19)
(-0.00754419 0.400705 1.2462e-19)
(-0.00993967 0.401269 0)
(-0.0133429 0.402199 0)
(-0.0161703 0.40126 0)
(-0.00890597 0.379278 0)
(0.0294303 0.23469 0)
(-0.0360942 0.170277 0)
(-0.00509348 0.339477 0)
(0.014924 0.392316 0)
(0.0181583 0.402658 0)
(0.0155836 0.402907 0)
(0.012533 0.401956 0)
(0.0101356 0.401263 0)
(0.00839956 0.400849 0)
(0.00713817 0.400605 0)
(0.00618911 0.400456 0)
(0.00544351 0.400362 0)
(0.00483185 0.400302 0)
(0.00430989 0.400261 0)
(0.00384933 0.400234 0)
(0.0034318 0.400215 0)
(0.00304521 0.400201 0)
(0.00268143 0.40019 0)
(0.00233485 0.400182 0)
(0.00200149 0.400176 0)
(0.0016784 0.400171 0)
(0.0013633 0.400168 0)
(0.00105435 0.400165 0)
(0.00074996 0.400163 0)
(0.000448734 0.400162 0)
(0.000149371 0.400161 0)
(-0.000149371 0.400161 0)
(-0.000448734 0.400162 0)
(-0.00074996 0.400163 0)
(-0.00105435 0.400165 0)
(-0.0013633 0.400168 0)
(-0.0016784 0.400171 0)
(-0.00200149 0.400176 0)
(-0.00233485 0.400182 0)
(-0.00268143 0.40019 0)
(-0.00304521 0.400201 0)
(-0.0034318 0.400215 0)
(-0.00384933 0.400234 0)
(-0.00430989 0.400261 0)
(-0.00483185 0.400302 0)
(-0.00544351 0.400362 0)
(-0.00618911 0.400456 0)
(-0.00713817 0.400605 0)
(-0.00839956 0.400849 0)
(-0.0101356 0.401263 0)
(-0.012533 0.401956 0)
(-0.0155836 0.402907 0)
(-0.0181583 0.402658 0)
(-0.014924 0.392316 0)
(0.00509348 0.339477 0)
(0.0360942 0.170277 0)
(-0.0373157 0.121414 1.57519e-19)
(-0.0208427 0.295517 -1.62422e-19)
(0.00613546 0.374602 0)
(0.0177237 0.39919 0)
(0.0188437 0.403785 0)
(0.0166414 0.403439 0)
(0.0140455 0.402477 0)
(0.0118569 0.401738 -1.11538e-19)
(0.0101502 0.401255 1.12059e-19)
(0.00882184 0.400948 0)
(0.00776157 0.400751 4.83332e-20)
(0.00688606 0.400623 -4.85248e-20)
(0.00613766 0.400537 4.47697e-20)
(0.00547766 0.400478 -4.49306e-20)
(0.00488022 0.400437 0)
(0.00432799 0.400407 4.07457e-20)
(0.00380915 0.400385 -4.08712e-20)
(0.00331552 0.400368 1.93989e-20)
(0.00284124 0.400355 -3.84655e-20)
(0.00238199 0.400345 3.77558e-20)
(0.00193441 0.400337 -1.87383e-20)
(0.0014958 0.400331 9.12317e-21)
(0.00106385 0.400327 -9.14196e-21)
(0.0006365 0.400324 0)
(0.000211866 0.400323 0)
(-0.000211866 0.400323 0)
(-0.0006365 0.400324 0)
(-0.00106385 0.400327 -9.14196e-21)
(-0.0014958 0.400331 9.12317e-21)
(-0.00193441 0.400337 -1.87383e-20)
(-0.00238199 0.400345 3.77558e-20)
(-0.00284124 0.400355 -3.84655e-20)
(-0.00331552 0.400368 1.93989e-20)
(-0.00380915 0.400385 -4.08712e-20)
(-0.00432799 0.400407 4.07457e-20)
(-0.00488022 0.400437 0)
(-0.00547766 0.400478 -4.49306e-20)
(-0.00613766 0.400537 4.47697e-20)
(-0.00688606 0.400623 -4.85248e-20)
(-0.00776157 0.400751 4.83332e-20)
(-0.00882184 0.400948 0)
(-0.0101502 0.401255 1.12059e-19)
(-0.0118569 0.401738 -1.11538e-19)
(-0.0140455 0.402477 0)
(-0.0166414 0.403439 0)
(-0.0188437 0.403785 0)
(-0.0177237 0.39919 0)
(-0.00613546 0.374602 0)
(0.0208427 0.295517 -1.62422e-19)
(0.0373157 0.121414 1.57519e-19)
(-0.0347248 0.0866635 0)
(-0.0327756 0.252123 -1.65336e-19)
(-0.00569697 0.349777 -4.6785e-21)
(0.0127869 0.390319 3.11785e-19)
(0.0191311 0.402398 -1.24361e-20)
(0.0192703 0.404366 -1.08992e-20)
(0.0173277 0.403744 -9.02349e-21)
(0.0150886 0.402825 -7.4555e-21)
(0.0131091 0.402106 -2.1829e-19)
(0.0114708 0.401611 5.42151e-21)
(0.0101212 0.401282 1.01464e-19)
(0.00898861 0.401061 0)
(0.00801302 0.400913 0)
(0.00714993 0.40081 -4.3187e-20)
(0.00636798 0.400738 8.5154e-20)
(0.00564537 0.400686 -1.34448e-21)
(0.00496692 0.400647 -8.02798e-20)
(0.00432195 0.400618 3.96593e-20)
(0.00370274 0.400596 0)
(0.00310356 0.400578 1.85909e-20)
(0.00251996 0.400565 -3.69649e-20)
(0.00194831 0.400555 1.83703e-20)
(0.00138554 0.400547 -9.00122e-21)
(0.000828912 0.400543 4.53429e-21)
(0.000275904 0.40054 4.49144e-21)
(-0.000275904 0.40054 4.49144e-21)
(-0.000828912 0.400543 4.53429e-21)
(-0.00138554 0.400547 -9.00122e-21)
(-0.00194831 0.400555 1.83703e-20)
(-0.00251996 0.400565 -3.69649e-20)
(-0.00310356 0.400578 1.85909e-20)
(-0.00370274 0.400596 0)
(-0.00432195 0.400618 3.96593e-20)
(-0.00496692 0.400647 -8.02798e-20)
(-0.00564537 0.400686 -1.34448e-21)
(-0.00636798 0.400738 8.5154e-20)
(-0.00714993 0.40081 -4.3187e-20)
(-0.00801302 0.400913 0)
(-0.00898861 0.401061 0)
(-0.0101212 0.401282 1.01464e-19)
(-0.0114708 0.401611 5.42151e-21)
(-0.0131091 0.402106 -2.1829e-19)
(-0.0150886 0.402825 -7.4555e-21)
(-0.0173277 0.403744 -9.02349e-21)
(-0.0192703 0.404366 -1.08992e-20)
(-0.0191311 0.402398 -1.24361e-20)
(-0.0127869 0.390319 3.11785e-19)
(0.00569697 0.349777 -4.6785e-21)
(0.0327756 0.252123 -1.65336e-19)
(0.0347248 0.0866635 0)
(-0.0305578 0.0634019 -8.29558e-20)
(-0.0398838 0.213149 8.62731e-20)
(-0.0172049 0.320918 0)
(0.00512087 0.376215 1.43945e-19)
(0.0166556 0.397808 -2.779e-19)
(0.0201219 0.403955 1.34969e-19)
(0.0196803 0.404641 -1.18332e-19)
(0.0178947 0.40392 2.30597e-19)
(0.0158994 0.403078 -1.12236e-19)
(0.0140725 0.402413 0)
(0.0124877 0.401941 -4.83481e-20)
(0.0111207 0.401614 9.49345e-20)
(0.00992568 0.401388 -1.91238e-21)
(0.00886047 0.401231 -4.48123e-20)
(0.00789194 0.40112 -4.17071e-20)
(0.00699561 0.401039 8.23103e-20)
(0.00615377 0.400979 -1.20557e-21)
(0.0053536 0.400934 -2.02752e-20)
(0.0045857 0.400899 -4.52351e-22)
(0.00384296 0.400872 -3.80236e-22)
(0.00311985 0.400852 -1.85306e-20)
(0.00241182 0.400836 0)
(0.00171501 0.400825 0)
(0.00102596 0.400817 0)
(0.000341481 0.400814 0)
(-0.000341481 0.400814 0)
(-0.00102596 0.400817 0)
(-0.00171501 0.400825 0)
(-0.00241182 0.400836 0)
(-0.00311985 0.400852 -1.85306e-20)
(-0.00384296 0.400872 -3.80236e-22)
(-0.0045857 0.400899 -4.52351e-22)
(-0.0053536 0.400934 -2.02752e-20)
(-0.00615377 0.400979 -1.20557e-21)
(-0.00699561 0.401039 8.23103e-20)
(-0.00789194 0.40112 -4.17071e-20)
(-0.00886047 0.401231 -4.48123e-20)
(-0.00992568 0.401388 -1.91238e-21)
(-0.0111207 0.401614 9.49345e-20)
(-0.0124877 0.401941 -4.83481e-20)
(-0.0140725 0.402413 0)
(-0.0158994 0.403078 -1.12236e-19)
(-0.0178947 0.40392 2.30597e-19)
(-0.0196803 0.404641 -1.18332e-19)
(-0.0201219 0.403955 1.34969e-19)
(-0.0166556 0.397808 -2.779e-19)
(-0.00512087 0.376215 1.43945e-19)
(0.0172049 0.320918 0)
(0.0398838 0.213149 8.62731e-20)
(0.0305578 0.0634019 -8.29558e-20)
(-0.0261958 0.04805 -6.83298e-20)
(-0.0429133 0.180184 -5.00947e-20)
(-0.026616 0.29101 2.54298e-19)
(-0.00349726 0.358073 -2.71627e-19)
(0.0121268 0.38978 4.34963e-21)
(0.0192272 0.401623 1.31192e-19)
(0.0209317 0.404733 1.17607e-19)
(0.0201095 0.40478 -2.29495e-19)
(0.0184077 0.404054 1.11906e-19)
(0.016558 0.403302 -1.0101e-19)
(0.0148216 0.402706 1.49729e-19)
(0.0132597 0.402271 -4.84967e-20)
(0.0118628 0.401961 4.45834e-20)
(0.010602 0.401741 -8.77363e-20)
(0.00944794 0.401583 1.55348e-21)
(0.00837632 0.401467 8.20439e-20)
(0.0073683 0.401382 -4.04471e-20)
(0.00640965 0.401317 1.91323e-20)
(0.0054896 0.401267 -3.79049e-20)
(0.00459988 0.401228 3.71518e-20)
(0.00373389 0.401198 -1.84251e-20)
(0.00288622 0.401176 0)
(0.00205218 0.40116 0)
(0.0012276 0.401149 0)
(0.000408583 0.401144 0)
(-0.000408583 0.401144 0)
(-0.0012276 0.401149 0)
(-0.00205218 0.40116 0)
(-0.00288622 0.401176 0)
(-0.00373389 0.401198 -1.84251e-20)
(-0.00459988 0.401228 3.71518e-20)
(-0.0054896 0.401267 -3.79049e-20)
(-0.00640965 0.401317 1.91323e-20)
(-0.0073683 0.401382 -4.04471e-20)
(-0.00837632 0.401467 8.20439e-20)
(-0.00944794 0.401583 1.55348e-21)
(-0.010602 0.401741 -8.77363e-20)
(-0.0118628 0.401961 4.45834e-20)
(-0.0132597 0.402271 -4.84967e-20)
(-0.0148216 0.402706 1.49729e-19)
(-0.016558 0.403302 -1.0101e-19)
(-0.0184077 0.404054 1.11906e-19)
(-0.0201095 0.40478 -2.29495e-19)
(-0.0209317 0.404733 1.17607e-19)
(-0.0192272 0.401623 1.31192e-19)
(-0.0121268 0.38978 4.34963e-21)
(0.00349726 0.358073 -2.71627e-19)
(0.026616 0.29101 2.54298e-19)
(0.0429133 0.180184 -5.00947e-20)
(0.0261958 0.04805 -6.83298e-20)
(-0.0222149 0.0378842 3.78899e-20)
(-0.0430238 0.153235 0)
(-0.033317 0.262177 0)
(-0.0117208 0.337414 0)
(0.00643004 0.378633 1.27781e-19)
(0.0168746 0.397081 -1.27143e-19)
(0.0210616 0.40365 0)
(0.0216292 0.405149 -1.10911e-19)
(0.0205385 0.404888 1.11334e-19)
(0.0188609 0.404203 0)
(0.0170808 0.403543 0)
(0.0153807 0.403017 0)
(0.0138098 0.402624 0)
(0.0123659 0.402337 4.2893e-20)
(0.0110309 0.402127 -1.57058e-21)
(0.0097845 0.401972 -4.15818e-20)
(0.0086087 0.401856 0)
(0.00748896 0.401768 0)
(0.00641373 0.4017 -1.86233e-20)
(0.00537382 0.401647 3.69447e-20)
(0.00436175 0.401607 -1.83179e-20)
(0.00337127 0.401576 8.89548e-21)
(0.00239691 0.401554 -8.91282e-21)
(0.00143374 0.40154 0)
(0.000477184 0.401533 0)
(-0.000477184 0.401533 0)
(-0.00143374 0.40154 0)
(-0.00239691 0.401554 -8.91282e-21)
(-0.00337127 0.401576 8.89548e-21)
(-0.00436175 0.401607 -1.83179e-20)
(-0.00537382 0.401647 3.69447e-20)
(-0.00641373 0.4017 -1.86233e-20)
(-0.00748896 0.401768 0)
(-0.0086087 0.401856 0)
(-0.0097845 0.401972 -4.15818e-20)
(-0.0110309 0.402127 -1.57058e-21)
(-0.0123659 0.402337 4.2893e-20)
(-0.0138098 0.402624 0)
(-0.0153807 0.403017 0)
(-0.0170808 0.403543 0)
(-0.0188609 0.404203 0)
(-0.0205385 0.404888 1.11334e-19)
(-0.0216292 0.405149 -1.10911e-19)
(-0.0210616 0.40365 0)
(-0.0168746 0.397081 -1.27143e-19)
(-0.00643004 0.378633 1.27781e-19)
(0.0117208 0.337414 0)
(0.033317 0.262177 0)
(0.0430238 0.153235 0)
(0.0222149 0.0378842 -3.78899e-20)
(-0.0187966 0.0310995 4.24853e-20)
(-0.0412849 0.131637 0)
(-0.0373825 0.235679 -1.19104e-19)
(-0.0187197 0.315677 1.15409e-19)
(0.000396838 0.365022 0)
(0.013499 0.390331 1.20354e-19)
(0.0201855 0.401154 -1.20146e-19)
(0.0224244 0.40479 0)
(0.0222276 0.40542 0)
(0.0209246 0.405024 0)
(0.0192256 0.404401 0)
(0.0174579 0.403827 4.61797e-20)
(0.0157508 0.403365 -4.63375e-20)
(0.0141427 0.403014 0)
(0.0126351 0.402751 0)
(0.0112166 0.402553 0)
(0.00987274 0.402404 0)
(0.00859011 0.402289 0)
(0.00735715 0.4022 0)
(0.00616416 0.402132 0)
(0.005003 0.402078 0)
(0.00386667 0.402038 0)
(0.00274899 0.402009 0)
(0.00164428 0.40199 0)
(0.000547245 0.401981 0)
(-0.000547245 0.401981 0)
(-0.00164428 0.40199 0)
(-0.00274899 0.402009 0)
(-0.00386667 0.402038 0)
(-0.005003 0.402078 0)
(-0.00616416 0.402132 0)
(-0.00735715 0.4022 0)
(-0.00859011 0.402289 0)
(-0.00987274 0.402404 0)
(-0.0112166 0.402553 0)
(-0.0126351 0.402751 0)
(-0.0141427 0.403014 0)
(-0.0157508 0.403365 -4.63375e-20)
(-0.0174579 0.403827 4.61797e-20)
(-0.0192256 0.404401 0)
(-0.0209246 0.405024 0)
(-0.0222276 0.40542 0)
(-0.0224244 0.40479 0)
(-0.0201855 0.401154 -1.20146e-19)
(-0.013499 0.390331 1.20354e-19)
(-0.000396838 0.365022 0)
(0.0187197 0.315677 1.15409e-19)
(0.0373825 0.235679 -1.19104e-19)
(0.0412849 0.131637 0)
(0.0187966 0.0310995 -4.24853e-20)
(-0.0159505 0.0265081 -6.26405e-20)
(-0.0385186 0.114528 1.6157e-19)
(-0.0392215 0.212118 2.16441e-20)
(-0.0241093 0.294029 -1.09514e-19)
(-0.005318 0.349742 0)
(0.00957643 0.381609 0)
(0.0185159 0.397156 1.14154e-19)
(0.0225388 0.40353 -4.68782e-21)
(0.0234495 0.405503 -4.94347e-21)
(0.0227088 0.405666 -1.05116e-19)
(0.0212216 0.405224 4.80209e-20)
(0.0194669 0.404669 -4.81845e-20)
(0.0176695 0.404169 -4.42695e-20)
(0.015922 0.403765 8.70482e-20)
(0.0142541 0.403451 -4.27668e-20)
(0.0126685 0.40321 3.98593e-20)
(0.0111578 0.403025 -1.26488e-21)
(0.00971141 0.402881 -1.99528e-20)
(0.00831869 0.402769 -3.73075e-20)
(0.00697008 0.402682 1.84575e-20)
(0.00565705 0.402614 -1.77703e-20)
(0.00437203 0.402563 1.78058e-20)
(0.00310815 0.402526 -8.70323e-21)
(0.00185906 0.402501 4.38615e-21)
(0.000618717 0.40249 4.33927e-21)
(-0.000618717 0.40249 4.33927e-21)
(-0.00185906 0.402501 4.38615e-21)
(-0.00310815 0.402526 -8.70323e-21)
(-0.00437203 0.402563 1.78058e-20)
(-0.00565705 0.402614 -1.77703e-20)
(-0.00697008 0.402682 1.84575e-20)
(-0.00831869 0.402769 -3.73075e-20)
(-0.00971141 0.402881 -1.99528e-20)
(-0.0111578 0.403025 -1.26488e-21)
(-0.0126685 0.40321 3.98593e-20)
(-0.0142541 0.403451 -4.27668e-20)
(-0.015922 0.403765 8.70482e-20)
(-0.0176695 0.404169 -4.42695e-20)
(-0.0194669 0.404669 -4.81845e-20)
(-0.0212216 0.405224 4.80209e-20)
(-0.0227088 0.405666 -1.05116e-19)
(-0.0234495 0.405503 -4.94347e-21)
(-0.0225388 0.40353 -4.68782e-21)
(-0.0185159 0.397156 1.14154e-19)
(-0.00957643 0.381609 0)
(0.005318 0.349742 0)
(0.0241093 0.294029 -1.09514e-19)
(0.0392215 0.212118 2.16441e-20)
(0.0385186 0.114528 1.6157e-19)
(0.0159505 0.0265081 -6.26405e-20)
(-0.0136126 0.0233319 0)
(-0.0352883 0.101045 0)
(-0.0393458 0.19165 -1.0925e-19)
(-0.0278236 0.273313 -1.11594e-20)
(-0.010274 0.333576 2.32595e-19)
(0.00554446 0.3713 -2.33371e-19)
(0.0163159 0.391709 2.83009e-21)
(0.0220755 0.401269 4.09143e-21)
(0.0242181 0.405013 2.1311e-19)
(0.0241941 0.406033 -1.0453e-19)
(0.0230434 0.405949 4.7871e-20)
(0.0213864 0.405508 -9.39487e-20)
(0.0195509 0.405016 4.60694e-20)
(0.0176935 0.40458 0)
(0.015881 0.404224 4.10091e-20)
(0.0141359 0.403941 -8.08034e-20)
(0.0124611 0.403719 1.27598e-21)
(0.0108509 0.403545 3.86037e-20)
(0.00929697 0.403408 -1.83064e-20)
(0.00779058 0.4033 1.83466e-20)
(0.00632318 0.403216 0)
(0.00488682 0.403152 -8.71497e-21)
(0.00347405 0.403106 9.08586e-23)
(0.00207787 0.403076 4.35464e-21)
(0.000691532 0.403061 4.30702e-21)
(-0.000691532 0.403061 4.30702e-21)
(-0.00207787 0.403076 4.35464e-21)
(-0.00347405 0.403106 9.08586e-23)
(-0.00488682 0.403152 -8.71497e-21)
(-0.00632318 0.403216 0)
(-0.00779058 0.4033 1.83466e-20)
(-0.00929697 0.403408 -1.83064e-20)
(-0.0108509 0.403545 3.86037e-20)
(-0.0124611 0.403719 1.27598e-21)
(-0.0141359 0.403941 -8.08034e-20)
(-0.015881 0.404224 4.10091e-20)
(-0.0176935 0.40458 0)
(-0.0195509 0.405016 4.60694e-20)
(-0.0213864 0.405508 -9.39487e-20)
(-0.0230434 0.405949 4.7871e-20)
(-0.0241941 0.406033 -1.0453e-19)
(-0.0242181 0.405013 2.1311e-19)
(-0.0220755 0.401269 4.09143e-21)
(-0.0163159 0.391709 2.83009e-21)
(-0.00554446 0.3713 -2.33371e-19)
(0.010274 0.333576 2.32595e-19)
(0.0278236 0.273313 -1.11594e-20)
(0.0393458 0.19165 -1.0925e-19)
(0.0352883 0.101045 0)
(0.0136126 0.0233319 0)
(-0.0116946 0.0210713 6.31204e-20)
(-0.0319451 0.0904237 0)
(-0.0382417 0.174153 0)
(-0.0299904 0.254069 -1.14446e-19)
(-0.0142281 0.317212 1.11578e-19)
(0.00175751 0.359859 1.15109e-19)
(0.0138568 0.384976 -1.14095e-19)
(0.0211774 0.397992 0)
(0.0245833 0.40387 5.18722e-20)
(0.025383 0.406045 -1.01712e-19)
(0.024677 0.406515 4.98772e-20)
(0.0232001 0.406303 -4.57691e-20)
(0.0213812 0.405883 4.59029e-20)
(0.0194474 0.405446 0)
(0.017509 0.405062 0)
(0.015614 0.404744 0)
(0.0137791 0.404487 0)
(0.0120061 0.404281 0)
(0.0102903 0.404117 0)
(0.00862446 0.403987 1.78223e-20)
(0.0070005 0.403886 -1.78581e-20)
(0.00541039 0.403808 0)
(0.00384624 0.403751 0)
(0.00230046 0.403715 0)
(0.000765605 0.403697 0)
(-0.000765605 0.403697 0)
(-0.00230046 0.403715 0)
(-0.00384624 0.403751 0)
(-0.00541039 0.403808 0)
(-0.0070005 0.403886 -1.78581e-20)
(-0.00862446 0.403987 1.78223e-20)
(-0.0102903 0.404117 0)
(-0.0120061 0.404281 0)
(-0.0137791 0.404487 0)
(-0.015614 0.404744 0)
(-0.017509 0.405062 0)
(-0.0194474 0.405446 0)
(-0.0213812 0.405883 4.59029e-20)
(-0.0232001 0.406303 -4.57691e-20)
(-0.024677 0.406515 4.98772e-20)
(-0.025383 0.406045 -1.01712e-19)
(-0.0245833 0.40387 5.18722e-20)
(-0.0211774 0.397992 0)
(-0.0138568 0.384976 -1.14095e-19)
(-0.00175751 0.359859 1.15109e-19)
(0.0142281 0.317212 1.11578e-19)
(0.0299904 0.254069 -1.14446e-19)
(0.0382417 0.174153 0)
(0.0319451 0.0904237 0)
(0.0116946 0.0210713 -6.31204e-20)
(-0.0101091 0.0194113 -6.97903e-20)
(-0.0286866 0.0820315 0)
(-0.036313 0.159357 0)
(-0.0308315 0.236589 0)
(-0.017093 0.301199 0)
(-0.0015293 0.347748 -1.14022e-19)
(0.0113874 0.377197 1.12772e-19)
(0.0200068 0.393755 0)
(0.0246224 0.402037 -5.16225e-20)
(0.0262993 0.405638 2.12268e-21)
(0.0261207 0.406867 2.12309e-21)
(0.024898 0.407017 9.32302e-20)
(0.0231497 0.406744 -4.57157e-20)
(0.0211746 0.406349 0)
(0.0191313 0.405958 0)
(0.0170979 0.405614 0)
(0.0151085 0.405326 -1.90421e-20)
(0.0131746 0.40509 5.67127e-22)
(0.0112968 0.404899 1.85583e-20)
(0.00947025 0.404746 0)
(0.00768792 0.404625 -8.69765e-21)
(0.00594194 0.404532 8.7136e-21)
(0.00422418 0.404464 4.25315e-21)
(0.0025265 0.40442 -2.14388e-21)
(0.000840831 0.404398 -2.11942e-21)
(-0.000840831 0.404398 -2.11942e-21)
(-0.0025265 0.40442 -2.14388e-21)
(-0.00422418 0.404464 4.25315e-21)
(-0.00594194 0.404532 8.7136e-21)
(-0.00768792 0.404625 -8.69765e-21)
(-0.00947025 0.404746 0)
(-0.0112968 0.404899 1.85583e-20)
(-0.0131746 0.40509 5.67127e-22)
(-0.0151085 0.405326 -1.90421e-20)
(-0.0170979 0.405614 0)
(-0.0191313 0.405958 0)
(-0.0211746 0.406349 0)
(-0.0231497 0.406744 -4.57157e-20)
(-0.024898 0.407017 9.32302e-20)
(-0.0261207 0.406867 2.12309e-21)
(-0.0262993 0.405638 2.12268e-21)
(-0.0246224 0.402037 -5.16225e-20)
(-0.0200068 0.393755 0)
(-0.0113874 0.377197 1.12772e-19)
(0.0015293 0.347748 -1.14022e-19)
(0.017093 0.301199 0)
(0.0308315 0.236589 0)
(0.036313 0.159357 0)
(0.0286866 0.0820315 0)
(0.0101091 0.0194113 6.97904e-20)
(-0.00878032 0.0181554 0)
(-0.0256092 0.0753685 0)
(-0.0338671 0.146938 0)
(-0.0305962 0.220983 0)
(-0.0188888 0.28594 0)
(-0.0041562 0.335392 0)
(0.00911477 0.368654 0)
(0.0187265 0.388674 0)
(0.0244302 0.399523 0)
(0.0269846 0.404778 4.93366e-20)
(0.0273855 0.406962 -4.94013e-20)
(0.0264772 0.407613 -4.54003e-20)
(0.0248492 0.407576 4.55082e-20)
(0.0228675 0.407274 0)
(0.0207414 0.406905 0)
(0.0185824 0.406549 0)
(0.0164452 0.406236 0)
(0.0143534 0.405972 0)
(0.0123142 0.405753 0)
(0.0103262 0.405576 0)
(0.00838413 0.405434 0)
(0.00648052 0.405325 0)
(0.0046072 0.405246 0)
(0.00275561 0.405193 0)
(0.000917081 0.405167 0)
(-0.000917081 0.405167 0)
(-0.00275561 0.405193 0)
(-0.0046072 0.405246 0)
(-0.00648052 0.405325 0)
(-0.00838413 0.405434 0)
(-0.0103262 0.405576 0)
(-0.0123142 0.405753 0)
(-0.0143534 0.405972 0)
(-0.0164452 0.406236 0)
(-0.0185824 0.406549 0)
(-0.0207414 0.406905 0)
(-0.0228675 0.407274 0)
(-0.0248492 0.407576 4.55082e-20)
(-0.0264772 0.407613 -4.54003e-20)
(-0.0273855 0.406962 -4.94013e-20)
(-0.0269846 0.404778 4.93366e-20)
(-0.0244302 0.399523 0)
(-0.0187265 0.388674 0)
(-0.00911477 0.368654 0)
(0.0041562 0.335392 0)
(0.0188888 0.28594 0)
(0.0305962 0.220983 0)
(0.0338671 0.146938 0)
(0.0256092 0.0753685 0)
(0.00878032 0.0181554 0)
(-0.00764655 0.0171816 1.67109e-19)
(-0.0227463 0.0700507 -9.11382e-20)
(-0.0311229 0.136564 0)
(-0.0295206 0.207236 0)
(-0.0197009 0.27171 0)
(-0.00604376 0.323156 0)
(0.00719629 0.359634 -5.50777e-20)
(0.0174861 0.382909 5.45994e-20)
(0.0241092 0.396381 0)
(0.0274935 0.403457 -4.91362e-20)
(0.0284934 0.406771 2.0472e-21)
(0.027942 0.408062 4.71895e-20)
(0.0264761 0.408356 0)
(0.0245205 0.408206 0)
(0.0223337 0.407892 0)
(0.0200628 0.407544 0)
(0.0177854 0.407215 0)
(0.0155393 0.406926 0)
(0.01334 0.406682 0)
(0.0111904 0.40648 0)
(0.00908759 0.406317 0)
(0.00702497 0.40619 0)
(0.0049945 0.406097 0)
(0.00298731 0.406037 0)
(0.000994198 0.406006 0)
(-0.000994198 0.406006 0)
(-0.00298731 0.406037 0)
(-0.0049945 0.406097 0)
(-0.00702497 0.40619 0)
(-0.00908759 0.406317 0)
(-0.0111904 0.40648 0)
(-0.01334 0.406682 0)
(-0.0155393 0.406926 0)
(-0.0177854 0.407215 0)
(-0.0200628 0.407544 0)
(-0.0223337 0.407892 0)
(-0.0245205 0.408206 0)
(-0.0264761 0.408356 0)
(-0.027942 0.408062 4.71895e-20)
(-0.0284934 0.406771 2.0472e-21)
(-0.0274935 0.403457 -4.91362e-20)
(-0.0241092 0.396381 0)
(-0.0174861 0.382909 5.45994e-20)
(-0.00719629 0.359634 -5.50777e-20)
(0.00604376 0.323156 0)
(0.0197009 0.27171 0)
(0.0295206 0.207236 0)
(0.0311229 0.136564 0)
(0.0227463 0.0700507 -9.11382e-20)
(0.00764655 0.0171816 3.43847e-21)
(-0.00665971 0.016414 -2.74387e-21)
(-0.0200956 0.065788 1.99871e-19)
(-0.0282267 0.127932 8.5602e-21)
(-0.0278082 0.195259 -2.1994e-19)
(-0.0196465 0.258671 -3.97793e-21)
(-0.00717372 0.311331 1.11885e-19)
(0.00574009 0.350414 5.50025e-20)
(0.016413 0.376641 -1.07543e-19)
(0.0237607 0.392696 1.0384e-19)
(0.0278889 0.401695 -5.09156e-20)
(0.0294752 0.406283 0)
(0.0293032 0.408344 0)
(0.0280311 0.409064 4.31323e-20)
(0.0261298 0.409131 -4.32161e-20)
(0.0239033 0.408912 0)
(0.0215341 0.408593 0)
(0.0191248 0.40826 0)
(0.0167288 0.407953 0)
(0.0143712 0.407684 1.76445e-20)
(0.0120605 0.407458 -1.76761e-20)
(0.00979649 0.407273 0)
(0.00757393 0.407128 8.35622e-21)
(0.00538512 0.407022 -8.36917e-21)
(0.00322104 0.406951 2.05782e-21)
(0.001072 0.406916 -2.0607e-21)
(-0.001072 0.406916 -2.0607e-21)
(-0.00322104 0.406951 2.05782e-21)
(-0.00538512 0.407022 -8.36917e-21)
(-0.00757393 0.407128 8.35622e-21)
(-0.00979649 0.407273 0)
(-0.0120605 0.407458 -1.76761e-20)
(-0.0143712 0.407684 1.76445e-20)
(-0.0167288 0.407953 0)
(-0.0191248 0.40826 0)
(-0.0215341 0.408593 0)
(-0.0239033 0.408912 0)
(-0.0261298 0.409131 -4.32161e-20)
(-0.0280311 0.409064 4.31323e-20)
(-0.0293032 0.408344 0)
(-0.0294752 0.406283 0)
(-0.0278889 0.401695 -5.09156e-20)
(-0.0237607 0.392696 1.0384e-19)
(-0.016413 0.376641 -1.07543e-19)
(-0.00574009 0.350414 5.50025e-20)
(0.00717372 0.311331 1.11885e-19)
(0.0196465 0.258671 -3.97793e-21)
(0.0278082 0.195259 -2.1994e-19)
(0.0282267 0.127932 8.5602e-21)
(0.0200956 0.065788 1.99871e-19)
(0.00665971 0.016414 -1.77252e-19)
(-0.00578288 0.0158045 9.23267e-20)
(-0.0176363 0.0623638 0)
(-0.0252696 0.120775 0)
(-0.0256231 0.184921 0)
(-0.0188515 0.246904 0)
(-0.00757006 0.300142 0)
(0.00481033 0.341243 0)
(0.015608 0.370064 5.30338e-20)
(0.0234777 0.38858 -5.2665e-20)
(0.0282361 0.399539 4.87511e-20)
(0.0303683 0.405505 -2.02579e-21)
(0.0305778 0.408447 -9.1387e-20)
(0.0295189 0.409688 4.47522e-20)
(0.0276939 0.410036 0)
(0.025446 0.409955 0)
(0.0229918 0.409691 -1.91034e-20)
(0.020459 0.409369 1.91393e-20)
(0.0179181 0.40905 1.79406e-20)
(0.0154047 0.408761 -1.79723e-20)
(0.0129339 0.408511 0)
(0.0105087 0.408304 -8.38705e-21)
(0.00812579 0.408141 8.40006e-21)
(0.00577795 0.408019 -4.0932e-21)
(0.00345613 0.407939 4.09897e-21)
(0.00115025 0.407899 0)
(-0.00115025 0.407899 0)
(-0.00345613 0.407939 4.09897e-21)
(-0.00577795 0.408019 -4.0932e-21)
(-0.00812579 0.408141 8.40006e-21)
(-0.0105087 0.408304 -8.38705e-21)
(-0.0129339 0.408511 0)
(-0.0154047 0.408761 -1.79723e-20)
(-0.0179181 0.40905 1.79406e-20)
(-0.020459 0.409369 1.91393e-20)
(-0.0229918 0.409691 -1.91034e-20)
(-0.025446 0.409955 0)
(-0.0276939 0.410036 0)
(-0.0295189 0.409688 4.47522e-20)
(-0.0305778 0.408447 -9.1387e-20)
(-0.0303683 0.405505 -2.02579e-21)
(-0.0282361 0.399539 4.87511e-20)
(-0.0234777 0.38858 -5.2665e-20)
(-0.015608 0.370064 5.30338e-20)
(-0.00481033 0.341243 0)
(0.00757006 0.300142 0)
(0.0188515 0.246904 0)
(0.0256231 0.184921 0)
(0.0252696 0.120775 0)
(0.0176363 0.0623638 0)
(0.00578288 0.0158045 -9.23267e-20)
(-0.00498803 0.0153226 9.70903e-20)
(-0.0153398 0.0596167 1.10744e-19)
(-0.0223039 0.114866 -1.65255e-19)
(-0.0230909 0.176077 5.5587e-20)
(-0.0174361 0.236427 0)
(-0.00728272 0.289746 0)
(0.00443513 0.332334 0)
(0.0151444 0.363364 0)
(0.0233402 0.384159 -5.07752e-20)
(0.0285986 0.397053 1.98765e-21)
(0.031213 0.404461 2.03728e-21)
(0.0317864 0.408375 1.99711e-21)
(0.0309471 0.410219 4.44448e-20)
(0.0292133 0.410914 0)
(0.026959 0.411015 -1.96294e-20)
(0.0244316 0.410833 7.36551e-22)
(0.0217836 0.410539 6.56816e-22)
(0.019103 0.410217 1.8333e-20)
(0.0164369 0.409911 0)
(0.0138075 0.40964 8.44907e-21)
(0.0112219 0.409412 -1.70224e-22)
(0.00867874 0.409229 -8.30398e-21)
(0.0061717 0.409092 4.04485e-21)
(0.00369182 0.409001 -6.06136e-21)
(0.00122872 0.408955 2.01366e-21)
(-0.00122872 0.408955 2.01366e-21)
(-0.00369182 0.409001 -6.06136e-21)
(-0.0061717 0.409092 4.04485e-21)
(-0.00867874 0.409229 -8.30398e-21)
(-0.0112219 0.409412 -1.70224e-22)
(-0.0138075 0.40964 8.44907e-21)
(-0.0164369 0.409911 0)
(-0.019103 0.410217 1.8333e-20)
(-0.0217836 0.410539 6.56816e-22)
(-0.0244316 0.410833 7.36551e-22)
(-0.026959 0.411015 -1.96294e-20)
(-0.0292133 0.410914 0)
(-0.0309471 0.410219 4.44448e-20)
(-0.0317864 0.408375 1.99711e-21)
(-0.031213 0.404461 2.03728e-21)
(-0.0285986 0.397053 1.98765e-21)
(-0.0233402 0.384159 -5.07752e-20)
(-0.0151444 0.363364 0)
(-0.00443513 0.332334 0)
(0.00728272 0.289746 0)
(0.0174361 0.236427 0)
(0.0230909 0.176077 5.5587e-20)
(0.0223039 0.114866 -1.65255e-19)
(0.0153398 0.0596167 1.10744e-19)
(0.00498803 0.0153226 -9.70903e-20)
(-0.00425376 0.014948 0)
(-0.0131753 0.0574266 5.71349e-20)
(-0.0193547 0.11002 -1.14179e-19)
(-0.0203036 0.16858 5.68564e-20)
(-0.0155071 0.227218 0)
(-0.0063751 0.28025 0)
(0.00461501 0.32386 0)
(0.0150698 0.356718 0)
(0.0234127 0.379567 5.06559e-20)
(0.0290338 0.39432 -5.03732e-20)
(0.0320499 0.40319 0)
(0.0329525 0.408139 0)
(0.0323263 0.410657 0)
(0.0306902 0.411758 2.02237e-20)
(0.0284401 0.412085 -2.025e-20)
(0.0258495 0.412016 0)
(0.023094 0.411767 1.80989e-20)
(0.0202791 0.411453 -1.81271e-20)
(0.0174639 0.411136 0)
(0.0146781 0.410845 0)
(0.0119334 0.410595 8.18721e-21)
(0.00923069 0.410392 -8.19853e-21)
(0.00656489 0.41024 3.99206e-21)
(0.00392724 0.410138 -3.99714e-21)
(0.0013071 0.410087 0)
(-0.0013071 0.410087 0)
(-0.00392724 0.410138 -3.99714e-21)
(-0.00656489 0.41024 3.99206e-21)
(-0.00923069 0.410392 -8.19853e-21)
(-0.0119334 0.410595 8.18721e-21)
(-0.0146781 0.410845 0)
(-0.0174639 0.411136 0)
(-0.0202791 0.411453 -1.81271e-20)
(-0.023094 0.411767 1.80989e-20)
(-0.0258495 0.412016 0)
(-0.0284401 0.412085 -2.025e-20)
(-0.0306902 0.411758 2.02237e-20)
(-0.0323263 0.410657 0)
(-0.0329525 0.408139 0)
(-0.0320499 0.40319 0)
(-0.0290338 0.39432 -5.03732e-20)
(-0.0234127 0.379567 5.06559e-20)
(-0.0150698 0.356718 0)
(-0.00461501 0.32386 0)
(0.0063751 0.28025 0)
(0.0155071 0.227218 0)
(0.0203036 0.16858 5.68564e-20)
(0.0193547 0.11002 -1.14179e-19)
(0.0131753 0.0574266 5.71349e-20)
(0.00425376 0.014948 0)
(-0.00356361 0.0146667 -5.28915e-20)
(-0.0111131 0.0557034 0)
(-0.0164298 0.106083 0)
(-0.0173262 0.162292 0)
(-0.0131547 0.219229 0)
(-0.00491507 0.271715 0)
(0.00533079 0.315961 0)
(0.0154091 0.350282 -5.29958e-20)
(0.0237426 0.374936 5.24527e-20)
(0.0295908 0.391431 4.8115e-20)
(0.0329169 0.401744 -4.79386e-20)
(0.0340999 0.407764 0)
(0.0336682 0.411009 0)
(0.0321283 0.412569 -2.00114e-20)
(0.0298881 0.413163 2.00317e-20)
(0.0272418 0.413235 0)
(0.0243856 0.413049 0)
(0.0214418 0.412755 0)
(0.0184814 0.412432 0)
(0.015542 0.412124 0)
(0.01264 0.411854 0)
(0.00977932 0.411632 0)
(0.00695588 0.411463 0)
(0.00416138 0.41135 0)
(0.00138506 0.411293 0)
(-0.00138506 0.411293 0)
(-0.00416138 0.41135 0)
(-0.00695588 0.411463 0)
(-0.00977932 0.411632 0)
(-0.01264 0.411854 0)
(-0.015542 0.412124 0)
(-0.0184814 0.412432 0)
(-0.0214418 0.412755 0)
(-0.0243856 0.413049 0)
(-0.0272418 0.413235 0)
(-0.0298881 0.413163 2.00317e-20)
(-0.0321283 0.412569 -2.00114e-20)
(-0.0336682 0.411009 0)
(-0.0340999 0.407764 0)
(-0.0329169 0.401744 -4.79386e-20)
(-0.0295908 0.391431 4.8115e-20)
(-0.0237426 0.374936 5.24527e-20)
(-0.0154091 0.350282 -5.29958e-20)
(-0.00533079 0.315961 0)
(0.00491507 0.271715 0)
(0.0131547 0.219229 0)
(0.0173262 0.162292 0)
(0.0164298 0.106083 0)
(0.0111131 0.0557034 0)
(0.00356361 0.0146667 5.28915e-20)
(-0.00290464 0.0144693 0)
(-0.00912605 0.0543792 0)
(-0.0135259 0.102933 6.07951e-20)
(-0.0142015 0.157087 -5.93712e-20)
(-0.0104521 0.212395 0)
(-0.00296891 0.264168 0)
(0.00655045 0.308736 0)
(0.0161687 0.34419 -2.64824e-20)
(0.0243613 0.370394 5.13683e-20)
(0.0303082 0.388482 -2.49928e-20)
(0.0338475 0.400184 2.27401e-20)
(0.0352516 0.407282 -1.03368e-21)
(0.0349853 0.411291 -2.16369e-20)
(0.033532 0.41335 -1.97703e-20)
(0.0313023 0.414247 1.97844e-20)
(0.0286051 0.414488 0)
(0.025654 0.414385 8.80957e-21)
(0.0225864 0.414121 -1.73557e-20)
(0.019485 0.413799 8.54593e-21)
(0.0163953 0.413478 0)
(0.0133388 0.413189 3.97342e-21)
(0.0103222 0.412948 -6.48596e-23)
(0.00734291 0.412763 -1.98199e-21)
(0.00439322 0.412638 -9.75904e-22)
(0.00146227 0.412575 -9.63121e-22)
(-0.00146227 0.412575 -9.63121e-22)
(-0.00439322 0.412638 -9.75904e-22)
(-0.00734291 0.412763 -1.98199e-21)
(-0.0103222 0.412948 -6.48596e-23)
(-0.0133388 0.413189 3.97342e-21)
(-0.0163953 0.413478 0)
(-0.019485 0.413799 8.54593e-21)
(-0.0225864 0.414121 -1.73557e-20)
(-0.025654 0.414385 8.80957e-21)
(-0.0286051 0.414488 0)
(-0.0313023 0.414247 1.97844e-20)
(-0.033532 0.41335 -1.97703e-20)
(-0.0349853 0.411291 -2.16369e-20)
(-0.0352516 0.407282 -1.03368e-21)
(-0.0338475 0.400184 2.27401e-20)
(-0.0303082 0.388482 -2.49928e-20)
(-0.0243613 0.370394 5.13683e-20)
(-0.0161687 0.34419 -2.64824e-20)
(-0.00655045 0.308736 0)
(0.00296891 0.264168 0)
(0.0104521 0.212395 0)
(0.0142015 0.157087 -5.93712e-20)
(0.0135259 0.102933 6.07951e-20)
(0.00912605 0.0543792 0)
(0.00290464 0.0144693 0)
(-0.00226654 0.0143484 0)
(-0.00719012 0.0534022 0)
(-0.0106344 0.10047 0)
(-0.0109578 0.152855 0)
(-0.00745785 0.206648 0)
(-0.000598663 0.257614 0)
(0.008234 0.30226 0)
(0.0173399 0.338553 0)
(0.0252845 0.366055 0)
(0.031213 0.385568 0)
(0.0348684 0.398577 0)
(0.0364274 0.406734 0)
(0.0362892 0.411522 0)
(0.0349057 0.414111 0)
(0.0326822 0.415341 0)
(0.0299361 0.415775 0)
(0.0268944 0.415772 0)
(0.0237079 0.415549 0)
(0.0204699 0.415236 0)
(0.0172338 0.414905 0)
(0.0140261 0.414599 0)
(0.0108565 0.414339 0)
(0.00772404 0.414137 0)
(0.00462159 0.414001 0)
(0.00153833 0.413932 0)
(-0.00153833 0.413932 0)
(-0.00462159 0.414001 0)
(-0.00772404 0.414137 0)
(-0.0108565 0.414339 0)
(-0.0140261 0.414599 0)
(-0.0172338 0.414905 0)
(-0.0204699 0.415236 0)
(-0.0237079 0.415549 0)
(-0.0268944 0.415772 0)
(-0.0299361 0.415775 0)
(-0.0326822 0.415341 0)
(-0.0349057 0.414111 0)
(-0.0362892 0.411522 0)
(-0.0364274 0.406734 0)
(-0.0348684 0.398577 0)
(-0.031213 0.385568 0)
(-0.0252845 0.366055 0)
(-0.0173399 0.338553 0)
(-0.008234 0.30226 0)
(0.000598662 0.257614 0)
(0.00745785 0.206648 0)
(0.0109578 0.152855 0)
(0.0106344 0.10047 0)
(0.00719012 0.0534022 0)
(0.00226654 0.0143484 0)
(-0.00164113 0.0142988 0)
(-0.00528516 0.0527328 0)
(-0.00774446 0.0986142 0)
(-0.00761335 0.1495 3.10311e-20)
(-0.00421919 0.201918 -3.0324e-20)
(0.00213844 0.252039 0)
(0.0103364 0.29658 0)
(0.0189015 0.333463 0)
(0.026514 0.362023 0)
(0.0323205 0.382783 0)
(0.0359982 0.396994 0)
(0.0376427 0.406165 -1.05646e-20)
(0.0375889 0.411728 1.05457e-20)
(0.0362527 0.414862 0)
(0.0340266 0.416447 0)
(0.0312307 0.417094 0)
(0.0281015 0.417207 -8.50937e-21)
(0.0248006 0.417037 8.51762e-21)
(0.0214308 0.416738 0)
(0.0180528 0.416402 0)
(0.014698 0.41608 0)
(0.0113792 0.415802 0)
(0.00809707 0.415585 0)
(0.00484517 0.415436 0)
(0.00161281 0.415361 0)
(-0.00161281 0.415361 0)
(-0.00484517 0.415436 0)
(-0.00809707 0.415585 0)
(-0.0113792 0.415802 0)
(-0.014698 0.41608 0)
(-0.0180528 0.416402 0)
(-0.0214308 0.416738 0)
(-0.0248006 0.417037 8.51762e-21)
(-0.0281015 0.417207 -8.50937e-21)
(-0.0312307 0.417094 0)
(-0.0340266 0.416447 0)
(-0.0362527 0.414862 0)
(-0.0375889 0.411728 1.05457e-20)
(-0.0376427 0.406165 -1.05646e-20)
(-0.0359982 0.396994 0)
(-0.0323205 0.382783 0)
(-0.026514 0.362023 0)
(-0.0189015 0.333463 0)
(-0.0103364 0.29658 0)
(-0.00213844 0.252039 0)
(0.00421919 0.201918 -3.0324e-20)
(0.00761335 0.1495 3.10311e-20)
(0.00774446 0.0986142 0)
(0.00528516 0.0527328 0)
(0.00164113 0.0142988 0)
(-0.00102156 0.0143168 1.49237e-20)
(-0.00339368 0.0523398 1.60183e-20)
(-0.00484428 0.0973008 0)
(-0.00417909 0.146941 0)
(-0.000773365 0.198137 0)
(0.00519105 0.24742 0)
(0.0128105 0.291725 0)
(0.0208238 0.328986 1.31024e-20)
(0.0280397 0.358384 -1.29376e-20)
(0.0336347 0.38021 0)
(0.0372474 0.395502 0)
(0.0389076 0.405624 0)
(0.0388912 0.411939 -4.93944e-21)
(0.0375752 0.415619 4.93454e-21)
(0.0353341 0.417572 0)
(0.0324852 0.418447 0)
(0.0292702 0.418688 0)
(0.025859 0.418581 0)
(0.0223625 0.418304 -1.95857e-21)
(0.0188477 0.417966 1.96039e-21)
(0.0153507 0.417631 1.87244e-21)
(0.0118873 0.417336 -2.79569e-21)
(0.00845983 0.417102 1.83372e-21)
(0.00506265 0.416942 -9.12119e-22)
(0.00168526 0.416861 0)
(-0.00168526 0.416861 0)
(-0.00506265 0.416942 -9.12119e-22)
(-0.00845983 0.417102 1.83372e-21)
(-0.0118873 0.417336 -2.79569e-21)
(-0.0153507 0.417631 1.87244e-21)
(-0.0188477 0.417966 1.96039e-21)
(-0.0223625 0.418304 -1.95857e-21)
(-0.025859 0.418581 0)
(-0.0292702 0.418688 0)
(-0.0324852 0.418447 0)
(-0.0353341 0.417572 0)
(-0.0375752 0.415619 4.93454e-21)
(-0.0388912 0.411939 -4.93944e-21)
(-0.0389076 0.405624 0)
(-0.0372474 0.395502 0)
(-0.0336347 0.38021 0)
(-0.0280397 0.358384 -1.29376e-20)
(-0.0208238 0.328986 1.31024e-20)
(-0.0128105 0.291725 0)
(-0.00519105 0.24742 0)
(0.000773365 0.198137 0)
(0.00417909 0.146941 0)
(0.00484428 0.0973008 0)
(0.00339368 0.0523398 1.60183e-20)
(0.00102156 0.0143168 -4.49443e-20)
(-0.000401979 0.014399 1.53087e-20)
(-0.00150069 0.0521986 -8.17183e-21)
(-0.00192218 0.0964768 -8.06764e-21)
(-0.000661261 0.145106 7.8981e-21)
(0.00284983 0.195239 0)
(0.00851328 0.243722 0)
(0.015609 0.287703 0)
(0.0230703 0.325172 3.24925e-21)
(0.0298413 0.355208 -6.26129e-21)
(0.0351496 0.377923 3.02429e-21)
(0.0386179 0.394165 0)
(0.0402268 0.405157 0)
(0.0401997 0.412186 2.42138e-21)
(0.038874 0.416401 -1.13295e-22)
(0.0366028 0.418724 -2.30388e-21)
(0.0336956 0.419837 0)
(0.0303956 0.420216 -1.01785e-21)
(0.026878 0.420179 1.01854e-21)
(0.0232599 0.419929 9.56173e-22)
(0.0196139 0.419592 -2.42731e-23)
(0.0159803 0.419246 -1.39035e-21)
(0.0123777 0.418936 9.06959e-22)
(0.00881017 0.418687 -6.7237e-22)
(0.00527276 0.418515 1.12051e-22)
(0.00175527 0.418427 1.10522e-22)
(-0.00175527 0.418427 1.10522e-22)
(-0.00527276 0.418515 1.12051e-22)
(-0.00881017 0.418687 -6.7237e-22)
(-0.0123777 0.418936 9.06959e-22)
(-0.0159803 0.419246 -1.39035e-21)
(-0.0196139 0.419592 -2.42731e-23)
(-0.0232599 0.419929 9.56173e-22)
(-0.026878 0.420179 1.01854e-21)
(-0.0303956 0.420216 -1.01785e-21)
(-0.0336956 0.419837 0)
(-0.0366028 0.418724 -2.30388e-21)
(-0.038874 0.416401 -1.13295e-22)
(-0.0401997 0.412186 2.42138e-21)
(-0.0402268 0.405157 0)
(-0.0386179 0.394165 0)
(-0.0351496 0.377923 3.02429e-21)
(-0.0298413 0.355208 -6.26129e-21)
(-0.0230703 0.325172 3.24925e-21)
(-0.015609 0.287703 0)
(-0.00851328 0.243722 0)
(-0.00284983 0.195239 0)
(0.00066126 0.145106 7.8981e-21)
(0.00192218 0.0964768 -8.06764e-21)
(0.00150069 0.0521986 -8.17183e-21)
(0.000401979 0.014399 7.90768e-24)
(0.000222602 0.0145432 1.55829e-20)
(0.000406377 0.0522893 -8.31024e-21)
(0.00103219 0.0960992 0)
(0.00293607 0.143934 0)
(0.00662549 0.193166 0)
(0.0120634 0.240906 0)
(0.0186848 0.284511 0)
(0.0256004 0.322049 -3.21338e-21)
(0.0318907 0.352549 1.60867e-22)
(0.03685 0.375982 2.98155e-21)
(0.040104 0.393038 0)
(0.0415992 0.404809 0)
(0.041514 0.412499 2.36737e-21)
(0.040148 0.417226 -1.12876e-22)
(0.0378299 0.419913 -2.24914e-21)
(0.0348579 0.421265 0)
(0.0314728 0.421788 -9.91871e-22)
(0.0278522 0.421827 9.92408e-22)
(0.024118 0.421609 9.31267e-22)
(0.020347 0.421278 -2.36788e-23)
(0.0165832 0.420923 -1.35379e-21)
(0.0128476 0.420598 8.8302e-22)
(0.00914602 0.420334 -6.54564e-22)
(0.00547424 0.420151 1.09073e-22)
(0.00182242 0.420057 1.07576e-22)
(-0.00182242 0.420057 1.07576e-22)
(-0.00547424 0.420151 1.09073e-22)
(-0.00914602 0.420334 -6.54564e-22)
(-0.0128476 0.420598 8.8302e-22)
(-0.0165832 0.420923 -1.35379e-21)
(-0.020347 0.421278 -2.36788e-23)
(-0.024118 0.421609 9.31267e-22)
(-0.0278522 0.421827 9.92408e-22)
(-0.0314728 0.421788 -9.91871e-22)
(-0.0348579 0.421265 0)
(-0.0378299 0.419913 -2.24914e-21)
(-0.040148 0.417226 -1.12876e-22)
(-0.041514 0.412499 2.36737e-21)
(-0.0415992 0.404809 0)
(-0.040104 0.393038 0)
(-0.03685 0.375982 2.98155e-21)
(-0.0318907 0.352549 1.60867e-22)
(-0.0256004 0.322049 -3.21338e-21)
(-0.0186848 0.284511 0)
(-0.0120634 0.240906 0)
(-0.00662549 0.193166 0)
(-0.00293607 0.143934 0)
(-0.00103219 0.0960992 0)
(-0.000406377 0.0522893 -8.31024e-21)
(-0.000222603 0.0145432 -6.46139e-24)
(0.00085648 0.0147473 -1.58746e-20)
(0.00233791 0.0525963 -1.68477e-20)
(0.00402742 0.0961331 0)
(0.00660947 0.143374 0)
(0.0105317 0.191862 0)
(0.0158028 0.238932 0)
(0.0219912 0.282135 0)
(0.0283696 0.319634 -1.26683e-20)
(0.0341533 0.350443 1.25059e-20)
(0.0387131 0.374436 0)
(0.0416928 0.39217 0)
(0.043018 0.40462 0)
(0.0428303 0.412908 4.61515e-21)
(0.0413939 0.418111 -4.60656e-21)
(0.0390117 0.421147 0)
(0.0359676 0.422735 0)
(0.0324968 0.423404 0)
(0.0287769 0.423523 0)
(0.0249322 0.423341 1.8093e-21)
(0.0210429 0.423018 -1.81041e-21)
(0.0171558 0.422656 -1.72839e-21)
(0.0132943 0.422317 2.57989e-21)
(0.00946542 0.42204 -1.69174e-21)
(0.00566594 0.421846 8.41262e-22)
(0.00188632 0.421746 0)
(-0.00188632 0.421746 0)
(-0.00566594 0.421846 8.41262e-22)
(-0.00946542 0.42204 -1.69174e-21)
(-0.0132943 0.422317 2.57989e-21)
(-0.0171558 0.422656 -1.72839e-21)
(-0.0210429 0.423018 -1.81041e-21)
(-0.0249322 0.423341 1.8093e-21)
(-0.0287769 0.423523 0)
(-0.0324968 0.423404 0)
(-0.0359676 0.422735 0)
(-0.0390117 0.421147 0)
(-0.0413939 0.418111 -4.60656e-21)
(-0.0428303 0.412908 4.61515e-21)
(-0.043018 0.40462 0)
(-0.0416928 0.39217 0)
(-0.0387131 0.374436 0)
(-0.0341533 0.350443 1.25059e-20)
(-0.0283696 0.319634 -1.26683e-20)
(-0.0219912 0.282135 0)
(-0.0158028 0.238932 0)
(-0.0105317 0.191862 0)
(-0.00660947 0.143374 0)
(-0.00402742 0.0961331 0)
(-0.00233791 0.0525963 -1.68477e-20)
(-0.00085648 0.0147473 4.74504e-20)
(0.00150338 0.0150098 0)
(0.00430241 0.053107 0)
(0.00707016 0.0965502 0)
(0.010355 0.143385 -3.14888e-20)
(0.0145478 0.191281 3.0872e-20)
(0.0196948 0.237761 0)
(0.0254821 0.280553 0)
(0.0313318 0.317928 0)
(0.0365899 0.348914 0)
(0.0407099 0.373319 0)
(0.0433652 0.391599 1.01134e-20)
(0.0444717 0.404623 -5.59846e-22)
(0.0441414 0.413437 -9.46835e-21)
(0.0426064 0.419073 0)
(0.0401436 0.422436 0)
(0.0370202 0.42425 0)
(0.0334631 0.425063 7.47285e-21)
(0.0296476 0.425264 -3.86392e-21)
(0.0256984 0.425119 -3.61283e-21)
(0.0216979 0.424807 0)
(0.0176952 0.42444 0)
(0.0137153 0.424089 0)
(0.00976664 0.423799 0)
(0.0058468 0.423594 0)
(0.00194662 0.423488 0)
(-0.00194662 0.423488 0)
(-0.0058468 0.423594 0)
(-0.00976664 0.423799 0)
(-0.0137153 0.424089 0)
(-0.0176952 0.42444 0)
(-0.0216979 0.424807 0)
(-0.0256984 0.425119 -3.61283e-21)
(-0.0296476 0.425264 -3.86392e-21)
(-0.0334631 0.425063 7.47285e-21)
(-0.0370202 0.42425 0)
(-0.0401436 0.422436 0)
(-0.0426064 0.419073 0)
(-0.0441414 0.413437 -9.46835e-21)
(-0.0444717 0.404623 -5.59846e-22)
(-0.0433652 0.391599 1.01134e-20)
(-0.0407099 0.373319 0)
(-0.0365899 0.348914 0)
(-0.0313318 0.317928 0)
(-0.0254821 0.280553 0)
(-0.0196948 0.237761 0)
(-0.0145478 0.191281 3.0872e-20)
(-0.010355 0.143385 -3.14888e-20)
(-0.00707016 0.0965502 0)
(-0.00430241 0.053107 0)
(-0.00150338 0.0150098 0)
(0.00216652 0.0153294 0)
(0.0063067 0.0538117 0)
(0.010165 0.0973287 0)
(0.0141676 0.14393 0)
(0.0186537 0.191379 0)
(0.0237037 0.237353 0)
(0.0291116 0.27974 0)
(0.0344388 0.316925 0)
(0.0391576 0.347971 0)
(0.0428069 0.372654 0)
(0.0450975 0.391351 0)
(0.0459444 0.404844 0)
(0.0454371 0.414107 0)
(0.0437786 0.420127 0)
(0.04122 0.423787 0)
(0.0380108 0.425814 0)
(0.0343673 0.426764 0)
(0.03046 0.427045 0)
(0.0264128 0.42694 0)
(0.0223088 0.42664 0)
(0.0181985 0.426269 0)
(0.0141084 0.425908 0)
(0.0100481 0.425606 0)
(0.00601591 0.425391 0)
(0.00200302 0.42528 0)
(-0.00200302 0.42528 0)
(-0.00601591 0.425391 0)
(-0.0100481 0.425606 0)
(-0.0141084 0.425908 0)
(-0.0181985 0.426269 0)
(-0.0223088 0.42664 0)
(-0.0264128 0.42694 0)
(-0.03046 0.427045 0)
(-0.0343673 0.426764 0)
(-0.0380108 0.425814 0)
(-0.04122 0.423787 0)
(-0.0437786 0.420127 0)
(-0.0454371 0.414107 0)
(-0.0459444 0.404844 0)
(-0.0450975 0.391351 0)
(-0.0428069 0.372654 0)
(-0.0391576 0.347971 0)
(-0.0344388 0.316925 0)
(-0.0291116 0.27974 0)
(-0.0237037 0.237353 0)
(-0.0186537 0.191379 0)
(-0.0141676 0.14393 0)
(-0.010165 0.0973287 0)
(-0.0063067 0.0538117 0)
(-0.00216652 0.0153294 0)
(0.00284867 0.0157051 0)
(0.008356 0.0547034 0)
(0.0133144 0.098452 -6.48443e-20)
(0.01804 0.144984 6.35886e-20)
(0.0228275 0.192123 0)
(0.0277931 0.237673 0)
(0.0328336 0.279667 0)
(0.0376417 0.316609 2.36453e-20)
(0.0418114 0.347615 -4.53157e-20)
(0.0449672 0.372452 2.17347e-20)
(0.0468624 0.391444 0)
(0.0474174 0.405302 -1.77908e-20)
(0.0467048 0.414935 1.7726e-20)
(0.0449019 0.421283 1.58683e-20)
(0.0422351 0.425207 -1.58472e-20)
(0.0389349 0.427427 0)
(0.0352054 0.428507 -6.95543e-21)
(0.0312107 0.428865 6.95628e-21)
(0.0270723 0.428798 0)
(0.0228728 0.428511 0)
(0.0186635 0.428139 -3.1179e-21)
(0.014472 0.427768 5.04706e-23)
(0.0103086 0.427455 1.55262e-21)
(0.00617249 0.42723 7.63982e-22)
(0.00205526 0.427114 7.53492e-22)
(-0.00205526 0.427114 7.53492e-22)
(-0.00617249 0.42723 7.63982e-22)
(-0.0103086 0.427455 1.55262e-21)
(-0.014472 0.427768 5.04706e-23)
(-0.0186635 0.428139 -3.1179e-21)
(-0.0228728 0.428511 0)
(-0.0270723 0.428798 0)
(-0.0312107 0.428865 6.95628e-21)
(-0.0352054 0.428507 -6.95543e-21)
(-0.0389349 0.427427 0)
(-0.0422351 0.425207 -1.58472e-20)
(-0.0449019 0.421283 1.58683e-20)
(-0.0467048 0.414935 1.7726e-20)
(-0.0474174 0.405302 -1.77908e-20)
(-0.0468624 0.391444 0)
(-0.0449672 0.372452 2.17347e-20)
(-0.0418114 0.347615 -4.53157e-20)
(-0.0376417 0.316609 2.36453e-20)
(-0.0328336 0.279667 0)
(-0.0277931 0.237673 0)
(-0.0228275 0.192123 0)
(-0.01804 0.144984 6.35886e-20)
(-0.0133144 0.098452 -6.48443e-20)
(-0.008356 0.0547034 0)
(-0.00284867 0.0157051 0)
(0.00355215 0.0161364 6.52633e-20)
(0.0104541 0.0557774 0)
(0.0165182 0.0999091 0)
(0.0219621 0.146525 0)
(0.0270452 0.193482 0)
(0.0319252 0.238686 0)
(0.0366008 0.280304 -4.94415e-20)
(0.0408904 0.316956 9.45056e-20)
(0.0445045 0.347833 -4.52277e-20)
(0.0471518 0.372712 -3.92365e-20)
(0.04863 0.391885 3.89831e-20)
(0.0488695 0.406007 0)
(0.0479304 0.415929 0)
(0.0459671 0.422548 1.52447e-20)
(0.0431825 0.426699 -1.52234e-20)
(0.0397878 0.42909 -1.38888e-20)
(0.0359738 0.430287 1.38855e-20)
(0.0318968 0.430718 0)
(0.0276743 0.430689 0)
(0.0233877 0.430416 0)
(0.0190884 0.430043 0)
(0.0148045 0.429664 0)
(0.0105471 0.42934 0)
(0.00631596 0.429107 0)
(0.00210313 0.428986 0)
(-0.00210313 0.428986 0)
(-0.00631596 0.429107 0)
(-0.0105471 0.42934 0)
(-0.0148045 0.429664 0)
(-0.0190884 0.430043 0)
(-0.0233877 0.430416 0)
(-0.0276743 0.430689 0)
(-0.0318968 0.430718 0)
(-0.0359738 0.430287 1.38855e-20)
(-0.0397878 0.42909 -1.38888e-20)
(-0.0431825 0.426699 -1.52234e-20)
(-0.0459671 0.422548 1.52447e-20)
(-0.0479304 0.415929 0)
(-0.0488695 0.406007 0)
(-0.04863 0.391885 3.89831e-20)
(-0.0471518 0.372712 -3.92365e-20)
(-0.0445045 0.347833 -4.52277e-20)
(-0.0408904 0.316956 9.45056e-20)
(-0.0366008 0.280304 -4.94415e-20)
(-0.0319252 0.238686 0)
(-0.0270452 0.193482 0)
(-0.0219621 0.146525 0)
(-0.0165182 0.0999091 0)
(-0.0104541 0.0557774 0)
(-0.00355215 0.0161364 -6.52633e-20)
(0.00427926 0.0166231 0)
(0.0126045 0.0570327 -6.67704e-20)
(0.0197757 0.101695 1.2889e-19)
(0.0259229 0.148541 -6.21401e-20)
(0.0312818 0.195435 0)
(0.0360621 0.240363 0)
(0.0403666 0.281618 0)
(0.0441359 0.317941 -4.40182e-20)
(0.0471911 0.348607 2.92513e-21)
(0.049322 0.373425 4.02687e-20)
(0.0503704 0.392672 0)
(0.0502794 0.406961 0)
(0.0490995 0.417095 0)
(0.0469648 0.423927 -1.45683e-20)
(0.0440562 0.428265 1.45529e-20)
(0.0405655 0.430803 0)
(0.0366697 0.432105 -1.27806e-20)
(0.032516 0.432601 1.27825e-20)
(0.0282171 0.432608 0)
(0.0238522 0.432348 0)
(0.0194721 0.431975 -5.74137e-21)
(0.0151052 0.43159 5.74319e-21)
(0.010763 0.431256 -2.79517e-21)
(0.00644592 0.431016 2.79574e-21)
(0.00214653 0.43089 0)
(-0.00214653 0.43089 0)
(-0.00644592 0.431016 2.79574e-21)
(-0.010763 0.431256 -2.79517e-21)
(-0.0151052 0.43159 5.74319e-21)
(-0.0194721 0.431975 -5.74137e-21)
(-0.0238522 0.432348 0)
(-0.0282171 0.432608 0)
(-0.032516 0.432601 1.27825e-20)
(-0.0366697 0.432105 -1.27806e-20)
(-0.0405656 0.430803 0)
(-0.0440562 0.428265 1.45529e-20)
(-0.0469648 0.423927 -1.45683e-20)
(-0.0490995 0.417095 0)
(-0.0502794 0.406961 0)
(-0.0503704 0.392672 0)
(-0.049322 0.373425 4.02687e-20)
(-0.0471911 0.348607 2.92513e-21)
(-0.0441359 0.317941 -4.40182e-20)
(-0.0403666 0.281618 0)
(-0.0360621 0.240363 0)
(-0.0312818 0.195435 0)
(-0.0259229 0.148541 -6.21401e-20)
(-0.0197757 0.101695 1.2889e-19)
(-0.0126045 0.0570327 -6.67704e-20)
(-0.00427926 0.0166231 0)
(0.00503232 0.0171657 -1.30249e-19)
(0.0148103 0.0584713 -1.32095e-19)
(0.0230846 0.103811 1.91932e-19)
(0.0299084 0.151027 -6.10722e-20)
(0.0355098 0.197965 0)
(0.0401642 0.242679 0)
(0.0440842 0.283578 0)
(0.0473296 0.319532 0)
(0.0498265 0.349912 3.87998e-20)
(0.05144 0.374575 -2.62538e-21)
(0.0520544 0.393796 -2.32278e-21)
(0.0516259 0.408162 -2.02592e-21)
(0.0501977 0.418432 -3.10456e-20)
(0.0478861 0.425421 0)
(0.0448508 0.429906 1.32092e-20)
(0.041265 0.432566 -5.52876e-22)
(0.0372912 0.433957 -4.71521e-22)
(0.0330672 0.434511 -1.21846e-20)
(0.0286998 0.43455 0)
(0.0242656 0.434304 -5.59196e-21)
(0.019814 0.433932 1.1077e-22)
(0.0153735 0.433541 5.48636e-21)
(0.010956 0.4332 -2.67183e-21)
(0.0065622 0.432952 4.00009e-21)
(0.00218537 0.432822 -1.32772e-21)
(-0.00218537 0.432822 -1.32772e-21)
(-0.0065622 0.432952 4.00009e-21)
(-0.010956 0.4332 -2.67183e-21)
(-0.0153735 0.433541 5.48636e-21)
(-0.019814 0.433932 1.1077e-22)
(-0.0242656 0.434304 -5.59196e-21)
(-0.0286998 0.43455 0)
(-0.0330672 0.434511 -1.21846e-20)
(-0.0372912 0.433957 -4.71521e-22)
(-0.041265 0.432566 -5.52876e-22)
(-0.0448508 0.429906 1.32092e-20)
(-0.0478861 0.425421 0)
(-0.0501977 0.418432 -3.10456e-20)
(-0.0516259 0.408162 -2.02592e-21)
(-0.0520544 0.393796 -2.32278e-21)
(-0.05144 0.374575 -2.62538e-21)
(-0.0498265 0.349912 3.87998e-20)
(-0.0473296 0.319532 0)
(-0.0440842 0.283578 0)
(-0.0401642 0.242679 0)
(-0.0355098 0.197965 0)
(-0.0299084 0.151027 -6.10722e-20)
(-0.0230846 0.103811 1.91932e-19)
(-0.0148103 0.0584713 -1.32095e-19)
(-0.00503232 0.0171657 1.30249e-19)
(0.00581355 0.0177653 -1.29601e-19)
(0.0170741 0.0600993 0)
(0.0264399 0.106265 0)
(0.0339007 0.153984 0)
(0.0396969 0.201063 0)
(0.0441885 0.245608 0)
(0.047705 0.286151 0)
(0.0504233 0.321695 -4.01494e-20)
(0.0523667 0.351717 3.97349e-20)
(0.0534692 0.376136 -3.40267e-20)
(0.0536536 0.395242 2.23531e-21)
(0.0528887 0.4096 6.09758e-20)
(0.0512117 0.419935 -2.94392e-20)
(0.0487224 0.427026 0)
(0.0455612 0.431619 0)
(0.0418832 0.434375 1.2013e-20)
(0.0378367 0.435841 -1.20155e-20)
(0.0335495 0.436445 -1.12051e-20)
(0.029122 0.436514 1.12115e-20)
(0.0246275 0.43628 0)
(0.020114 0.435909 5.22367e-21)
(0.0156094 0.435513 -5.2267e-21)
(0.0111259 0.435165 2.54715e-21)
(0.00666473 0.434911 -2.54825e-21)
(0.00221964 0.434778 0)
(-0.00221964 0.434778 0)
(-0.00666473 0.434911 -2.54825e-21)
(-0.0111259 0.435165 2.54715e-21)
(-0.0156094 0.435513 -5.2267e-21)
(-0.020114 0.435909 5.22367e-21)
(-0.0246275 0.43628 0)
(-0.029122 0.436514 1.12115e-20)
(-0.0335495 0.436445 -1.12051e-20)
(-0.0378367 0.435841 -1.20155e-20)
(-0.0418832 0.434375 1.2013e-20)
(-0.0455612 0.431619 0)
(-0.0487224 0.427026 0)
(-0.0512117 0.419935 -2.94392e-20)
(-0.0528887 0.4096 6.09758e-20)
(-0.0536536 0.395242 2.23531e-21)
(-0.0534692 0.376136 -3.40267e-20)
(-0.0523667 0.351717 3.97349e-20)
(-0.0504233 0.321695 -4.01494e-20)
(-0.047705 0.286151 0)
(-0.0441885 0.245608 0)
(-0.0396969 0.201063 0)
(-0.0339007 0.153984 0)
(-0.0264399 0.106265 0)
(-0.0170741 0.0600993 0)
(-0.00581355 0.0177653 1.29601e-19)
(0.0066255 0.018424 -3.07779e-21)
(0.0193978 0.0619278 -2.62423e-19)
(0.0298339 0.109073 6.89731e-21)
(0.0378766 0.157423 2.25726e-19)
(0.0438058 0.204723 -7.24476e-21)
(0.0480885 0.249132 -9.84358e-20)
(0.0511798 0.289305 -4.16316e-20)
(0.0533697 0.324392 7.91363e-20)
(0.0547702 0.353987 -7.24888e-20)
(0.0553756 0.378081 3.45815e-20)
(0.0551422 0.396988 0)
(0.0540494 0.411261 0)
(0.052129 0.421596 -2.62288e-20)
(0.0494661 0.428738 2.61907e-20)
(0.0461832 0.433402 0)
(0.0424181 0.436229 0)
(0.0383054 0.437753 0)
(0.0339626 0.4384 0)
(0.0294838 0.438493 -1.03383e-20)
(0.0249382 0.438271 1.03462e-20)
(0.0203722 0.437903 0)
(0.015813 0.437503 -4.89186e-21)
(0.0112729 0.437149 4.89494e-21)
(0.00675359 0.43689 -1.20371e-21)
(0.00224937 0.436754 1.20423e-21)
(-0.00224937 0.436754 1.20423e-21)
(-0.00675359 0.43689 -1.20371e-21)
(-0.0112729 0.437149 4.89494e-21)
(-0.015813 0.437503 -4.89186e-21)
(-0.0203722 0.437903 0)
(-0.0249382 0.438271 1.03462e-20)
(-0.0294838 0.438493 -1.03383e-20)
(-0.0339626 0.4384 0)
(-0.0383054 0.437753 0)
(-0.0424181 0.436229 0)
(-0.0461832 0.433402 0)
(-0.0494661 0.428738 2.61907e-20)
(-0.052129 0.421596 -2.62288e-20)
(-0.0540494 0.411261 0)
(-0.0551422 0.396988 0)
(-0.0553756 0.378081 3.45815e-20)
(-0.0547702 0.353987 -7.24888e-20)
(-0.0533697 0.324392 7.91363e-20)
(-0.0511798 0.289305 -4.16316e-20)
(-0.0480885 0.249132 -9.84358e-20)
(-0.0438058 0.204723 -7.24476e-21)
(-0.0378766 0.157423 2.25726e-19)
(-0.0298339 0.109073 6.89731e-21)
(-0.0193978 0.0619278 -2.62423e-19)
(-0.0066255 0.018424 2.54164e-19)
(0.00747121 0.0191453 -2.51065e-19)
(0.0217829 0.0639742 1.32766e-19)
(0.0332552 0.11226 0)
(0.0418071 0.161363 0)
(0.0477933 0.208947 0)
(0.0518143 0.253229 0)
(0.0544584 0.293005 3.92756e-20)
(0.0561232 0.327582 -3.8809e-20)
(0.0569983 0.356683 0)
(0.0571283 0.380376 0)
(0.0564968 0.399009 2.79986e-20)
(0.0550915 0.413127 -2.7894e-20)
(0.052939 0.423403 0)
(0.050111 0.430548 0)
(0.0467135 0.435249 0)
(0.0428685 0.438124 0)
(0.0386972 0.439691 0)
(0.0343072 0.440372 0)
(0.0297858 0.440486 0)
(0.0251984 0.440275 0)
(0.0205893 0.439909 0)
(0.0159848 0.439506 0)
(0.0113974 0.439148 0)
(0.00682897 0.438884 0)
(0.00227462 0.438745 0)
(-0.00227462 0.438745 0)
(-0.00682897 0.438884 0)
(-0.0113974 0.439148 0)
(-0.0159848 0.439506 0)
(-0.0205893 0.439909 0)
(-0.0251984 0.440275 0)
(-0.0297858 0.440486 0)
(-0.0343072 0.440372 0)
(-0.0386972 0.439691 0)
(-0.0428685 0.438124 0)
(-0.0467135 0.435249 0)
(-0.050111 0.430548 0)
(-0.0529389 0.423403 0)
(-0.0550915 0.413127 -2.7894e-20)
(-0.0564968 0.399009 2.79986e-20)
(-0.0571283 0.380376 0)
(-0.0569983 0.356683 0)
(-0.0561232 0.327582 -3.8809e-20)
(-0.0544584 0.293005 3.92756e-20)
(-0.0518143 0.253229 0)
(-0.0477933 0.208947 0)
(-0.0418071 0.161363 0)
(-0.0332552 0.11226 0)
(-0.0217829 0.0639742 1.32766e-19)
(-0.00747121 0.0191453 3.56209e-21)
(0.00835464 0.0199349 0)
(0.0242302 0.0662639 0)
(0.0366874 0.115861 0)
(0.0456552 0.165826 0)
(0.0516093 0.213735 0)
(0.0553124 0.257878 0)
(0.057491 0.297214 0)
(0.058641 0.331221 0)
(0.0590162 0.35976 0)
(0.0587006 0.382985 -2.81627e-20)
(0.0576979 0.401275 2.80192e-20)
(0.0560017 0.415179 2.44756e-20)
(0.0536332 0.425343 -2.44237e-20)
(0.0506522 0.432448 0)
(0.04715 0.437155 0)
(0.0432338 0.440054 0)
(0.0390125 0.441652 0)
(0.0345839 0.442357 0)
(0.0300291 0.44249 0)
(0.0254091 0.442288 0)
(0.020766 0.441924 0)
(0.0161255 0.44152 0)
(0.0114997 0.441158 0)
(0.00689116 0.440891 0)
(0.00229548 0.44075 0)
(-0.00229548 0.44075 0)
(-0.00689116 0.440891 0)
(-0.0114997 0.441158 0)
(-0.0161255 0.44152 0)
(-0.020766 0.441924 0)
(-0.0254091 0.442288 0)
(-0.0300291 0.44249 0)
(-0.0345839 0.442357 0)
(-0.0390125 0.441652 0)
(-0.0432338 0.440054 0)
(-0.04715 0.437155 0)
(-0.0506522 0.432448 0)
(-0.0536332 0.425343 -2.44237e-20)
(-0.0560017 0.415179 2.44756e-20)
(-0.0576979 0.401275 2.80192e-20)
(-0.0587006 0.382985 -2.81627e-20)
(-0.0590162 0.35976 0)
(-0.058641 0.331221 0)
(-0.057491 0.297214 0)
(-0.0553124 0.257878 0)
(-0.0516093 0.213735 0)
(-0.0456552 0.165826 0)
(-0.0366874 0.115861 0)
(-0.0242302 0.0662639 0)
(-0.00835464 0.0199349 0)
(0.00928099 0.0208018 1.23707e-19)
(0.0267391 0.0688336 0)
(0.0401067 0.119922 0)
(0.0493742 0.170845 0)
(0.0551965 0.219091 -8.46166e-20)
(0.0585265 0.263057 1.59147e-19)
(0.0602291 0.30189 -7.48345e-20)
(0.0608844 0.335262 0)
(0.0607944 0.363174 2.83375e-20)
(0.0600705 0.385867 -2.02798e-21)
(0.0587301 0.403758 -1.71523e-21)
(0.0567696 0.417392 -4.69657e-20)
(0.0542053 0.427399 2.27164e-20)
(0.0510866 0.434428 0)
(0.0474916 0.439111 -1.95709e-20)
(0.0435144 0.442015 1.95798e-20)
(0.0392523 0.44363 9.11554e-21)
(0.0347944 0.444354 -2.63739e-22)
(0.0302151 0.4445 -8.87139e-21)
(0.0255715 0.444307 -8.47928e-21)
(0.0209036 0.443946 1.26605e-20)
(0.0162359 0.443542 -4.17603e-21)
(0.0115806 0.443177 -2.04231e-21)
(0.00694053 0.442908 1.02789e-21)
(0.00231208 0.442766 1.01681e-21)
(-0.00231208 0.442766 1.01681e-21)
(-0.00694053 0.442908 1.02789e-21)
(-0.0115806 0.443177 -2.04231e-21)
(-0.0162359 0.443542 -4.17603e-21)
(-0.0209036 0.443946 1.26605e-20)
(-0.0255715 0.444307 -8.47928e-21)
(-0.0302151 0.4445 -8.87139e-21)
(-0.0347944 0.444354 -2.63739e-22)
(-0.0392523 0.44363 9.11554e-21)
(-0.0435144 0.442015 1.95798e-20)
(-0.0474916 0.439111 -1.95709e-20)
(-0.0510866 0.434428 0)
(-0.0542053 0.427399 2.27164e-20)
(-0.0567696 0.417392 -4.69657e-20)
(-0.0587301 0.403758 -1.71523e-21)
(-0.0600705 0.385867 -2.02798e-21)
(-0.0607944 0.363174 2.83375e-20)
(-0.0608844 0.335262 0)
(-0.0602291 0.30189 -7.48345e-20)
(-0.0585265 0.263057 1.59147e-19)
(-0.0551965 0.219091 -8.46166e-20)
(-0.0493742 0.170845 0)
(-0.0401067 0.119922 0)
(-0.0267391 0.0688336 0)
(-0.00928099 0.0208018 -1.23707e-19)
(0.0102572 0.0217601 -1.21384e-19)
(0.0293058 0.0717338 0)
(0.0434794 0.124502 0)
(0.0529063 0.176454 8.86945e-20)
(0.0584902 0.225014 -8.71737e-20)
(0.0613991 0.268733 -7.001e-20)
(0.0626275 0.306987 6.9116e-20)
(0.06282 0.339652 0)
(0.0623093 0.366876 -2.60687e-20)
(0.0612218 0.388983 4.99695e-20)
(0.0595822 0.406423 -2.39561e-20)
(0.0573883 0.419745 2.10383e-20)
(0.0546517 0.429555 -2.10044e-20)
(0.0514128 0.436477 0)
(0.0477384 0.441111 0)
(0.0437114 0.444004 0)
(0.0394184 0.445624 0)
(0.0349403 0.446359 0)
(0.0303456 0.446516 0)
(0.0256873 0.44633 -7.93697e-21)
(0.0210033 0.445973 7.94688e-21)
(0.016317 0.44557 0)
(0.0116407 0.445204 0)
(0.00697749 0.444933 0)
(0.00232456 0.44479 0)
(-0.00232456 0.44479 0)
(-0.00697749 0.444933 0)
(-0.0116407 0.445204 0)
(-0.016317 0.44557 0)
(-0.0210033 0.445973 7.94688e-21)
(-0.0256873 0.44633 -7.93697e-21)
(-0.0303456 0.446516 0)
(-0.0349403 0.446359 0)
(-0.0394184 0.445624 0)
(-0.0437114 0.444004 0)
(-0.0477384 0.441111 0)
(-0.0514128 0.436477 0)
(-0.0546517 0.429555 -2.10044e-20)
(-0.0573883 0.419745 2.10383e-20)
(-0.0595822 0.406423 -2.39561e-20)
(-0.0612218 0.388983 4.99695e-20)
(-0.0623093 0.366876 -2.60687e-20)
(-0.06282 0.339652 0)
(-0.0626275 0.306987 6.9116e-20)
(-0.0613991 0.268733 -7.001e-20)
(-0.0584902 0.225014 -8.71737e-20)
(-0.0529063 0.176454 8.86945e-20)
(-0.0434794 0.124502 0)
(-0.0293058 0.0717338 0)
(-0.0102572 0.0217601 1.21384e-19)
(0.0112924 0.0228324 0)
(0.0319211 0.0750336 0)
(0.0467578 0.129673 9.41777e-20)
(0.0561803 0.182689 -1.03064e-20)
(0.0614202 0.231496 -1.52804e-19)
(0.063874 0.274868 1.34918e-19)
(0.0646468 0.31245 -5.83192e-21)
(0.0644224 0.344335 -4.79793e-21)
(0.0635446 0.370814 -9.90794e-20)
(0.0621442 0.392288 4.72834e-20)
(0.0602482 0.409239 -2.05252e-20)
(0.0578544 0.422213 3.97935e-20)
(0.0549708 0.431795 -1.92943e-20)
(0.0516307 0.438583 0)
(0.0478917 0.443148 -1.68227e-20)
(0.0438265 0.446013 3.30903e-20)
(0.0395128 0.447629 -4.92687e-22)
(0.0350239 0.448369 -1.58007e-20)
(0.0304226 0.448535 7.52867e-21)
(0.0257583 0.448356 -7.53929e-21)
(0.0210665 0.448003 0)
(0.01637 0.447601 3.60493e-21)
(0.0116808 0.447236 -3.15322e-23)
(0.00700252 0.446964 -1.79994e-21)
(0.00233307 0.44682 -1.78259e-21)
(-0.00233307 0.44682 -1.78259e-21)
(-0.00700252 0.446964 -1.79994e-21)
(-0.0116808 0.447236 -3.15322e-23)
(-0.01637 0.447601 3.60493e-21)
(-0.0210665 0.448003 0)
(-0.0257583 0.448356 -7.53929e-21)
(-0.0304226 0.448535 7.52867e-21)
(-0.0350239 0.448369 -1.58007e-20)
(-0.0395128 0.447629 -4.92687e-22)
(-0.0438265 0.446013 3.30903e-20)
(-0.0478917 0.443148 -1.68227e-20)
(-0.0516307 0.438583 0)
(-0.0549708 0.431795 -1.92943e-20)
(-0.0578544 0.422213 3.97935e-20)
(-0.0602482 0.409239 -2.05252e-20)
(-0.0621442 0.392288 4.72834e-20)
(-0.0635446 0.370814 -9.90794e-20)
(-0.0644224 0.344335 -4.79793e-21)
(-0.0646468 0.31245 -5.83192e-21)
(-0.063874 0.274868 1.34918e-19)
(-0.0614202 0.231496 -1.52804e-19)
(-0.0561803 0.182689 -1.03064e-20)
(-0.0467578 0.129673 9.41777e-20)
(-0.0319211 0.0750336 0)
(-0.0112924 0.0228324 0)
(0.0123982 0.0240545 1.08426e-19)
(0.0345661 0.0788254 -2.18854e-19)
(0.0498767 0.135516 1.28673e-20)
(0.0591126 0.189581 8.55753e-20)
(0.0639135 0.238517 0)
(0.065901 0.281411 0)
(0.0662574 0.318218 -5.15594e-20)
(0.0656757 0.349251 4.28908e-21)
(0.0644927 0.374937 3.50066e-21)
(0.0628342 0.395743 4.27321e-20)
(0.0607268 0.412175 -1.8652e-20)
(0.058168 0.424772 1.8611e-20)
(0.0551637 0.434102 1.67533e-20)
(0.0517422 0.440734 -3.27956e-20)
(0.0479536 0.445215 1.60531e-20)
(0.0438624 0.448039 -1.4969e-20)
(0.0395382 0.449642 4.27306e-22)
(0.0350476 0.450383 7.47173e-21)
(0.0304483 0.450555 1.40902e-20)
(0.0257862 0.450382 -6.9798e-21)
(0.0210949 0.450034 6.76293e-21)
(0.0163961 0.449636 -6.7721e-21)
(0.0117018 0.449272 3.32346e-21)
(0.00701611 0.449 -1.67178e-21)
(0.00233777 0.448857 -1.65671e-21)
(-0.00233777 0.448857 -1.65671e-21)
(-0.00701611 0.449 -1.67178e-21)
(-0.0117018 0.449272 3.32346e-21)
(-0.0163961 0.449636 -6.7721e-21)
(-0.0210949 0.450034 6.76293e-21)
(-0.0257862 0.450382 -6.9798e-21)
(-0.0304483 0.450555 1.40902e-20)
(-0.0350476 0.450383 7.47173e-21)
(-0.0395382 0.449642 4.27306e-22)
(-0.0438624 0.448039 -1.4969e-20)
(-0.0479536 0.445215 1.60531e-20)
(-0.0517422 0.440734 -3.27956e-20)
(-0.0551637 0.434102 1.67533e-20)
(-0.058168 0.424772 1.8611e-20)
(-0.0607268 0.412175 -1.8652e-20)
(-0.0628342 0.395743 4.27321e-20)
(-0.0644927 0.374937 3.50066e-21)
(-0.0656757 0.349251 4.28908e-21)
(-0.0662574 0.318218 -5.15594e-20)
(-0.065901 0.281411 0)
(-0.0639135 0.238517 0)
(-0.0591126 0.189581 8.55753e-20)
(-0.0498767 0.135516 1.28673e-20)
(-0.0345661 0.0788254 -2.18854e-19)
(-0.0123982 0.0240545 1.08426e-19)
(0.0135884 0.0254826 -1.11865e-19)
(0.0372069 0.0832303 0)
(0.0527496 0.142122 7.93816e-20)
(0.0616092 0.197147 -7.78935e-20)
(0.0659013 0.246037 0)
(0.0674416 0.288296 -5.10449e-20)
(0.067443 0.324221 5.04807e-20)
(0.0665762 0.35434 0)
(0.0651552 0.379194 -3.83748e-20)
(0.0632953 0.399307 3.81923e-20)
(0.0610216 0.415198 0)
(0.0583326 0.4274 -1.59135e-20)
(0.0552339 0.43646 1.59008e-20)
(0.0517507 0.442922 0)
(0.0479275 0.447303 0)
(0.0438222 0.450078 0)
(0.0394975 0.45166 -1.3346e-20)
(0.0350141 0.452398 1.33671e-20)
(0.030425 0.452574 0)
(0.0257731 0.452408 0)
(0.0210899 0.452066 -6.23576e-21)
(0.0163963 0.451671 6.24476e-21)
(0.0117044 0.45131 -3.06879e-21)
(0.00701873 0.45104 1.54332e-21)
(0.00233882 0.450897 1.53044e-21)
(-0.00233882 0.450897 1.53044e-21)
(-0.00701873 0.45104 1.54332e-21)
(-0.0117044 0.45131 -3.06879e-21)
(-0.0163963 0.451671 6.24476e-21)
(-0.0210899 0.452066 -6.23576e-21)
(-0.0257731 0.452408 0)
(-0.030425 0.452574 0)
(-0.0350141 0.452398 1.33671e-20)
(-0.0394975 0.45166 -1.3346e-20)
(-0.0438222 0.450078 0)
(-0.0479275 0.447303 0)
(-0.0517507 0.442922 0)
(-0.0552339 0.43646 1.59008e-20)
(-0.0583326 0.4274 -1.59135e-20)
(-0.0610216 0.415198 0)
(-0.0632953 0.399307 3.81923e-20)
(-0.0651552 0.379194 -3.83748e-20)
(-0.0665762 0.35434 0)
(-0.067443 0.324221 5.04807e-20)
(-0.0674416 0.288296 -5.10449e-20)
(-0.0659013 0.246037 0)
(-0.0616092 0.197147 -7.78935e-20)
(-0.0527496 0.142122 7.93816e-20)
(-0.0372069 0.0832303 0)
(-0.0135884 0.0254826 1.11865e-19)
(0.0148781 0.027205 -1.0749e-19)
(0.0397869 0.0884014 0)
(0.0552676 0.149577 0)
(0.0635734 0.205381 5.88715e-20)
(0.0673282 0.253994 -1.084e-19)
(0.0684765 0.295446 4.98087e-20)
(0.0682054 0.330386 0)
(0.0671342 0.359537 3.65373e-20)
(0.065544 0.383536 -3.63168e-20)
(0.0635382 0.402942 0)
(0.0611413 0.418281 0)
(0.0583551 0.430078 0)
(0.055187 0.438856 0)
(0.0516608 0.445135 -1.31561e-20)
(0.0478175 0.449408 4.14847e-22)
(0.0437095 0.452124 1.2769e-20)
(0.0393939 0.453681 0)
(0.0349262 0.454413 0)
(0.0303552 0.454592 5.8518e-21)
(0.0257209 0.454432 -1.16334e-20)
(0.0210531 0.454097 5.78099e-21)
(0.016372 0.453708 -2.82962e-21)
(0.0116895 0.45335 2.83351e-21)
(0.00701086 0.453083 0)
(0.00233638 0.452941 0)
(-0.00233638 0.452941 0)
(-0.00701086 0.453083 0)
(-0.0116895 0.45335 2.83351e-21)
(-0.016372 0.453708 -2.82962e-21)
(-0.0210531 0.454097 5.78099e-21)
(-0.0257209 0.454432 -1.16334e-20)
(-0.0303552 0.454592 5.8518e-21)
(-0.0349262 0.454413 0)
(-0.0393939 0.453681 0)
(-0.0437095 0.452124 1.2769e-20)
(-0.0478175 0.449408 4.14847e-22)
(-0.0516608 0.445135 -1.31561e-20)
(-0.055187 0.438856 0)
(-0.0583551 0.430078 0)
(-0.0611413 0.418281 0)
(-0.0635382 0.402942 0)
(-0.065544 0.383536 -3.63168e-20)
(-0.0671342 0.359537 3.65373e-20)
(-0.0682054 0.330386 0)
(-0.0684765 0.295446 4.98087e-20)
(-0.0673282 0.253994 -1.084e-19)
(-0.0635734 0.205381 5.88715e-20)
(-0.0552676 0.149577 0)
(-0.0397869 0.0884014 0)
(-0.0148781 0.027205 1.0749e-19)
(0.016281 0.0293585 9.11277e-20)
(0.0422184 0.094526 -2.0864e-20)
(0.0573042 0.157952 -1.3676e-19)
(0.0649204 0.21424 1.0995e-19)
(0.0681664 0.262298 -6.51623e-21)
(0.0690148 0.302766 -4.46306e-21)
(0.0685686 0.336635 -3.74366e-20)
(0.0673755 0.364786 3.14985e-20)
(0.0656813 0.387918 -3.13258e-20)
(0.06358 0.406614 2.76621e-20)
(0.0610989 0.4214 -4.07341e-20)
(0.0582453 0.432786 1.31223e-20)
(0.0550304 0.441277 -1.21096e-20)
(0.0514786 0.447365 2.38437e-20)
(0.0476286 0.451522 -3.28358e-22)
(0.0435286 0.454175 -1.14285e-20)
(0.0392311 0.455703 0)
(0.0347868 0.456426 -5.37054e-21)
(0.0302413 0.456607 1.06733e-20)
(0.0256315 0.456453 -5.30241e-21)
(0.020986 0.456126 0)
(0.0163241 0.455744 0)
(0.0116579 0.455392 0)
(0.00699293 0.455128 0)
(0.00233059 0.454987 0)
(-0.00233059 0.454987 0)
(-0.00699293 0.455128 0)
(-0.0116579 0.455392 0)
(-0.0163241 0.455744 0)
(-0.020986 0.456126 0)
(-0.0256315 0.456453 -5.30241e-21)
(-0.0302413 0.456607 1.06733e-20)
(-0.0347868 0.456426 -5.37054e-21)
(-0.0392311 0.455703 0)
(-0.0435286 0.454175 -1.14285e-20)
(-0.0476286 0.451522 -3.28358e-22)
(-0.0514786 0.447365 2.38437e-20)
(-0.0550304 0.441277 -1.21096e-20)
(-0.0582453 0.432786 1.31223e-20)
(-0.0610989 0.4214 -4.07341e-20)
(-0.06358 0.406614 2.76621e-20)
(-0.0656813 0.387918 -3.13258e-20)
(-0.0673755 0.364786 3.14985e-20)
(-0.0685686 0.336635 -3.74366e-20)
(-0.0690148 0.302766 -4.46306e-21)
(-0.0681664 0.262298 -6.51624e-21)
(-0.0649204 0.21424 1.0995e-19)
(-0.0573042 0.157952 -1.3676e-19)
(-0.0422184 0.094526 -2.0864e-20)
(-0.016281 0.0293585 9.11277e-20)
(0.0178031 0.0321603 8.27012e-20)
(0.044378 0.101823 -8.91739e-20)
(0.0587324 0.167278 0)
(0.0656014 0.223636 -4.09718e-20)
(0.0684327 0.270832 7.54515e-20)
(0.0691017 0.310158 -3.46781e-20)
(0.068581 0.342895 2.85773e-20)
(0.0673414 0.370031 -5.49511e-20)
(0.065599 0.392302 2.64371e-20)
(0.0634444 0.410296 0)
(0.0609116 0.424533 1.13508e-20)
(0.0580158 0.43551 -2.22731e-20)
(0.0547736 0.44371 3.41823e-22)
(0.0512114 0.449605 1.0598e-20)
(0.0473665 0.453641 1.00772e-20)
(0.043284 0.456227 -1.9976e-20)
(0.0390126 0.457723 1.81889e-22)
(0.034599 0.458435 4.94764e-21)
(0.0300855 0.458618 6.79711e-23)
(0.0255068 0.458472 5.77564e-23)
(0.0208899 0.458154 4.69121e-21)
(0.0162537 0.45778 0)
(0.01161 0.457434 0)
(0.00696529 0.457174 0)
(0.00232156 0.457036 0)
(-0.00232156 0.457036 0)
(-0.00696529 0.457174 0)
(-0.01161 0.457434 0)
(-0.0162537 0.45778 0)
(-0.0208899 0.458154 4.69121e-21)
(-0.0255068 0.458472 5.77564e-23)
(-0.0300855 0.458618 6.79711e-23)
(-0.034599 0.458435 4.94764e-21)
(-0.0390126 0.457723 1.81889e-22)
(-0.043284 0.456227 -1.9976e-20)
(-0.0473665 0.453641 1.00772e-20)
(-0.0512114 0.449605 1.0598e-20)
(-0.0547736 0.44371 3.41823e-22)
(-0.0580158 0.43551 -2.22731e-20)
(-0.0609116 0.424533 1.13508e-20)
(-0.0634444 0.410296 0)
(-0.065599 0.392302 2.64371e-20)
(-0.0673414 0.370031 -5.49511e-20)
(-0.068581 0.342895 2.85773e-20)
(-0.0691017 0.310158 -3.46781e-20)
(-0.0684327 0.270832 7.54515e-20)
(-0.0656014 0.223636 -4.09718e-20)
(-0.0587324 0.167278 0)
(-0.044378 0.101823 -8.91739e-20)
(-0.0178031 0.0321603 8.27012e-20)
(0.0194259 0.0359528 0)
(0.0461131 0.110506 5.34605e-20)
(0.0594602 0.177508 -1.31382e-20)
(0.065638 0.233419 -7.01112e-20)
(0.0682066 0.279458 3.77237e-21)
(0.0688243 0.317523 2.29313e-21)
(0.0683162 0.3491 1.56905e-21)
(0.0670876 0.375228 1.18774e-21)
(0.0653375 0.396654 4.23713e-20)
(0.0631603 0.413962 -7.87598e-22)
(0.0606002 0.427662 -1.98275e-20)
(0.0576818 0.438235 0)
(0.0544279 0.446146 0)
(0.0508676 0.451846 8.89471e-21)
(0.0470375 0.455759 -1.76485e-20)
(0.0429807 0.458275 1.43707e-22)
(0.0387422 0.459736 1.71328e-20)
(0.0343655 0.460438 -8.52057e-21)
(0.0298899 0.460622 0)
(0.0253482 0.460484 -4.12988e-21)
(0.0207659 0.460176 8.23964e-21)
(0.0161613 0.459812 -4.1091e-21)
(0.0115464 0.459473 2.03311e-21)
(0.00692815 0.459219 -1.02112e-21)
(0.00230935 0.459083 -1.01597e-21)
(-0.00230935 0.459083 -1.01597e-21)
(-0.00692815 0.459219 -1.02112e-21)
(-0.0115464 0.459473 2.03311e-21)
(-0.0161613 0.459812 -4.1091e-21)
(-0.0207659 0.460176 8.23964e-21)
(-0.0253482 0.460484 -4.12988e-21)
(-0.0298899 0.460622 0)
(-0.0343655 0.460438 -8.52057e-21)
(-0.0387422 0.459736 1.71328e-20)
(-0.0429807 0.458275 1.43707e-22)
(-0.0470375 0.455759 -1.76485e-20)
(-0.0508676 0.451846 8.89471e-21)
(-0.0544279 0.446146 0)
(-0.0576818 0.438235 0)
(-0.0606002 0.427662 -1.98275e-20)
(-0.0631603 0.413962 -7.87598e-22)
(-0.0653375 0.396654 4.23713e-20)
(-0.0670876 0.375228 1.18774e-21)
(-0.0683162 0.3491 1.56905e-21)
(-0.0688243 0.317523 2.29313e-21)
(-0.0682066 0.279458 3.77237e-21)
(-0.065638 0.233419 -7.01112e-20)
(-0.0594602 0.177508 -1.31382e-20)
(-0.0461131 0.110506 5.34605e-20)
(-0.0194259 0.0359528 0)
(0.0210902 0.0411552 0)
(0.0472844 0.120642 0)
(0.0594991 0.188432 0)
(0.0651663 0.243356 -2.23177e-20)
(0.0676446 0.288009 2.20213e-20)
(0.0683121 0.324757 0)
(0.0678694 0.355184 0)
(0.0666816 0.380334 1.70566e-20)
(0.0649443 0.400943 -1.69897e-20)
(0.0627615 0.417587 0)
(0.0601889 0.430765 -7.84401e-21)
(0.0572608 0.440944 7.84148e-21)
(0.0540062 0.448571 0)
(0.0504566 0.454077 0)
(0.0466488 0.457868 0)
(0.0426237 0.460312 0)
(0.0384234 0.461739 0)
(0.0340887 0.462429 -3.6198e-21)
(0.0296562 0.462615 3.62751e-21)
(0.0251566 0.462486 -3.57621e-21)
(0.0206143 0.462189 3.58319e-21)
(0.0160471 0.461835 0)
(0.0114671 0.461506 0)
(0.0068815 0.461257 0)
(0.00229396 0.461124 0)
(-0.00229396 0.461124 0)
(-0.0068815 0.461257 0)
(-0.0114671 0.461506 0)
(-0.0160471 0.461835 0)
(-0.0206143 0.462189 3.58319e-21)
(-0.0251566 0.462486 -3.57621e-21)
(-0.0296562 0.462615 3.62751e-21)
(-0.0340887 0.462429 -3.6198e-21)
(-0.0384234 0.461739 0)
(-0.0426237 0.460312 0)
(-0.0466488 0.457868 0)
(-0.0504566 0.454077 0)
(-0.0540062 0.448571 0)
(-0.0572608 0.440944 7.84148e-21)
(-0.0601889 0.430765 -7.84401e-21)
(-0.0627615 0.417587 0)
(-0.0649443 0.400943 -1.69897e-20)
(-0.0666816 0.380334 1.70566e-20)
(-0.0678694 0.355184 0)
(-0.0683121 0.324757 0)
(-0.0676446 0.288009 2.20213e-20)
(-0.0651663 0.243356 -2.23177e-20)
(-0.0594991 0.188432 0)
(-0.0472844 0.120642 0)
(-0.0210902 0.0411552 0)
(0.0228278 0.0479537 3.73938e-20)
(0.0479055 0.131988 -6.12807e-20)
(0.0590891 0.19969 3.54394e-20)
(0.0644846 0.253181 -2.80534e-20)
(0.066985 0.296339 1.32274e-20)
(0.0677324 0.331788 -1.28312e-20)
(0.0673544 0.361111 1.27416e-20)
(0.0662015 0.385329 1.26539e-20)
(0.0644744 0.405161 -1.26101e-20)
(0.0622875 0.421171 1.24888e-20)
(0.0597067 0.43385 -1.24765e-20)
(0.0567741 0.44365 0)
(0.0535239 0.451003 -6.19744e-21)
(0.0499897 0.456321 8.75063e-24)
(0.0462081 0.459992 1.01426e-23)
(0.0422183 0.462368 6.20905e-21)
(0.0380598 0.463761 6.19062e-21)
(0.0337707 0.464441 -6.20433e-21)
(0.0293851 0.46463 -3.08512e-21)
(0.0249322 0.464511 1.33326e-23)
(0.020435 0.464227 3.08456e-21)
(0.0159108 0.463884 0)
(0.0113716 0.463565 0)
(0.00682501 0.463323 7.65294e-22)
(0.00227528 0.463194 -7.66249e-22)
(-0.00227528 0.463194 -7.66249e-22)
(-0.00682501 0.463323 7.65294e-22)
(-0.0113716 0.463565 0)
(-0.0159108 0.463884 0)
(-0.020435 0.464227 3.08456e-21)
(-0.0249322 0.464511 1.33326e-23)
(-0.0293851 0.46463 -3.08512e-21)
(-0.0337707 0.464441 -6.20433e-21)
(-0.0380598 0.463761 6.19062e-21)
(-0.0422183 0.462368 6.20905e-21)
(-0.0462081 0.459992 1.01426e-23)
(-0.0499897 0.456321 8.75063e-24)
(-0.0535239 0.451003 -6.19744e-21)
(-0.0567741 0.44365 0)
(-0.0597067 0.43385 -1.24765e-20)
(-0.0622875 0.421171 1.24888e-20)
(-0.0644744 0.405161 -1.26101e-20)
(-0.0662015 0.385329 1.26539e-20)
(-0.0673544 0.361111 1.27416e-20)
(-0.0677324 0.331788 -1.28312e-20)
(-0.066985 0.296339 1.32274e-20)
(-0.0644846 0.253181 -2.80534e-20)
(-0.0590891 0.19969 3.54394e-20)
(-0.0479055 0.131988 -6.12807e-20)
(-0.0228278 0.0479537 3.73938e-20)
(0.0255121 0.0559733 0)
(0.0484344 0.144735 0)
(0.0588547 0.21122 0)
(0.0640541 0.262948 0)
(0.0665251 0.304584 0)
(0.0672745 0.33877 -8.86903e-21)
(0.0668966 0.367032 8.81242e-21)
(0.0657347 0.390353 0)
(0.0639912 0.409438 0)
(0.0617856 0.42484 0)
(0.059189 0.437039 -4.9164e-21)
(0.0562485 0.446475 4.91732e-21)
(0.0530011 0.453566 0)
(0.0494815 0.458705 0)
(0.0457257 0.462262 0)
(0.0417711 0.464573 0)
(0.037655 0.465937 0)
(0.0334129 0.466608 2.64756e-21)
(0.0290769 0.466804 -2.65357e-21)
(0.0246741 0.466697 0)
(0.0202266 0.466427 0)
(0.0157509 0.466098 0)
(0.0112588 0.46579 0)
(0.00675794 0.465556 0)
(0.00225304 0.465431 0)
(-0.00225304 0.465431 0)
(-0.00675794 0.465556 0)
(-0.0112588 0.46579 0)
(-0.0157509 0.466098 0)
(-0.0202266 0.466427 0)
(-0.0246741 0.466697 0)
(-0.0290769 0.466804 -2.65357e-21)
(-0.0334129 0.466608 2.64756e-21)
(-0.037655 0.465937 0)
(-0.0417711 0.464573 0)
(-0.0457257 0.462262 0)
(-0.0494815 0.458705 0)
(-0.0530011 0.453566 0)
(-0.0562485 0.446475 4.91732e-21)
(-0.059189 0.437039 -4.9164e-21)
(-0.0617856 0.42484 0)
(-0.0639912 0.409438 0)
(-0.0657347 0.390353 0)
(-0.0668966 0.367032 8.81242e-21)
(-0.0672745 0.33877 -8.86903e-21)
(-0.0665251 0.304584 0)
(-0.0640541 0.262948 0)
(-0.0588547 0.21122 0)
(-0.0484344 0.144735 0)
(-0.0255121 0.0559733 0)
(0.0300044 0.0765272 0)
(0.0503485 0.163672 0)
(0.0596313 0.226411 1.50169e-20)
(0.064335 0.275356 -1.46815e-20)
(0.0665239 0.31487 0)
(0.0670975 0.347357 0)
(0.0666036 0.374211 0)
(0.0653593 0.396357 0)
(0.0635544 0.414465 0)
(0.0613024 0.429071 0)
(0.0586728 0.440636 -4.70298e-21)
(0.0557127 0.449585 9.29858e-21)
(0.0524595 0.456314 -4.60008e-21)
(0.0489476 0.461197 4.50977e-21)
(0.0452121 0.464583 -4.52303e-21)
(0.0412885 0.466788 0)
(0.037212 0.468092 0)
(0.0330159 0.468737 -2.29547e-21)
(0.0287301 0.468927 2.30363e-21)
(0.02438 0.468826 0)
(0.0199862 0.468568 0)
(0.0155646 0.468252 0)
(0.0111263 0.467955 0)
(0.00667877 0.46773 0)
(0.00222673 0.467609 0)
(-0.00222673 0.467609 0)
(-0.00667877 0.46773 0)
(-0.0111263 0.467955 0)
(-0.0155646 0.468252 0)
(-0.0199862 0.468568 0)
(-0.02438 0.468826 0)
(-0.0287301 0.468927 2.30363e-21)
(-0.0330159 0.468737 -2.29547e-21)
(-0.037212 0.468092 0)
(-0.0412885 0.466788 0)
(-0.0452121 0.464583 -4.52303e-21)
(-0.0489476 0.461197 4.50977e-21)
(-0.0524595 0.456314 -4.60008e-21)
(-0.0557127 0.449585 9.29858e-21)
(-0.0586728 0.440636 -4.70298e-21)
(-0.0613024 0.429071 0)
(-0.0635544 0.414465 0)
(-0.0653593 0.396357 0)
(-0.0666036 0.374211 0)
(-0.0670975 0.347357 0)
(-0.0665239 0.31487 0)
(-0.064335 0.275356 -1.46815e-20)
(-0.0596313 0.226411 1.50169e-20)
(-0.0503485 0.163672 0)
(-0.0300044 0.0765272 0)
)
;

boundaryField
{
    left
    {
        type            noSlip;
    }
    right
    {
        type            noSlip;
    }
    up
    {
        type            zeroGradient;
    }
    down
    {
        type            fixedValue;
        value           uniform (0 0.4 0);
    }
    frontAndBack
    {
        type            empty;
    }
}


// ************************************************************************* //
