/*--------------------------------*- C++ -*----------------------------------*\
  =========                 |
  \\      /  F ield         | OpenFOAM: The Open Source CFD Toolbox
   \\    /   O peration     | Website:  https://openfoam.org
    \\  /    A nd           | Version:  6
     \\/     M anipulation  |
\*---------------------------------------------------------------------------*/
FoamFile
{
    version     2.0;
    format      ascii;
    class       volScalarField;
    location    "3200";
    object      V;
}
// * * * * * * * * * * * * * * * * * * * * * * * * * * * * * * * * * * * * * //

dimensions      [0 3 0 0 0 0 0];

internalField   nonuniform List<scalar> 
2500
(
1.86095e-06
1.86095e-06
1.86095e-06
1.86095e-06
1.86095e-06
1.86095e-06
1.86095e-06
1.86095e-06
1.86095e-06
1.86095e-06
1.86095e-06
1.86095e-06
1.86095e-06
1.86095e-06
1.86095e-06
1.86095e-06
1.86095e-06
1.86095e-06
1.86095e-06
1.86095e-06
1.86095e-06
1.86095e-06
1.86095e-06
1.86095e-06
1.86095e-06
1.86095e-06
1.86095e-06
1.86095e-06
1.86095e-06
1.86095e-06
1.86095e-06
1.86095e-06
1.86095e-06
1.86095e-06
1.86095e-06
1.86095e-06
1.86095e-06
1.86095e-06
1.86095e-06
1.86095e-06
1.86095e-06
1.86095e-06
1.86095e-06
1.86095e-06
1.86095e-06
1.86095e-06
1.86095e-06
1.86095e-06
1.86095e-06
1.86095e-06
1.88432e-06
1.88432e-06
1.88432e-06
1.88432e-06
1.88432e-06
1.88432e-06
1.88432e-06
1.88432e-06
1.88432e-06
1.88432e-06
1.88432e-06
1.88432e-06
1.88432e-06
1.88432e-06
1.88432e-06
1.88432e-06
1.88432e-06
1.88432e-06
1.88432e-06
1.88432e-06
1.88432e-06
1.88432e-06
1.88432e-06
1.88432e-06
1.88432e-06
1.88432e-06
1.88432e-06
1.88432e-06
1.88432e-06
1.88432e-06
1.88432e-06
1.88432e-06
1.88432e-06
1.88432e-06
1.88432e-06
1.88432e-06
1.88432e-06
1.88432e-06
1.88432e-06
1.88432e-06
1.88432e-06
1.88432e-06
1.88432e-06
1.88432e-06
1.88432e-06
1.88432e-06
1.88432e-06
1.88432e-06
1.88432e-06
1.88432e-06
1.90944e-06
1.90944e-06
1.90944e-06
1.90944e-06
1.90944e-06
1.90944e-06
1.90944e-06
1.90944e-06
1.90944e-06
1.90944e-06
1.90944e-06
1.90944e-06
1.90944e-06
1.90944e-06
1.90944e-06
1.90944e-06
1.90944e-06
1.90944e-06
1.90944e-06
1.90944e-06
1.90944e-06
1.90944e-06
1.90944e-06
1.90944e-06
1.90944e-06
1.90944e-06
1.90944e-06
1.90944e-06
1.90944e-06
1.90944e-06
1.90944e-06
1.90944e-06
1.90944e-06
1.90944e-06
1.90944e-06
1.90944e-06
1.90944e-06
1.90944e-06
1.90944e-06
1.90944e-06
1.90944e-06
1.90944e-06
1.90944e-06
1.90944e-06
1.90944e-06
1.90944e-06
1.90944e-06
1.90944e-06
1.90944e-06
1.90944e-06
1.93633e-06
1.93633e-06
1.93633e-06
1.93633e-06
1.93633e-06
1.93633e-06
1.93633e-06
1.93633e-06
1.93633e-06
1.93633e-06
1.93633e-06
1.93633e-06
1.93633e-06
1.93633e-06
1.93633e-06
1.93633e-06
1.93633e-06
1.93633e-06
1.93633e-06
1.93633e-06
1.93633e-06
1.93633e-06
1.93633e-06
1.93633e-06
1.93633e-06
1.93633e-06
1.93633e-06
1.93633e-06
1.93633e-06
1.93633e-06
1.93633e-06
1.93633e-06
1.93633e-06
1.93633e-06
1.93633e-06
1.93633e-06
1.93633e-06
1.93633e-06
1.93633e-06
1.93633e-06
1.93633e-06
1.93633e-06
1.93633e-06
1.93633e-06
1.93633e-06
1.93633e-06
1.93633e-06
1.93633e-06
1.93633e-06
1.93633e-06
1.96497e-06
1.96497e-06
1.96497e-06
1.96497e-06
1.96497e-06
1.96497e-06
1.96497e-06
1.96497e-06
1.96497e-06
1.96497e-06
1.96497e-06
1.96497e-06
1.96497e-06
1.96497e-06
1.96497e-06
1.96497e-06
1.96497e-06
1.96497e-06
1.96497e-06
1.96497e-06
1.96497e-06
1.96497e-06
1.96497e-06
1.96497e-06
1.96497e-06
1.96497e-06
1.96497e-06
1.96497e-06
1.96497e-06
1.96497e-06
1.96497e-06
1.96497e-06
1.96497e-06
1.96497e-06
1.96497e-06
1.96497e-06
1.96497e-06
1.96497e-06
1.96497e-06
1.96497e-06
1.96497e-06
1.96497e-06
1.96497e-06
1.96497e-06
1.96497e-06
1.96497e-06
1.96497e-06
1.96497e-06
1.96497e-06
1.96497e-06
1.99535e-06
1.99535e-06
1.99535e-06
1.99535e-06
1.99535e-06
1.99535e-06
1.99535e-06
1.99535e-06
1.99535e-06
1.99535e-06
1.99535e-06
1.99535e-06
1.99535e-06
1.99535e-06
1.99535e-06
1.99535e-06
1.99535e-06
1.99535e-06
1.99535e-06
1.99535e-06
1.99535e-06
1.99535e-06
1.99535e-06
1.99535e-06
1.99535e-06
1.99535e-06
1.99535e-06
1.99535e-06
1.99535e-06
1.99535e-06
1.99535e-06
1.99535e-06
1.99535e-06
1.99535e-06
1.99535e-06
1.99535e-06
1.99535e-06
1.99535e-06
1.99535e-06
1.99535e-06
1.99535e-06
1.99535e-06
1.99535e-06
1.99535e-06
1.99535e-06
1.99535e-06
1.99535e-06
1.99535e-06
1.99535e-06
1.99535e-06
2.02746e-06
2.02746e-06
2.02746e-06
2.02746e-06
2.02746e-06
2.02746e-06
2.02746e-06
2.02746e-06
2.02746e-06
2.02746e-06
2.02746e-06
2.02746e-06
2.02746e-06
2.02746e-06
2.02746e-06
2.02746e-06
2.02746e-06
2.02746e-06
2.02746e-06
2.02746e-06
2.02746e-06
2.02746e-06
2.02746e-06
2.02746e-06
2.02746e-06
2.02746e-06
2.02746e-06
2.02746e-06
2.02746e-06
2.02746e-06
2.02746e-06
2.02746e-06
2.02746e-06
2.02746e-06
2.02746e-06
2.02746e-06
2.02746e-06
2.02746e-06
2.02746e-06
2.02746e-06
2.02746e-06
2.02746e-06
2.02746e-06
2.02746e-06
2.02746e-06
2.02746e-06
2.02746e-06
2.02746e-06
2.02746e-06
2.02746e-06
2.06125e-06
2.06125e-06
2.06125e-06
2.06125e-06
2.06125e-06
2.06125e-06
2.06125e-06
2.06125e-06
2.06125e-06
2.06125e-06
2.06125e-06
2.06125e-06
2.06125e-06
2.06125e-06
2.06125e-06
2.06125e-06
2.06125e-06
2.06125e-06
2.06125e-06
2.06125e-06
2.06125e-06
2.06125e-06
2.06125e-06
2.06125e-06
2.06125e-06
2.06125e-06
2.06125e-06
2.06125e-06
2.06125e-06
2.06125e-06
2.06125e-06
2.06125e-06
2.06125e-06
2.06125e-06
2.06125e-06
2.06125e-06
2.06125e-06
2.06125e-06
2.06125e-06
2.06125e-06
2.06125e-06
2.06125e-06
2.06125e-06
2.06125e-06
2.06125e-06
2.06125e-06
2.06125e-06
2.06125e-06
2.06125e-06
2.06125e-06
2.09665e-06
2.09665e-06
2.09665e-06
2.09665e-06
2.09665e-06
2.09665e-06
2.09665e-06
2.09665e-06
2.09665e-06
2.09665e-06
2.09665e-06
2.09665e-06
2.09665e-06
2.09665e-06
2.09665e-06
2.09665e-06
2.09665e-06
2.09665e-06
2.09665e-06
2.09665e-06
2.09665e-06
2.09665e-06
2.09665e-06
2.09665e-06
2.09665e-06
2.09665e-06
2.09665e-06
2.09665e-06
2.09665e-06
2.09665e-06
2.09665e-06
2.09665e-06
2.09665e-06
2.09665e-06
2.09665e-06
2.09665e-06
2.09665e-06
2.09665e-06
2.09665e-06
2.09665e-06
2.09665e-06
2.09665e-06
2.09665e-06
2.09665e-06
2.09665e-06
2.09665e-06
2.09665e-06
2.09665e-06
2.09665e-06
2.09665e-06
2.13358e-06
2.13358e-06
2.13358e-06
2.13358e-06
2.13358e-06
2.13358e-06
2.13358e-06
2.13358e-06
2.13358e-06
2.13358e-06
2.13358e-06
2.13358e-06
2.13358e-06
2.13358e-06
2.13358e-06
2.13358e-06
2.13358e-06
2.13358e-06
2.13358e-06
2.13358e-06
2.13358e-06
2.13358e-06
2.13358e-06
2.13358e-06
2.13358e-06
2.13358e-06
2.13358e-06
2.13358e-06
2.13358e-06
2.13358e-06
2.13358e-06
2.13358e-06
2.13358e-06
2.13358e-06
2.13358e-06
2.13358e-06
2.13358e-06
2.13358e-06
2.13358e-06
2.13358e-06
2.13358e-06
2.13358e-06
2.13358e-06
2.13358e-06
2.13358e-06
2.13358e-06
2.13358e-06
2.13358e-06
2.13358e-06
2.13358e-06
2.17189e-06
2.17189e-06
2.17189e-06
2.17189e-06
2.17189e-06
2.17189e-06
2.17189e-06
2.17189e-06
2.17189e-06
2.17189e-06
2.17189e-06
2.17189e-06
2.17189e-06
2.17189e-06
2.17189e-06
2.17189e-06
2.17189e-06
2.17189e-06
2.17189e-06
2.17189e-06
2.17189e-06
2.17189e-06
2.17189e-06
2.17189e-06
2.17189e-06
2.17189e-06
2.17189e-06
2.17189e-06
2.17189e-06
2.17189e-06
2.17189e-06
2.17189e-06
2.17189e-06
2.17189e-06
2.17189e-06
2.17189e-06
2.17189e-06
2.17189e-06
2.17189e-06
2.17189e-06
2.17189e-06
2.17189e-06
2.17189e-06
2.17189e-06
2.17189e-06
2.17189e-06
2.17189e-06
2.17189e-06
2.17189e-06
2.17189e-06
2.2114e-06
2.2114e-06
2.2114e-06
2.2114e-06
2.2114e-06
2.2114e-06
2.2114e-06
2.2114e-06
2.2114e-06
2.2114e-06
2.2114e-06
2.2114e-06
2.2114e-06
2.2114e-06
2.2114e-06
2.2114e-06
2.2114e-06
2.2114e-06
2.2114e-06
2.2114e-06
2.2114e-06
2.2114e-06
2.2114e-06
2.2114e-06
2.2114e-06
2.2114e-06
2.2114e-06
2.2114e-06
2.2114e-06
2.2114e-06
2.2114e-06
2.2114e-06
2.2114e-06
2.2114e-06
2.2114e-06
2.2114e-06
2.2114e-06
2.2114e-06
2.2114e-06
2.2114e-06
2.2114e-06
2.2114e-06
2.2114e-06
2.2114e-06
2.2114e-06
2.2114e-06
2.2114e-06
2.2114e-06
2.2114e-06
2.2114e-06
2.25187e-06
2.25187e-06
2.25187e-06
2.25187e-06
2.25187e-06
2.25187e-06
2.25187e-06
2.25187e-06
2.25187e-06
2.25187e-06
2.25187e-06
2.25187e-06
2.25187e-06
2.25187e-06
2.25187e-06
2.25187e-06
2.25187e-06
2.25187e-06
2.25187e-06
2.25187e-06
2.25187e-06
2.25187e-06
2.25187e-06
2.25187e-06
2.25187e-06
2.25187e-06
2.25187e-06
2.25187e-06
2.25187e-06
2.25187e-06
2.25187e-06
2.25187e-06
2.25187e-06
2.25187e-06
2.25187e-06
2.25187e-06
2.25187e-06
2.25187e-06
2.25187e-06
2.25187e-06
2.25187e-06
2.25187e-06
2.25187e-06
2.25187e-06
2.25187e-06
2.25187e-06
2.25187e-06
2.25187e-06
2.25187e-06
2.25187e-06
2.29297e-06
2.29297e-06
2.29297e-06
2.29297e-06
2.29297e-06
2.29297e-06
2.29297e-06
2.29297e-06
2.29297e-06
2.29297e-06
2.29297e-06
2.29297e-06
2.29297e-06
2.29297e-06
2.29297e-06
2.29297e-06
2.29297e-06
2.29297e-06
2.29297e-06
2.29297e-06
2.29297e-06
2.29297e-06
2.29297e-06
2.29297e-06
2.29297e-06
2.29297e-06
2.29297e-06
2.29297e-06
2.29297e-06
2.29297e-06
2.29297e-06
2.29297e-06
2.29297e-06
2.29297e-06
2.29297e-06
2.29297e-06
2.29297e-06
2.29297e-06
2.29297e-06
2.29297e-06
2.29297e-06
2.29297e-06
2.29297e-06
2.29297e-06
2.29297e-06
2.29297e-06
2.29297e-06
2.29297e-06
2.29297e-06
2.29297e-06
2.33431e-06
2.33431e-06
2.33431e-06
2.33431e-06
2.33431e-06
2.33431e-06
2.33431e-06
2.33431e-06
2.33431e-06
2.33431e-06
2.33431e-06
2.33431e-06
2.33431e-06
2.33431e-06
2.33431e-06
2.33431e-06
2.33431e-06
2.33431e-06
2.33431e-06
2.33431e-06
2.33431e-06
2.33431e-06
2.33431e-06
2.33431e-06
2.33431e-06
2.33431e-06
2.33431e-06
2.33431e-06
2.33431e-06
2.33431e-06
2.33431e-06
2.33431e-06
2.33431e-06
2.33431e-06
2.33431e-06
2.33431e-06
2.33431e-06
2.33431e-06
2.33431e-06
2.33431e-06
2.33431e-06
2.33431e-06
2.33431e-06
2.33431e-06
2.33431e-06
2.33431e-06
2.33431e-06
2.33431e-06
2.33431e-06
2.33431e-06
2.37541e-06
2.37541e-06
2.37541e-06
2.37541e-06
2.37541e-06
2.37541e-06
2.37541e-06
2.37541e-06
2.37541e-06
2.37541e-06
2.37541e-06
2.37541e-06
2.37541e-06
2.37541e-06
2.37541e-06
2.37541e-06
2.37541e-06
2.37541e-06
2.37541e-06
2.37541e-06
2.37541e-06
2.37541e-06
2.37541e-06
2.37541e-06
2.37541e-06
2.37541e-06
2.37541e-06
2.37541e-06
2.37541e-06
2.37541e-06
2.37541e-06
2.37541e-06
2.37541e-06
2.37541e-06
2.37541e-06
2.37541e-06
2.37541e-06
2.37541e-06
2.37541e-06
2.37541e-06
2.37541e-06
2.37541e-06
2.37541e-06
2.37541e-06
2.37541e-06
2.37541e-06
2.37541e-06
2.37541e-06
2.37541e-06
2.37541e-06
2.41569e-06
2.41569e-06
2.41569e-06
2.41569e-06
2.41569e-06
2.41569e-06
2.41569e-06
2.41569e-06
2.41569e-06
2.41569e-06
2.41569e-06
2.41569e-06
2.41569e-06
2.41569e-06
2.41569e-06
2.41569e-06
2.41569e-06
2.41569e-06
2.41569e-06
2.41569e-06
2.41569e-06
2.41569e-06
2.41569e-06
2.41569e-06
2.41569e-06
2.41569e-06
2.41569e-06
2.41569e-06
2.41569e-06
2.41569e-06
2.41569e-06
2.41569e-06
2.41569e-06
2.41569e-06
2.41569e-06
2.41569e-06
2.41569e-06
2.41569e-06
2.41569e-06
2.41569e-06
2.41569e-06
2.41569e-06
2.41569e-06
2.41569e-06
2.41569e-06
2.41569e-06
2.41569e-06
2.41569e-06
2.41569e-06
2.41569e-06
2.4545e-06
2.4545e-06
2.4545e-06
2.4545e-06
2.4545e-06
2.4545e-06
2.4545e-06
2.4545e-06
2.4545e-06
2.4545e-06
2.4545e-06
2.4545e-06
2.4545e-06
2.4545e-06
2.4545e-06
2.4545e-06
2.4545e-06
2.4545e-06
2.4545e-06
2.4545e-06
2.4545e-06
2.4545e-06
2.4545e-06
2.4545e-06
2.4545e-06
2.4545e-06
2.4545e-06
2.4545e-06
2.4545e-06
2.4545e-06
2.4545e-06
2.4545e-06
2.4545e-06
2.4545e-06
2.4545e-06
2.4545e-06
2.4545e-06
2.4545e-06
2.4545e-06
2.4545e-06
2.4545e-06
2.4545e-06
2.4545e-06
2.4545e-06
2.4545e-06
2.4545e-06
2.4545e-06
2.4545e-06
2.4545e-06
2.4545e-06
2.49111e-06
2.49111e-06
2.49111e-06
2.49111e-06
2.49111e-06
2.49111e-06
2.49111e-06
2.49111e-06
2.49111e-06
2.49111e-06
2.49111e-06
2.49111e-06
2.49111e-06
2.49111e-06
2.49111e-06
2.49111e-06
2.49111e-06
2.49111e-06
2.49111e-06
2.49111e-06
2.49111e-06
2.49111e-06
2.49111e-06
2.49111e-06
2.49111e-06
2.49111e-06
2.49111e-06
2.49111e-06
2.49111e-06
2.49111e-06
2.49111e-06
2.49111e-06
2.49111e-06
2.49111e-06
2.49111e-06
2.49111e-06
2.49111e-06
2.49111e-06
2.49111e-06
2.49111e-06
2.49111e-06
2.49111e-06
2.49111e-06
2.49111e-06
2.49111e-06
2.49111e-06
2.49111e-06
2.49111e-06
2.49111e-06
2.49111e-06
2.52473e-06
2.52473e-06
2.52473e-06
2.52473e-06
2.52473e-06
2.52473e-06
2.52473e-06
2.52473e-06
2.52473e-06
2.52473e-06
2.52473e-06
2.52473e-06
2.52473e-06
2.52473e-06
2.52473e-06
2.52473e-06
2.52473e-06
2.52473e-06
2.52473e-06
2.52473e-06
2.52473e-06
2.52473e-06
2.52473e-06
2.52473e-06
2.52473e-06
2.52473e-06
2.52473e-06
2.52473e-06
2.52473e-06
2.52473e-06
2.52473e-06
2.52473e-06
2.52473e-06
2.52473e-06
2.52473e-06
2.52473e-06
2.52473e-06
2.52473e-06
2.52473e-06
2.52473e-06
2.52473e-06
2.52473e-06
2.52473e-06
2.52473e-06
2.52473e-06
2.52473e-06
2.52473e-06
2.52473e-06
2.52473e-06
2.52473e-06
2.55549e-06
2.55549e-06
2.55549e-06
2.55549e-06
2.55549e-06
2.55549e-06
2.55549e-06
2.55549e-06
2.55549e-06
2.55549e-06
2.55549e-06
2.55549e-06
2.55549e-06
2.55549e-06
2.55549e-06
2.55549e-06
2.55549e-06
2.55549e-06
2.55549e-06
2.55549e-06
2.55549e-06
2.55549e-06
2.55549e-06
2.55549e-06
2.55549e-06
2.55549e-06
2.55549e-06
2.55549e-06
2.55549e-06
2.55549e-06
2.55549e-06
2.55549e-06
2.55549e-06
2.55549e-06
2.55549e-06
2.55549e-06
2.55549e-06
2.55549e-06
2.55549e-06
2.55549e-06
2.55549e-06
2.55549e-06
2.55549e-06
2.55549e-06
2.55549e-06
2.55549e-06
2.55549e-06
2.55549e-06
2.55549e-06
2.55549e-06
2.5808e-06
2.5808e-06
2.5808e-06
2.5808e-06
2.5808e-06
2.5808e-06
2.5808e-06
2.5808e-06
2.5808e-06
2.5808e-06
2.5808e-06
2.5808e-06
2.5808e-06
2.5808e-06
2.5808e-06
2.5808e-06
2.5808e-06
2.5808e-06
2.5808e-06
2.5808e-06
2.5808e-06
2.5808e-06
2.5808e-06
2.5808e-06
2.5808e-06
2.5808e-06
2.5808e-06
2.5808e-06
2.5808e-06
2.5808e-06
2.5808e-06
2.5808e-06
2.5808e-06
2.5808e-06
2.5808e-06
2.5808e-06
2.5808e-06
2.5808e-06
2.5808e-06
2.5808e-06
2.5808e-06
2.5808e-06
2.5808e-06
2.5808e-06
2.5808e-06
2.5808e-06
2.5808e-06
2.5808e-06
2.5808e-06
2.5808e-06
2.60011e-06
2.60011e-06
2.60011e-06
2.60011e-06
2.60011e-06
2.60011e-06
2.60011e-06
2.60011e-06
2.60011e-06
2.60011e-06
2.60011e-06
2.60011e-06
2.60011e-06
2.60011e-06
2.60011e-06
2.60011e-06
2.60011e-06
2.60011e-06
2.60011e-06
2.60011e-06
2.60011e-06
2.60011e-06
2.60011e-06
2.60011e-06
2.60011e-06
2.60011e-06
2.60011e-06
2.60011e-06
2.60011e-06
2.60011e-06
2.60011e-06
2.60011e-06
2.60011e-06
2.60011e-06
2.60011e-06
2.60011e-06
2.60011e-06
2.60011e-06
2.60011e-06
2.60011e-06
2.60011e-06
2.60011e-06
2.60011e-06
2.60011e-06
2.60011e-06
2.60011e-06
2.60011e-06
2.60011e-06
2.60011e-06
2.60011e-06
2.61334e-06
2.61334e-06
2.61334e-06
2.61334e-06
2.61334e-06
2.61334e-06
2.61334e-06
2.61334e-06
2.61334e-06
2.61334e-06
2.61334e-06
2.61334e-06
2.61334e-06
2.61334e-06
2.61334e-06
2.61334e-06
2.61334e-06
2.61334e-06
2.61334e-06
2.61334e-06
2.61334e-06
2.61334e-06
2.61334e-06
2.61334e-06
2.61334e-06
2.61334e-06
2.61334e-06
2.61334e-06
2.61334e-06
2.61334e-06
2.61334e-06
2.61334e-06
2.61334e-06
2.61334e-06
2.61334e-06
2.61334e-06
2.61334e-06
2.61334e-06
2.61334e-06
2.61334e-06
2.61334e-06
2.61334e-06
2.61334e-06
2.61334e-06
2.61334e-06
2.61334e-06
2.61334e-06
2.61334e-06
2.61334e-06
2.61334e-06
2.62006e-06
2.62006e-06
2.62006e-06
2.62006e-06
2.62006e-06
2.62006e-06
2.62006e-06
2.62006e-06
2.62006e-06
2.62006e-06
2.62006e-06
2.62006e-06
2.62006e-06
2.62006e-06
2.62006e-06
2.62006e-06
2.62006e-06
2.62006e-06
2.62006e-06
2.62006e-06
2.62006e-06
2.62006e-06
2.62006e-06
2.62006e-06
2.62006e-06
2.62006e-06
2.62006e-06
2.62006e-06
2.62006e-06
2.62006e-06
2.62006e-06
2.62006e-06
2.62006e-06
2.62006e-06
2.62006e-06
2.62006e-06
2.62006e-06
2.62006e-06
2.62006e-06
2.62006e-06
2.62006e-06
2.62006e-06
2.62006e-06
2.62006e-06
2.62006e-06
2.62006e-06
2.62006e-06
2.62006e-06
2.62006e-06
2.62006e-06
2.62006e-06
2.62006e-06
2.62006e-06
2.62006e-06
2.62006e-06
2.62006e-06
2.62006e-06
2.62006e-06
2.62006e-06
2.62006e-06
2.62006e-06
2.62006e-06
2.62006e-06
2.62006e-06
2.62006e-06
2.62006e-06
2.62006e-06
2.62006e-06
2.62006e-06
2.62006e-06
2.62006e-06
2.62006e-06
2.62006e-06
2.62006e-06
2.62006e-06
2.62006e-06
2.62006e-06
2.62006e-06
2.62006e-06
2.62006e-06
2.62006e-06
2.62006e-06
2.62006e-06
2.62006e-06
2.62006e-06
2.62006e-06
2.62006e-06
2.62006e-06
2.62006e-06
2.62006e-06
2.62006e-06
2.62006e-06
2.62006e-06
2.62006e-06
2.62006e-06
2.62006e-06
2.62006e-06
2.62006e-06
2.62006e-06
2.62006e-06
2.61334e-06
2.61334e-06
2.61334e-06
2.61334e-06
2.61334e-06
2.61334e-06
2.61334e-06
2.61334e-06
2.61334e-06
2.61334e-06
2.61334e-06
2.61334e-06
2.61334e-06
2.61334e-06
2.61334e-06
2.61334e-06
2.61334e-06
2.61334e-06
2.61334e-06
2.61334e-06
2.61334e-06
2.61334e-06
2.61334e-06
2.61334e-06
2.61334e-06
2.61334e-06
2.61334e-06
2.61334e-06
2.61334e-06
2.61334e-06
2.61334e-06
2.61334e-06
2.61334e-06
2.61334e-06
2.61334e-06
2.61334e-06
2.61334e-06
2.61334e-06
2.61334e-06
2.61334e-06
2.61334e-06
2.61334e-06
2.61334e-06
2.61334e-06
2.61334e-06
2.61334e-06
2.61334e-06
2.61334e-06
2.61334e-06
2.61334e-06
2.60011e-06
2.60011e-06
2.60011e-06
2.60011e-06
2.60011e-06
2.60011e-06
2.60011e-06
2.60011e-06
2.60011e-06
2.60011e-06
2.60011e-06
2.60011e-06
2.60011e-06
2.60011e-06
2.60011e-06
2.60011e-06
2.60011e-06
2.60011e-06
2.60011e-06
2.60011e-06
2.60011e-06
2.60011e-06
2.60011e-06
2.60011e-06
2.60011e-06
2.60011e-06
2.60011e-06
2.60011e-06
2.60011e-06
2.60011e-06
2.60011e-06
2.60011e-06
2.60011e-06
2.60011e-06
2.60011e-06
2.60011e-06
2.60011e-06
2.60011e-06
2.60011e-06
2.60011e-06
2.60011e-06
2.60011e-06
2.60011e-06
2.60011e-06
2.60011e-06
2.60011e-06
2.60011e-06
2.60011e-06
2.60011e-06
2.60011e-06
2.5808e-06
2.5808e-06
2.5808e-06
2.5808e-06
2.5808e-06
2.5808e-06
2.5808e-06
2.5808e-06
2.5808e-06
2.5808e-06
2.5808e-06
2.5808e-06
2.5808e-06
2.5808e-06
2.5808e-06
2.5808e-06
2.5808e-06
2.5808e-06
2.5808e-06
2.5808e-06
2.5808e-06
2.5808e-06
2.5808e-06
2.5808e-06
2.5808e-06
2.5808e-06
2.5808e-06
2.5808e-06
2.5808e-06
2.5808e-06
2.5808e-06
2.5808e-06
2.5808e-06
2.5808e-06
2.5808e-06
2.5808e-06
2.5808e-06
2.5808e-06
2.5808e-06
2.5808e-06
2.5808e-06
2.5808e-06
2.5808e-06
2.5808e-06
2.5808e-06
2.5808e-06
2.5808e-06
2.5808e-06
2.5808e-06
2.5808e-06
2.55549e-06
2.55549e-06
2.55549e-06
2.55549e-06
2.55549e-06
2.55549e-06
2.55549e-06
2.55549e-06
2.55549e-06
2.55549e-06
2.55549e-06
2.55549e-06
2.55549e-06
2.55549e-06
2.55549e-06
2.55549e-06
2.55549e-06
2.55549e-06
2.55549e-06
2.55549e-06
2.55549e-06
2.55549e-06
2.55549e-06
2.55549e-06
2.55549e-06
2.55549e-06
2.55549e-06
2.55549e-06
2.55549e-06
2.55549e-06
2.55549e-06
2.55549e-06
2.55549e-06
2.55549e-06
2.55549e-06
2.55549e-06
2.55549e-06
2.55549e-06
2.55549e-06
2.55549e-06
2.55549e-06
2.55549e-06
2.55549e-06
2.55549e-06
2.55549e-06
2.55549e-06
2.55549e-06
2.55549e-06
2.55549e-06
2.55549e-06
2.52473e-06
2.52473e-06
2.52473e-06
2.52473e-06
2.52473e-06
2.52473e-06
2.52473e-06
2.52473e-06
2.52473e-06
2.52473e-06
2.52473e-06
2.52473e-06
2.52473e-06
2.52473e-06
2.52473e-06
2.52473e-06
2.52473e-06
2.52473e-06
2.52473e-06
2.52473e-06
2.52473e-06
2.52473e-06
2.52473e-06
2.52473e-06
2.52473e-06
2.52473e-06
2.52473e-06
2.52473e-06
2.52473e-06
2.52473e-06
2.52473e-06
2.52473e-06
2.52473e-06
2.52473e-06
2.52473e-06
2.52473e-06
2.52473e-06
2.52473e-06
2.52473e-06
2.52473e-06
2.52473e-06
2.52473e-06
2.52473e-06
2.52473e-06
2.52473e-06
2.52473e-06
2.52473e-06
2.52473e-06
2.52473e-06
2.52473e-06
2.49111e-06
2.49111e-06
2.49111e-06
2.49111e-06
2.49111e-06
2.49111e-06
2.49111e-06
2.49111e-06
2.49111e-06
2.49111e-06
2.49111e-06
2.49111e-06
2.49111e-06
2.49111e-06
2.49111e-06
2.49111e-06
2.49111e-06
2.49111e-06
2.49111e-06
2.49111e-06
2.49111e-06
2.49111e-06
2.49111e-06
2.49111e-06
2.49111e-06
2.49111e-06
2.49111e-06
2.49111e-06
2.49111e-06
2.49111e-06
2.49111e-06
2.49111e-06
2.49111e-06
2.49111e-06
2.49111e-06
2.49111e-06
2.49111e-06
2.49111e-06
2.49111e-06
2.49111e-06
2.49111e-06
2.49111e-06
2.49111e-06
2.49111e-06
2.49111e-06
2.49111e-06
2.49111e-06
2.49111e-06
2.49111e-06
2.49111e-06
2.4545e-06
2.4545e-06
2.4545e-06
2.4545e-06
2.4545e-06
2.4545e-06
2.4545e-06
2.4545e-06
2.4545e-06
2.4545e-06
2.4545e-06
2.4545e-06
2.4545e-06
2.4545e-06
2.4545e-06
2.4545e-06
2.4545e-06
2.4545e-06
2.4545e-06
2.4545e-06
2.4545e-06
2.4545e-06
2.4545e-06
2.4545e-06
2.4545e-06
2.4545e-06
2.4545e-06
2.4545e-06
2.4545e-06
2.4545e-06
2.4545e-06
2.4545e-06
2.4545e-06
2.4545e-06
2.4545e-06
2.4545e-06
2.4545e-06
2.4545e-06
2.4545e-06
2.4545e-06
2.4545e-06
2.4545e-06
2.4545e-06
2.4545e-06
2.4545e-06
2.4545e-06
2.4545e-06
2.4545e-06
2.4545e-06
2.4545e-06
2.41569e-06
2.41569e-06
2.41569e-06
2.41569e-06
2.41569e-06
2.41569e-06
2.41569e-06
2.41569e-06
2.41569e-06
2.41569e-06
2.41569e-06
2.41569e-06
2.41569e-06
2.41569e-06
2.41569e-06
2.41569e-06
2.41569e-06
2.41569e-06
2.41569e-06
2.41569e-06
2.41569e-06
2.41569e-06
2.41569e-06
2.41569e-06
2.41569e-06
2.41569e-06
2.41569e-06
2.41569e-06
2.41569e-06
2.41569e-06
2.41569e-06
2.41569e-06
2.41569e-06
2.41569e-06
2.41569e-06
2.41569e-06
2.41569e-06
2.41569e-06
2.41569e-06
2.41569e-06
2.41569e-06
2.41569e-06
2.41569e-06
2.41569e-06
2.41569e-06
2.41569e-06
2.41569e-06
2.41569e-06
2.41569e-06
2.41569e-06
2.37541e-06
2.37541e-06
2.37541e-06
2.37541e-06
2.37541e-06
2.37541e-06
2.37541e-06
2.37541e-06
2.37541e-06
2.37541e-06
2.37541e-06
2.37541e-06
2.37541e-06
2.37541e-06
2.37541e-06
2.37541e-06
2.37541e-06
2.37541e-06
2.37541e-06
2.37541e-06
2.37541e-06
2.37541e-06
2.37541e-06
2.37541e-06
2.37541e-06
2.37541e-06
2.37541e-06
2.37541e-06
2.37541e-06
2.37541e-06
2.37541e-06
2.37541e-06
2.37541e-06
2.37541e-06
2.37541e-06
2.37541e-06
2.37541e-06
2.37541e-06
2.37541e-06
2.37541e-06
2.37541e-06
2.37541e-06
2.37541e-06
2.37541e-06
2.37541e-06
2.37541e-06
2.37541e-06
2.37541e-06
2.37541e-06
2.37541e-06
2.33431e-06
2.33431e-06
2.33431e-06
2.33431e-06
2.33431e-06
2.33431e-06
2.33431e-06
2.33431e-06
2.33431e-06
2.33431e-06
2.33431e-06
2.33431e-06
2.33431e-06
2.33431e-06
2.33431e-06
2.33431e-06
2.33431e-06
2.33431e-06
2.33431e-06
2.33431e-06
2.33431e-06
2.33431e-06
2.33431e-06
2.33431e-06
2.33431e-06
2.33431e-06
2.33431e-06
2.33431e-06
2.33431e-06
2.33431e-06
2.33431e-06
2.33431e-06
2.33431e-06
2.33431e-06
2.33431e-06
2.33431e-06
2.33431e-06
2.33431e-06
2.33431e-06
2.33431e-06
2.33431e-06
2.33431e-06
2.33431e-06
2.33431e-06
2.33431e-06
2.33431e-06
2.33431e-06
2.33431e-06
2.33431e-06
2.33431e-06
2.29297e-06
2.29297e-06
2.29297e-06
2.29297e-06
2.29297e-06
2.29297e-06
2.29297e-06
2.29297e-06
2.29297e-06
2.29297e-06
2.29297e-06
2.29297e-06
2.29297e-06
2.29297e-06
2.29297e-06
2.29297e-06
2.29297e-06
2.29297e-06
2.29297e-06
2.29297e-06
2.29297e-06
2.29297e-06
2.29297e-06
2.29297e-06
2.29297e-06
2.29297e-06
2.29297e-06
2.29297e-06
2.29297e-06
2.29297e-06
2.29297e-06
2.29297e-06
2.29297e-06
2.29297e-06
2.29297e-06
2.29297e-06
2.29297e-06
2.29297e-06
2.29297e-06
2.29297e-06
2.29297e-06
2.29297e-06
2.29297e-06
2.29297e-06
2.29297e-06
2.29297e-06
2.29297e-06
2.29297e-06
2.29297e-06
2.29297e-06
2.25187e-06
2.25187e-06
2.25187e-06
2.25187e-06
2.25187e-06
2.25187e-06
2.25187e-06
2.25187e-06
2.25187e-06
2.25187e-06
2.25187e-06
2.25187e-06
2.25187e-06
2.25187e-06
2.25187e-06
2.25187e-06
2.25187e-06
2.25187e-06
2.25187e-06
2.25187e-06
2.25187e-06
2.25187e-06
2.25187e-06
2.25187e-06
2.25187e-06
2.25187e-06
2.25187e-06
2.25187e-06
2.25187e-06
2.25187e-06
2.25187e-06
2.25187e-06
2.25187e-06
2.25187e-06
2.25187e-06
2.25187e-06
2.25187e-06
2.25187e-06
2.25187e-06
2.25187e-06
2.25187e-06
2.25187e-06
2.25187e-06
2.25187e-06
2.25187e-06
2.25187e-06
2.25187e-06
2.25187e-06
2.25187e-06
2.25187e-06
2.2114e-06
2.2114e-06
2.2114e-06
2.2114e-06
2.2114e-06
2.2114e-06
2.2114e-06
2.2114e-06
2.2114e-06
2.2114e-06
2.2114e-06
2.2114e-06
2.2114e-06
2.2114e-06
2.2114e-06
2.2114e-06
2.2114e-06
2.2114e-06
2.2114e-06
2.2114e-06
2.2114e-06
2.2114e-06
2.2114e-06
2.2114e-06
2.2114e-06
2.2114e-06
2.2114e-06
2.2114e-06
2.2114e-06
2.2114e-06
2.2114e-06
2.2114e-06
2.2114e-06
2.2114e-06
2.2114e-06
2.2114e-06
2.2114e-06
2.2114e-06
2.2114e-06
2.2114e-06
2.2114e-06
2.2114e-06
2.2114e-06
2.2114e-06
2.2114e-06
2.2114e-06
2.2114e-06
2.2114e-06
2.2114e-06
2.2114e-06
2.17189e-06
2.17189e-06
2.17189e-06
2.17189e-06
2.17189e-06
2.17189e-06
2.17189e-06
2.17189e-06
2.17189e-06
2.17189e-06
2.17189e-06
2.17189e-06
2.17189e-06
2.17189e-06
2.17189e-06
2.17189e-06
2.17189e-06
2.17189e-06
2.17189e-06
2.17189e-06
2.17189e-06
2.17189e-06
2.17189e-06
2.17189e-06
2.17189e-06
2.17189e-06
2.17189e-06
2.17189e-06
2.17189e-06
2.17189e-06
2.17189e-06
2.17189e-06
2.17189e-06
2.17189e-06
2.17189e-06
2.17189e-06
2.17189e-06
2.17189e-06
2.17189e-06
2.17189e-06
2.17189e-06
2.17189e-06
2.17189e-06
2.17189e-06
2.17189e-06
2.17189e-06
2.17189e-06
2.17189e-06
2.17189e-06
2.17189e-06
2.13358e-06
2.13358e-06
2.13358e-06
2.13358e-06
2.13358e-06
2.13358e-06
2.13358e-06
2.13358e-06
2.13358e-06
2.13358e-06
2.13358e-06
2.13358e-06
2.13358e-06
2.13358e-06
2.13358e-06
2.13358e-06
2.13358e-06
2.13358e-06
2.13358e-06
2.13358e-06
2.13358e-06
2.13358e-06
2.13358e-06
2.13358e-06
2.13358e-06
2.13358e-06
2.13358e-06
2.13358e-06
2.13358e-06
2.13358e-06
2.13358e-06
2.13358e-06
2.13358e-06
2.13358e-06
2.13358e-06
2.13358e-06
2.13358e-06
2.13358e-06
2.13358e-06
2.13358e-06
2.13358e-06
2.13358e-06
2.13358e-06
2.13358e-06
2.13358e-06
2.13358e-06
2.13358e-06
2.13358e-06
2.13358e-06
2.13358e-06
2.09665e-06
2.09665e-06
2.09665e-06
2.09665e-06
2.09665e-06
2.09665e-06
2.09665e-06
2.09665e-06
2.09665e-06
2.09665e-06
2.09665e-06
2.09665e-06
2.09665e-06
2.09665e-06
2.09665e-06
2.09665e-06
2.09665e-06
2.09665e-06
2.09665e-06
2.09665e-06
2.09665e-06
2.09665e-06
2.09665e-06
2.09665e-06
2.09665e-06
2.09665e-06
2.09665e-06
2.09665e-06
2.09665e-06
2.09665e-06
2.09665e-06
2.09665e-06
2.09665e-06
2.09665e-06
2.09665e-06
2.09665e-06
2.09665e-06
2.09665e-06
2.09665e-06
2.09665e-06
2.09665e-06
2.09665e-06
2.09665e-06
2.09665e-06
2.09665e-06
2.09665e-06
2.09665e-06
2.09665e-06
2.09665e-06
2.09665e-06
2.06125e-06
2.06125e-06
2.06125e-06
2.06125e-06
2.06125e-06
2.06125e-06
2.06125e-06
2.06125e-06
2.06125e-06
2.06125e-06
2.06125e-06
2.06125e-06
2.06125e-06
2.06125e-06
2.06125e-06
2.06125e-06
2.06125e-06
2.06125e-06
2.06125e-06
2.06125e-06
2.06125e-06
2.06125e-06
2.06125e-06
2.06125e-06
2.06125e-06
2.06125e-06
2.06125e-06
2.06125e-06
2.06125e-06
2.06125e-06
2.06125e-06
2.06125e-06
2.06125e-06
2.06125e-06
2.06125e-06
2.06125e-06
2.06125e-06
2.06125e-06
2.06125e-06
2.06125e-06
2.06125e-06
2.06125e-06
2.06125e-06
2.06125e-06
2.06125e-06
2.06125e-06
2.06125e-06
2.06125e-06
2.06125e-06
2.06125e-06
2.02746e-06
2.02746e-06
2.02746e-06
2.02746e-06
2.02746e-06
2.02746e-06
2.02746e-06
2.02746e-06
2.02746e-06
2.02746e-06
2.02746e-06
2.02746e-06
2.02746e-06
2.02746e-06
2.02746e-06
2.02746e-06
2.02746e-06
2.02746e-06
2.02746e-06
2.02746e-06
2.02746e-06
2.02746e-06
2.02746e-06
2.02746e-06
2.02746e-06
2.02746e-06
2.02746e-06
2.02746e-06
2.02746e-06
2.02746e-06
2.02746e-06
2.02746e-06
2.02746e-06
2.02746e-06
2.02746e-06
2.02746e-06
2.02746e-06
2.02746e-06
2.02746e-06
2.02746e-06
2.02746e-06
2.02746e-06
2.02746e-06
2.02746e-06
2.02746e-06
2.02746e-06
2.02746e-06
2.02746e-06
2.02746e-06
2.02746e-06
1.99535e-06
1.99535e-06
1.99535e-06
1.99535e-06
1.99535e-06
1.99535e-06
1.99535e-06
1.99535e-06
1.99535e-06
1.99535e-06
1.99535e-06
1.99535e-06
1.99535e-06
1.99535e-06
1.99535e-06
1.99535e-06
1.99535e-06
1.99535e-06
1.99535e-06
1.99535e-06
1.99535e-06
1.99535e-06
1.99535e-06
1.99535e-06
1.99535e-06
1.99535e-06
1.99535e-06
1.99535e-06
1.99535e-06
1.99535e-06
1.99535e-06
1.99535e-06
1.99535e-06
1.99535e-06
1.99535e-06
1.99535e-06
1.99535e-06
1.99535e-06
1.99535e-06
1.99535e-06
1.99535e-06
1.99535e-06
1.99535e-06
1.99535e-06
1.99535e-06
1.99535e-06
1.99535e-06
1.99535e-06
1.99535e-06
1.99535e-06
1.96497e-06
1.96497e-06
1.96497e-06
1.96497e-06
1.96497e-06
1.96497e-06
1.96497e-06
1.96497e-06
1.96497e-06
1.96497e-06
1.96497e-06
1.96497e-06
1.96497e-06
1.96497e-06
1.96497e-06
1.96497e-06
1.96497e-06
1.96497e-06
1.96497e-06
1.96497e-06
1.96497e-06
1.96497e-06
1.96497e-06
1.96497e-06
1.96497e-06
1.96497e-06
1.96497e-06
1.96497e-06
1.96497e-06
1.96497e-06
1.96497e-06
1.96497e-06
1.96497e-06
1.96497e-06
1.96497e-06
1.96497e-06
1.96497e-06
1.96497e-06
1.96497e-06
1.96497e-06
1.96497e-06
1.96497e-06
1.96497e-06
1.96497e-06
1.96497e-06
1.96497e-06
1.96497e-06
1.96497e-06
1.96497e-06
1.96497e-06
1.93633e-06
1.93633e-06
1.93633e-06
1.93633e-06
1.93633e-06
1.93633e-06
1.93633e-06
1.93633e-06
1.93633e-06
1.93633e-06
1.93633e-06
1.93633e-06
1.93633e-06
1.93633e-06
1.93633e-06
1.93633e-06
1.93633e-06
1.93633e-06
1.93633e-06
1.93633e-06
1.93633e-06
1.93633e-06
1.93633e-06
1.93633e-06
1.93633e-06
1.93633e-06
1.93633e-06
1.93633e-06
1.93633e-06
1.93633e-06
1.93633e-06
1.93633e-06
1.93633e-06
1.93633e-06
1.93633e-06
1.93633e-06
1.93633e-06
1.93633e-06
1.93633e-06
1.93633e-06
1.93633e-06
1.93633e-06
1.93633e-06
1.93633e-06
1.93633e-06
1.93633e-06
1.93633e-06
1.93633e-06
1.93633e-06
1.93633e-06
1.90944e-06
1.90944e-06
1.90944e-06
1.90944e-06
1.90944e-06
1.90944e-06
1.90944e-06
1.90944e-06
1.90944e-06
1.90944e-06
1.90944e-06
1.90944e-06
1.90944e-06
1.90944e-06
1.90944e-06
1.90944e-06
1.90944e-06
1.90944e-06
1.90944e-06
1.90944e-06
1.90944e-06
1.90944e-06
1.90944e-06
1.90944e-06
1.90944e-06
1.90944e-06
1.90944e-06
1.90944e-06
1.90944e-06
1.90944e-06
1.90944e-06
1.90944e-06
1.90944e-06
1.90944e-06
1.90944e-06
1.90944e-06
1.90944e-06
1.90944e-06
1.90944e-06
1.90944e-06
1.90944e-06
1.90944e-06
1.90944e-06
1.90944e-06
1.90944e-06
1.90944e-06
1.90944e-06
1.90944e-06
1.90944e-06
1.90944e-06
1.88432e-06
1.88432e-06
1.88432e-06
1.88432e-06
1.88432e-06
1.88432e-06
1.88432e-06
1.88432e-06
1.88432e-06
1.88432e-06
1.88432e-06
1.88432e-06
1.88432e-06
1.88432e-06
1.88432e-06
1.88432e-06
1.88432e-06
1.88432e-06
1.88432e-06
1.88432e-06
1.88432e-06
1.88432e-06
1.88432e-06
1.88432e-06
1.88432e-06
1.88432e-06
1.88432e-06
1.88432e-06
1.88432e-06
1.88432e-06
1.88432e-06
1.88432e-06
1.88432e-06
1.88432e-06
1.88432e-06
1.88432e-06
1.88432e-06
1.88432e-06
1.88432e-06
1.88432e-06
1.88432e-06
1.88432e-06
1.88432e-06
1.88432e-06
1.88432e-06
1.88432e-06
1.88432e-06
1.88432e-06
1.88432e-06
1.88432e-06
1.86095e-06
1.86095e-06
1.86095e-06
1.86095e-06
1.86095e-06
1.86095e-06
1.86095e-06
1.86095e-06
1.86095e-06
1.86095e-06
1.86095e-06
1.86095e-06
1.86095e-06
1.86095e-06
1.86095e-06
1.86095e-06
1.86095e-06
1.86095e-06
1.86095e-06
1.86095e-06
1.86095e-06
1.86095e-06
1.86095e-06
1.86095e-06
1.86095e-06
1.86095e-06
1.86095e-06
1.86095e-06
1.86095e-06
1.86095e-06
1.86095e-06
1.86095e-06
1.86095e-06
1.86095e-06
1.86095e-06
1.86095e-06
1.86095e-06
1.86095e-06
1.86095e-06
1.86095e-06
1.86095e-06
1.86095e-06
1.86095e-06
1.86095e-06
1.86095e-06
1.86095e-06
1.86095e-06
1.86095e-06
1.86095e-06
1.86095e-06
)
;

boundaryField
{
    left
    {
        type            calculated;
        value           uniform 0;
    }
    right
    {
        type            calculated;
        value           uniform 0;
    }
    up
    {
        type            calculated;
        value           uniform 0;
    }
    down
    {
        type            calculated;
        value           uniform 0;
    }
    frontAndBack
    {
        type            empty;
    }
}


// ************************************************************************* //
