/*--------------------------------*- C++ -*----------------------------------*\
  =========                 |
  \\      /  F ield         | OpenFOAM: The Open Source CFD Toolbox
   \\    /   O peration     | Website:  https://openfoam.org
    \\  /    A nd           | Version:  6
     \\/     M anipulation  |
\*---------------------------------------------------------------------------*/
FoamFile
{
    version     2.0;
    format      ascii;
    class       volVectorField;
    location    "0";
    object      C;
}
// * * * * * * * * * * * * * * * * * * * * * * * * * * * * * * * * * * * * * //

dimensions      [0 1 0 0 0 0 0];

internalField   nonuniform List<vector> 
2500
(
(-0.490765 -0.245028 0.005)
(-0.470734 -0.245028 0.005)
(-0.450702 -0.245028 0.005)
(-0.430671 -0.245028 0.005)
(-0.41064 -0.245028 0.005)
(-0.390609 -0.245028 0.005)
(-0.370578 -0.245028 0.005)
(-0.350546 -0.245028 0.005)
(-0.330515 -0.245028 0.005)
(-0.310484 -0.245028 0.005)
(-0.290453 -0.245028 0.005)
(-0.270421 -0.245028 0.005)
(-0.25039 -0.245028 0.005)
(-0.230359 -0.245028 0.005)
(-0.210328 -0.245028 0.005)
(-0.190297 -0.245028 0.005)
(-0.170265 -0.245028 0.005)
(-0.150234 -0.245028 0.005)
(-0.130203 -0.245028 0.005)
(-0.110172 -0.245028 0.005)
(-0.0901405 -0.245028 0.005)
(-0.0701093 -0.245028 0.005)
(-0.0500781 -0.245028 0.005)
(-0.0300468 -0.245028 0.005)
(-0.0100156 -0.245028 0.005)
(0.0100156 -0.245028 0.005)
(0.0300468 -0.245028 0.005)
(0.0500781 -0.245028 0.005)
(0.0701093 -0.245028 0.005)
(0.0901405 -0.245028 0.005)
(0.110172 -0.245028 0.005)
(0.130203 -0.245028 0.005)
(0.150234 -0.245028 0.005)
(0.170265 -0.245028 0.005)
(0.190297 -0.245028 0.005)
(0.210328 -0.245028 0.005)
(0.230359 -0.245028 0.005)
(0.25039 -0.245028 0.005)
(0.270421 -0.245028 0.005)
(0.290453 -0.245028 0.005)
(0.310484 -0.245028 0.005)
(0.330515 -0.245028 0.005)
(0.350546 -0.245028 0.005)
(0.370578 -0.245028 0.005)
(0.390609 -0.245028 0.005)
(0.41064 -0.245028 0.005)
(0.430671 -0.245028 0.005)
(0.450702 -0.245028 0.005)
(0.470734 -0.245028 0.005)
(0.490765 -0.245028 0.005)
(-0.492291 -0.235087 0.005)
(-0.472198 -0.235087 0.005)
(-0.452104 -0.235087 0.005)
(-0.432011 -0.235087 0.005)
(-0.411917 -0.235087 0.005)
(-0.391824 -0.235087 0.005)
(-0.37173 -0.235087 0.005)
(-0.351637 -0.235087 0.005)
(-0.331543 -0.235087 0.005)
(-0.311449 -0.235087 0.005)
(-0.291356 -0.235087 0.005)
(-0.271262 -0.235087 0.005)
(-0.251169 -0.235087 0.005)
(-0.231075 -0.235087 0.005)
(-0.210982 -0.235087 0.005)
(-0.190888 -0.235087 0.005)
(-0.170795 -0.235087 0.005)
(-0.150701 -0.235087 0.005)
(-0.130608 -0.235087 0.005)
(-0.110514 -0.235087 0.005)
(-0.0904208 -0.235087 0.005)
(-0.0703273 -0.235087 0.005)
(-0.0502338 -0.235087 0.005)
(-0.0301403 -0.235087 0.005)
(-0.0100468 -0.235087 0.005)
(0.0100468 -0.235087 0.005)
(0.0301403 -0.235087 0.005)
(0.0502338 -0.235087 0.005)
(0.0703273 -0.235087 0.005)
(0.0904208 -0.235087 0.005)
(0.110514 -0.235087 0.005)
(0.130608 -0.235087 0.005)
(0.150701 -0.235087 0.005)
(0.170795 -0.235087 0.005)
(0.190888 -0.235087 0.005)
(0.210982 -0.235087 0.005)
(0.231075 -0.235087 0.005)
(0.251169 -0.235087 0.005)
(0.271262 -0.235087 0.005)
(0.291356 -0.235087 0.005)
(0.311449 -0.235087 0.005)
(0.331543 -0.235087 0.005)
(0.351637 -0.235087 0.005)
(0.37173 -0.235087 0.005)
(0.391824 -0.235087 0.005)
(0.411917 -0.235087 0.005)
(0.432011 -0.235087 0.005)
(0.452104 -0.235087 0.005)
(0.472198 -0.235087 0.005)
(0.492291 -0.235087 0.005)
(-0.493809 -0.225146 0.005)
(-0.473653 -0.225146 0.005)
(-0.453498 -0.225146 0.005)
(-0.433342 -0.225146 0.005)
(-0.413187 -0.225146 0.005)
(-0.393031 -0.225146 0.005)
(-0.372876 -0.225146 0.005)
(-0.35272 -0.225146 0.005)
(-0.332565 -0.225146 0.005)
(-0.31241 -0.225146 0.005)
(-0.292254 -0.225146 0.005)
(-0.272099 -0.225146 0.005)
(-0.251943 -0.225146 0.005)
(-0.231788 -0.225146 0.005)
(-0.211632 -0.225146 0.005)
(-0.191477 -0.225146 0.005)
(-0.171321 -0.225146 0.005)
(-0.151166 -0.225146 0.005)
(-0.13101 -0.225146 0.005)
(-0.110855 -0.225146 0.005)
(-0.0906995 -0.225146 0.005)
(-0.0705441 -0.225146 0.005)
(-0.0503886 -0.225146 0.005)
(-0.0302332 -0.225146 0.005)
(-0.0100777 -0.225146 0.005)
(0.0100777 -0.225146 0.005)
(0.0302332 -0.225146 0.005)
(0.0503886 -0.225146 0.005)
(0.0705441 -0.225146 0.005)
(0.0906995 -0.225146 0.005)
(0.110855 -0.225146 0.005)
(0.13101 -0.225146 0.005)
(0.151166 -0.225146 0.005)
(0.171321 -0.225146 0.005)
(0.191477 -0.225146 0.005)
(0.211632 -0.225146 0.005)
(0.231788 -0.225146 0.005)
(0.251943 -0.225146 0.005)
(0.272099 -0.225146 0.005)
(0.292254 -0.225146 0.005)
(0.31241 -0.225146 0.005)
(0.332565 -0.225146 0.005)
(0.35272 -0.225146 0.005)
(0.372876 -0.225146 0.005)
(0.393031 -0.225146 0.005)
(0.413187 -0.225146 0.005)
(0.433342 -0.225146 0.005)
(0.453498 -0.225146 0.005)
(0.473653 -0.225146 0.005)
(0.493809 -0.225146 0.005)
(-0.495312 -0.215202 0.005)
(-0.475095 -0.215202 0.005)
(-0.454878 -0.215202 0.005)
(-0.434661 -0.215202 0.005)
(-0.414444 -0.215202 0.005)
(-0.394228 -0.215202 0.005)
(-0.374011 -0.215202 0.005)
(-0.353794 -0.215202 0.005)
(-0.333577 -0.215202 0.005)
(-0.31336 -0.215202 0.005)
(-0.293144 -0.215202 0.005)
(-0.272927 -0.215202 0.005)
(-0.25271 -0.215202 0.005)
(-0.232493 -0.215202 0.005)
(-0.212276 -0.215202 0.005)
(-0.19206 -0.215202 0.005)
(-0.171843 -0.215202 0.005)
(-0.151626 -0.215202 0.005)
(-0.131409 -0.215202 0.005)
(-0.111192 -0.215202 0.005)
(-0.0909756 -0.215202 0.005)
(-0.0707588 -0.215202 0.005)
(-0.050542 -0.215202 0.005)
(-0.0303252 -0.215202 0.005)
(-0.0101084 -0.215202 0.005)
(0.0101084 -0.215202 0.005)
(0.0303252 -0.215202 0.005)
(0.050542 -0.215202 0.005)
(0.0707588 -0.215202 0.005)
(0.0909756 -0.215202 0.005)
(0.111192 -0.215202 0.005)
(0.131409 -0.215202 0.005)
(0.151626 -0.215202 0.005)
(0.171843 -0.215202 0.005)
(0.19206 -0.215202 0.005)
(0.212276 -0.215202 0.005)
(0.232493 -0.215202 0.005)
(0.25271 -0.215202 0.005)
(0.272927 -0.215202 0.005)
(0.293144 -0.215202 0.005)
(0.31336 -0.215202 0.005)
(0.333577 -0.215202 0.005)
(0.353794 -0.215202 0.005)
(0.374011 -0.215202 0.005)
(0.394228 -0.215202 0.005)
(0.414444 -0.215202 0.005)
(0.434661 -0.215202 0.005)
(0.454878 -0.215202 0.005)
(0.475095 -0.215202 0.005)
(0.495312 -0.215202 0.005)
(-0.496794 -0.205255 0.005)
(-0.476517 -0.205255 0.005)
(-0.45624 -0.205255 0.005)
(-0.435962 -0.205255 0.005)
(-0.415685 -0.205255 0.005)
(-0.395408 -0.205255 0.005)
(-0.37513 -0.205255 0.005)
(-0.354853 -0.205255 0.005)
(-0.334576 -0.205255 0.005)
(-0.314298 -0.205255 0.005)
(-0.294021 -0.205255 0.005)
(-0.273744 -0.205255 0.005)
(-0.253466 -0.205255 0.005)
(-0.233189 -0.205255 0.005)
(-0.212912 -0.205255 0.005)
(-0.192634 -0.205255 0.005)
(-0.172357 -0.205255 0.005)
(-0.15208 -0.205255 0.005)
(-0.131803 -0.205255 0.005)
(-0.111525 -0.205255 0.005)
(-0.0912479 -0.205255 0.005)
(-0.0709706 -0.205255 0.005)
(-0.0506933 -0.205255 0.005)
(-0.030416 -0.205255 0.005)
(-0.0101387 -0.205255 0.005)
(0.0101387 -0.205255 0.005)
(0.030416 -0.205255 0.005)
(0.0506933 -0.205255 0.005)
(0.0709706 -0.205255 0.005)
(0.0912479 -0.205255 0.005)
(0.111525 -0.205255 0.005)
(0.131803 -0.205255 0.005)
(0.15208 -0.205255 0.005)
(0.172357 -0.205255 0.005)
(0.192634 -0.205255 0.005)
(0.212912 -0.205255 0.005)
(0.233189 -0.205255 0.005)
(0.253466 -0.205255 0.005)
(0.273744 -0.205255 0.005)
(0.294021 -0.205255 0.005)
(0.314298 -0.205255 0.005)
(0.334576 -0.205255 0.005)
(0.354853 -0.205255 0.005)
(0.37513 -0.205255 0.005)
(0.395408 -0.205255 0.005)
(0.415685 -0.205255 0.005)
(0.435962 -0.205255 0.005)
(0.45624 -0.205255 0.005)
(0.476517 -0.205255 0.005)
(0.496794 -0.205255 0.005)
(-0.498251 -0.195304 0.005)
(-0.477914 -0.195304 0.005)
(-0.457577 -0.195304 0.005)
(-0.437241 -0.195304 0.005)
(-0.416904 -0.195304 0.005)
(-0.396567 -0.195304 0.005)
(-0.37623 -0.195304 0.005)
(-0.355894 -0.195304 0.005)
(-0.335557 -0.195304 0.005)
(-0.31522 -0.195304 0.005)
(-0.294883 -0.195304 0.005)
(-0.274546 -0.195304 0.005)
(-0.25421 -0.195304 0.005)
(-0.233873 -0.195304 0.005)
(-0.213536 -0.195304 0.005)
(-0.193199 -0.195304 0.005)
(-0.172863 -0.195304 0.005)
(-0.152526 -0.195304 0.005)
(-0.132189 -0.195304 0.005)
(-0.111852 -0.195304 0.005)
(-0.0915155 -0.195304 0.005)
(-0.0711787 -0.195304 0.005)
(-0.0508419 -0.195304 0.005)
(-0.0305052 -0.195304 0.005)
(-0.0101684 -0.195304 0.005)
(0.0101684 -0.195304 0.005)
(0.0305052 -0.195304 0.005)
(0.0508419 -0.195304 0.005)
(0.0711787 -0.195304 0.005)
(0.0915155 -0.195304 0.005)
(0.111852 -0.195304 0.005)
(0.132189 -0.195304 0.005)
(0.152526 -0.195304 0.005)
(0.172863 -0.195304 0.005)
(0.193199 -0.195304 0.005)
(0.213536 -0.195304 0.005)
(0.233873 -0.195304 0.005)
(0.25421 -0.195304 0.005)
(0.274546 -0.195304 0.005)
(0.294883 -0.195304 0.005)
(0.31522 -0.195304 0.005)
(0.335557 -0.195304 0.005)
(0.355894 -0.195304 0.005)
(0.37623 -0.195304 0.005)
(0.396567 -0.195304 0.005)
(0.416904 -0.195304 0.005)
(0.437241 -0.195304 0.005)
(0.457577 -0.195304 0.005)
(0.477914 -0.195304 0.005)
(0.498251 -0.195304 0.005)
(-0.499676 -0.185348 0.005)
(-0.479281 -0.185348 0.005)
(-0.458886 -0.185348 0.005)
(-0.438491 -0.185348 0.005)
(-0.418096 -0.185348 0.005)
(-0.397701 -0.185348 0.005)
(-0.377306 -0.185348 0.005)
(-0.356911 -0.185348 0.005)
(-0.336517 -0.185348 0.005)
(-0.316122 -0.185348 0.005)
(-0.295727 -0.185348 0.005)
(-0.275332 -0.185348 0.005)
(-0.254937 -0.185348 0.005)
(-0.234542 -0.185348 0.005)
(-0.214147 -0.185348 0.005)
(-0.193752 -0.185348 0.005)
(-0.173357 -0.185348 0.005)
(-0.152962 -0.185348 0.005)
(-0.132567 -0.185348 0.005)
(-0.112172 -0.185348 0.005)
(-0.0917772 -0.185348 0.005)
(-0.0713823 -0.185348 0.005)
(-0.0509874 -0.185348 0.005)
(-0.0305924 -0.185348 0.005)
(-0.0101975 -0.185348 0.005)
(0.0101975 -0.185348 0.005)
(0.0305924 -0.185348 0.005)
(0.0509874 -0.185348 0.005)
(0.0713823 -0.185348 0.005)
(0.0917772 -0.185348 0.005)
(0.112172 -0.185348 0.005)
(0.132567 -0.185348 0.005)
(0.152962 -0.185348 0.005)
(0.173357 -0.185348 0.005)
(0.193752 -0.185348 0.005)
(0.214147 -0.185348 0.005)
(0.234542 -0.185348 0.005)
(0.254937 -0.185348 0.005)
(0.275332 -0.185348 0.005)
(0.295727 -0.185348 0.005)
(0.316122 -0.185348 0.005)
(0.336517 -0.185348 0.005)
(0.356911 -0.185348 0.005)
(0.377306 -0.185348 0.005)
(0.397701 -0.185348 0.005)
(0.418096 -0.185348 0.005)
(0.438491 -0.185348 0.005)
(0.458886 -0.185348 0.005)
(0.479281 -0.185348 0.005)
(0.499676 -0.185348 0.005)
(-0.501064 -0.175387 0.005)
(-0.480613 -0.175387 0.005)
(-0.460161 -0.175387 0.005)
(-0.439709 -0.175387 0.005)
(-0.419258 -0.175387 0.005)
(-0.398806 -0.175387 0.005)
(-0.378355 -0.175387 0.005)
(-0.357903 -0.175387 0.005)
(-0.337451 -0.175387 0.005)
(-0.317 -0.175387 0.005)
(-0.296548 -0.175387 0.005)
(-0.276097 -0.175387 0.005)
(-0.255645 -0.175387 0.005)
(-0.235193 -0.175387 0.005)
(-0.214742 -0.175387 0.005)
(-0.19429 -0.175387 0.005)
(-0.173839 -0.175387 0.005)
(-0.153387 -0.175387 0.005)
(-0.132935 -0.175387 0.005)
(-0.112484 -0.175387 0.005)
(-0.0920322 -0.175387 0.005)
(-0.0715806 -0.175387 0.005)
(-0.051129 -0.175387 0.005)
(-0.0306774 -0.175387 0.005)
(-0.0102258 -0.175387 0.005)
(0.0102258 -0.175387 0.005)
(0.0306774 -0.175387 0.005)
(0.051129 -0.175387 0.005)
(0.0715806 -0.175387 0.005)
(0.0920322 -0.175387 0.005)
(0.112484 -0.175387 0.005)
(0.132935 -0.175387 0.005)
(0.153387 -0.175387 0.005)
(0.173839 -0.175387 0.005)
(0.19429 -0.175387 0.005)
(0.214742 -0.175387 0.005)
(0.235193 -0.175387 0.005)
(0.255645 -0.175387 0.005)
(0.276097 -0.175387 0.005)
(0.296548 -0.175387 0.005)
(0.317 -0.175387 0.005)
(0.337451 -0.175387 0.005)
(0.357903 -0.175387 0.005)
(0.378355 -0.175387 0.005)
(0.398806 -0.175387 0.005)
(0.419258 -0.175387 0.005)
(0.439709 -0.175387 0.005)
(0.460161 -0.175387 0.005)
(0.480613 -0.175387 0.005)
(0.501064 -0.175387 0.005)
(-0.50241 -0.16542 0.005)
(-0.481903 -0.16542 0.005)
(-0.461397 -0.16542 0.005)
(-0.44089 -0.16542 0.005)
(-0.420384 -0.16542 0.005)
(-0.399877 -0.16542 0.005)
(-0.379371 -0.16542 0.005)
(-0.358864 -0.16542 0.005)
(-0.338358 -0.16542 0.005)
(-0.317851 -0.16542 0.005)
(-0.297344 -0.16542 0.005)
(-0.276838 -0.16542 0.005)
(-0.256331 -0.16542 0.005)
(-0.235825 -0.16542 0.005)
(-0.215318 -0.16542 0.005)
(-0.194812 -0.16542 0.005)
(-0.174305 -0.16542 0.005)
(-0.153799 -0.16542 0.005)
(-0.133292 -0.16542 0.005)
(-0.112786 -0.16542 0.005)
(-0.0922793 -0.16542 0.005)
(-0.0717728 -0.16542 0.005)
(-0.0512663 -0.16542 0.005)
(-0.0307598 -0.16542 0.005)
(-0.0102533 -0.16542 0.005)
(0.0102533 -0.16542 0.005)
(0.0307598 -0.16542 0.005)
(0.0512663 -0.16542 0.005)
(0.0717728 -0.16542 0.005)
(0.0922793 -0.16542 0.005)
(0.112786 -0.16542 0.005)
(0.133292 -0.16542 0.005)
(0.153799 -0.16542 0.005)
(0.174305 -0.16542 0.005)
(0.194812 -0.16542 0.005)
(0.215318 -0.16542 0.005)
(0.235825 -0.16542 0.005)
(0.256331 -0.16542 0.005)
(0.276838 -0.16542 0.005)
(0.297344 -0.16542 0.005)
(0.317851 -0.16542 0.005)
(0.338358 -0.16542 0.005)
(0.358864 -0.16542 0.005)
(0.379371 -0.16542 0.005)
(0.399877 -0.16542 0.005)
(0.420384 -0.16542 0.005)
(0.44089 -0.16542 0.005)
(0.461397 -0.16542 0.005)
(0.481903 -0.16542 0.005)
(0.50241 -0.16542 0.005)
(-0.503707 -0.155446 0.005)
(-0.483148 -0.155446 0.005)
(-0.462588 -0.155446 0.005)
(-0.442029 -0.155446 0.005)
(-0.421469 -0.155446 0.005)
(-0.40091 -0.155446 0.005)
(-0.38035 -0.155446 0.005)
(-0.359791 -0.155446 0.005)
(-0.339231 -0.155446 0.005)
(-0.318672 -0.155446 0.005)
(-0.298113 -0.155446 0.005)
(-0.277553 -0.155446 0.005)
(-0.256994 -0.155446 0.005)
(-0.236434 -0.155446 0.005)
(-0.215875 -0.155446 0.005)
(-0.195315 -0.155446 0.005)
(-0.174756 -0.155446 0.005)
(-0.154196 -0.155446 0.005)
(-0.133637 -0.155446 0.005)
(-0.113077 -0.155446 0.005)
(-0.0925177 -0.155446 0.005)
(-0.0719582 -0.155446 0.005)
(-0.0513987 -0.155446 0.005)
(-0.0308392 -0.155446 0.005)
(-0.0102797 -0.155446 0.005)
(0.0102797 -0.155446 0.005)
(0.0308392 -0.155446 0.005)
(0.0513987 -0.155446 0.005)
(0.0719582 -0.155446 0.005)
(0.0925177 -0.155446 0.005)
(0.113077 -0.155446 0.005)
(0.133637 -0.155446 0.005)
(0.154196 -0.155446 0.005)
(0.174756 -0.155446 0.005)
(0.195315 -0.155446 0.005)
(0.215875 -0.155446 0.005)
(0.236434 -0.155446 0.005)
(0.256994 -0.155446 0.005)
(0.277553 -0.155446 0.005)
(0.298113 -0.155446 0.005)
(0.318672 -0.155446 0.005)
(0.339231 -0.155446 0.005)
(0.359791 -0.155446 0.005)
(0.38035 -0.155446 0.005)
(0.40091 -0.155446 0.005)
(0.421469 -0.155446 0.005)
(0.442029 -0.155446 0.005)
(0.462588 -0.155446 0.005)
(0.483148 -0.155446 0.005)
(0.503707 -0.155446 0.005)
(-0.504952 -0.145466 0.005)
(-0.484342 -0.145466 0.005)
(-0.463732 -0.145466 0.005)
(-0.443121 -0.145466 0.005)
(-0.422511 -0.145466 0.005)
(-0.401901 -0.145466 0.005)
(-0.38129 -0.145466 0.005)
(-0.36068 -0.145466 0.005)
(-0.34007 -0.145466 0.005)
(-0.319459 -0.145466 0.005)
(-0.298849 -0.145466 0.005)
(-0.278239 -0.145466 0.005)
(-0.257629 -0.145466 0.005)
(-0.237018 -0.145466 0.005)
(-0.216408 -0.145466 0.005)
(-0.195798 -0.145466 0.005)
(-0.175187 -0.145466 0.005)
(-0.154577 -0.145466 0.005)
(-0.133967 -0.145466 0.005)
(-0.113357 -0.145466 0.005)
(-0.0927463 -0.145466 0.005)
(-0.072136 -0.145466 0.005)
(-0.0515257 -0.145466 0.005)
(-0.0309154 -0.145466 0.005)
(-0.0103051 -0.145466 0.005)
(0.0103051 -0.145466 0.005)
(0.0309154 -0.145466 0.005)
(0.0515257 -0.145466 0.005)
(0.072136 -0.145466 0.005)
(0.0927463 -0.145466 0.005)
(0.113357 -0.145466 0.005)
(0.133967 -0.145466 0.005)
(0.154577 -0.145466 0.005)
(0.175187 -0.145466 0.005)
(0.195798 -0.145466 0.005)
(0.216408 -0.145466 0.005)
(0.237018 -0.145466 0.005)
(0.257629 -0.145466 0.005)
(0.278239 -0.145466 0.005)
(0.298849 -0.145466 0.005)
(0.319459 -0.145466 0.005)
(0.34007 -0.145466 0.005)
(0.36068 -0.145466 0.005)
(0.38129 -0.145466 0.005)
(0.401901 -0.145466 0.005)
(0.422511 -0.145466 0.005)
(0.443121 -0.145466 0.005)
(0.463732 -0.145466 0.005)
(0.484342 -0.145466 0.005)
(0.504952 -0.145466 0.005)
(-0.506139 -0.135477 0.005)
(-0.48548 -0.135477 0.005)
(-0.464821 -0.135477 0.005)
(-0.444163 -0.135477 0.005)
(-0.423504 -0.135477 0.005)
(-0.402845 -0.135477 0.005)
(-0.382187 -0.135477 0.005)
(-0.361528 -0.135477 0.005)
(-0.340869 -0.135477 0.005)
(-0.32021 -0.135477 0.005)
(-0.299552 -0.135477 0.005)
(-0.278893 -0.135477 0.005)
(-0.258234 -0.135477 0.005)
(-0.237575 -0.135477 0.005)
(-0.216917 -0.135477 0.005)
(-0.196258 -0.135477 0.005)
(-0.175599 -0.135477 0.005)
(-0.15494 -0.135477 0.005)
(-0.134282 -0.135477 0.005)
(-0.113623 -0.135477 0.005)
(-0.0929643 -0.135477 0.005)
(-0.0723056 -0.135477 0.005)
(-0.0516468 -0.135477 0.005)
(-0.0309881 -0.135477 0.005)
(-0.0103294 -0.135477 0.005)
(0.0103294 -0.135477 0.005)
(0.0309881 -0.135477 0.005)
(0.0516468 -0.135477 0.005)
(0.0723056 -0.135477 0.005)
(0.0929643 -0.135477 0.005)
(0.113623 -0.135477 0.005)
(0.134282 -0.135477 0.005)
(0.15494 -0.135477 0.005)
(0.175599 -0.135477 0.005)
(0.196258 -0.135477 0.005)
(0.216917 -0.135477 0.005)
(0.237575 -0.135477 0.005)
(0.258234 -0.135477 0.005)
(0.278893 -0.135477 0.005)
(0.299552 -0.135477 0.005)
(0.32021 -0.135477 0.005)
(0.340869 -0.135477 0.005)
(0.361528 -0.135477 0.005)
(0.382187 -0.135477 0.005)
(0.402845 -0.135477 0.005)
(0.423504 -0.135477 0.005)
(0.444163 -0.135477 0.005)
(0.464821 -0.135477 0.005)
(0.48548 -0.135477 0.005)
(0.506139 -0.135477 0.005)
(-0.507263 -0.125482 0.005)
(-0.486558 -0.125482 0.005)
(-0.465854 -0.125482 0.005)
(-0.445149 -0.125482 0.005)
(-0.424445 -0.125482 0.005)
(-0.40374 -0.125482 0.005)
(-0.383035 -0.125482 0.005)
(-0.362331 -0.125482 0.005)
(-0.341626 -0.125482 0.005)
(-0.320921 -0.125482 0.005)
(-0.300217 -0.125482 0.005)
(-0.279512 -0.125482 0.005)
(-0.258808 -0.125482 0.005)
(-0.238103 -0.125482 0.005)
(-0.217398 -0.125482 0.005)
(-0.196694 -0.125482 0.005)
(-0.175989 -0.125482 0.005)
(-0.155285 -0.125482 0.005)
(-0.13458 -0.125482 0.005)
(-0.113875 -0.125482 0.005)
(-0.0931708 -0.125482 0.005)
(-0.0724661 -0.125482 0.005)
(-0.0517615 -0.125482 0.005)
(-0.0310569 -0.125482 0.005)
(-0.0103523 -0.125482 0.005)
(0.0103523 -0.125482 0.005)
(0.0310569 -0.125482 0.005)
(0.0517615 -0.125482 0.005)
(0.0724661 -0.125482 0.005)
(0.0931708 -0.125482 0.005)
(0.113875 -0.125482 0.005)
(0.13458 -0.125482 0.005)
(0.155285 -0.125482 0.005)
(0.175989 -0.125482 0.005)
(0.196694 -0.125482 0.005)
(0.217398 -0.125482 0.005)
(0.238103 -0.125482 0.005)
(0.258808 -0.125482 0.005)
(0.279512 -0.125482 0.005)
(0.300217 -0.125482 0.005)
(0.320921 -0.125482 0.005)
(0.341626 -0.125482 0.005)
(0.362331 -0.125482 0.005)
(0.383035 -0.125482 0.005)
(0.40374 -0.125482 0.005)
(0.424445 -0.125482 0.005)
(0.445149 -0.125482 0.005)
(0.465854 -0.125482 0.005)
(0.486558 -0.125482 0.005)
(0.507263 -0.125482 0.005)
(-0.50832 -0.115478 0.005)
(-0.487572 -0.115478 0.005)
(-0.466824 -0.115478 0.005)
(-0.446077 -0.115478 0.005)
(-0.425329 -0.115478 0.005)
(-0.404581 -0.115478 0.005)
(-0.383833 -0.115478 0.005)
(-0.363086 -0.115478 0.005)
(-0.342338 -0.115478 0.005)
(-0.32159 -0.115478 0.005)
(-0.300842 -0.115478 0.005)
(-0.280095 -0.115478 0.005)
(-0.259347 -0.115478 0.005)
(-0.238599 -0.115478 0.005)
(-0.217851 -0.115478 0.005)
(-0.197104 -0.115478 0.005)
(-0.176356 -0.115478 0.005)
(-0.155608 -0.115478 0.005)
(-0.13486 -0.115478 0.005)
(-0.114113 -0.115478 0.005)
(-0.0933649 -0.115478 0.005)
(-0.0726171 -0.115478 0.005)
(-0.0518694 -0.115478 0.005)
(-0.0311216 -0.115478 0.005)
(-0.0103739 -0.115478 0.005)
(0.0103739 -0.115478 0.005)
(0.0311216 -0.115478 0.005)
(0.0518694 -0.115478 0.005)
(0.0726171 -0.115478 0.005)
(0.0933649 -0.115478 0.005)
(0.114113 -0.115478 0.005)
(0.13486 -0.115478 0.005)
(0.155608 -0.115478 0.005)
(0.176356 -0.115478 0.005)
(0.197104 -0.115478 0.005)
(0.217851 -0.115478 0.005)
(0.238599 -0.115478 0.005)
(0.259347 -0.115478 0.005)
(0.280095 -0.115478 0.005)
(0.300842 -0.115478 0.005)
(0.32159 -0.115478 0.005)
(0.342338 -0.115478 0.005)
(0.363086 -0.115478 0.005)
(0.383833 -0.115478 0.005)
(0.404581 -0.115478 0.005)
(0.425329 -0.115478 0.005)
(0.446077 -0.115478 0.005)
(0.466824 -0.115478 0.005)
(0.487572 -0.115478 0.005)
(0.50832 -0.115478 0.005)
(-0.509305 -0.105468 0.005)
(-0.488517 -0.105468 0.005)
(-0.467729 -0.105468 0.005)
(-0.446941 -0.105468 0.005)
(-0.426153 -0.105468 0.005)
(-0.405365 -0.105468 0.005)
(-0.384577 -0.105468 0.005)
(-0.363789 -0.105468 0.005)
(-0.343001 -0.105468 0.005)
(-0.322213 -0.105468 0.005)
(-0.301425 -0.105468 0.005)
(-0.280637 -0.105468 0.005)
(-0.259849 -0.105468 0.005)
(-0.239062 -0.105468 0.005)
(-0.218274 -0.105468 0.005)
(-0.197486 -0.105468 0.005)
(-0.176698 -0.105468 0.005)
(-0.15591 -0.105468 0.005)
(-0.135122 -0.105468 0.005)
(-0.114334 -0.105468 0.005)
(-0.0935458 -0.105468 0.005)
(-0.0727579 -0.105468 0.005)
(-0.0519699 -0.105468 0.005)
(-0.0311819 -0.105468 0.005)
(-0.010394 -0.105468 0.005)
(0.010394 -0.105468 0.005)
(0.0311819 -0.105468 0.005)
(0.0519699 -0.105468 0.005)
(0.0727579 -0.105468 0.005)
(0.0935458 -0.105468 0.005)
(0.114334 -0.105468 0.005)
(0.135122 -0.105468 0.005)
(0.15591 -0.105468 0.005)
(0.176698 -0.105468 0.005)
(0.197486 -0.105468 0.005)
(0.218274 -0.105468 0.005)
(0.239062 -0.105468 0.005)
(0.259849 -0.105468 0.005)
(0.280637 -0.105468 0.005)
(0.301425 -0.105468 0.005)
(0.322213 -0.105468 0.005)
(0.343001 -0.105468 0.005)
(0.363789 -0.105468 0.005)
(0.384577 -0.105468 0.005)
(0.405365 -0.105468 0.005)
(0.426153 -0.105468 0.005)
(0.446941 -0.105468 0.005)
(0.467729 -0.105468 0.005)
(0.488517 -0.105468 0.005)
(0.509305 -0.105468 0.005)
(-0.510214 -0.0954493 0.005)
(-0.489389 -0.0954493 0.005)
(-0.468564 -0.0954493 0.005)
(-0.447739 -0.0954493 0.005)
(-0.426914 -0.0954493 0.005)
(-0.406089 -0.0954493 0.005)
(-0.385264 -0.0954493 0.005)
(-0.364439 -0.0954493 0.005)
(-0.343614 -0.0954493 0.005)
(-0.322789 -0.0954493 0.005)
(-0.301964 -0.0954493 0.005)
(-0.281139 -0.0954493 0.005)
(-0.260313 -0.0954493 0.005)
(-0.239488 -0.0954493 0.005)
(-0.218663 -0.0954493 0.005)
(-0.197838 -0.0954493 0.005)
(-0.177013 -0.0954493 0.005)
(-0.156188 -0.0954493 0.005)
(-0.135363 -0.0954493 0.005)
(-0.114538 -0.0954493 0.005)
(-0.0937129 -0.0954493 0.005)
(-0.0728878 -0.0954493 0.005)
(-0.0520627 -0.0954493 0.005)
(-0.0312376 -0.0954493 0.005)
(-0.0104125 -0.0954493 0.005)
(0.0104125 -0.0954493 0.005)
(0.0312376 -0.0954493 0.005)
(0.0520627 -0.0954493 0.005)
(0.0728878 -0.0954493 0.005)
(0.0937129 -0.0954493 0.005)
(0.114538 -0.0954493 0.005)
(0.135363 -0.0954493 0.005)
(0.156188 -0.0954493 0.005)
(0.177013 -0.0954493 0.005)
(0.197838 -0.0954493 0.005)
(0.218663 -0.0954493 0.005)
(0.239488 -0.0954493 0.005)
(0.260313 -0.0954493 0.005)
(0.281139 -0.0954493 0.005)
(0.301964 -0.0954493 0.005)
(0.322789 -0.0954493 0.005)
(0.343614 -0.0954493 0.005)
(0.364439 -0.0954493 0.005)
(0.385264 -0.0954493 0.005)
(0.406089 -0.0954493 0.005)
(0.426914 -0.0954493 0.005)
(0.447739 -0.0954493 0.005)
(0.468564 -0.0954493 0.005)
(0.489389 -0.0954493 0.005)
(0.510214 -0.0954493 0.005)
(-0.511044 -0.0854238 0.005)
(-0.490185 -0.0854238 0.005)
(-0.469326 -0.0854238 0.005)
(-0.448468 -0.0854238 0.005)
(-0.427609 -0.0854238 0.005)
(-0.40675 -0.0854238 0.005)
(-0.385891 -0.0854238 0.005)
(-0.365032 -0.0854238 0.005)
(-0.344173 -0.0854238 0.005)
(-0.323314 -0.0854238 0.005)
(-0.302455 -0.0854238 0.005)
(-0.281596 -0.0854238 0.005)
(-0.260737 -0.0854238 0.005)
(-0.239878 -0.0854238 0.005)
(-0.219019 -0.0854238 0.005)
(-0.19816 -0.0854238 0.005)
(-0.177301 -0.0854238 0.005)
(-0.156442 -0.0854238 0.005)
(-0.135583 -0.0854238 0.005)
(-0.114724 -0.0854238 0.005)
(-0.0938653 -0.0854238 0.005)
(-0.0730063 -0.0854238 0.005)
(-0.0521474 -0.0854238 0.005)
(-0.0312884 -0.0854238 0.005)
(-0.0104295 -0.0854238 0.005)
(0.0104295 -0.0854238 0.005)
(0.0312884 -0.0854238 0.005)
(0.0521474 -0.0854238 0.005)
(0.0730063 -0.0854238 0.005)
(0.0938653 -0.0854238 0.005)
(0.114724 -0.0854238 0.005)
(0.135583 -0.0854238 0.005)
(0.156442 -0.0854238 0.005)
(0.177301 -0.0854238 0.005)
(0.19816 -0.0854238 0.005)
(0.219019 -0.0854238 0.005)
(0.239878 -0.0854238 0.005)
(0.260737 -0.0854238 0.005)
(0.281596 -0.0854238 0.005)
(0.302455 -0.0854238 0.005)
(0.323314 -0.0854238 0.005)
(0.344173 -0.0854238 0.005)
(0.365032 -0.0854238 0.005)
(0.385891 -0.0854238 0.005)
(0.40675 -0.0854238 0.005)
(0.427609 -0.0854238 0.005)
(0.448468 -0.0854238 0.005)
(0.469326 -0.0854238 0.005)
(0.490185 -0.0854238 0.005)
(0.511044 -0.0854238 0.005)
(-0.511791 -0.0753916 0.005)
(-0.490902 -0.0753916 0.005)
(-0.470012 -0.0753916 0.005)
(-0.449123 -0.0753916 0.005)
(-0.428234 -0.0753916 0.005)
(-0.407344 -0.0753916 0.005)
(-0.386455 -0.0753916 0.005)
(-0.365565 -0.0753916 0.005)
(-0.344676 -0.0753916 0.005)
(-0.323786 -0.0753916 0.005)
(-0.302897 -0.0753916 0.005)
(-0.282007 -0.0753916 0.005)
(-0.261118 -0.0753916 0.005)
(-0.240229 -0.0753916 0.005)
(-0.219339 -0.0753916 0.005)
(-0.19845 -0.0753916 0.005)
(-0.17756 -0.0753916 0.005)
(-0.156671 -0.0753916 0.005)
(-0.135781 -0.0753916 0.005)
(-0.114892 -0.0753916 0.005)
(-0.0940025 -0.0753916 0.005)
(-0.0731131 -0.0753916 0.005)
(-0.0522236 -0.0753916 0.005)
(-0.0313342 -0.0753916 0.005)
(-0.0104447 -0.0753916 0.005)
(0.0104447 -0.0753916 0.005)
(0.0313342 -0.0753916 0.005)
(0.0522236 -0.0753916 0.005)
(0.0731131 -0.0753916 0.005)
(0.0940025 -0.0753916 0.005)
(0.114892 -0.0753916 0.005)
(0.135781 -0.0753916 0.005)
(0.156671 -0.0753916 0.005)
(0.17756 -0.0753916 0.005)
(0.19845 -0.0753916 0.005)
(0.219339 -0.0753916 0.005)
(0.240229 -0.0753916 0.005)
(0.261118 -0.0753916 0.005)
(0.282007 -0.0753916 0.005)
(0.302897 -0.0753916 0.005)
(0.323786 -0.0753916 0.005)
(0.344676 -0.0753916 0.005)
(0.365565 -0.0753916 0.005)
(0.386455 -0.0753916 0.005)
(0.407344 -0.0753916 0.005)
(0.428234 -0.0753916 0.005)
(0.449123 -0.0753916 0.005)
(0.470012 -0.0753916 0.005)
(0.490902 -0.0753916 0.005)
(0.511791 -0.0753916 0.005)
(-0.512452 -0.0653531 0.005)
(-0.491536 -0.0653531 0.005)
(-0.470619 -0.0653531 0.005)
(-0.449703 -0.0653531 0.005)
(-0.428786 -0.0653531 0.005)
(-0.40787 -0.0653531 0.005)
(-0.386954 -0.0653531 0.005)
(-0.366037 -0.0653531 0.005)
(-0.345121 -0.0653531 0.005)
(-0.324204 -0.0653531 0.005)
(-0.303288 -0.0653531 0.005)
(-0.282372 -0.0653531 0.005)
(-0.261455 -0.0653531 0.005)
(-0.240539 -0.0653531 0.005)
(-0.219622 -0.0653531 0.005)
(-0.198706 -0.0653531 0.005)
(-0.17779 -0.0653531 0.005)
(-0.156873 -0.0653531 0.005)
(-0.135957 -0.0653531 0.005)
(-0.11504 -0.0653531 0.005)
(-0.0941239 -0.0653531 0.005)
(-0.0732074 -0.0653531 0.005)
(-0.052291 -0.0653531 0.005)
(-0.0313746 -0.0653531 0.005)
(-0.0104582 -0.0653531 0.005)
(0.0104582 -0.0653531 0.005)
(0.0313746 -0.0653531 0.005)
(0.052291 -0.0653531 0.005)
(0.0732074 -0.0653531 0.005)
(0.0941239 -0.0653531 0.005)
(0.11504 -0.0653531 0.005)
(0.135957 -0.0653531 0.005)
(0.156873 -0.0653531 0.005)
(0.17779 -0.0653531 0.005)
(0.198706 -0.0653531 0.005)
(0.219622 -0.0653531 0.005)
(0.240539 -0.0653531 0.005)
(0.261455 -0.0653531 0.005)
(0.282372 -0.0653531 0.005)
(0.303288 -0.0653531 0.005)
(0.324204 -0.0653531 0.005)
(0.345121 -0.0653531 0.005)
(0.366037 -0.0653531 0.005)
(0.386954 -0.0653531 0.005)
(0.40787 -0.0653531 0.005)
(0.428786 -0.0653531 0.005)
(0.449703 -0.0653531 0.005)
(0.470619 -0.0653531 0.005)
(0.491536 -0.0653531 0.005)
(0.512452 -0.0653531 0.005)
(-0.513024 -0.055309 0.005)
(-0.492084 -0.055309 0.005)
(-0.471144 -0.055309 0.005)
(-0.450205 -0.055309 0.005)
(-0.429265 -0.055309 0.005)
(-0.408325 -0.055309 0.005)
(-0.387385 -0.055309 0.005)
(-0.366446 -0.055309 0.005)
(-0.345506 -0.055309 0.005)
(-0.324566 -0.055309 0.005)
(-0.303626 -0.055309 0.005)
(-0.282687 -0.055309 0.005)
(-0.261747 -0.055309 0.005)
(-0.240807 -0.055309 0.005)
(-0.219867 -0.055309 0.005)
(-0.198928 -0.055309 0.005)
(-0.177988 -0.055309 0.005)
(-0.157048 -0.055309 0.005)
(-0.136108 -0.055309 0.005)
(-0.115169 -0.055309 0.005)
(-0.0942289 -0.055309 0.005)
(-0.0732891 -0.055309 0.005)
(-0.0523494 -0.055309 0.005)
(-0.0314096 -0.055309 0.005)
(-0.0104699 -0.055309 0.005)
(0.0104699 -0.055309 0.005)
(0.0314096 -0.055309 0.005)
(0.0523494 -0.055309 0.005)
(0.0732891 -0.055309 0.005)
(0.0942289 -0.055309 0.005)
(0.115169 -0.055309 0.005)
(0.136108 -0.055309 0.005)
(0.157048 -0.055309 0.005)
(0.177988 -0.055309 0.005)
(0.198928 -0.055309 0.005)
(0.219867 -0.055309 0.005)
(0.240807 -0.055309 0.005)
(0.261747 -0.055309 0.005)
(0.282687 -0.055309 0.005)
(0.303626 -0.055309 0.005)
(0.324566 -0.055309 0.005)
(0.345506 -0.055309 0.005)
(0.366446 -0.055309 0.005)
(0.387385 -0.055309 0.005)
(0.408325 -0.055309 0.005)
(0.429265 -0.055309 0.005)
(0.450205 -0.055309 0.005)
(0.471144 -0.055309 0.005)
(0.492084 -0.055309 0.005)
(0.513024 -0.055309 0.005)
(-0.513504 -0.0452599 0.005)
(-0.492545 -0.0452599 0.005)
(-0.471586 -0.0452599 0.005)
(-0.450626 -0.0452599 0.005)
(-0.429667 -0.0452599 0.005)
(-0.408707 -0.0452599 0.005)
(-0.387748 -0.0452599 0.005)
(-0.366789 -0.0452599 0.005)
(-0.345829 -0.0452599 0.005)
(-0.32487 -0.0452599 0.005)
(-0.303911 -0.0452599 0.005)
(-0.282951 -0.0452599 0.005)
(-0.261992 -0.0452599 0.005)
(-0.241033 -0.0452599 0.005)
(-0.220073 -0.0452599 0.005)
(-0.199114 -0.0452599 0.005)
(-0.178155 -0.0452599 0.005)
(-0.157195 -0.0452599 0.005)
(-0.136236 -0.0452599 0.005)
(-0.115276 -0.0452599 0.005)
(-0.0943171 -0.0452599 0.005)
(-0.0733578 -0.0452599 0.005)
(-0.0523984 -0.0452599 0.005)
(-0.031439 -0.0452599 0.005)
(-0.0104797 -0.0452599 0.005)
(0.0104797 -0.0452599 0.005)
(0.031439 -0.0452599 0.005)
(0.0523984 -0.0452599 0.005)
(0.0733578 -0.0452599 0.005)
(0.0943171 -0.0452599 0.005)
(0.115276 -0.0452599 0.005)
(0.136236 -0.0452599 0.005)
(0.157195 -0.0452599 0.005)
(0.178155 -0.0452599 0.005)
(0.199114 -0.0452599 0.005)
(0.220073 -0.0452599 0.005)
(0.241033 -0.0452599 0.005)
(0.261992 -0.0452599 0.005)
(0.282951 -0.0452599 0.005)
(0.303911 -0.0452599 0.005)
(0.32487 -0.0452599 0.005)
(0.345829 -0.0452599 0.005)
(0.366789 -0.0452599 0.005)
(0.387748 -0.0452599 0.005)
(0.408707 -0.0452599 0.005)
(0.429667 -0.0452599 0.005)
(0.450626 -0.0452599 0.005)
(0.471586 -0.0452599 0.005)
(0.492545 -0.0452599 0.005)
(0.513504 -0.0452599 0.005)
(-0.513891 -0.0352066 0.005)
(-0.492916 -0.0352066 0.005)
(-0.471941 -0.0352066 0.005)
(-0.450966 -0.0352066 0.005)
(-0.42999 -0.0352066 0.005)
(-0.409015 -0.0352066 0.005)
(-0.38804 -0.0352066 0.005)
(-0.367065 -0.0352066 0.005)
(-0.34609 -0.0352066 0.005)
(-0.325115 -0.0352066 0.005)
(-0.30414 -0.0352066 0.005)
(-0.283164 -0.0352066 0.005)
(-0.262189 -0.0352066 0.005)
(-0.241214 -0.0352066 0.005)
(-0.220239 -0.0352066 0.005)
(-0.199264 -0.0352066 0.005)
(-0.178289 -0.0352066 0.005)
(-0.157314 -0.0352066 0.005)
(-0.136338 -0.0352066 0.005)
(-0.115363 -0.0352066 0.005)
(-0.0943882 -0.0352066 0.005)
(-0.073413 -0.0352066 0.005)
(-0.0524379 -0.0352066 0.005)
(-0.0314627 -0.0352066 0.005)
(-0.0104876 -0.0352066 0.005)
(0.0104876 -0.0352066 0.005)
(0.0314627 -0.0352066 0.005)
(0.0524379 -0.0352066 0.005)
(0.073413 -0.0352066 0.005)
(0.0943882 -0.0352066 0.005)
(0.115363 -0.0352066 0.005)
(0.136338 -0.0352066 0.005)
(0.157314 -0.0352066 0.005)
(0.178289 -0.0352066 0.005)
(0.199264 -0.0352066 0.005)
(0.220239 -0.0352066 0.005)
(0.241214 -0.0352066 0.005)
(0.262189 -0.0352066 0.005)
(0.283164 -0.0352066 0.005)
(0.30414 -0.0352066 0.005)
(0.325115 -0.0352066 0.005)
(0.34609 -0.0352066 0.005)
(0.367065 -0.0352066 0.005)
(0.38804 -0.0352066 0.005)
(0.409015 -0.0352066 0.005)
(0.42999 -0.0352066 0.005)
(0.450966 -0.0352066 0.005)
(0.471941 -0.0352066 0.005)
(0.492916 -0.0352066 0.005)
(0.513891 -0.0352066 0.005)
(-0.514183 -0.02515 0.005)
(-0.493196 -0.02515 0.005)
(-0.472209 -0.02515 0.005)
(-0.451222 -0.02515 0.005)
(-0.430234 -0.02515 0.005)
(-0.409247 -0.02515 0.005)
(-0.38826 -0.02515 0.005)
(-0.367273 -0.02515 0.005)
(-0.346286 -0.02515 0.005)
(-0.325299 -0.02515 0.005)
(-0.304312 -0.02515 0.005)
(-0.283325 -0.02515 0.005)
(-0.262338 -0.02515 0.005)
(-0.241351 -0.02515 0.005)
(-0.220364 -0.02515 0.005)
(-0.199377 -0.02515 0.005)
(-0.17839 -0.02515 0.005)
(-0.157403 -0.02515 0.005)
(-0.136416 -0.02515 0.005)
(-0.115429 -0.02515 0.005)
(-0.0944417 -0.02515 0.005)
(-0.0734547 -0.02515 0.005)
(-0.0524676 -0.02515 0.005)
(-0.0314806 -0.02515 0.005)
(-0.0104935 -0.02515 0.005)
(0.0104935 -0.02515 0.005)
(0.0314806 -0.02515 0.005)
(0.0524676 -0.02515 0.005)
(0.0734547 -0.02515 0.005)
(0.0944417 -0.02515 0.005)
(0.115429 -0.02515 0.005)
(0.136416 -0.02515 0.005)
(0.157403 -0.02515 0.005)
(0.17839 -0.02515 0.005)
(0.199377 -0.02515 0.005)
(0.220364 -0.02515 0.005)
(0.241351 -0.02515 0.005)
(0.262338 -0.02515 0.005)
(0.283325 -0.02515 0.005)
(0.304312 -0.02515 0.005)
(0.325299 -0.02515 0.005)
(0.346286 -0.02515 0.005)
(0.367273 -0.02515 0.005)
(0.38826 -0.02515 0.005)
(0.409247 -0.02515 0.005)
(0.430234 -0.02515 0.005)
(0.451222 -0.02515 0.005)
(0.472209 -0.02515 0.005)
(0.493196 -0.02515 0.005)
(0.514183 -0.02515 0.005)
(-0.514378 -0.015091 0.005)
(-0.493383 -0.015091 0.005)
(-0.472388 -0.015091 0.005)
(-0.451393 -0.015091 0.005)
(-0.430398 -0.015091 0.005)
(-0.409403 -0.015091 0.005)
(-0.388408 -0.015091 0.005)
(-0.367413 -0.015091 0.005)
(-0.346418 -0.015091 0.005)
(-0.325423 -0.015091 0.005)
(-0.304428 -0.015091 0.005)
(-0.283433 -0.015091 0.005)
(-0.262438 -0.015091 0.005)
(-0.241443 -0.015091 0.005)
(-0.220448 -0.015091 0.005)
(-0.199453 -0.015091 0.005)
(-0.178458 -0.015091 0.005)
(-0.157463 -0.015091 0.005)
(-0.136468 -0.015091 0.005)
(-0.115473 -0.015091 0.005)
(-0.0944775 -0.015091 0.005)
(-0.0734825 -0.015091 0.005)
(-0.0524875 -0.015091 0.005)
(-0.0314925 -0.015091 0.005)
(-0.0104975 -0.015091 0.005)
(0.0104975 -0.015091 0.005)
(0.0314925 -0.015091 0.005)
(0.0524875 -0.015091 0.005)
(0.0734825 -0.015091 0.005)
(0.0944775 -0.015091 0.005)
(0.115473 -0.015091 0.005)
(0.136468 -0.015091 0.005)
(0.157463 -0.015091 0.005)
(0.178458 -0.015091 0.005)
(0.199453 -0.015091 0.005)
(0.220448 -0.015091 0.005)
(0.241443 -0.015091 0.005)
(0.262438 -0.015091 0.005)
(0.283433 -0.015091 0.005)
(0.304428 -0.015091 0.005)
(0.325423 -0.015091 0.005)
(0.346418 -0.015091 0.005)
(0.367413 -0.015091 0.005)
(0.388408 -0.015091 0.005)
(0.409403 -0.015091 0.005)
(0.430398 -0.015091 0.005)
(0.451393 -0.015091 0.005)
(0.472388 -0.015091 0.005)
(0.493383 -0.015091 0.005)
(0.514378 -0.015091 0.005)
(-0.514476 -0.00503049 0.005)
(-0.493477 -0.00503049 0.005)
(-0.472478 -0.00503049 0.005)
(-0.451479 -0.00503049 0.005)
(-0.43048 -0.00503049 0.005)
(-0.409481 -0.00503049 0.005)
(-0.388482 -0.00503049 0.005)
(-0.367483 -0.00503049 0.005)
(-0.346484 -0.00503049 0.005)
(-0.325485 -0.00503049 0.005)
(-0.304486 -0.00503049 0.005)
(-0.283487 -0.00503049 0.005)
(-0.262488 -0.00503049 0.005)
(-0.241489 -0.00503049 0.005)
(-0.22049 -0.00503049 0.005)
(-0.199491 -0.00503049 0.005)
(-0.178492 -0.00503049 0.005)
(-0.157493 -0.00503049 0.005)
(-0.136494 -0.00503049 0.005)
(-0.115495 -0.00503049 0.005)
(-0.0944955 -0.00503049 0.005)
(-0.0734965 -0.00503049 0.005)
(-0.0524975 -0.00503049 0.005)
(-0.0314985 -0.00503049 0.005)
(-0.0104995 -0.00503049 0.005)
(0.0104995 -0.00503049 0.005)
(0.0314985 -0.00503049 0.005)
(0.0524975 -0.00503049 0.005)
(0.0734965 -0.00503049 0.005)
(0.0944955 -0.00503049 0.005)
(0.115495 -0.00503049 0.005)
(0.136494 -0.00503049 0.005)
(0.157493 -0.00503049 0.005)
(0.178492 -0.00503049 0.005)
(0.199491 -0.00503049 0.005)
(0.22049 -0.00503049 0.005)
(0.241489 -0.00503049 0.005)
(0.262488 -0.00503049 0.005)
(0.283487 -0.00503049 0.005)
(0.304486 -0.00503049 0.005)
(0.325485 -0.00503049 0.005)
(0.346484 -0.00503049 0.005)
(0.367483 -0.00503049 0.005)
(0.388482 -0.00503049 0.005)
(0.409481 -0.00503049 0.005)
(0.43048 -0.00503049 0.005)
(0.451479 -0.00503049 0.005)
(0.472478 -0.00503049 0.005)
(0.493477 -0.00503049 0.005)
(0.514476 -0.00503049 0.005)
(-0.514476 0.00503049 0.005)
(-0.493477 0.00503049 0.005)
(-0.472478 0.00503049 0.005)
(-0.451479 0.00503049 0.005)
(-0.43048 0.00503049 0.005)
(-0.409481 0.00503049 0.005)
(-0.388482 0.00503049 0.005)
(-0.367483 0.00503049 0.005)
(-0.346484 0.00503049 0.005)
(-0.325485 0.00503049 0.005)
(-0.304486 0.00503049 0.005)
(-0.283487 0.00503049 0.005)
(-0.262488 0.00503049 0.005)
(-0.241489 0.00503049 0.005)
(-0.22049 0.00503049 0.005)
(-0.199491 0.00503049 0.005)
(-0.178492 0.00503049 0.005)
(-0.157493 0.00503049 0.005)
(-0.136494 0.00503049 0.005)
(-0.115495 0.00503049 0.005)
(-0.0944955 0.00503049 0.005)
(-0.0734965 0.00503049 0.005)
(-0.0524975 0.00503049 0.005)
(-0.0314985 0.00503049 0.005)
(-0.0104995 0.00503049 0.005)
(0.0104995 0.00503049 0.005)
(0.0314985 0.00503049 0.005)
(0.0524975 0.00503049 0.005)
(0.0734965 0.00503049 0.005)
(0.0944955 0.00503049 0.005)
(0.115495 0.00503049 0.005)
(0.136494 0.00503049 0.005)
(0.157493 0.00503049 0.005)
(0.178492 0.00503049 0.005)
(0.199491 0.00503049 0.005)
(0.22049 0.00503049 0.005)
(0.241489 0.00503049 0.005)
(0.262488 0.00503049 0.005)
(0.283487 0.00503049 0.005)
(0.304486 0.00503049 0.005)
(0.325485 0.00503049 0.005)
(0.346484 0.00503049 0.005)
(0.367483 0.00503049 0.005)
(0.388482 0.00503049 0.005)
(0.409481 0.00503049 0.005)
(0.43048 0.00503049 0.005)
(0.451479 0.00503049 0.005)
(0.472478 0.00503049 0.005)
(0.493477 0.00503049 0.005)
(0.514476 0.00503049 0.005)
(-0.514378 0.015091 0.005)
(-0.493383 0.015091 0.005)
(-0.472388 0.015091 0.005)
(-0.451393 0.015091 0.005)
(-0.430398 0.015091 0.005)
(-0.409403 0.015091 0.005)
(-0.388408 0.015091 0.005)
(-0.367413 0.015091 0.005)
(-0.346418 0.015091 0.005)
(-0.325423 0.015091 0.005)
(-0.304428 0.015091 0.005)
(-0.283433 0.015091 0.005)
(-0.262438 0.015091 0.005)
(-0.241443 0.015091 0.005)
(-0.220448 0.015091 0.005)
(-0.199453 0.015091 0.005)
(-0.178458 0.015091 0.005)
(-0.157463 0.015091 0.005)
(-0.136468 0.015091 0.005)
(-0.115473 0.015091 0.005)
(-0.0944775 0.015091 0.005)
(-0.0734825 0.015091 0.005)
(-0.0524875 0.015091 0.005)
(-0.0314925 0.015091 0.005)
(-0.0104975 0.015091 0.005)
(0.0104975 0.015091 0.005)
(0.0314925 0.015091 0.005)
(0.0524875 0.015091 0.005)
(0.0734825 0.015091 0.005)
(0.0944775 0.015091 0.005)
(0.115473 0.015091 0.005)
(0.136468 0.015091 0.005)
(0.157463 0.015091 0.005)
(0.178458 0.015091 0.005)
(0.199453 0.015091 0.005)
(0.220448 0.015091 0.005)
(0.241443 0.015091 0.005)
(0.262438 0.015091 0.005)
(0.283433 0.015091 0.005)
(0.304428 0.015091 0.005)
(0.325423 0.015091 0.005)
(0.346418 0.015091 0.005)
(0.367413 0.015091 0.005)
(0.388408 0.015091 0.005)
(0.409403 0.015091 0.005)
(0.430398 0.015091 0.005)
(0.451393 0.015091 0.005)
(0.472388 0.015091 0.005)
(0.493383 0.015091 0.005)
(0.514378 0.015091 0.005)
(-0.514183 0.02515 0.005)
(-0.493196 0.02515 0.005)
(-0.472209 0.02515 0.005)
(-0.451222 0.02515 0.005)
(-0.430234 0.02515 0.005)
(-0.409247 0.02515 0.005)
(-0.38826 0.02515 0.005)
(-0.367273 0.02515 0.005)
(-0.346286 0.02515 0.005)
(-0.325299 0.02515 0.005)
(-0.304312 0.02515 0.005)
(-0.283325 0.02515 0.005)
(-0.262338 0.02515 0.005)
(-0.241351 0.02515 0.005)
(-0.220364 0.02515 0.005)
(-0.199377 0.02515 0.005)
(-0.17839 0.02515 0.005)
(-0.157403 0.02515 0.005)
(-0.136416 0.02515 0.005)
(-0.115429 0.02515 0.005)
(-0.0944417 0.02515 0.005)
(-0.0734547 0.02515 0.005)
(-0.0524676 0.02515 0.005)
(-0.0314806 0.02515 0.005)
(-0.0104935 0.02515 0.005)
(0.0104935 0.02515 0.005)
(0.0314806 0.02515 0.005)
(0.0524676 0.02515 0.005)
(0.0734547 0.02515 0.005)
(0.0944417 0.02515 0.005)
(0.115429 0.02515 0.005)
(0.136416 0.02515 0.005)
(0.157403 0.02515 0.005)
(0.17839 0.02515 0.005)
(0.199377 0.02515 0.005)
(0.220364 0.02515 0.005)
(0.241351 0.02515 0.005)
(0.262338 0.02515 0.005)
(0.283325 0.02515 0.005)
(0.304312 0.02515 0.005)
(0.325299 0.02515 0.005)
(0.346286 0.02515 0.005)
(0.367273 0.02515 0.005)
(0.38826 0.02515 0.005)
(0.409247 0.02515 0.005)
(0.430234 0.02515 0.005)
(0.451222 0.02515 0.005)
(0.472209 0.02515 0.005)
(0.493196 0.02515 0.005)
(0.514183 0.02515 0.005)
(-0.513891 0.0352066 0.005)
(-0.492916 0.0352066 0.005)
(-0.471941 0.0352066 0.005)
(-0.450966 0.0352066 0.005)
(-0.42999 0.0352066 0.005)
(-0.409015 0.0352066 0.005)
(-0.38804 0.0352066 0.005)
(-0.367065 0.0352066 0.005)
(-0.34609 0.0352066 0.005)
(-0.325115 0.0352066 0.005)
(-0.30414 0.0352066 0.005)
(-0.283164 0.0352066 0.005)
(-0.262189 0.0352066 0.005)
(-0.241214 0.0352066 0.005)
(-0.220239 0.0352066 0.005)
(-0.199264 0.0352066 0.005)
(-0.178289 0.0352066 0.005)
(-0.157314 0.0352066 0.005)
(-0.136338 0.0352066 0.005)
(-0.115363 0.0352066 0.005)
(-0.0943882 0.0352066 0.005)
(-0.073413 0.0352066 0.005)
(-0.0524379 0.0352066 0.005)
(-0.0314627 0.0352066 0.005)
(-0.0104876 0.0352066 0.005)
(0.0104876 0.0352066 0.005)
(0.0314627 0.0352066 0.005)
(0.0524379 0.0352066 0.005)
(0.073413 0.0352066 0.005)
(0.0943882 0.0352066 0.005)
(0.115363 0.0352066 0.005)
(0.136338 0.0352066 0.005)
(0.157314 0.0352066 0.005)
(0.178289 0.0352066 0.005)
(0.199264 0.0352066 0.005)
(0.220239 0.0352066 0.005)
(0.241214 0.0352066 0.005)
(0.262189 0.0352066 0.005)
(0.283164 0.0352066 0.005)
(0.30414 0.0352066 0.005)
(0.325115 0.0352066 0.005)
(0.34609 0.0352066 0.005)
(0.367065 0.0352066 0.005)
(0.38804 0.0352066 0.005)
(0.409015 0.0352066 0.005)
(0.42999 0.0352066 0.005)
(0.450966 0.0352066 0.005)
(0.471941 0.0352066 0.005)
(0.492916 0.0352066 0.005)
(0.513891 0.0352066 0.005)
(-0.513504 0.0452599 0.005)
(-0.492545 0.0452599 0.005)
(-0.471586 0.0452599 0.005)
(-0.450626 0.0452599 0.005)
(-0.429667 0.0452599 0.005)
(-0.408707 0.0452599 0.005)
(-0.387748 0.0452599 0.005)
(-0.366789 0.0452599 0.005)
(-0.345829 0.0452599 0.005)
(-0.32487 0.0452599 0.005)
(-0.303911 0.0452599 0.005)
(-0.282951 0.0452599 0.005)
(-0.261992 0.0452599 0.005)
(-0.241033 0.0452599 0.005)
(-0.220073 0.0452599 0.005)
(-0.199114 0.0452599 0.005)
(-0.178155 0.0452599 0.005)
(-0.157195 0.0452599 0.005)
(-0.136236 0.0452599 0.005)
(-0.115276 0.0452599 0.005)
(-0.0943171 0.0452599 0.005)
(-0.0733578 0.0452599 0.005)
(-0.0523984 0.0452599 0.005)
(-0.031439 0.0452599 0.005)
(-0.0104797 0.0452599 0.005)
(0.0104797 0.0452599 0.005)
(0.031439 0.0452599 0.005)
(0.0523984 0.0452599 0.005)
(0.0733578 0.0452599 0.005)
(0.0943171 0.0452599 0.005)
(0.115276 0.0452599 0.005)
(0.136236 0.0452599 0.005)
(0.157195 0.0452599 0.005)
(0.178155 0.0452599 0.005)
(0.199114 0.0452599 0.005)
(0.220073 0.0452599 0.005)
(0.241033 0.0452599 0.005)
(0.261992 0.0452599 0.005)
(0.282951 0.0452599 0.005)
(0.303911 0.0452599 0.005)
(0.32487 0.0452599 0.005)
(0.345829 0.0452599 0.005)
(0.366789 0.0452599 0.005)
(0.387748 0.0452599 0.005)
(0.408707 0.0452599 0.005)
(0.429667 0.0452599 0.005)
(0.450626 0.0452599 0.005)
(0.471586 0.0452599 0.005)
(0.492545 0.0452599 0.005)
(0.513504 0.0452599 0.005)
(-0.513024 0.055309 0.005)
(-0.492084 0.055309 0.005)
(-0.471144 0.055309 0.005)
(-0.450205 0.055309 0.005)
(-0.429265 0.055309 0.005)
(-0.408325 0.055309 0.005)
(-0.387385 0.055309 0.005)
(-0.366446 0.055309 0.005)
(-0.345506 0.055309 0.005)
(-0.324566 0.055309 0.005)
(-0.303626 0.055309 0.005)
(-0.282687 0.055309 0.005)
(-0.261747 0.055309 0.005)
(-0.240807 0.055309 0.005)
(-0.219867 0.055309 0.005)
(-0.198928 0.055309 0.005)
(-0.177988 0.055309 0.005)
(-0.157048 0.055309 0.005)
(-0.136108 0.055309 0.005)
(-0.115169 0.055309 0.005)
(-0.0942289 0.055309 0.005)
(-0.0732891 0.055309 0.005)
(-0.0523494 0.055309 0.005)
(-0.0314096 0.055309 0.005)
(-0.0104699 0.055309 0.005)
(0.0104699 0.055309 0.005)
(0.0314096 0.055309 0.005)
(0.0523494 0.055309 0.005)
(0.0732891 0.055309 0.005)
(0.0942289 0.055309 0.005)
(0.115169 0.055309 0.005)
(0.136108 0.055309 0.005)
(0.157048 0.055309 0.005)
(0.177988 0.055309 0.005)
(0.198928 0.055309 0.005)
(0.219867 0.055309 0.005)
(0.240807 0.055309 0.005)
(0.261747 0.055309 0.005)
(0.282687 0.055309 0.005)
(0.303626 0.055309 0.005)
(0.324566 0.055309 0.005)
(0.345506 0.055309 0.005)
(0.366446 0.055309 0.005)
(0.387385 0.055309 0.005)
(0.408325 0.055309 0.005)
(0.429265 0.055309 0.005)
(0.450205 0.055309 0.005)
(0.471144 0.055309 0.005)
(0.492084 0.055309 0.005)
(0.513024 0.055309 0.005)
(-0.512452 0.0653531 0.005)
(-0.491536 0.0653531 0.005)
(-0.470619 0.0653531 0.005)
(-0.449703 0.0653531 0.005)
(-0.428786 0.0653531 0.005)
(-0.40787 0.0653531 0.005)
(-0.386954 0.0653531 0.005)
(-0.366037 0.0653531 0.005)
(-0.345121 0.0653531 0.005)
(-0.324204 0.0653531 0.005)
(-0.303288 0.0653531 0.005)
(-0.282372 0.0653531 0.005)
(-0.261455 0.0653531 0.005)
(-0.240539 0.0653531 0.005)
(-0.219622 0.0653531 0.005)
(-0.198706 0.0653531 0.005)
(-0.17779 0.0653531 0.005)
(-0.156873 0.0653531 0.005)
(-0.135957 0.0653531 0.005)
(-0.11504 0.0653531 0.005)
(-0.0941239 0.0653531 0.005)
(-0.0732074 0.0653531 0.005)
(-0.052291 0.0653531 0.005)
(-0.0313746 0.0653531 0.005)
(-0.0104582 0.0653531 0.005)
(0.0104582 0.0653531 0.005)
(0.0313746 0.0653531 0.005)
(0.052291 0.0653531 0.005)
(0.0732074 0.0653531 0.005)
(0.0941239 0.0653531 0.005)
(0.11504 0.0653531 0.005)
(0.135957 0.0653531 0.005)
(0.156873 0.0653531 0.005)
(0.17779 0.0653531 0.005)
(0.198706 0.0653531 0.005)
(0.219622 0.0653531 0.005)
(0.240539 0.0653531 0.005)
(0.261455 0.0653531 0.005)
(0.282372 0.0653531 0.005)
(0.303288 0.0653531 0.005)
(0.324204 0.0653531 0.005)
(0.345121 0.0653531 0.005)
(0.366037 0.0653531 0.005)
(0.386954 0.0653531 0.005)
(0.40787 0.0653531 0.005)
(0.428786 0.0653531 0.005)
(0.449703 0.0653531 0.005)
(0.470619 0.0653531 0.005)
(0.491536 0.0653531 0.005)
(0.512452 0.0653531 0.005)
(-0.511791 0.0753916 0.005)
(-0.490902 0.0753916 0.005)
(-0.470012 0.0753916 0.005)
(-0.449123 0.0753916 0.005)
(-0.428234 0.0753916 0.005)
(-0.407344 0.0753916 0.005)
(-0.386455 0.0753916 0.005)
(-0.365565 0.0753916 0.005)
(-0.344676 0.0753916 0.005)
(-0.323786 0.0753916 0.005)
(-0.302897 0.0753916 0.005)
(-0.282007 0.0753916 0.005)
(-0.261118 0.0753916 0.005)
(-0.240229 0.0753916 0.005)
(-0.219339 0.0753916 0.005)
(-0.19845 0.0753916 0.005)
(-0.17756 0.0753916 0.005)
(-0.156671 0.0753916 0.005)
(-0.135781 0.0753916 0.005)
(-0.114892 0.0753916 0.005)
(-0.0940025 0.0753916 0.005)
(-0.0731131 0.0753916 0.005)
(-0.0522236 0.0753916 0.005)
(-0.0313342 0.0753916 0.005)
(-0.0104447 0.0753916 0.005)
(0.0104447 0.0753916 0.005)
(0.0313342 0.0753916 0.005)
(0.0522236 0.0753916 0.005)
(0.0731131 0.0753916 0.005)
(0.0940025 0.0753916 0.005)
(0.114892 0.0753916 0.005)
(0.135781 0.0753916 0.005)
(0.156671 0.0753916 0.005)
(0.17756 0.0753916 0.005)
(0.19845 0.0753916 0.005)
(0.219339 0.0753916 0.005)
(0.240229 0.0753916 0.005)
(0.261118 0.0753916 0.005)
(0.282007 0.0753916 0.005)
(0.302897 0.0753916 0.005)
(0.323786 0.0753916 0.005)
(0.344676 0.0753916 0.005)
(0.365565 0.0753916 0.005)
(0.386455 0.0753916 0.005)
(0.407344 0.0753916 0.005)
(0.428234 0.0753916 0.005)
(0.449123 0.0753916 0.005)
(0.470012 0.0753916 0.005)
(0.490902 0.0753916 0.005)
(0.511791 0.0753916 0.005)
(-0.511044 0.0854238 0.005)
(-0.490185 0.0854238 0.005)
(-0.469326 0.0854238 0.005)
(-0.448468 0.0854238 0.005)
(-0.427609 0.0854238 0.005)
(-0.40675 0.0854238 0.005)
(-0.385891 0.0854238 0.005)
(-0.365032 0.0854238 0.005)
(-0.344173 0.0854238 0.005)
(-0.323314 0.0854238 0.005)
(-0.302455 0.0854238 0.005)
(-0.281596 0.0854238 0.005)
(-0.260737 0.0854238 0.005)
(-0.239878 0.0854238 0.005)
(-0.219019 0.0854238 0.005)
(-0.19816 0.0854238 0.005)
(-0.177301 0.0854238 0.005)
(-0.156442 0.0854238 0.005)
(-0.135583 0.0854238 0.005)
(-0.114724 0.0854238 0.005)
(-0.0938653 0.0854238 0.005)
(-0.0730063 0.0854238 0.005)
(-0.0521474 0.0854238 0.005)
(-0.0312884 0.0854238 0.005)
(-0.0104295 0.0854238 0.005)
(0.0104295 0.0854238 0.005)
(0.0312884 0.0854238 0.005)
(0.0521474 0.0854238 0.005)
(0.0730063 0.0854238 0.005)
(0.0938653 0.0854238 0.005)
(0.114724 0.0854238 0.005)
(0.135583 0.0854238 0.005)
(0.156442 0.0854238 0.005)
(0.177301 0.0854238 0.005)
(0.19816 0.0854238 0.005)
(0.219019 0.0854238 0.005)
(0.239878 0.0854238 0.005)
(0.260737 0.0854238 0.005)
(0.281596 0.0854238 0.005)
(0.302455 0.0854238 0.005)
(0.323314 0.0854238 0.005)
(0.344173 0.0854238 0.005)
(0.365032 0.0854238 0.005)
(0.385891 0.0854238 0.005)
(0.40675 0.0854238 0.005)
(0.427609 0.0854238 0.005)
(0.448468 0.0854238 0.005)
(0.469326 0.0854238 0.005)
(0.490185 0.0854238 0.005)
(0.511044 0.0854238 0.005)
(-0.510214 0.0954493 0.005)
(-0.489389 0.0954493 0.005)
(-0.468564 0.0954493 0.005)
(-0.447739 0.0954493 0.005)
(-0.426914 0.0954493 0.005)
(-0.406089 0.0954493 0.005)
(-0.385264 0.0954493 0.005)
(-0.364439 0.0954493 0.005)
(-0.343614 0.0954493 0.005)
(-0.322789 0.0954493 0.005)
(-0.301964 0.0954493 0.005)
(-0.281139 0.0954493 0.005)
(-0.260313 0.0954493 0.005)
(-0.239488 0.0954493 0.005)
(-0.218663 0.0954493 0.005)
(-0.197838 0.0954493 0.005)
(-0.177013 0.0954493 0.005)
(-0.156188 0.0954493 0.005)
(-0.135363 0.0954493 0.005)
(-0.114538 0.0954493 0.005)
(-0.0937129 0.0954493 0.005)
(-0.0728878 0.0954493 0.005)
(-0.0520627 0.0954493 0.005)
(-0.0312376 0.0954493 0.005)
(-0.0104125 0.0954493 0.005)
(0.0104125 0.0954493 0.005)
(0.0312376 0.0954493 0.005)
(0.0520627 0.0954493 0.005)
(0.0728878 0.0954493 0.005)
(0.0937129 0.0954493 0.005)
(0.114538 0.0954493 0.005)
(0.135363 0.0954493 0.005)
(0.156188 0.0954493 0.005)
(0.177013 0.0954493 0.005)
(0.197838 0.0954493 0.005)
(0.218663 0.0954493 0.005)
(0.239488 0.0954493 0.005)
(0.260313 0.0954493 0.005)
(0.281139 0.0954493 0.005)
(0.301964 0.0954493 0.005)
(0.322789 0.0954493 0.005)
(0.343614 0.0954493 0.005)
(0.364439 0.0954493 0.005)
(0.385264 0.0954493 0.005)
(0.406089 0.0954493 0.005)
(0.426914 0.0954493 0.005)
(0.447739 0.0954493 0.005)
(0.468564 0.0954493 0.005)
(0.489389 0.0954493 0.005)
(0.510214 0.0954493 0.005)
(-0.509305 0.105468 0.005)
(-0.488517 0.105468 0.005)
(-0.467729 0.105468 0.005)
(-0.446941 0.105468 0.005)
(-0.426153 0.105468 0.005)
(-0.405365 0.105468 0.005)
(-0.384577 0.105468 0.005)
(-0.363789 0.105468 0.005)
(-0.343001 0.105468 0.005)
(-0.322213 0.105468 0.005)
(-0.301425 0.105468 0.005)
(-0.280637 0.105468 0.005)
(-0.259849 0.105468 0.005)
(-0.239062 0.105468 0.005)
(-0.218274 0.105468 0.005)
(-0.197486 0.105468 0.005)
(-0.176698 0.105468 0.005)
(-0.15591 0.105468 0.005)
(-0.135122 0.105468 0.005)
(-0.114334 0.105468 0.005)
(-0.0935458 0.105468 0.005)
(-0.0727579 0.105468 0.005)
(-0.0519699 0.105468 0.005)
(-0.0311819 0.105468 0.005)
(-0.010394 0.105468 0.005)
(0.010394 0.105468 0.005)
(0.0311819 0.105468 0.005)
(0.0519699 0.105468 0.005)
(0.0727579 0.105468 0.005)
(0.0935458 0.105468 0.005)
(0.114334 0.105468 0.005)
(0.135122 0.105468 0.005)
(0.15591 0.105468 0.005)
(0.176698 0.105468 0.005)
(0.197486 0.105468 0.005)
(0.218274 0.105468 0.005)
(0.239062 0.105468 0.005)
(0.259849 0.105468 0.005)
(0.280637 0.105468 0.005)
(0.301425 0.105468 0.005)
(0.322213 0.105468 0.005)
(0.343001 0.105468 0.005)
(0.363789 0.105468 0.005)
(0.384577 0.105468 0.005)
(0.405365 0.105468 0.005)
(0.426153 0.105468 0.005)
(0.446941 0.105468 0.005)
(0.467729 0.105468 0.005)
(0.488517 0.105468 0.005)
(0.509305 0.105468 0.005)
(-0.50832 0.115478 0.005)
(-0.487572 0.115478 0.005)
(-0.466824 0.115478 0.005)
(-0.446077 0.115478 0.005)
(-0.425329 0.115478 0.005)
(-0.404581 0.115478 0.005)
(-0.383833 0.115478 0.005)
(-0.363086 0.115478 0.005)
(-0.342338 0.115478 0.005)
(-0.32159 0.115478 0.005)
(-0.300842 0.115478 0.005)
(-0.280095 0.115478 0.005)
(-0.259347 0.115478 0.005)
(-0.238599 0.115478 0.005)
(-0.217851 0.115478 0.005)
(-0.197104 0.115478 0.005)
(-0.176356 0.115478 0.005)
(-0.155608 0.115478 0.005)
(-0.13486 0.115478 0.005)
(-0.114113 0.115478 0.005)
(-0.0933649 0.115478 0.005)
(-0.0726171 0.115478 0.005)
(-0.0518694 0.115478 0.005)
(-0.0311216 0.115478 0.005)
(-0.0103739 0.115478 0.005)
(0.0103739 0.115478 0.005)
(0.0311216 0.115478 0.005)
(0.0518694 0.115478 0.005)
(0.0726171 0.115478 0.005)
(0.0933649 0.115478 0.005)
(0.114113 0.115478 0.005)
(0.13486 0.115478 0.005)
(0.155608 0.115478 0.005)
(0.176356 0.115478 0.005)
(0.197104 0.115478 0.005)
(0.217851 0.115478 0.005)
(0.238599 0.115478 0.005)
(0.259347 0.115478 0.005)
(0.280095 0.115478 0.005)
(0.300842 0.115478 0.005)
(0.32159 0.115478 0.005)
(0.342338 0.115478 0.005)
(0.363086 0.115478 0.005)
(0.383833 0.115478 0.005)
(0.404581 0.115478 0.005)
(0.425329 0.115478 0.005)
(0.446077 0.115478 0.005)
(0.466824 0.115478 0.005)
(0.487572 0.115478 0.005)
(0.50832 0.115478 0.005)
(-0.507263 0.125482 0.005)
(-0.486558 0.125482 0.005)
(-0.465854 0.125482 0.005)
(-0.445149 0.125482 0.005)
(-0.424445 0.125482 0.005)
(-0.40374 0.125482 0.005)
(-0.383035 0.125482 0.005)
(-0.362331 0.125482 0.005)
(-0.341626 0.125482 0.005)
(-0.320921 0.125482 0.005)
(-0.300217 0.125482 0.005)
(-0.279512 0.125482 0.005)
(-0.258808 0.125482 0.005)
(-0.238103 0.125482 0.005)
(-0.217398 0.125482 0.005)
(-0.196694 0.125482 0.005)
(-0.175989 0.125482 0.005)
(-0.155285 0.125482 0.005)
(-0.13458 0.125482 0.005)
(-0.113875 0.125482 0.005)
(-0.0931708 0.125482 0.005)
(-0.0724661 0.125482 0.005)
(-0.0517615 0.125482 0.005)
(-0.0310569 0.125482 0.005)
(-0.0103523 0.125482 0.005)
(0.0103523 0.125482 0.005)
(0.0310569 0.125482 0.005)
(0.0517615 0.125482 0.005)
(0.0724661 0.125482 0.005)
(0.0931708 0.125482 0.005)
(0.113875 0.125482 0.005)
(0.13458 0.125482 0.005)
(0.155285 0.125482 0.005)
(0.175989 0.125482 0.005)
(0.196694 0.125482 0.005)
(0.217398 0.125482 0.005)
(0.238103 0.125482 0.005)
(0.258808 0.125482 0.005)
(0.279512 0.125482 0.005)
(0.300217 0.125482 0.005)
(0.320921 0.125482 0.005)
(0.341626 0.125482 0.005)
(0.362331 0.125482 0.005)
(0.383035 0.125482 0.005)
(0.40374 0.125482 0.005)
(0.424445 0.125482 0.005)
(0.445149 0.125482 0.005)
(0.465854 0.125482 0.005)
(0.486558 0.125482 0.005)
(0.507263 0.125482 0.005)
(-0.506139 0.135477 0.005)
(-0.48548 0.135477 0.005)
(-0.464821 0.135477 0.005)
(-0.444163 0.135477 0.005)
(-0.423504 0.135477 0.005)
(-0.402845 0.135477 0.005)
(-0.382187 0.135477 0.005)
(-0.361528 0.135477 0.005)
(-0.340869 0.135477 0.005)
(-0.32021 0.135477 0.005)
(-0.299552 0.135477 0.005)
(-0.278893 0.135477 0.005)
(-0.258234 0.135477 0.005)
(-0.237575 0.135477 0.005)
(-0.216917 0.135477 0.005)
(-0.196258 0.135477 0.005)
(-0.175599 0.135477 0.005)
(-0.15494 0.135477 0.005)
(-0.134282 0.135477 0.005)
(-0.113623 0.135477 0.005)
(-0.0929643 0.135477 0.005)
(-0.0723056 0.135477 0.005)
(-0.0516468 0.135477 0.005)
(-0.0309881 0.135477 0.005)
(-0.0103294 0.135477 0.005)
(0.0103294 0.135477 0.005)
(0.0309881 0.135477 0.005)
(0.0516468 0.135477 0.005)
(0.0723056 0.135477 0.005)
(0.0929643 0.135477 0.005)
(0.113623 0.135477 0.005)
(0.134282 0.135477 0.005)
(0.15494 0.135477 0.005)
(0.175599 0.135477 0.005)
(0.196258 0.135477 0.005)
(0.216917 0.135477 0.005)
(0.237575 0.135477 0.005)
(0.258234 0.135477 0.005)
(0.278893 0.135477 0.005)
(0.299552 0.135477 0.005)
(0.32021 0.135477 0.005)
(0.340869 0.135477 0.005)
(0.361528 0.135477 0.005)
(0.382187 0.135477 0.005)
(0.402845 0.135477 0.005)
(0.423504 0.135477 0.005)
(0.444163 0.135477 0.005)
(0.464821 0.135477 0.005)
(0.48548 0.135477 0.005)
(0.506139 0.135477 0.005)
(-0.504952 0.145466 0.005)
(-0.484342 0.145466 0.005)
(-0.463732 0.145466 0.005)
(-0.443121 0.145466 0.005)
(-0.422511 0.145466 0.005)
(-0.401901 0.145466 0.005)
(-0.38129 0.145466 0.005)
(-0.36068 0.145466 0.005)
(-0.34007 0.145466 0.005)
(-0.319459 0.145466 0.005)
(-0.298849 0.145466 0.005)
(-0.278239 0.145466 0.005)
(-0.257629 0.145466 0.005)
(-0.237018 0.145466 0.005)
(-0.216408 0.145466 0.005)
(-0.195798 0.145466 0.005)
(-0.175187 0.145466 0.005)
(-0.154577 0.145466 0.005)
(-0.133967 0.145466 0.005)
(-0.113357 0.145466 0.005)
(-0.0927463 0.145466 0.005)
(-0.072136 0.145466 0.005)
(-0.0515257 0.145466 0.005)
(-0.0309154 0.145466 0.005)
(-0.0103051 0.145466 0.005)
(0.0103051 0.145466 0.005)
(0.0309154 0.145466 0.005)
(0.0515257 0.145466 0.005)
(0.072136 0.145466 0.005)
(0.0927463 0.145466 0.005)
(0.113357 0.145466 0.005)
(0.133967 0.145466 0.005)
(0.154577 0.145466 0.005)
(0.175187 0.145466 0.005)
(0.195798 0.145466 0.005)
(0.216408 0.145466 0.005)
(0.237018 0.145466 0.005)
(0.257629 0.145466 0.005)
(0.278239 0.145466 0.005)
(0.298849 0.145466 0.005)
(0.319459 0.145466 0.005)
(0.34007 0.145466 0.005)
(0.36068 0.145466 0.005)
(0.38129 0.145466 0.005)
(0.401901 0.145466 0.005)
(0.422511 0.145466 0.005)
(0.443121 0.145466 0.005)
(0.463732 0.145466 0.005)
(0.484342 0.145466 0.005)
(0.504952 0.145466 0.005)
(-0.503707 0.155446 0.005)
(-0.483148 0.155446 0.005)
(-0.462588 0.155446 0.005)
(-0.442029 0.155446 0.005)
(-0.421469 0.155446 0.005)
(-0.40091 0.155446 0.005)
(-0.38035 0.155446 0.005)
(-0.359791 0.155446 0.005)
(-0.339231 0.155446 0.005)
(-0.318672 0.155446 0.005)
(-0.298113 0.155446 0.005)
(-0.277553 0.155446 0.005)
(-0.256994 0.155446 0.005)
(-0.236434 0.155446 0.005)
(-0.215875 0.155446 0.005)
(-0.195315 0.155446 0.005)
(-0.174756 0.155446 0.005)
(-0.154196 0.155446 0.005)
(-0.133637 0.155446 0.005)
(-0.113077 0.155446 0.005)
(-0.0925177 0.155446 0.005)
(-0.0719582 0.155446 0.005)
(-0.0513987 0.155446 0.005)
(-0.0308392 0.155446 0.005)
(-0.0102797 0.155446 0.005)
(0.0102797 0.155446 0.005)
(0.0308392 0.155446 0.005)
(0.0513987 0.155446 0.005)
(0.0719582 0.155446 0.005)
(0.0925177 0.155446 0.005)
(0.113077 0.155446 0.005)
(0.133637 0.155446 0.005)
(0.154196 0.155446 0.005)
(0.174756 0.155446 0.005)
(0.195315 0.155446 0.005)
(0.215875 0.155446 0.005)
(0.236434 0.155446 0.005)
(0.256994 0.155446 0.005)
(0.277553 0.155446 0.005)
(0.298113 0.155446 0.005)
(0.318672 0.155446 0.005)
(0.339231 0.155446 0.005)
(0.359791 0.155446 0.005)
(0.38035 0.155446 0.005)
(0.40091 0.155446 0.005)
(0.421469 0.155446 0.005)
(0.442029 0.155446 0.005)
(0.462588 0.155446 0.005)
(0.483148 0.155446 0.005)
(0.503707 0.155446 0.005)
(-0.50241 0.16542 0.005)
(-0.481903 0.16542 0.005)
(-0.461397 0.16542 0.005)
(-0.44089 0.16542 0.005)
(-0.420384 0.16542 0.005)
(-0.399877 0.16542 0.005)
(-0.379371 0.16542 0.005)
(-0.358864 0.16542 0.005)
(-0.338358 0.16542 0.005)
(-0.317851 0.16542 0.005)
(-0.297344 0.16542 0.005)
(-0.276838 0.16542 0.005)
(-0.256331 0.16542 0.005)
(-0.235825 0.16542 0.005)
(-0.215318 0.16542 0.005)
(-0.194812 0.16542 0.005)
(-0.174305 0.16542 0.005)
(-0.153799 0.16542 0.005)
(-0.133292 0.16542 0.005)
(-0.112786 0.16542 0.005)
(-0.0922793 0.16542 0.005)
(-0.0717728 0.16542 0.005)
(-0.0512663 0.16542 0.005)
(-0.0307598 0.16542 0.005)
(-0.0102533 0.16542 0.005)
(0.0102533 0.16542 0.005)
(0.0307598 0.16542 0.005)
(0.0512663 0.16542 0.005)
(0.0717728 0.16542 0.005)
(0.0922793 0.16542 0.005)
(0.112786 0.16542 0.005)
(0.133292 0.16542 0.005)
(0.153799 0.16542 0.005)
(0.174305 0.16542 0.005)
(0.194812 0.16542 0.005)
(0.215318 0.16542 0.005)
(0.235825 0.16542 0.005)
(0.256331 0.16542 0.005)
(0.276838 0.16542 0.005)
(0.297344 0.16542 0.005)
(0.317851 0.16542 0.005)
(0.338358 0.16542 0.005)
(0.358864 0.16542 0.005)
(0.379371 0.16542 0.005)
(0.399877 0.16542 0.005)
(0.420384 0.16542 0.005)
(0.44089 0.16542 0.005)
(0.461397 0.16542 0.005)
(0.481903 0.16542 0.005)
(0.50241 0.16542 0.005)
(-0.501064 0.175387 0.005)
(-0.480613 0.175387 0.005)
(-0.460161 0.175387 0.005)
(-0.439709 0.175387 0.005)
(-0.419258 0.175387 0.005)
(-0.398806 0.175387 0.005)
(-0.378355 0.175387 0.005)
(-0.357903 0.175387 0.005)
(-0.337451 0.175387 0.005)
(-0.317 0.175387 0.005)
(-0.296548 0.175387 0.005)
(-0.276097 0.175387 0.005)
(-0.255645 0.175387 0.005)
(-0.235193 0.175387 0.005)
(-0.214742 0.175387 0.005)
(-0.19429 0.175387 0.005)
(-0.173839 0.175387 0.005)
(-0.153387 0.175387 0.005)
(-0.132935 0.175387 0.005)
(-0.112484 0.175387 0.005)
(-0.0920322 0.175387 0.005)
(-0.0715806 0.175387 0.005)
(-0.051129 0.175387 0.005)
(-0.0306774 0.175387 0.005)
(-0.0102258 0.175387 0.005)
(0.0102258 0.175387 0.005)
(0.0306774 0.175387 0.005)
(0.051129 0.175387 0.005)
(0.0715806 0.175387 0.005)
(0.0920322 0.175387 0.005)
(0.112484 0.175387 0.005)
(0.132935 0.175387 0.005)
(0.153387 0.175387 0.005)
(0.173839 0.175387 0.005)
(0.19429 0.175387 0.005)
(0.214742 0.175387 0.005)
(0.235193 0.175387 0.005)
(0.255645 0.175387 0.005)
(0.276097 0.175387 0.005)
(0.296548 0.175387 0.005)
(0.317 0.175387 0.005)
(0.337451 0.175387 0.005)
(0.357903 0.175387 0.005)
(0.378355 0.175387 0.005)
(0.398806 0.175387 0.005)
(0.419258 0.175387 0.005)
(0.439709 0.175387 0.005)
(0.460161 0.175387 0.005)
(0.480613 0.175387 0.005)
(0.501064 0.175387 0.005)
(-0.499676 0.185348 0.005)
(-0.479281 0.185348 0.005)
(-0.458886 0.185348 0.005)
(-0.438491 0.185348 0.005)
(-0.418096 0.185348 0.005)
(-0.397701 0.185348 0.005)
(-0.377306 0.185348 0.005)
(-0.356911 0.185348 0.005)
(-0.336517 0.185348 0.005)
(-0.316122 0.185348 0.005)
(-0.295727 0.185348 0.005)
(-0.275332 0.185348 0.005)
(-0.254937 0.185348 0.005)
(-0.234542 0.185348 0.005)
(-0.214147 0.185348 0.005)
(-0.193752 0.185348 0.005)
(-0.173357 0.185348 0.005)
(-0.152962 0.185348 0.005)
(-0.132567 0.185348 0.005)
(-0.112172 0.185348 0.005)
(-0.0917772 0.185348 0.005)
(-0.0713823 0.185348 0.005)
(-0.0509874 0.185348 0.005)
(-0.0305924 0.185348 0.005)
(-0.0101975 0.185348 0.005)
(0.0101975 0.185348 0.005)
(0.0305924 0.185348 0.005)
(0.0509874 0.185348 0.005)
(0.0713823 0.185348 0.005)
(0.0917772 0.185348 0.005)
(0.112172 0.185348 0.005)
(0.132567 0.185348 0.005)
(0.152962 0.185348 0.005)
(0.173357 0.185348 0.005)
(0.193752 0.185348 0.005)
(0.214147 0.185348 0.005)
(0.234542 0.185348 0.005)
(0.254937 0.185348 0.005)
(0.275332 0.185348 0.005)
(0.295727 0.185348 0.005)
(0.316122 0.185348 0.005)
(0.336517 0.185348 0.005)
(0.356911 0.185348 0.005)
(0.377306 0.185348 0.005)
(0.397701 0.185348 0.005)
(0.418096 0.185348 0.005)
(0.438491 0.185348 0.005)
(0.458886 0.185348 0.005)
(0.479281 0.185348 0.005)
(0.499676 0.185348 0.005)
(-0.498251 0.195304 0.005)
(-0.477914 0.195304 0.005)
(-0.457577 0.195304 0.005)
(-0.437241 0.195304 0.005)
(-0.416904 0.195304 0.005)
(-0.396567 0.195304 0.005)
(-0.37623 0.195304 0.005)
(-0.355894 0.195304 0.005)
(-0.335557 0.195304 0.005)
(-0.31522 0.195304 0.005)
(-0.294883 0.195304 0.005)
(-0.274546 0.195304 0.005)
(-0.25421 0.195304 0.005)
(-0.233873 0.195304 0.005)
(-0.213536 0.195304 0.005)
(-0.193199 0.195304 0.005)
(-0.172863 0.195304 0.005)
(-0.152526 0.195304 0.005)
(-0.132189 0.195304 0.005)
(-0.111852 0.195304 0.005)
(-0.0915155 0.195304 0.005)
(-0.0711787 0.195304 0.005)
(-0.0508419 0.195304 0.005)
(-0.0305052 0.195304 0.005)
(-0.0101684 0.195304 0.005)
(0.0101684 0.195304 0.005)
(0.0305052 0.195304 0.005)
(0.0508419 0.195304 0.005)
(0.0711787 0.195304 0.005)
(0.0915155 0.195304 0.005)
(0.111852 0.195304 0.005)
(0.132189 0.195304 0.005)
(0.152526 0.195304 0.005)
(0.172863 0.195304 0.005)
(0.193199 0.195304 0.005)
(0.213536 0.195304 0.005)
(0.233873 0.195304 0.005)
(0.25421 0.195304 0.005)
(0.274546 0.195304 0.005)
(0.294883 0.195304 0.005)
(0.31522 0.195304 0.005)
(0.335557 0.195304 0.005)
(0.355894 0.195304 0.005)
(0.37623 0.195304 0.005)
(0.396567 0.195304 0.005)
(0.416904 0.195304 0.005)
(0.437241 0.195304 0.005)
(0.457577 0.195304 0.005)
(0.477914 0.195304 0.005)
(0.498251 0.195304 0.005)
(-0.496794 0.205255 0.005)
(-0.476517 0.205255 0.005)
(-0.45624 0.205255 0.005)
(-0.435962 0.205255 0.005)
(-0.415685 0.205255 0.005)
(-0.395408 0.205255 0.005)
(-0.37513 0.205255 0.005)
(-0.354853 0.205255 0.005)
(-0.334576 0.205255 0.005)
(-0.314298 0.205255 0.005)
(-0.294021 0.205255 0.005)
(-0.273744 0.205255 0.005)
(-0.253466 0.205255 0.005)
(-0.233189 0.205255 0.005)
(-0.212912 0.205255 0.005)
(-0.192634 0.205255 0.005)
(-0.172357 0.205255 0.005)
(-0.15208 0.205255 0.005)
(-0.131803 0.205255 0.005)
(-0.111525 0.205255 0.005)
(-0.0912479 0.205255 0.005)
(-0.0709706 0.205255 0.005)
(-0.0506933 0.205255 0.005)
(-0.030416 0.205255 0.005)
(-0.0101387 0.205255 0.005)
(0.0101387 0.205255 0.005)
(0.030416 0.205255 0.005)
(0.0506933 0.205255 0.005)
(0.0709706 0.205255 0.005)
(0.0912479 0.205255 0.005)
(0.111525 0.205255 0.005)
(0.131803 0.205255 0.005)
(0.15208 0.205255 0.005)
(0.172357 0.205255 0.005)
(0.192634 0.205255 0.005)
(0.212912 0.205255 0.005)
(0.233189 0.205255 0.005)
(0.253466 0.205255 0.005)
(0.273744 0.205255 0.005)
(0.294021 0.205255 0.005)
(0.314298 0.205255 0.005)
(0.334576 0.205255 0.005)
(0.354853 0.205255 0.005)
(0.37513 0.205255 0.005)
(0.395408 0.205255 0.005)
(0.415685 0.205255 0.005)
(0.435962 0.205255 0.005)
(0.45624 0.205255 0.005)
(0.476517 0.205255 0.005)
(0.496794 0.205255 0.005)
(-0.495312 0.215202 0.005)
(-0.475095 0.215202 0.005)
(-0.454878 0.215202 0.005)
(-0.434661 0.215202 0.005)
(-0.414444 0.215202 0.005)
(-0.394228 0.215202 0.005)
(-0.374011 0.215202 0.005)
(-0.353794 0.215202 0.005)
(-0.333577 0.215202 0.005)
(-0.31336 0.215202 0.005)
(-0.293144 0.215202 0.005)
(-0.272927 0.215202 0.005)
(-0.25271 0.215202 0.005)
(-0.232493 0.215202 0.005)
(-0.212276 0.215202 0.005)
(-0.19206 0.215202 0.005)
(-0.171843 0.215202 0.005)
(-0.151626 0.215202 0.005)
(-0.131409 0.215202 0.005)
(-0.111192 0.215202 0.005)
(-0.0909756 0.215202 0.005)
(-0.0707588 0.215202 0.005)
(-0.050542 0.215202 0.005)
(-0.0303252 0.215202 0.005)
(-0.0101084 0.215202 0.005)
(0.0101084 0.215202 0.005)
(0.0303252 0.215202 0.005)
(0.050542 0.215202 0.005)
(0.0707588 0.215202 0.005)
(0.0909756 0.215202 0.005)
(0.111192 0.215202 0.005)
(0.131409 0.215202 0.005)
(0.151626 0.215202 0.005)
(0.171843 0.215202 0.005)
(0.19206 0.215202 0.005)
(0.212276 0.215202 0.005)
(0.232493 0.215202 0.005)
(0.25271 0.215202 0.005)
(0.272927 0.215202 0.005)
(0.293144 0.215202 0.005)
(0.31336 0.215202 0.005)
(0.333577 0.215202 0.005)
(0.353794 0.215202 0.005)
(0.374011 0.215202 0.005)
(0.394228 0.215202 0.005)
(0.414444 0.215202 0.005)
(0.434661 0.215202 0.005)
(0.454878 0.215202 0.005)
(0.475095 0.215202 0.005)
(0.495312 0.215202 0.005)
(-0.493809 0.225146 0.005)
(-0.473653 0.225146 0.005)
(-0.453498 0.225146 0.005)
(-0.433342 0.225146 0.005)
(-0.413187 0.225146 0.005)
(-0.393031 0.225146 0.005)
(-0.372876 0.225146 0.005)
(-0.35272 0.225146 0.005)
(-0.332565 0.225146 0.005)
(-0.31241 0.225146 0.005)
(-0.292254 0.225146 0.005)
(-0.272099 0.225146 0.005)
(-0.251943 0.225146 0.005)
(-0.231788 0.225146 0.005)
(-0.211632 0.225146 0.005)
(-0.191477 0.225146 0.005)
(-0.171321 0.225146 0.005)
(-0.151166 0.225146 0.005)
(-0.13101 0.225146 0.005)
(-0.110855 0.225146 0.005)
(-0.0906995 0.225146 0.005)
(-0.0705441 0.225146 0.005)
(-0.0503886 0.225146 0.005)
(-0.0302332 0.225146 0.005)
(-0.0100777 0.225146 0.005)
(0.0100777 0.225146 0.005)
(0.0302332 0.225146 0.005)
(0.0503886 0.225146 0.005)
(0.0705441 0.225146 0.005)
(0.0906995 0.225146 0.005)
(0.110855 0.225146 0.005)
(0.13101 0.225146 0.005)
(0.151166 0.225146 0.005)
(0.171321 0.225146 0.005)
(0.191477 0.225146 0.005)
(0.211632 0.225146 0.005)
(0.231788 0.225146 0.005)
(0.251943 0.225146 0.005)
(0.272099 0.225146 0.005)
(0.292254 0.225146 0.005)
(0.31241 0.225146 0.005)
(0.332565 0.225146 0.005)
(0.35272 0.225146 0.005)
(0.372876 0.225146 0.005)
(0.393031 0.225146 0.005)
(0.413187 0.225146 0.005)
(0.433342 0.225146 0.005)
(0.453498 0.225146 0.005)
(0.473653 0.225146 0.005)
(0.493809 0.225146 0.005)
(-0.492291 0.235087 0.005)
(-0.472198 0.235087 0.005)
(-0.452104 0.235087 0.005)
(-0.432011 0.235087 0.005)
(-0.411917 0.235087 0.005)
(-0.391824 0.235087 0.005)
(-0.37173 0.235087 0.005)
(-0.351637 0.235087 0.005)
(-0.331543 0.235087 0.005)
(-0.311449 0.235087 0.005)
(-0.291356 0.235087 0.005)
(-0.271262 0.235087 0.005)
(-0.251169 0.235087 0.005)
(-0.231075 0.235087 0.005)
(-0.210982 0.235087 0.005)
(-0.190888 0.235087 0.005)
(-0.170795 0.235087 0.005)
(-0.150701 0.235087 0.005)
(-0.130608 0.235087 0.005)
(-0.110514 0.235087 0.005)
(-0.0904208 0.235087 0.005)
(-0.0703273 0.235087 0.005)
(-0.0502338 0.235087 0.005)
(-0.0301403 0.235087 0.005)
(-0.0100468 0.235087 0.005)
(0.0100468 0.235087 0.005)
(0.0301403 0.235087 0.005)
(0.0502338 0.235087 0.005)
(0.0703273 0.235087 0.005)
(0.0904208 0.235087 0.005)
(0.110514 0.235087 0.005)
(0.130608 0.235087 0.005)
(0.150701 0.235087 0.005)
(0.170795 0.235087 0.005)
(0.190888 0.235087 0.005)
(0.210982 0.235087 0.005)
(0.231075 0.235087 0.005)
(0.251169 0.235087 0.005)
(0.271262 0.235087 0.005)
(0.291356 0.235087 0.005)
(0.311449 0.235087 0.005)
(0.331543 0.235087 0.005)
(0.351637 0.235087 0.005)
(0.37173 0.235087 0.005)
(0.391824 0.235087 0.005)
(0.411917 0.235087 0.005)
(0.432011 0.235087 0.005)
(0.452104 0.235087 0.005)
(0.472198 0.235087 0.005)
(0.492291 0.235087 0.005)
(-0.490765 0.245028 0.005)
(-0.470734 0.245028 0.005)
(-0.450702 0.245028 0.005)
(-0.430671 0.245028 0.005)
(-0.41064 0.245028 0.005)
(-0.390609 0.245028 0.005)
(-0.370578 0.245028 0.005)
(-0.350546 0.245028 0.005)
(-0.330515 0.245028 0.005)
(-0.310484 0.245028 0.005)
(-0.290453 0.245028 0.005)
(-0.270421 0.245028 0.005)
(-0.25039 0.245028 0.005)
(-0.230359 0.245028 0.005)
(-0.210328 0.245028 0.005)
(-0.190297 0.245028 0.005)
(-0.170265 0.245028 0.005)
(-0.150234 0.245028 0.005)
(-0.130203 0.245028 0.005)
(-0.110172 0.245028 0.005)
(-0.0901405 0.245028 0.005)
(-0.0701093 0.245028 0.005)
(-0.0500781 0.245028 0.005)
(-0.0300468 0.245028 0.005)
(-0.0100156 0.245028 0.005)
(0.0100156 0.245028 0.005)
(0.0300468 0.245028 0.005)
(0.0500781 0.245028 0.005)
(0.0701093 0.245028 0.005)
(0.0901405 0.245028 0.005)
(0.110172 0.245028 0.005)
(0.130203 0.245028 0.005)
(0.150234 0.245028 0.005)
(0.170265 0.245028 0.005)
(0.190297 0.245028 0.005)
(0.210328 0.245028 0.005)
(0.230359 0.245028 0.005)
(0.25039 0.245028 0.005)
(0.270421 0.245028 0.005)
(0.290453 0.245028 0.005)
(0.310484 0.245028 0.005)
(0.330515 0.245028 0.005)
(0.350546 0.245028 0.005)
(0.370578 0.245028 0.005)
(0.390609 0.245028 0.005)
(0.41064 0.245028 0.005)
(0.430671 0.245028 0.005)
(0.450702 0.245028 0.005)
(0.470734 0.245028 0.005)
(0.490765 0.245028 0.005)
)
;

boundaryField
{
    left
    {
        type            calculated;
        value           nonuniform List<vector> 
50
(
(-0.50078 -0.24503 0.005)
(-0.502337 -0.23509 0.005)
(-0.503886 -0.225148 0.005)
(-0.50542 -0.215205 0.005)
(-0.506932 -0.205258 0.005)
(-0.508419 -0.195307 0.005)
(-0.509873 -0.185351 0.005)
(-0.51129 -0.17539 0.005)
(-0.512663 -0.165422 0.005)
(-0.513987 -0.155448 0.005)
(-0.515257 -0.145468 0.005)
(-0.516468 -0.135479 0.005)
(-0.517615 -0.125483 0.005)
(-0.518694 -0.11548 0.005)
(-0.519699 -0.105469 0.005)
(-0.520627 -0.0954507 0.005)
(-0.521474 -0.0854251 0.005)
(-0.522236 -0.0753928 0.005)
(-0.52291 -0.0653541 0.005)
(-0.523494 -0.0553098 0.005)
(-0.523984 -0.0452606 0.005)
(-0.524379 -0.0352072 0.005)
(-0.524676 -0.0251504 0.005)
(-0.524875 -0.0150912 0.005)
(-0.524975 -0.00503057 0.005)
(-0.524975 0.00503057 0.005)
(-0.524875 0.0150912 0.005)
(-0.524676 0.0251504 0.005)
(-0.524379 0.0352072 0.005)
(-0.523984 0.0452606 0.005)
(-0.523494 0.0553098 0.005)
(-0.52291 0.0653541 0.005)
(-0.522236 0.0753928 0.005)
(-0.521474 0.0854251 0.005)
(-0.520627 0.0954507 0.005)
(-0.519699 0.105469 0.005)
(-0.518694 0.11548 0.005)
(-0.517615 0.125483 0.005)
(-0.516468 0.135479 0.005)
(-0.515257 0.145468 0.005)
(-0.513987 0.155448 0.005)
(-0.512663 0.165422 0.005)
(-0.51129 0.17539 0.005)
(-0.509873 0.185351 0.005)
(-0.508419 0.195307 0.005)
(-0.506932 0.205258 0.005)
(-0.50542 0.215205 0.005)
(-0.503886 0.225148 0.005)
(-0.502337 0.23509 0.005)
(-0.50078 0.24503 0.005)
)
;
    }
    right
    {
        type            calculated;
        value           nonuniform List<vector> 
50
(
(0.50078 -0.24503 0.005)
(0.502337 -0.23509 0.005)
(0.503886 -0.225148 0.005)
(0.50542 -0.215205 0.005)
(0.506932 -0.205258 0.005)
(0.508419 -0.195307 0.005)
(0.509873 -0.185351 0.005)
(0.51129 -0.17539 0.005)
(0.512663 -0.165422 0.005)
(0.513987 -0.155448 0.005)
(0.515257 -0.145468 0.005)
(0.516468 -0.135479 0.005)
(0.517615 -0.125483 0.005)
(0.518694 -0.11548 0.005)
(0.519699 -0.105469 0.005)
(0.520627 -0.0954507 0.005)
(0.521474 -0.0854251 0.005)
(0.522236 -0.0753928 0.005)
(0.52291 -0.0653541 0.005)
(0.523494 -0.0553098 0.005)
(0.523984 -0.0452606 0.005)
(0.524379 -0.0352072 0.005)
(0.524676 -0.0251504 0.005)
(0.524875 -0.0150912 0.005)
(0.524975 -0.00503057 0.005)
(0.524975 0.00503057 0.005)
(0.524875 0.0150912 0.005)
(0.524676 0.0251504 0.005)
(0.524379 0.0352072 0.005)
(0.523984 0.0452606 0.005)
(0.523494 0.0553098 0.005)
(0.52291 0.0653541 0.005)
(0.522236 0.0753928 0.005)
(0.521474 0.0854251 0.005)
(0.520627 0.0954507 0.005)
(0.519699 0.105469 0.005)
(0.518694 0.11548 0.005)
(0.517615 0.125483 0.005)
(0.516468 0.135479 0.005)
(0.515257 0.145468 0.005)
(0.513987 0.155448 0.005)
(0.512663 0.165422 0.005)
(0.51129 0.17539 0.005)
(0.509873 0.185351 0.005)
(0.508419 0.195307 0.005)
(0.506932 0.205258 0.005)
(0.50542 0.215205 0.005)
(0.503886 0.225148 0.005)
(0.502337 0.23509 0.005)
(0.50078 0.24503 0.005)
)
;
    }
    up
    {
        type            calculated;
        value           nonuniform List<vector> 
50
(
(-0.49 0.25 0.005)
(-0.47 0.25 0.005)
(-0.45 0.25 0.005)
(-0.43 0.25 0.005)
(-0.41 0.25 0.005)
(-0.39 0.25 0.005)
(-0.37 0.25 0.005)
(-0.35 0.25 0.005)
(-0.33 0.25 0.005)
(-0.31 0.25 0.005)
(-0.29 0.25 0.005)
(-0.27 0.25 0.005)
(-0.25 0.25 0.005)
(-0.23 0.25 0.005)
(-0.21 0.25 0.005)
(-0.19 0.25 0.005)
(-0.17 0.25 0.005)
(-0.15 0.25 0.005)
(-0.13 0.25 0.005)
(-0.11 0.25 0.005)
(-0.09 0.25 0.005)
(-0.07 0.25 0.005)
(-0.05 0.25 0.005)
(-0.03 0.25 0.005)
(-0.01 0.25 0.005)
(0.01 0.25 0.005)
(0.03 0.25 0.005)
(0.05 0.25 0.005)
(0.07 0.25 0.005)
(0.09 0.25 0.005)
(0.11 0.25 0.005)
(0.13 0.25 0.005)
(0.15 0.25 0.005)
(0.17 0.25 0.005)
(0.19 0.25 0.005)
(0.21 0.25 0.005)
(0.23 0.25 0.005)
(0.25 0.25 0.005)
(0.27 0.25 0.005)
(0.29 0.25 0.005)
(0.31 0.25 0.005)
(0.33 0.25 0.005)
(0.35 0.25 0.005)
(0.37 0.25 0.005)
(0.39 0.25 0.005)
(0.41 0.25 0.005)
(0.43 0.25 0.005)
(0.45 0.25 0.005)
(0.47 0.25 0.005)
(0.49 0.25 0.005)
)
;
    }
    down
    {
        type            calculated;
        value           nonuniform List<vector> 
50
(
(-0.49 -0.25 0.005)
(-0.47 -0.25 0.005)
(-0.45 -0.25 0.005)
(-0.43 -0.25 0.005)
(-0.41 -0.25 0.005)
(-0.39 -0.25 0.005)
(-0.37 -0.25 0.005)
(-0.35 -0.25 0.005)
(-0.33 -0.25 0.005)
(-0.31 -0.25 0.005)
(-0.29 -0.25 0.005)
(-0.27 -0.25 0.005)
(-0.25 -0.25 0.005)
(-0.23 -0.25 0.005)
(-0.21 -0.25 0.005)
(-0.19 -0.25 0.005)
(-0.17 -0.25 0.005)
(-0.15 -0.25 0.005)
(-0.13 -0.25 0.005)
(-0.11 -0.25 0.005)
(-0.09 -0.25 0.005)
(-0.07 -0.25 0.005)
(-0.05 -0.25 0.005)
(-0.03 -0.25 0.005)
(-0.01 -0.25 0.005)
(0.01 -0.25 0.005)
(0.03 -0.25 0.005)
(0.05 -0.25 0.005)
(0.07 -0.25 0.005)
(0.09 -0.25 0.005)
(0.11 -0.25 0.005)
(0.13 -0.25 0.005)
(0.15 -0.25 0.005)
(0.17 -0.25 0.005)
(0.19 -0.25 0.005)
(0.21 -0.25 0.005)
(0.23 -0.25 0.005)
(0.25 -0.25 0.005)
(0.27 -0.25 0.005)
(0.29 -0.25 0.005)
(0.31 -0.25 0.005)
(0.33 -0.25 0.005)
(0.35 -0.25 0.005)
(0.37 -0.25 0.005)
(0.39 -0.25 0.005)
(0.41 -0.25 0.005)
(0.43 -0.25 0.005)
(0.45 -0.25 0.005)
(0.47 -0.25 0.005)
(0.49 -0.25 0.005)
)
;
    }
    frontAndBack
    {
        type            empty;
    }
}


// ************************************************************************* //
