/*--------------------------------*- C++ -*----------------------------------*\
  =========                 |
  \\      /  F ield         | OpenFOAM: The Open Source CFD Toolbox
   \\    /   O peration     | Website:  https://openfoam.org
    \\  /    A nd           | Version:  6
     \\/     M anipulation  |
\*---------------------------------------------------------------------------*/
FoamFile
{
    version     2.0;
    format      ascii;
    class       surfaceScalarField;
    location    "3200";
    object      phi;
}
// * * * * * * * * * * * * * * * * * * * * * * * * * * * * * * * * * * * * * //

dimensions      [0 3 -1 0 0 0 0];

internalField   nonuniform List<scalar> 
7420
(
2.44009e-05
1.4704e-05
1.51619e-05
9.23895e-06
1.06846e-05
4.47725e-06
8.38538e-06
2.29927e-06
7.0568e-06
1.32858e-06
6.2289e-06
8.27895e-07
5.58347e-06
6.45439e-07
5.10194e-06
4.81529e-07
4.74658e-06
3.55358e-07
4.37125e-06
3.75328e-07
4.11992e-06
2.51335e-07
3.96615e-06
1.53767e-07
3.85823e-06
1.07917e-07
3.78097e-06
7.72576e-08
3.49728e-06
2.8369e-07
3.1088e-06
3.88487e-07
2.66137e-06
4.47424e-07
2.34488e-06
3.1649e-07
2.16104e-06
1.83848e-07
2.11148e-06
4.95539e-08
2.24478e-06
-1.33296e-07
2.45359e-06
-2.08812e-07
2.62881e-06
-1.75216e-07
2.6765e-06
-4.7699e-08
2.47069e-06
2.05813e-07
2.1176e-06
3.53086e-07
1.72758e-06
3.90028e-07
1.33817e-06
3.89408e-07
1.03343e-06
3.04744e-07
8.04957e-07
2.28468e-07
6.10767e-07
1.94191e-07
4.59732e-07
1.51035e-07
1.0635e-07
3.53382e-07
3.7609e-05
1.61999e-05
3.15665e-05
1.52814e-05
2.5951e-05
1.00928e-05
2.19244e-05
6.32586e-06
1.91358e-05
4.11717e-06
1.71631e-05
2.80062e-06
1.5612e-05
2.19645e-06
1.43997e-05
1.69383e-06
1.34414e-05
1.31367e-06
1.25555e-05
1.26122e-06
1.18809e-05
9.25967e-07
1.13853e-05
6.49371e-07
1.09864e-05
5.0686e-07
1.06121e-05
4.51539e-07
9.96564e-06
9.30127e-07
9.13476e-06
1.21937e-06
8.2054e-06
1.37678e-06
7.45497e-06
1.06692e-06
6.95251e-06
6.86309e-07
6.73353e-06
2.6854e-07
6.84399e-06
-2.43757e-07
7.10427e-06
-4.69091e-07
7.31412e-06
-3.85068e-07
7.30556e-06
-3.91449e-08
6.90611e-06
6.05263e-07
6.21784e-06
1.04135e-06
5.39166e-06
1.21621e-06
4.51532e-06
1.26575e-06
3.73248e-06
1.08758e-06
3.07486e-06
8.86094e-07
2.50176e-06
7.67283e-07
2.02283e-06
6.29966e-07
4.83843e-07
1.64534e-06
4.03078e-05
1.4997e-05
3.86341e-05
1.69552e-05
3.51066e-05
1.36203e-05
3.15525e-05
9.87994e-06
2.85653e-05
7.10439e-06
2.61772e-05
5.18868e-06
2.41912e-05
4.18242e-06
2.25605e-05
3.32457e-06
2.12157e-05
2.65851e-06
1.99998e-05
2.47712e-06
1.9018e-05
1.90776e-06
1.82375e-05
1.42978e-06
1.75732e-05
1.17123e-06
1.69335e-05
1.09123e-06
1.60386e-05
1.82499e-06
1.49481e-05
2.30985e-06
1.37396e-05
2.58527e-06
1.26963e-05
2.11027e-06
1.19274e-05
1.45516e-06
1.15034e-05
6.92599e-07
1.14675e-05
-2.07828e-07
1.16198e-05
-6.21406e-07
1.17312e-05
-4.96487e-07
1.16148e-05
7.72863e-08
1.1094e-05
1.12597e-06
1.02382e-05
1.89719e-06
9.17926e-06
2.27517e-06
8.01028e-06
2.43473e-06
6.89085e-06
2.20701e-06
5.88284e-06
1.89411e-06
4.96797e-06
1.68215e-06
4.16714e-06
1.4308e-06
1.1531e-06
3.49789e-06
4.06933e-05
1.34085e-05
4.12368e-05
1.64117e-05
3.98865e-05
1.49706e-05
3.76487e-05
1.21178e-05
3.52763e-05
9.47677e-06
3.30934e-05
7.37158e-06
3.1121e-05
6.1548e-06
2.93984e-05
5.04719e-06
2.79097e-05
4.14719e-06
2.65456e-05
3.84124e-06
2.53929e-05
3.06052e-06
2.4426e-05
2.39667e-06
2.35719e-05
2.02528e-06
2.27438e-05
1.91933e-06
2.1693e-05
2.8758e-06
2.046e-05
3.54287e-06
1.90995e-05
3.94582e-06
1.78723e-05
3.33746e-06
1.68987e-05
2.4287e-06
1.62737e-05
1.3176e-06
1.60469e-05
1.90223e-08
1.60252e-05
-5.99746e-07
1.59823e-05
-4.53607e-07
1.57363e-05
3.23332e-07
1.51173e-05
1.74494e-06
1.41695e-05
2.84505e-06
1.29949e-05
3.44975e-06
1.16695e-05
3.76013e-06
1.0345e-05
3.53148e-06
9.09192e-06
3.1472e-06
7.90888e-06
2.8652e-06
6.83083e-06
2.50884e-06
2.0962e-06
5.88773e-06
4.05181e-05
1.19953e-05
4.19144e-05
1.50154e-05
4.20337e-05
1.48513e-05
4.11084e-05
1.3043e-05
3.9653e-05
1.09322e-05
3.80356e-05
8.98905e-06
3.64e-05
7.79033e-06
3.48544e-05
6.59278e-06
3.3439e-05
5.56264e-06
3.20993e-05
5.18097e-06
3.09144e-05
4.24541e-06
2.98736e-05
3.4374e-06
2.89248e-05
2.97414e-06
2.79948e-05
2.84924e-06
2.68727e-05
3.99795e-06
2.55857e-05
4.82988e-06
2.41668e-05
5.3647e-06
2.28438e-05
4.66047e-06
2.17308e-05
3.54169e-06
2.09364e-05
2.11198e-06
2.05188e-05
4.3669e-07
2.03073e-05
-3.88304e-07
2.00944e-05
-2.40658e-07
1.9713e-05
7.04732e-07
1.90058e-05
2.45212e-06
1.80011e-05
3.84976e-06
1.67756e-05
4.67522e-06
1.53838e-05
5.15189e-06
1.39582e-05
4.95708e-06
1.25617e-05
4.54371e-06
1.11988e-05
4.22815e-06
9.91276e-06
3.79486e-06
3.26581e-06
8.74315e-06
4.02292e-05
1.0871e-05
4.18209e-05
1.34237e-05
4.2749e-05
1.39232e-05
4.28165e-05
1.29755e-05
4.22454e-05
1.15033e-05
4.13103e-05
9.92413e-06
4.01798e-05
8.9209e-06
3.89865e-05
7.78606e-06
3.78066e-05
6.74255e-06
3.66328e-05
6.3547e-06
3.55396e-05
5.3387e-06
3.45331e-05
4.44387e-06
3.35846e-05
3.92268e-06
3.26385e-05
3.79534e-06
3.15232e-05
5.11317e-06
3.02572e-05
6.09593e-06
2.88557e-05
6.76618e-06
2.75107e-05
6.00552e-06
2.63219e-05
4.73046e-06
2.54032e-05
3.03063e-06
2.482e-05
1.01996e-06
2.44315e-05
2.09338e-10
2.40566e-05
1.3424e-07
2.35481e-05
1.21318e-06
2.27644e-05
3.23582e-06
2.17244e-05
4.88975e-06
2.04863e-05
5.91331e-06
1.90863e-05
6.55194e-06
1.7635e-05
6.40838e-06
1.61797e-05
5.999e-06
1.47217e-05
5.68615e-06
1.3305e-05
5.21152e-06
4.59814e-06
1.19727e-05
3.99716e-05
1.00043e-05
4.14766e-05
1.19187e-05
4.27591e-05
1.26407e-05
4.34598e-05
1.22747e-05
4.35876e-05
1.13755e-05
4.32898e-05
1.02219e-05
4.27006e-05
9.51007e-06
4.19389e-05
8.54769e-06
4.10908e-05
7.59066e-06
4.01803e-05
7.26524e-06
3.9274e-05
6.24503e-06
3.83923e-05
5.32557e-06
3.75278e-05
4.78715e-06
3.66425e-05
4.68068e-06
3.56036e-05
6.15208e-06
3.4423e-05
7.2765e-06
3.31024e-05
8.08677e-06
3.17985e-05
7.30942e-06
3.05937e-05
5.93529e-06
2.96012e-05
4.02306e-06
2.88909e-05
1.73027e-06
2.83543e-05
5.36788e-07
2.78404e-05
6.48175e-07
2.72239e-05
1.82965e-06
2.63807e-05
4.07909e-06
2.53242e-05
5.94624e-06
2.40998e-05
7.13772e-06
2.27303e-05
7.92144e-06
2.13066e-05
7.83205e-06
1.98581e-05
7.44752e-06
1.8378e-05
7.16619e-06
1.69049e-05
6.68462e-06
6.02407e-06
1.5479e-05
3.97767e-05
9.33249e-06
4.10976e-05
1.05977e-05
4.24658e-05
1.12726e-05
4.35085e-05
1.1232e-05
4.41168e-05
1.07672e-05
4.43316e-05
1.00071e-05
4.42331e-05
9.60861e-06
4.39051e-05
8.87568e-06
4.34231e-05
8.0726e-06
4.28258e-05
7.86259e-06
4.2167e-05
6.90381e-06
4.14753e-05
6.0173e-06
4.07599e-05
5.50249e-06
3.99978e-05
5.44281e-06
3.90923e-05
7.05754e-06
3.80505e-05
8.31831e-06
3.68633e-05
9.27393e-06
3.56543e-05
8.51848e-06
3.44875e-05
7.10201e-06
3.34721e-05
5.03856e-06
3.2679e-05
2.52331e-06
3.20319e-05
1.18394e-06
3.14104e-05
1.26965e-06
3.07121e-05
2.52793e-06
2.98312e-05
4.96004e-06
2.8778e-05
6.99944e-06
2.7589e-05
8.32672e-06
2.62783e-05
9.23215e-06
2.49204e-05
9.1899e-06
2.35279e-05
8.83999e-06
2.20848e-05
8.60931e-06
2.06204e-05
8.14907e-06
7.47732e-06
1.91671e-05
3.96368e-05
8.8006e-06
4.07598e-05
9.47467e-06
4.20741e-05
9.95835e-06
4.32575e-05
1.00486e-05
4.4155e-05
9.86977e-06
4.47374e-05
9.42471e-06
4.50351e-05
9.31086e-06
4.50923e-05
8.8185e-06
4.4963e-05
8.20195e-06
4.46873e-05
8.13828e-06
4.43023e-05
7.28877e-06
4.38381e-05
6.48147e-06
4.33149e-05
6.02575e-06
4.27206e-05
6.03708e-06
4.19907e-05
7.78745e-06
4.11281e-05
9.18097e-06
4.01153e-05
1.02867e-05
3.90449e-05
9.5889e-06
3.79632e-05
8.18364e-06
3.69721e-05
6.02967e-06
3.61415e-05
3.35394e-06
3.54245e-05
1.90094e-06
3.4731e-05
1.96308e-06
3.39812e-05
3.27779e-06
3.30878e-05
5.85344e-06
3.20594e-05
8.02783e-06
3.09261e-05
9.45998e-06
2.96969e-05
1.04613e-05
2.84334e-05
1.04534e-05
2.71338e-05
1.01396e-05
2.57735e-05
9.96956e-06
2.43716e-05
9.55101e-06
8.89901e-06
2.29499e-05
3.95373e-05
8.36819e-06
4.04814e-05
8.53051e-06
4.16801e-05
8.75969e-06
4.28797e-05
8.84896e-06
4.39213e-05
8.82817e-06
4.47392e-05
8.60681e-06
4.53277e-05
8.72235e-06
4.56964e-05
8.44975e-06
4.58755e-05
8.02291e-06
4.5899e-05
8.11478e-06
4.57853e-05
7.40245e-06
4.55607e-05
6.70603e-06
4.52506e-05
6.33592e-06
4.48502e-05
6.43743e-06
4.43219e-05
8.31576e-06
4.36648e-05
9.83802e-06
4.2855e-05
1.10966e-05
4.19563e-05
1.04876e-05
4.09981e-05
9.14178e-06
4.00731e-05
6.95474e-06
3.92473e-05
4.17969e-06
3.85007e-05
2.64756e-06
3.77716e-05
2.69219e-06
3.70016e-05
4.04774e-06
3.61224e-05
6.73268e-06
3.51412e-05
9.00905e-06
3.40834e-05
1.05177e-05
3.29554e-05
1.15893e-05
3.18086e-05
1.16003e-05
3.06296e-05
1.13186e-05
2.93873e-05
1.12118e-05
2.80907e-05
1.08476e-05
1.02397e-05
2.675e-05
3.9466e-05
8.00707e-06
4.02593e-05
7.73717e-06
4.13237e-05
7.69534e-06
4.24699e-05
7.70272e-06
4.35563e-05
7.74182e-06
4.4504e-05
7.6591e-06
4.5286e-05
7.94039e-06
4.58867e-05
7.84902e-06
4.6315e-05
7.59455e-06
4.65962e-05
7.83366e-06
4.67303e-05
7.26829e-06
4.67368e-05
6.69951e-06
4.66416e-05
6.43113e-06
4.6444e-05
6.63507e-06
4.61278e-05
8.63197e-06
4.56889e-05
1.0277e-05
4.50977e-05
1.16878e-05
4.43925e-05
1.11927e-05
4.35866e-05
9.94767e-06
4.27618e-05
7.77961e-06
4.19783e-05
4.96312e-06
4.12392e-05
3.38665e-06
4.05089e-05
3.42251e-06
3.97494e-05
4.8073e-06
3.89103e-05
7.57177e-06
3.79982e-05
9.92113e-06
3.70348e-05
1.14811e-05
3.60254e-05
1.25987e-05
3.50132e-05
1.26125e-05
3.3976e-05
1.23558e-05
3.28782e-05
1.23096e-05
3.172e-05
1.20058e-05
1.14596e-05
3.05001e-05
3.94142e-05
7.69776e-06
4.00844e-05
7.06695e-06
4.10171e-05
6.76263e-06
4.20763e-05
6.64351e-06
4.31449e-05
6.67323e-06
4.41453e-05
6.6587e-06
4.50406e-05
7.04507e-06
4.57998e-05
7.08988e-06
4.64156e-05
6.97874e-06
4.69042e-05
7.34507e-06
4.72503e-05
6.92215e-06
4.7465e-05
6.48483e-06
4.75719e-05
6.32424e-06
4.75715e-05
6.63545e-06
4.74644e-05
8.73907e-06
4.72434e-05
1.0498e-05
4.68747e-05
1.20564e-05
4.63737e-05
1.16937e-05
4.57387e-05
1.05827e-05
4.50397e-05
8.47868e-06
4.43294e-05
5.67339e-06
4.363e-05
4.08601e-06
4.29292e-05
4.1233e-06
4.22077e-05
5.52882e-06
4.14325e-05
8.34699e-06
4.06096e-05
1.0744e-05
3.97577e-05
1.2333e-05
3.88819e-05
1.34745e-05
3.80188e-05
1.34756e-05
3.71396e-05
1.32351e-05
3.6206e-05
1.32432e-05
3.52108e-05
1.3001e-05
1.25281e-05
3.41423e-05
3.93758e-05
7.4268e-06
3.9947e-05
6.4958e-06
4.07602e-05
5.94938e-06
4.17205e-05
5.68321e-06
4.27357e-05
5.65805e-06
4.37366e-05
5.65776e-06
4.46846e-05
6.09715e-06
4.55405e-05
6.23394e-06
4.62867e-05
6.23253e-06
4.6932e-05
6.69979e-06
4.7449e-05
6.40515e-06
4.78407e-05
6.09312e-06
4.8127e-05
6.03794e-06
4.83079e-05
6.45458e-06
4.83964e-05
8.65059e-06
4.83826e-05
1.05117e-05
4.82297e-05
1.22093e-05
4.79333e-05
1.19902e-05
4.74779e-05
1.1038e-05
4.69214e-05
9.03524e-06
4.63076e-05
6.28713e-06
4.56742e-05
4.7195e-06
4.50287e-05
4.76881e-06
4.43687e-05
6.18881e-06
4.36774e-05
9.03823e-06
4.29607e-05
1.14607e-05
4.22345e-05
1.30592e-05
4.15046e-05
1.42044e-05
4.08018e-05
1.41785e-05
4.00922e-05
1.39446e-05
3.93367e-05
1.39987e-05
3.85223e-05
1.38153e-05
1.34223e-05
3.76281e-05
3.9347e-05
7.18469e-06
3.98388e-05
6.00396e-06
4.0548e-05
5.2402e-06
4.14098e-05
4.82144e-06
4.23541e-05
4.71374e-06
4.33231e-05
4.68878e-06
4.42806e-05
5.13957e-06
4.51855e-05
5.32912e-06
4.60139e-05
5.40411e-06
4.67696e-05
5.94413e-06
4.74166e-05
5.75812e-06
4.79511e-05
5.55857e-06
4.83889e-05
5.60018e-06
4.87284e-05
6.11503e-06
4.89917e-05
8.38734e-06
4.91669e-05
1.03365e-05
4.92147e-05
1.21615e-05
4.91144e-05
1.20905e-05
4.88387e-05
1.13138e-05
4.84328e-05
9.4411e-06
4.79313e-05
6.78865e-06
4.73831e-05
5.26768e-06
4.68129e-05
5.33902e-06
4.62329e-05
6.76878e-06
4.56413e-05
9.62986e-06
4.50438e-05
1.20582e-05
4.44541e-05
1.36489e-05
4.38789e-05
1.47796e-05
4.33438e-05
1.47136e-05
4.28115e-05
1.44769e-05
4.22431e-05
1.45672e-05
4.16212e-05
1.44373e-05
1.41268e-05
4.09167e-05
3.93249e-05
6.96464e-06
3.97533e-05
5.57555e-06
4.0374e-05
4.61956e-06
4.1144e-05
4.0514e-06
4.20117e-05
3.84607e-06
4.29306e-05
3.7699e-06
4.38696e-05
4.20057e-06
4.47884e-05
4.41029e-06
4.5661e-05
4.53151e-06
4.64879e-05
5.11723e-06
4.72279e-05
5.01813e-06
4.78719e-05
4.91455e-06
4.84317e-05
5.04034e-06
4.89043e-05
5.64251e-06
4.93175e-05
7.9741e-06
4.96583e-05
9.9957e-06
4.98861e-05
1.19337e-05
4.99669e-05
1.20097e-05
4.98631e-05
1.14175e-05
4.96085e-05
9.69578e-06
4.92275e-05
7.16963e-06
4.87773e-05
5.71784e-06
4.82964e-05
5.81997e-06
4.78095e-05
7.25564e-06
4.73282e-05
1.01111e-05
4.68585e-05
1.2528e-05
4.6412e-05
1.40953e-05
4.59964e-05
1.51952e-05
4.5633e-05
1.50771e-05
4.52816e-05
1.48282e-05
4.49046e-05
1.49441e-05
4.44812e-05
1.48607e-05
1.4632e-05
4.3976e-05
3.93078e-05
6.76166e-06
3.96855e-05
5.19792e-06
4.02319e-05
4.07317e-06
4.09199e-05
3.36341e-06
4.17121e-05
3.0538e-06
4.25727e-05
2.9093e-06
4.34762e-05
3.29704e-06
4.43853e-05
3.50119e-06
4.52739e-05
3.64294e-06
4.6141e-05
4.25016e-06
4.69426e-05
4.21652e-06
4.7666e-05
4.19111e-06
4.83199e-05
4.38649e-06
4.88994e-05
5.06305e-06
4.94365e-05
7.43698e-06
4.99173e-05
9.51485e-06
5.03009e-05
1.15501e-05
5.05431e-05
1.17675e-05
5.05981e-05
1.13625e-05
5.04887e-05
9.80517e-06
5.023e-05
7.42836e-06
4.98843e-05
6.06355e-06
4.95007e-05
6.20354e-06
4.91147e-05
7.64165e-06
4.87495e-05
1.04764e-05
4.84114e-05
1.2866e-05
4.81107e-05
1.43961e-05
4.78558e-05
1.54501e-05
4.76638e-05
1.5269e-05
4.74931e-05
1.49989e-05
4.73076e-05
1.51297e-05
4.7084e-05
1.50842e-05
1.49343e-05
4.67817e-05
3.92945e-05
6.57203e-06
3.96314e-05
4.86102e-06
4.01161e-05
3.58843e-06
4.07326e-05
2.74692e-06
4.14547e-05
2.33171e-06
4.22554e-05
2.10862e-06
4.31148e-05
2.43763e-06
4.39994e-05
2.61662e-06
4.48844e-05
2.75797e-06
4.57684e-05
3.36614e-06
4.66066e-05
3.37829e-06
4.73841e-05
3.41364e-06
4.81069e-05
3.66361e-06
4.8769e-05
4.40097e-06
4.94048e-05
6.80124e-06
5e-05
8.91956e-06
5.05141e-05
1.10361e-05
5.08956e-05
1.1386e-05
5.10921e-05
1.1166e-05
5.11172e-05
9.78009e-06
5.09769e-05
7.56865e-06
5.07364e-05
6.30403e-06
5.0453e-05
6.48699e-06
5.01705e-05
7.92412e-06
4.99224e-05
1.07245e-05
4.97156e-05
1.30728e-05
4.95589e-05
1.45528e-05
4.94618e-05
1.55473e-05
4.94376e-05
1.52932e-05
4.94435e-05
1.4993e-05
4.94454e-05
1.51277e-05
4.94185e-05
1.51111e-05
1.5035e-05
4.93179e-05
3.9284e-05
6.39291e-06
3.95882e-05
4.55678e-06
4.00222e-05
3.15452e-06
4.05775e-05
2.19156e-06
4.12366e-05
1.67257e-06
4.19799e-05
1.36537e-06
4.27924e-05
1.62514e-06
4.36444e-05
1.76458e-06
4.45133e-05
1.88911e-06
4.5398e-05
2.48145e-06
4.6254e-05
2.52225e-06
4.70652e-05
2.6024e-06
4.78361e-05
2.89272e-06
4.85594e-05
3.6777e-06
4.92707e-05
6.0899e-06
4.99563e-05
8.23397e-06
5.05761e-05
1.04164e-05
5.10739e-05
1.08881e-05
5.13927e-05
1.08472e-05
5.15381e-05
9.63474e-06
5.15081e-05
7.59859e-06
5.13691e-05
6.44309e-06
5.11839e-05
6.67217e-06
5.10032e-05
8.10474e-06
5.08691e-05
1.08586e-05
5.07892e-05
1.31527e-05
5.07712e-05
1.45708e-05
5.08253e-05
1.54931e-05
5.09617e-05
1.51569e-05
5.11366e-05
1.48181e-05
5.13184e-05
1.49459e-05
5.14809e-05
1.49486e-05
1.49397e-05
5.15762e-05
3.92757e-05
6.22208e-06
3.95538e-05
4.2787e-06
3.99461e-05
2.76217e-06
4.04501e-05
1.68764e-06
4.10543e-05
1.06835e-06
4.1745e-05
6.7462e-07
4.25116e-05
8.58535e-07
4.33281e-05
9.48135e-07
4.41739e-05
1.04328e-06
4.50488e-05
1.60658e-06
4.59093e-05
1.66169e-06
4.6739e-05
1.7727e-06
4.75412e-05
2.09057e-06
4.83077e-05
2.91115e-06
4.90748e-05
5.32286e-06
4.98291e-05
7.47967e-06
5.05316e-05
9.71392e-06
5.11236e-05
1.02961e-05
5.15446e-05
1.04262e-05
5.1794e-05
9.38528e-06
5.18633e-05
7.52934e-06
5.18182e-05
6.48819e-06
5.17256e-05
6.7647e-06
5.16415e-05
8.18889e-06
5.16148e-05
1.08854e-05
5.1654e-05
1.31135e-05
5.17662e-05
1.44586e-05
5.19621e-05
1.52971e-05
5.22488e-05
1.48702e-05
5.25823e-05
1.44846e-05
5.29332e-05
1.45951e-05
5.32745e-05
1.46072e-05
1.46581e-05
5.35561e-05
3.92692e-05
6.05776e-06
3.95264e-05
4.02148e-06
3.9885e-05
2.40352e-06
4.03464e-05
1.22634e-06
4.09038e-05
5.10877e-07
4.15483e-05
3.01334e-08
4.22726e-05
1.34239e-07
4.30539e-05
1.66851e-07
4.38739e-05
2.23269e-07
4.47331e-05
7.47372e-07
4.55896e-05
8.05176e-07
4.64269e-05
9.35403e-07
4.72477e-05
1.26983e-06
4.80432e-05
2.11561e-06
4.88494e-05
4.51667e-06
4.96539e-05
6.6752e-06
5.04188e-05
8.949e-06
5.10843e-05
9.63052e-06
5.1588e-05
9.92247e-06
5.19247e-05
9.04864e-06
5.20801e-05
7.37397e-06
5.21189e-05
6.44933e-06
5.21106e-05
6.77302e-06
5.21147e-05
8.18475e-06
5.21861e-05
1.0814e-05
5.23343e-05
1.29653e-05
5.25656e-05
1.42273e-05
5.28915e-05
1.49713e-05
5.3316e-05
1.44456e-05
5.37952e-05
1.40054e-05
5.43017e-05
1.40886e-05
5.48085e-05
1.41005e-05
1.42029e-05
5.52636e-05
3.92641e-05
5.89854e-06
3.95048e-05
3.78075e-06
3.98365e-05
2.07185e-06
4.02631e-05
7.99712e-07
4.07818e-05
-7.75841e-09
4.13868e-05
-5.7496e-07
4.20739e-05
-5.52842e-07
4.28229e-05
-5.8208e-07
4.36173e-05
-5.71217e-07
4.44586e-05
-9.38647e-08
4.53062e-05
-4.24592e-08
4.6144e-05
9.75898e-08
4.69743e-05
4.39585e-07
4.77879e-05
1.30202e-06
4.862e-05
3.68451e-06
4.94593e-05
5.8359e-06
5.02692e-05
8.13912e-06
5.099e-05
8.90973e-06
5.15581e-05
9.35435e-06
5.19652e-05
8.64155e-06
5.21927e-05
7.14644e-06
5.23039e-05
6.33813e-06
5.23694e-05
6.7075e-06
5.24517e-05
8.10248e-06
5.26101e-05
1.06556e-05
5.28552e-05
1.27202e-05
5.31929e-05
1.38896e-05
5.3635e-05
1.45292e-05
5.41832e-05
1.38975e-05
5.47934e-05
1.33952e-05
5.54404e-05
1.34416e-05
5.6097e-05
1.34438e-05
1.35895e-05
5.67105e-05
3.92602e-05
5.74323e-06
3.94881e-05
3.55282e-06
3.97986e-05
1.76136e-06
4.01977e-05
4.0065e-07
4.0685e-05
-4.95077e-07
4.12578e-05
-1.14773e-06
4.19136e-05
-1.20869e-06
4.26346e-05
-1.30303e-06
4.34059e-05
-1.34259e-06
4.42295e-05
-9.1743e-07
4.50663e-05
-8.79301e-07
4.59006e-05
-7.3667e-07
4.67343e-05
-3.94118e-07
4.7558e-05
4.78359e-07
4.84059e-05
2.83661e-06
4.92676e-05
4.97416e-06
5.01079e-05
7.29883e-06
5.0868e-05
8.14963e-06
5.1484e-05
8.73832e-06
5.19457e-05
8.17991e-06
5.22312e-05
6.86087e-06
5.24023e-05
6.16706e-06
5.25301e-05
6.57967e-06
5.26791e-05
7.95352e-06
5.29122e-05
1.04225e-05
5.32411e-05
1.23913e-05
5.36713e-05
1.34594e-05
5.42151e-05
1.39854e-05
5.48717e-05
1.32409e-05
5.55972e-05
1.26697e-05
5.63682e-05
1.26706e-05
5.71577e-05
1.26543e-05
1.28347e-05
5.79125e-05
3.92573e-05
5.59082e-06
3.94756e-05
3.33453e-06
3.977e-05
1.46695e-06
4.01479e-05
2.27188e-08
4.0611e-05
-9.58156e-07
4.11585e-05
-1.69522e-06
4.17895e-05
-1.83976e-06
4.24878e-05
-2.00132e-06
4.324e-05
-2.0947e-06
4.4048e-05
-1.72547e-06
4.48743e-05
-1.70556e-06
4.57032e-05
-1.56559e-06
4.65366e-05
-1.22756e-06
4.73647e-05
-3.49725e-07
4.82206e-05
1.98067e-06
4.90951e-05
4.09974e-06
4.99538e-05
6.44004e-06
5.07397e-05
7.36374e-06
5.13891e-05
8.08896e-06
5.18906e-05
7.67836e-06
5.22205e-05
6.53099e-06
5.24388e-05
5.94878e-06
5.26169e-05
6.40158e-06
5.28205e-05
7.74989e-06
5.31156e-05
1.01274e-05
5.35147e-05
1.19923e-05
5.40232e-05
1.29508e-05
5.46536e-05
1.33551e-05
5.54029e-05
1.24916e-05
5.62274e-05
1.18452e-05
5.71054e-05
1.17926e-05
5.801e-05
1.17497e-05
1.19568e-05
5.8888e-05
3.92553e-05
5.44043e-06
3.94667e-05
3.12309e-06
3.97495e-05
1.1841e-06
4.01122e-05
-3.39962e-07
4.05578e-05
-1.40368e-06
4.10869e-05
-2.22435e-06
4.16998e-05
-2.4527e-06
4.23814e-05
-2.68289e-06
4.3119e-05
-2.83232e-06
4.39149e-05
-2.52135e-06
4.47322e-05
-2.5229e-06
4.55556e-05
-2.389e-06
4.63868e-05
-2.05871e-06
4.72154e-05
-1.17832e-06
4.80735e-05
1.12254e-06
4.89529e-05
3.22039e-06
4.98205e-05
5.57247e-06
5.06208e-05
6.56343e-06
5.12907e-05
7.419e-06
5.18189e-05
7.15017e-06
5.21802e-05
6.16974e-06
5.24333e-05
5.69567e-06
5.26496e-05
6.18529e-06
5.28958e-05
7.50368e-06
5.32401e-05
9.7831e-06
5.36959e-05
1.15364e-05
5.42686e-05
1.23781e-05
5.49706e-05
1.26531e-05
5.57971e-05
1.16651e-05
5.67043e-05
1.09379e-05
5.76721e-05
1.08248e-05
5.86738e-05
1.07479e-05
1.0974e-05
5.96566e-05
3.9254e-05
5.29126e-06
3.94612e-05
2.91598e-06
3.97366e-05
9.08634e-07
4.00895e-05
-6.92879e-07
4.05239e-05
-1.83802e-06
4.10414e-05
-2.74191e-06
4.1643e-05
-3.05424e-06
4.2314e-05
-3.35393e-06
4.30424e-05
-3.56075e-06
4.38302e-05
-3.30915e-06
4.46412e-05
-3.33384e-06
4.54598e-05
-3.20767e-06
4.62877e-05
-2.88656e-06
4.7114e-05
-2.0046e-06
4.79697e-05
2.66774e-07
4.88478e-05
2.34236e-06
4.97161e-05
4.70414e-06
5.05212e-05
5.75836e-06
5.12007e-05
6.73951e-06
5.17436e-05
6.60724e-06
5.21242e-05
5.78918e-06
5.24002e-05
5.41957e-06
5.26431e-05
5.94246e-06
5.29201e-05
7.22665e-06
5.33013e-05
9.4019e-06
5.38009e-05
1.10368e-05
5.44242e-05
1.17548e-05
5.51834e-05
1.18939e-05
5.60719e-05
1.07767e-05
5.70459e-05
9.96391e-06
5.80865e-05
9.78421e-06
5.91675e-05
9.66694e-06
9.90515e-06
6.02364e-05
3.92536e-05
5.14256e-06
3.94587e-05
2.71082e-06
3.97308e-05
6.36621e-07
4.00791e-05
-1.04127e-06
4.05085e-05
-2.26736e-06
4.10211e-05
-3.25454e-06
4.1618e-05
-3.65111e-06
4.22848e-05
-4.02077e-06
4.30095e-05
-4.28547e-06
4.37936e-05
-4.09322e-06
4.4601e-05
-4.14124e-06
4.54161e-05
-4.02274e-06
4.624e-05
-3.71048e-06
4.70616e-05
-2.82617e-06
4.7911e-05
-5.82637e-07
4.87822e-05
1.47115e-06
4.96443e-05
3.84201e-06
5.04458e-05
4.95693e-06
5.11251e-05
6.0602e-06
5.16721e-05
6.06021e-06
5.20609e-05
5.40037e-06
5.23489e-05
5.13161e-06
5.26072e-05
5.68417e-06
5.29039e-05
6.92994e-06
5.33104e-05
8.99535e-06
5.38417e-05
1.05055e-05
5.45027e-05
1.10937e-05
5.53054e-05
1.10912e-05
5.62413e-05
9.8408e-06
5.72668e-05
8.93846e-06
5.83639e-05
8.68709e-06
5.95068e-05
8.52407e-06
8.76832e-06
6.06436e-05
3.92539e-05
4.99357e-06
3.94594e-05
2.50527e-06
3.97318e-05
3.64201e-07
4.00809e-05
-1.3903e-06
4.05113e-05
-2.69778e-06
4.10256e-05
-3.76889e-06
4.16245e-05
-4.25e-06
4.22934e-05
-4.68969e-06
4.30199e-05
-5.01191e-06
4.38044e-05
-4.87781e-06
4.4611e-05
-4.94778e-06
4.54234e-05
-4.83514e-06
4.62425e-05
-4.52961e-06
4.70567e-05
-3.64039e-06
4.78958e-05
-1.42165e-06
4.87549e-05
6.12044e-07
4.96043e-05
2.99252e-06
5.03945e-05
4.16682e-06
5.10648e-05
5.38984e-06
5.16063e-05
5.51871e-06
5.19932e-05
5.01347e-06
5.22828e-05
4.84205e-06
5.25463e-05
5.42067e-06
5.28523e-05
6.62388e-06
5.32736e-05
8.5741e-06
5.38253e-05
9.95381e-06
5.45122e-05
1.04068e-05
5.53457e-05
1.02577e-05
5.63153e-05
8.87119e-06
5.73775e-05
7.87627e-06
5.85154e-05
7.54921e-06
5.97033e-05
7.33616e-06
7.58129e-06
6.08903e-05
3.92549e-05
4.84353e-06
3.94632e-05
2.29695e-06
3.974e-05
8.74449e-08
4.00949e-05
-1.74518e-06
4.05326e-05
-3.13545e-06
4.10552e-05
-4.29157e-06
4.16628e-05
-4.85752e-06
4.23399e-05
-5.36677e-06
4.30731e-05
-5.74515e-06
4.38619e-05
-5.66663e-06
4.46696e-05
-5.75548e-06
4.54795e-05
-5.64498e-06
4.6292e-05
-5.34216e-06
4.70954e-05
-4.44377e-06
4.79193e-05
-2.24552e-06
4.87605e-05
-2.29189e-07
4.95908e-05
2.16223e-06
5.03622e-05
3.39544e-06
5.10154e-05
4.73659e-06
5.15425e-05
4.99159e-06
5.19183e-05
4.63775e-06
5.22e-05
4.5603e-06
5.24593e-05
5.16133e-06
5.27654e-05
6.31782e-06
5.31918e-05
8.14772e-06
5.37539e-05
9.39168e-06
5.44558e-05
9.70491e-06
5.53083e-05
9.40525e-06
5.62987e-05
7.88076e-06
5.73836e-05
6.79131e-06
5.85471e-05
6.38571e-06
5.97638e-05
6.11951e-06
6.36135e-06
6.09837e-05
3.92568e-05
4.69159e-06
3.94705e-05
2.08329e-06
3.97557e-05
-1.97803e-07
4.01219e-05
-2.11141e-06
4.05732e-05
-3.58675e-06
4.1111e-05
-4.82934e-06
4.17337e-05
-5.48021e-06
4.24247e-05
-6.05775e-06
4.31691e-05
-6.48961e-06
4.39649e-05
-6.46246e-06
4.47746e-05
-6.5651e-06
4.55805e-05
-6.45094e-06
4.63832e-05
-6.14482e-06
4.71706e-05
-5.23123e-06
4.79732e-05
-3.04812e-06
4.87898e-05
-1.04574e-06
4.95937e-05
1.35828e-06
5.03388e-05
2.65042e-06
5.0967e-05
4.10834e-06
5.14715e-05
4.48707e-06
5.18276e-05
4.28167e-06
5.20931e-05
4.29482e-06
5.23399e-05
4.91447e-06
5.26377e-05
6.02002e-06
5.30609e-05
7.7246e-06
5.36245e-05
8.82807e-06
5.43317e-05
8.99774e-06
5.51922e-05
8.54472e-06
5.61913e-05
6.88169e-06
5.72856e-05
5.69702e-06
5.846e-05
5.21123e-06
5.96896e-05
4.88998e-06
5.12539e-06
6.09255e-05
3.92596e-05
4.53682e-06
3.94815e-05
1.86148e-06
3.97798e-05
-4.96104e-07
4.01632e-05
-2.49488e-06
4.06349e-05
-4.05837e-06
4.11946e-05
-5.38904e-06
4.18387e-05
-6.12436e-06
4.25487e-05
-6.76774e-06
4.33077e-05
-7.24864e-06
4.41118e-05
-7.26654e-06
4.49222e-05
-7.37553e-06
4.57208e-05
-7.24953e-06
4.6508e-05
-6.93196e-06
4.72722e-05
-5.99549e-06
4.80455e-05
-3.82141e-06
4.8829e-05
-1.82921e-06
4.95984e-05
5.8889e-07
5.03088e-05
1.93995e-06
5.09043e-05
3.51294e-06
5.13784e-05
4.01287e-06
5.17072e-05
3.95289e-06
5.1949e-05
4.05304e-06
5.21762e-05
4.68724e-06
5.24588e-05
5.7375e-06
5.28715e-05
7.31189e-06
5.34288e-05
8.27069e-06
5.41326e-05
8.29401e-06
5.49912e-05
7.68607e-06
5.59874e-05
5.88554e-06
5.7078e-05
4.60639e-06
5.82491e-05
4.04012e-06
5.94758e-05
3.66326e-06
3.89014e-06
6.07111e-05
3.92636e-05
4.37807e-06
3.94969e-05
1.62819e-06
3.98134e-05
-8.12628e-07
4.02207e-05
-2.90212e-06
4.07198e-05
-4.55746e-06
4.13084e-05
-5.97764e-06
4.19799e-05
-6.79591e-06
4.2713e-05
-7.50084e-06
4.34883e-05
-8.02397e-06
4.42997e-05
-8.07791e-06
4.51072e-05
-8.183e-06
4.5892e-05
-8.03431e-06
4.66549e-05
-7.69494e-06
4.73858e-05
-6.72637e-06
4.81192e-05
-4.55481e-06
4.88592e-05
-2.5692e-06
4.95845e-05
-1.36344e-07
5.02514e-05
1.27296e-06
5.08061e-05
2.95827e-06
5.12427e-05
3.57626e-06
5.15375e-05
3.6581e-06
5.17494e-05
3.84118e-06
5.19512e-05
4.48545e-06
5.22128e-05
5.47591e-06
5.26092e-05
6.9154e-06
5.31539e-05
7.72605e-06
5.38465e-05
7.60139e-06
5.4694e-05
6.83853e-06
5.56761e-05
4.90345e-06
5.67503e-05
3.53218e-06
5.79038e-05
2.88665e-06
5.9112e-05
2.45506e-06
2.6724e-06
6.03298e-05
3.92689e-05
4.214e-06
3.95176e-05
1.37952e-06
3.98584e-05
-1.1534e-06
4.02968e-05
-3.34049e-06
4.08311e-05
-5.09176e-06
4.14555e-05
-6.60213e-06
4.21597e-05
-7.50005e-06
4.29184e-05
-8.25962e-06
4.37094e-05
-8.81491e-06
4.4524e-05
-8.89252e-06
4.53211e-05
-8.9801e-06
4.60818e-05
-8.79501e-06
4.68082e-05
-8.42129e-06
4.7492e-05
-7.41021e-06
4.8172e-05
-5.23485e-06
4.88558e-05
-3.25301e-06
4.95258e-05
-8.0629e-07
5.01395e-05
6.59238e-07
5.06456e-05
2.45222e-06
5.1038e-05
3.1838e-06
5.12933e-05
3.40284e-06
5.14705e-05
3.66399e-06
5.16426e-05
4.31331e-06
5.18792e-05
5.23928e-06
5.22552e-05
6.53945e-06
5.27819e-05
7.19935e-06
5.34567e-05
6.92656e-06
5.42846e-05
6.01062e-06
5.52418e-05
3.94621e-06
5.62869e-05
2.48712e-06
5.74083e-05
1.76525e-06
5.8582e-05
1.28139e-06
1.4893e-06
5.97651e-05
3.9276e-05
4.04287e-06
3.95449e-05
1.11063e-06
3.99171e-05
-1.5256e-06
4.0395e-05
-3.8184e-06
4.09727e-05
-5.6695e-06
4.16398e-05
-7.26921e-06
4.23804e-05
-8.24066e-06
4.3165e-05
-9.04417e-06
4.39674e-05
-9.61733e-06
4.47769e-05
-9.70207e-06
4.55516e-05
-9.75475e-06
4.62732e-05
-9.51658e-06
4.69458e-05
-9.09397e-06
4.7565e-05
-8.02932e-06
4.8175e-05
-5.84488e-06
4.87876e-05
-3.86559e-06
4.93896e-05
-1.40835e-06
4.99397e-05
1.09176e-07
5.03895e-05
2.00237e-06
5.07322e-05
2.84111e-06
5.0944e-05
3.19109e-06
5.10836e-05
3.52436e-06
5.12238e-05
4.17308e-06
5.14333e-05
5.02982e-06
5.1786e-05
6.18675e-06
5.22909e-05
6.69449e-06
5.29422e-05
6.27521e-06
5.37426e-05
5.21026e-06
5.46644e-05
3.02442e-06
5.56675e-05
1.48403e-06
5.6742e-05
6.9067e-07
5.78647e-05
1.58749e-07
3.58479e-07
5.89955e-05
3.92853e-05
3.86243e-06
3.95805e-05
8.15471e-07
3.99928e-05
-1.93791e-06
4.05199e-05
-4.34548e-06
4.11497e-05
-6.29938e-06
4.18653e-05
-7.98479e-06
4.2644e-05
-9.01935e-06
4.34508e-05
-9.85094e-06
4.42557e-05
-1.04222e-05
4.50462e-05
-1.04926e-05
4.57804e-05
-1.04889e-05
4.6442e-05
-1.01782e-05
4.70389e-05
-9.6908e-06
4.75714e-05
-8.56184e-06
4.80916e-05
-6.3651e-06
4.86158e-05
-4.38976e-06
4.91363e-05
-1.92886e-06
4.96121e-05
-3.66638e-07
4.99989e-05
1.61553e-06
5.02878e-05
2.55228e-06
5.04541e-05
3.02476e-06
5.05556e-05
3.42286e-06
5.0664e-05
4.06468e-06
5.08462e-05
4.84757e-06
5.11748e-05
5.85819e-06
5.16554e-05
6.21392e-06
5.22786e-05
5.65198e-06
5.30441e-05
4.44481e-06
5.39199e-05
2.14859e-06
5.4868e-05
5.35953e-07
5.58805e-05
-3.21873e-07
5.6935e-05
-8.95708e-07
-7.01734e-07
5.79952e-05
3.92976e-05
3.66973e-06
3.96268e-05
4.86286e-07
4.00898e-05
-2.40095e-06
4.06771e-05
-4.93275e-06
4.13678e-05
-6.99015e-06
4.21361e-05
-8.75303e-06
4.29508e-05
-9.83406e-06
4.37708e-05
-1.06709e-05
4.45624e-05
-1.12139e-05
4.53128e-05
-1.12429e-05
4.59812e-05
-1.11574e-05
4.65555e-05
-1.07525e-05
4.70489e-05
-1.01842e-05
4.74689e-05
-8.98183e-06
4.78769e-05
-6.77313e-06
4.8294e-05
-4.8069e-06
4.87189e-05
-2.35376e-06
4.91105e-05
-7.58172e-07
4.9429e-05
1.29697e-06
4.96621e-05
2.31924e-06
4.97837e-05
2.90308e-06
4.98494e-05
3.35719e-06
4.99288e-05
3.98527e-06
5.00863e-05
4.6901e-06
5.03918e-05
5.55262e-06
5.08472e-05
5.75855e-06
5.14387e-05
5.0605e-06
5.21625e-05
3.72103e-06
5.29819e-05
1.32912e-06
5.38617e-05
-3.43805e-07
5.47964e-05
-1.25663e-06
5.57649e-05
-1.86414e-06
-1.67235e-06
5.67355e-05
3.93139e-05
3.46073e-06
3.96872e-05
1.13005e-07
4.02139e-05
-2.92774e-06
4.08737e-05
-5.59249e-06
4.16333e-05
-7.74975e-06
4.2455e-05
-9.57472e-06
4.32978e-05
-1.06769e-05
4.41141e-05
-1.14873e-05
4.48679e-05
-1.19677e-05
4.55477e-05
-1.19227e-05
4.61168e-05
-1.17265e-05
4.65696e-05
-1.12053e-05
4.69267e-05
-1.05412e-05
4.72049e-05
-9.26008e-06
4.74768e-05
-7.04501e-06
4.7768e-05
-5.09809e-06
4.8084e-05
-2.6698e-06
4.83829e-05
-1.057e-06
4.86303e-05
1.04954e-06
4.88086e-05
2.14096e-06
4.88897e-05
2.82194e-06
4.89252e-05
3.32167e-06
4.89816e-05
3.92886e-06
4.91195e-05
4.55225e-06
4.94054e-05
5.26673e-06
4.98363e-05
5.32767e-06
5.03935e-05
4.50328e-06
5.10693e-05
3.04517e-06
5.18221e-05
5.76349e-07
5.262e-05
-1.14169e-06
5.34607e-05
-2.09736e-06
5.43247e-05
-2.72806e-06
-2.53373e-06
5.5186e-05
3.93358e-05
3.22982e-06
3.97664e-05
-3.17611e-07
4.03729e-05
-3.5342e-06
4.11182e-05
-6.33785e-06
4.19522e-05
-8.58376e-06
4.28222e-05
-1.04447e-05
4.36761e-05
-1.15308e-05
4.4461e-05
-1.22722e-05
4.51408e-05
-1.26475e-05
4.5709e-05
-1.24908e-05
4.61362e-05
-1.21537e-05
4.64268e-05
-1.14959e-05
4.66107e-05
-1.07252e-05
4.67165e-05
-9.36583e-06
4.68286e-05
-7.15708e-06
4.69764e-05
-5.24591e-06
4.71726e-05
-2.86601e-06
4.73732e-05
-1.25759e-06
4.75501e-05
8.72661e-07
4.76783e-05
2.01271e-06
4.77269e-05
2.77331e-06
4.77418e-05
3.30682e-06
4.77847e-05
3.88599e-06
4.7911e-05
4.42591e-06
4.81828e-05
4.99491e-06
4.85916e-05
4.91889e-06
4.91132e-05
3.9817e-06
4.97356e-05
2.42282e-06
5.04115e-05
-9.95486e-08
5.11138e-05
-1.84402e-06
5.18439e-05
-2.82747e-06
5.25844e-05
-3.46858e-06
-3.26602e-06
5.33167e-05
3.93657e-05
2.96904e-06
3.98712e-05
-8.23116e-07
4.05764e-05
-4.23943e-06
4.14201e-05
-7.18153e-06
4.23287e-05
-9.49244e-06
4.32318e-05
-1.13478e-05
4.40665e-05
-1.23655e-05
4.47775e-05
-1.29832e-05
4.53331e-05
-1.3203e-05
4.57368e-05
-1.28946e-05
4.59712e-05
-1.23881e-05
4.60539e-05
-1.15786e-05
4.60265e-05
-1.06978e-05
4.59302e-05
-9.26953e-06
4.58617e-05
-7.08862e-06
4.58525e-05
-5.2367e-06
4.59221e-05
-2.93558e-06
4.60232e-05
-1.35868e-06
4.61345e-05
7.61362e-07
4.62218e-05
1.92539e-06
4.62502e-05
2.74485e-06
4.6258e-05
3.2991e-06
4.63003e-05
3.84363e-06
4.64263e-05
4.29998e-06
4.66919e-05
4.72925e-06
4.70827e-05
4.5281e-06
4.75684e-05
3.496e-06
4.81323e-05
1.85898e-06
4.87213e-05
-6.88624e-07
4.93144e-05
-2.43705e-06
4.99171e-05
-3.43024e-06
5.05152e-05
-4.06667e-06
-3.84936e-06
5.10985e-05
3.94071e-05
2.66679e-06
4.00108e-05
-1.42684e-06
4.08369e-05
-5.0655e-06
4.17884e-05
-8.13304e-06
4.27617e-05
-1.04658e-05
4.36667e-05
-1.22527e-05
4.44328e-05
-1.31317e-05
4.50087e-05
-1.3559e-05
4.53739e-05
-1.35683e-05
4.55492e-05
-1.30698e-05
4.55336e-05
-1.23726e-05
4.53618e-05
-1.14068e-05
4.50872e-05
-1.04231e-05
4.47645e-05
-8.94682e-06
4.45011e-05
-6.82531e-06
4.43278e-05
-5.06333e-06
4.427e-05
-2.87778e-06
4.42759e-05
-1.36458e-06
4.43316e-05
7.05636e-07
4.43916e-05
1.86534e-06
4.44165e-05
2.71995e-06
4.44345e-05
3.28113e-06
4.44927e-05
3.78541e-06
4.46321e-05
4.16061e-06
4.49016e-05
4.45971e-06
4.52801e-05
4.14966e-06
4.57307e-05
3.04534e-06
4.62317e-05
1.35798e-06
4.67244e-05
-1.18125e-06
4.71946e-05
-2.90726e-06
4.76535e-05
-3.8891e-06
4.80905e-05
-4.50369e-06
-4.26484e-06
4.8506e-05
3.94658e-05
2.30586e-06
4.01986e-05
-2.15963e-06
4.11689e-05
-6.03578e-06
4.22289e-05
-9.19306e-06
4.32384e-05
-1.14752e-05
4.40893e-05
-1.31036e-05
4.47122e-05
-1.37545e-05
4.50696e-05
-1.39165e-05
4.51632e-05
-1.36618e-05
4.50378e-05
-1.29444e-05
4.47143e-05
-1.20491e-05
4.42459e-05
-1.09384e-05
4.36968e-05
-9.87396e-06
4.31337e-05
-8.38373e-06
4.26716e-05
-6.36321e-06
4.23362e-05
-4.72799e-06
4.21582e-05
-2.69971e-06
4.20796e-05
-1.28602e-06
4.20949e-05
6.90321e-07
4.21456e-05
1.81465e-06
4.21872e-05
2.67836e-06
4.2236e-05
3.23236e-06
4.23291e-05
3.69227e-06
4.2498e-05
3.99168e-06
4.27833e-05
4.17447e-06
4.31564e-05
3.77658e-06
4.35738e-05
2.62792e-06
4.40082e-05
9.23542e-07
4.43952e-05
-1.56824e-06
4.47295e-05
-3.24155e-06
4.50285e-05
-4.18816e-06
4.52869e-05
-4.76209e-06
-4.49524e-06
4.55173e-05
3.95506e-05
1.86015e-06
4.04523e-05
-3.0613e-06
4.15867e-05
-7.1702e-06
4.27365e-05
-1.03429e-05
4.37224e-05
-1.24611e-05
4.4428e-05
-1.38093e-05
4.48013e-05
-1.41278e-05
4.4835e-05
-1.39502e-05
4.45643e-05
-1.33911e-05
4.40658e-05
-1.24459e-05
4.33845e-05
-1.13678e-05
4.25911e-05
-1.01449e-05
4.1756e-05
-9.03894e-06
4.09548e-05
-7.58244e-06
4.03043e-05
-5.71271e-06
3.98209e-05
-4.24466e-06
3.95386e-05
-2.41738e-06
3.93928e-05
-1.14025e-06
3.93873e-05
6.95862e-07
3.94495e-05
1.75241e-06
3.95303e-05
2.59757e-06
3.96322e-05
3.13044e-06
3.97809e-05
3.5436e-06
3.99969e-05
3.77573e-06
4.03107e-05
3.86061e-06
4.06864e-05
3.40095e-06
4.10731e-05
2.24121e-06
4.14378e-05
5.5879e-07
4.17105e-05
-1.84096e-06
4.18966e-05
-3.42762e-06
4.20213e-05
-4.31281e-06
4.20857e-05
-4.8265e-06
-4.52673e-06
4.21172e-05
3.96755e-05
1.28951e-06
4.07946e-05
-4.18034e-06
4.2098e-05
-8.47362e-06
4.32807e-05
-1.15256e-05
4.41337e-05
-1.33141e-05
4.45559e-05
-1.42316e-05
4.45396e-05
-1.41114e-05
4.4128e-05
-1.35386e-05
4.34013e-05
-1.26644e-05
4.24704e-05
-1.1515e-05
4.14024e-05
-1.02999e-05
4.02801e-05
-9.02254e-06
3.91722e-05
-7.93106e-06
3.81566e-05
-6.56691e-06
3.73457e-05
-4.90173e-06
3.67415e-05
-3.64046e-06
3.63798e-05
-2.05569e-06
3.61895e-05
-9.49993e-07
3.61852e-05
7.00173e-07
3.62806e-05
1.65696e-06
3.64229e-05
2.45528e-06
3.65999e-05
2.95349e-06
3.68244e-05
3.31914e-06
3.71047e-05
3.49537e-06
3.74603e-05
3.50503e-06
3.78468e-05
3.01447e-06
3.82059e-05
1.88214e-06
3.84984e-05
2.66256e-07
3.8649e-05
-1.99159e-06
3.8676e-05
-3.45455e-06
3.8614e-05
-4.25084e-06
3.84728e-05
-4.68527e-06
-4.35078e-06
3.82968e-05
3.98625e-05
5.31909e-07
4.12495e-05
-5.56741e-06
4.26863e-05
-9.9104e-06
4.37758e-05
-1.26151e-05
4.43148e-05
-1.3853e-05
4.42617e-05
-1.41785e-05
4.36904e-05
-1.35401e-05
4.27138e-05
-1.25621e-05
4.14613e-05
-1.14118e-05
4.00722e-05
-1.01259e-05
3.86266e-05
-8.85434e-06
3.72078e-05
-7.60374e-06
3.58719e-05
-6.59515e-06
3.46918e-05
-5.38675e-06
3.3767e-05
-3.97696e-06
3.30818e-05
-2.95526e-06
3.26729e-05
-1.64681e-06
3.24639e-05
-7.41023e-07
3.24824e-05
6.81732e-07
3.263e-05
1.50934e-06
3.28524e-05
2.23284e-06
3.31227e-05
2.68325e-06
3.34401e-05
3.00168e-06
3.38002e-05
3.13532e-06
3.42094e-05
3.09579e-06
3.46147e-05
2.60918e-06
3.49494e-05
1.54741e-06
3.51679e-05
4.7768e-08
3.519e-05
-2.01364e-06
3.50493e-05
-3.31387e-06
3.47926e-05
-3.99413e-06
3.44403e-05
-4.33302e-06
-3.96743e-06
3.4057e-05
4.01416e-05
-5.04859e-07
4.1826e-05
-7.25173e-06
4.32697e-05
-1.13542e-05
4.40255e-05
-1.33709e-05
4.39789e-05
-1.38064e-05
4.3215e-05
-1.34146e-05
4.1927e-05
-1.22521e-05
4.03032e-05
-1.09383e-05
3.85102e-05
-9.61881e-06
3.66963e-05
-8.31199e-06
3.49369e-05
-7.09497e-06
3.33005e-05
-5.96727e-06
3.18175e-05
-5.11225e-06
3.05486e-05
-4.11779e-06
2.9574e-05
-3.00235e-06
2.88578e-05
-2.2391e-06
2.8438e-05
-1.227e-06
2.82355e-05
-5.38519e-07
2.82935e-05
6.23773e-07
2.8505e-05
1.29779e-06
2.88179e-05
1.91999e-06
2.91915e-05
2.30963e-06
2.96123e-05
2.58089e-06
3.00622e-05
2.68541e-06
3.05339e-05
2.6241e-06
3.09645e-05
2.17853e-06
3.12782e-05
1.23373e-06
3.14219e-05
-9.59564e-08
3.13112e-05
-1.9029e-06
3.09987e-05
-3.00139e-06
3.05462e-05
-3.54161e-06
2.99877e-05
-3.77458e-06
-3.38989e-06
2.94102e-05
4.05375e-05
-1.93744e-06
4.24623e-05
-9.17657e-06
4.36066e-05
-1.24985e-05
4.3625e-05
-1.33893e-05
4.26413e-05
-1.28227e-05
4.09375e-05
-1.17108e-05
3.88374e-05
-1.0152e-05
3.6578e-05
-8.67886e-06
3.43259e-05
-7.36674e-06
3.22048e-05
-6.19088e-06
3.02629e-05
-5.15306e-06
2.85372e-05
-4.24165e-06
2.70229e-05
-3.59791e-06
2.5763e-05
-2.8579e-06
2.48148e-05
-2.05414e-06
2.41232e-05
-1.54748e-06
2.37283e-05
-8.32137e-07
2.35524e-05
-3.62602e-07
2.36571e-05
5.19106e-07
2.39318e-05
1.02311e-06
2.43311e-05
1.52062e-06
2.48042e-05
1.83654e-06
2.53262e-05
2.05887e-06
2.58665e-05
2.14511e-06
2.64031e-05
2.08755e-06
2.68626e-05
1.71903e-06
2.71583e-05
9.38056e-07
2.72286e-05
-1.66289e-07
2.69853e-05
-1.65961e-06
2.65048e-05
-2.52093e-06
2.58678e-05
-2.90458e-06
2.51247e-05
-3.03147e-06
-2.65109e-06
2.43859e-05
4.10322e-05
-3.86476e-06
4.28836e-05
-1.1028e-05
4.31022e-05
-1.2717e-05
4.18105e-05
-1.20976e-05
3.95491e-05
-1.05614e-05
3.68033e-05
-8.96502e-06
3.39665e-05
-7.3152e-06
3.1247e-05
-5.95932e-06
2.87518e-05
-4.87158e-06
2.65404e-05
-3.97947e-06
2.46149e-05
-3.2276e-06
2.29715e-05
-2.59817e-06
2.15662e-05
-2.19266e-06
2.04258e-05
-1.71748e-06
1.95846e-05
-1.21295e-06
1.89722e-05
-9.35117e-07
1.8633e-05
-4.92866e-07
1.84945e-05
-2.2416e-07
1.8639e-05
3.74599e-07
1.89581e-05
7.04057e-07
1.94191e-05
1.05956e-06
1.9966e-05
1.28967e-06
2.05667e-05
1.45815e-06
2.11809e-05
1.53095e-06
2.17727e-05
1.49575e-06
2.22583e-05
1.23342e-06
2.25383e-05
6.58045e-07
2.25408e-05
-1.68723e-07
2.2174e-05
-1.29281e-06
2.15445e-05
-1.89146e-06
2.07562e-05
-2.11625e-06
1.98771e-05
-2.15237e-06
-1.81334e-06
1.90393e-05
4.15196e-05
-6.27949e-06
4.22539e-05
-1.17623e-05
4.04544e-05
-1.09175e-05
3.72788e-05
-8.92201e-06
3.36692e-05
-6.95178e-06
3.01198e-05
-5.41558e-06
2.69218e-05
-4.11723e-06
2.41414e-05
-3.17889e-06
2.17676e-05
-2.49784e-06
1.97727e-05
-1.98453e-06
1.81116e-05
-1.56651e-06
1.6744e-05
-1.23053e-06
1.55954e-05
-1.0441e-06
1.46834e-05
-8.05459e-07
1.40245e-05
-5.54046e-07
1.35393e-05
-4.49934e-07
1.32777e-05
-2.31299e-07
1.31763e-05
-1.22703e-07
1.33372e-05
2.13631e-07
1.36597e-05
3.81576e-07
1.41298e-05
5.89473e-07
1.46934e-05
7.26068e-07
1.53181e-05
8.33406e-07
1.59602e-05
8.88856e-07
1.65747e-05
8.81315e-07
1.70702e-05
7.37888e-07
1.73345e-05
3.93751e-07
1.72827e-05
-1.16901e-07
1.68193e-05
-8.29451e-07
1.60895e-05
-1.16162e-06
1.52223e-05
-1.24909e-06
1.42993e-05
-1.22935e-06
-9.79452e-07
1.34654e-05
4.10589e-05
-8.2335e-06
3.79968e-05
-8.70026e-06
3.30343e-05
-5.9549e-06
2.81163e-05
-4.00404e-06
2.38749e-05
-2.71038e-06
2.03636e-05
-1.90432e-06
1.75689e-05
-1.32252e-06
1.53465e-05
-9.56465e-07
1.3567e-05
-7.18347e-07
1.21377e-05
-5.55244e-07
1.09952e-05
-4.23957e-07
1.0086e-05
-3.21337e-07
9.32428e-06
-2.82416e-07
8.73175e-06
-2.12933e-07
8.31556e-06
-1.3786e-07
7.9943e-06
-1.28674e-07
7.82509e-06
-6.20868e-08
7.75117e-06
-4.87771e-08
7.89137e-06
7.3428e-08
8.15359e-06
1.19356e-07
8.54745e-06
1.95612e-07
9.02871e-06
2.44811e-07
9.57384e-06
2.88279e-07
1.01465e-05
3.1617e-07
1.07041e-05
3.23751e-07
1.11602e-05
2.81811e-07
1.13979e-05
1.56051e-07
1.13224e-05
-4.14021e-08
1.08311e-05
-3.38192e-07
1.01139e-05
-4.44441e-07
9.31421e-06
-4.49371e-07
8.50797e-06
-4.23107e-07
-3.04501e-07
7.83302e-06
3.08714e-05
2.21711e-05
1.62162e-05
1.22122e-05
9.50179e-06
7.59747e-06
6.27495e-06
5.31848e-06
4.60014e-06
4.04489e-06
3.62094e-06
3.2996e-06
3.01718e-06
2.80425e-06
2.66639e-06
2.53772e-06
2.47563e-06
2.42685e-06
2.50028e-06
2.61964e-06
2.81525e-06
3.06006e-06
3.34834e-06
3.66451e-06
3.98826e-06
4.27007e-06
4.42612e-06
4.38472e-06
4.04653e-06
3.60209e-06
3.15272e-06
2.72961e-06
2.42511e-06
2.57093e-07
9.62885e-08
1.87252e-07
6.98415e-08
1.36483e-07
5.07692e-08
9.63473e-08
4.01352e-08
6.61339e-08
3.02134e-08
4.39129e-08
2.2221e-08
2.53645e-08
1.85483e-08
1.04677e-08
1.48968e-08
-1.15228e-09
1.162e-08
-7.19176e-09
6.03949e-09
-1.04713e-08
3.27957e-09
-9.13753e-09
-1.33379e-09
-7.14444e-10
-8.42308e-09
1.68103e-08
-1.75248e-08
4.37466e-08
-2.69363e-08
8.19667e-08
-3.82201e-08
1.34182e-07
-5.22157e-08
1.98704e-07
-6.45214e-08
2.85198e-07
-8.64947e-08
3.78565e-07
-9.33668e-08
4.93877e-07
-1.15312e-07
6.21624e-07
-1.27747e-07
-1.40262e-07
7.61886e-07
1.29742e-06
4.44211e-07
1.02634e-06
3.40913e-07
8.18747e-07
2.58367e-07
6.54782e-07
2.04099e-07
5.27227e-07
1.57769e-07
4.303e-07
1.19147e-07
3.53113e-07
9.5736e-08
2.92147e-07
7.58627e-08
2.45569e-07
5.81985e-08
2.19778e-07
3.18302e-08
2.10371e-07
1.26868e-08
2.21887e-07
-1.28504e-08
2.62684e-07
-4.92195e-08
3.37194e-07
-9.20347e-08
4.43846e-07
-1.33588e-07
5.8479e-07
-1.79165e-07
7.63253e-07
-2.30678e-07
9.76319e-07
-2.77587e-07
1.23516e-06
-3.45334e-07
1.51704e-06
-3.75246e-07
1.84018e-06
-4.38453e-07
2.18794e-06
-4.75505e-07
-5.0783e-07
2.55551e-06
2.8576e-06
1.0845e-06
2.33823e-06
8.60281e-07
1.92608e-06
6.70516e-07
1.59496e-06
5.35223e-07
1.33299e-06
4.19739e-07
1.13097e-06
3.21161e-07
9.71789e-07
2.5492e-07
8.48498e-07
1.99153e-07
7.56793e-07
1.49903e-07
7.07453e-07
8.11703e-08
6.94112e-07
2.60287e-08
7.24013e-07
-4.2752e-08
8.10297e-07
-1.35503e-07
9.5753e-07
-2.39267e-07
1.15998e-06
-3.36042e-07
1.41774e-06
-4.36925e-07
1.73231e-06
-5.45249e-07
2.09757e-06
-6.42846e-07
2.52394e-06
-7.71701e-07
2.9815e-06
-8.32808e-07
3.48909e-06
-9.46039e-07
4.02333e-06
-1.00975e-06
-1.06029e-06
4.57579e-06
4.94963e-06
2.0226e-06
4.15987e-06
1.65005e-06
3.51154e-06
1.31884e-06
2.978e-06
1.06876e-06
2.54709e-06
8.50651e-07
2.20871e-06
6.59539e-07
1.94073e-06
5.22899e-07
1.7339e-06
4.05989e-07
1.58134e-06
3.02457e-07
1.49875e-06
1.63766e-07
1.47724e-06
4.75299e-08
1.52649e-06
-9.20021e-08
1.66338e-06
-2.72388e-07
1.89037e-06
-4.66262e-07
2.19543e-06
-6.41099e-07
2.57445e-06
-8.1594e-07
3.02533e-06
-9.96128e-07
3.53758e-06
-1.1551e-06
4.11977e-06
-1.35389e-06
4.73459e-06
-1.44763e-06
5.40158e-06
-1.61303e-06
6.0915e-06
-1.69968e-06
-1.76293e-06
6.79414e-06
7.5354e-06
3.23035e-06
6.48206e-06
2.70338e-06
5.58853e-06
2.21237e-06
4.8333e-06
1.824e-06
4.20876e-06
1.47519e-06
3.70773e-06
1.16057e-06
3.30566e-06
9.2497e-07
2.99302e-06
7.1863e-07
2.76111e-06
5.34367e-07
2.63137e-06
2.9351e-07
2.59239e-06
8.65041e-08
2.65588e-06
-1.55494e-07
2.84145e-06
-4.57953e-07
3.14747e-06
-7.72288e-07
3.55381e-06
-1.04744e-06
4.05036e-06
-1.31249e-06
4.63003e-06
-1.57579e-06
5.27749e-06
-1.80257e-06
5.99864e-06
-2.07503e-06
6.74948e-06
-2.19847e-06
7.55058e-06
-2.41413e-06
8.36807e-06
-2.51716e-06
-2.58624e-06
9.19138e-06
1.05477e-05
4.65537e-06
9.2632e-06
3.98787e-06
8.13893e-06
3.33665e-06
7.16225e-06
2.80067e-06
6.3341e-06
2.30334e-06
5.65405e-06
1.84061e-06
5.09846e-06
1.48057e-06
4.66034e-06
1.15675e-06
4.33058e-06
8.64126e-07
4.13764e-06
4.86446e-07
4.06819e-06
1.55958e-07
4.13585e-06
-2.23149e-07
4.36212e-06
-6.84224e-07
4.73972e-06
-1.14989e-06
5.23916e-06
-1.54687e-06
5.84297e-06
-1.9163e-06
6.53809e-06
-2.27091e-06
7.30434e-06
-2.56882e-06
8.14449e-06
-2.91518e-06
9.00879e-06
-3.06278e-06
9.91926e-06
-3.3246e-06
1.08383e-05
-3.43625e-06
-3.50398e-06
1.17561e-05
1.39028e-05
6.23156e-06
1.24383e-05
5.45235e-06
1.11182e-05
4.65677e-06
9.93995e-06
3.97895e-06
8.91517e-06
3.32811e-06
8.05309e-06
2.70269e-06
7.33416e-06
2.1995e-06
6.75703e-06
1.73388e-06
6.31401e-06
1.30715e-06
6.04213e-06
7.5832e-07
5.92736e-06
2.70735e-07
5.98556e-06
-2.81356e-07
6.23974e-06
-9.38399e-07
6.67594e-06
-1.5861e-06
7.2547e-06
-2.12563e-06
7.95029e-06
-2.61189e-06
8.74314e-06
-3.06376e-06
9.6084e-06
-3.43408e-06
1.05456e-05
-3.85235e-06
1.15e-05
-4.01724e-06
1.24956e-05
-4.32016e-06
1.34917e-05
-4.43232e-06
-4.4918e-06
1.44795e-05
1.75091e-05
7.88958e-06
1.59256e-05
7.03589e-06
1.44586e-05
6.12373e-06
1.31147e-05
5.32287e-06
1.19163e-05
4.52648e-06
1.08836e-05
3.73543e-06
1.00033e-05
3.07975e-06
9.28253e-06
2.45467e-06
8.71675e-06
1.87293e-06
8.35309e-06
1.12198e-06
8.17852e-06
4.45302e-07
8.21194e-06
-3.14773e-07
8.47785e-06
-1.20432e-06
8.95541e-06
-2.06365e-06
9.5953e-06
-2.76551e-06
1.03631e-05
-3.37972e-06
1.12326e-05
-3.93326e-06
1.21747e-05
-4.37618e-06
1.31855e-05
-4.86318e-06
1.42065e-05
-5.03814e-06
1.52633e-05
-5.37699e-06
1.63129e-05
-5.4819e-06
-5.52683e-06
1.73479e-05
2.12783e-05
9.56117e-06
1.96412e-05
8.67299e-06
1.80858e-05
7.67916e-06
1.66249e-05
6.7838e-06
1.52902e-05
5.86112e-06
1.41124e-05
4.91326e-06
1.30858e-05
4.10636e-06
1.22275e-05
3.313e-06
1.15377e-05
2.56272e-06
1.10748e-05
1.58486e-06
1.08288e-05
6.91303e-07
1.08227e-05
-3.08643e-07
1.1083e-05
-1.46464e-06
1.15824e-05
-2.5631e-06
1.22627e-05
-3.44577e-06
1.30807e-05
-4.19779e-06
1.40038e-05
-4.85626e-06
1.4999e-05
-5.3714e-06
1.60591e-05
-5.92333e-06
1.71223e-05
-6.10133e-06
1.82164e-05
-6.47111e-06
1.9296e-05
-6.56145e-06
-6.58612e-06
2.03553e-05
2.51261e-05
1.11851e-05
2.34986e-05
1.03005e-05
2.19156e-05
9.26216e-06
2.03931e-05
8.30633e-06
1.89694e-05
7.28485e-06
1.76836e-05
6.19897e-06
1.65376e-05
5.25239e-06
1.55591e-05
4.29155e-06
1.47537e-05
3.36811e-06
1.41915e-05
2.14703e-06
1.38674e-05
1.01541e-06
1.38096e-05
-2.50864e-07
1.40477e-05
-1.70269e-06
1.45489e-05
-3.06433e-06
1.52475e-05
-4.14441e-06
1.60925e-05
-5.04279e-06
1.70448e-05
-5.80856e-06
1.80688e-05
-6.39534e-06
1.91536e-05
-7.00815e-06
2.0235e-05
-7.18272e-06
2.13428e-05
-7.5789e-06
2.24294e-05
-7.64803e-06
-7.64735e-06
2.34906e-05
2.89755e-05
1.27097e-05
2.74141e-05
1.18618e-05
2.58617e-05
1.08146e-05
2.43342e-05
9.8338e-06
2.28735e-05
8.74557e-06
2.15248e-05
7.54771e-06
2.02957e-05
6.48149e-06
1.92241e-05
5.3631e-06
1.8321e-05
4.27119e-06
1.76677e-05
2.80037e-06
1.72652e-05
1.41793e-06
1.7148e-05
-1.33652e-07
1.73494e-05
-1.90415e-06
1.78332e-05
-3.54812e-06
1.85283e-05
-4.83955e-06
1.93768e-05
-5.89122e-06
2.03339e-05
-6.76572e-06
2.13621e-05
-7.42357e-06
2.24472e-05
-8.09321e-06
2.35232e-05
-8.25874e-06
2.46217e-05
-8.67739e-06
2.56932e-05
-8.7195e-06
-8.68917e-06
2.6735e-05
3.27562e-05
1.40958e-05
3.13067e-05
1.33114e-05
2.98348e-05
1.22865e-05
2.83544e-05
1.13142e-05
2.69077e-05
1.01923e-05
2.5543e-05
8.91239e-06
2.4272e-05
7.75247e-06
2.31412e-05
6.49389e-06
2.21658e-05
5.24665e-06
2.14365e-05
3.52964e-06
2.09614e-05
1.89298e-06
2.07817e-05
4.60509e-08
2.09353e-05
-2.05774e-06
2.13842e-05
-3.99697e-06
2.20548e-05
-5.51016e-06
2.28836e-05
-6.71998e-06
2.38215e-05
-7.70364e-06
2.48299e-05
-8.43201e-06
2.58913e-05
-9.1546e-06
2.69392e-05
-9.30658e-06
2.80064e-05
-9.74465e-06
2.9042e-05
-9.75506e-06
-9.6919e-06
3.00447e-05
3.64153e-05
1.53086e-05
3.51189e-05
1.46078e-05
3.37739e-05
1.36315e-05
3.23904e-05
1.26977e-05
3.10089e-05
1.15738e-05
2.96779e-05
1.02434e-05
2.84109e-05
9.01941e-06
2.7261e-05
7.64377e-06
2.6246e-05
6.26167e-06
2.54641e-05
4.31156e-06
2.49302e-05
2.42692e-06
2.46919e-05
2.84316e-07
2.47922e-05
-2.1581e-06
2.51934e-05
-4.39817e-06
2.58224e-05
-6.13907e-06
2.66116e-05
-7.50921e-06
2.75089e-05
-8.60095e-06
2.84758e-05
-9.39894e-06
2.94916e-05
-1.01704e-05
3.04902e-05
-1.03052e-05
3.15055e-05
-1.07599e-05
3.24852e-05
-1.07348e-05
-1.06362e-05
3.34294e-05
3.98992e-05
1.63261e-05
3.87842e-05
1.57228e-05
3.76004e-05
1.48152e-05
3.63535e-05
1.39447e-05
3.50802e-05
1.28471e-05
3.38271e-05
1.14964e-05
3.26078e-05
1.02388e-05
3.14791e-05
8.77242e-06
3.04598e-05
7.281e-06
2.96523e-05
5.119e-06
2.90777e-05
3.00154e-06
2.87893e-05
5.72696e-07
2.8835e-05
-2.20372e-06
2.91789e-05
-4.74212e-06
2.97514e-05
-6.71153e-06
3.04832e-05
-8.24101e-06
3.13203e-05
-9.43804e-06
3.22256e-05
-1.03043e-05
3.31756e-05
-1.11203e-05
3.41057e-05
-1.12353e-05
3.50504e-05
-1.17047e-05
3.59567e-05
-1.1641e-05
-1.15055e-05
3.6826e-05
4.31706e-05
1.71315e-05
4.22595e-05
1.6634e-05
4.1265e-05
1.58097e-05
4.0188e-05
1.50217e-05
3.90607e-05
1.39744e-05
3.79262e-05
1.2631e-05
3.67959e-05
1.1369e-05
3.57288e-05
9.83952e-06
3.47424e-05
8.26747e-06
3.39403e-05
5.9211e-06
3.33481e-05
3.59367e-06
3.30237e-05
8.9716e-07
3.30188e-05
-2.19882e-06
3.33013e-05
-5.02462e-06
3.38074e-05
-7.21768e-06
3.44683e-05
-8.90187e-06
3.52295e-05
-1.01993e-05
3.60568e-05
-1.11316e-05
3.69239e-05
-1.19874e-05
3.77692e-05
-1.20806e-05
3.86273e-05
-1.25628e-05
3.94449e-05
-1.24586e-05
-1.22852e-05
4.02247e-05
4.61955e-05
1.77177e-05
4.55003e-05
1.73292e-05
4.47124e-05
1.65975e-05
4.38283e-05
1.59058e-05
4.2875e-05
1.49276e-05
4.18908e-05
1.36153e-05
4.08843e-05
1.23755e-05
3.99142e-05
1.08097e-05
3.89951e-05
9.18663e-06
3.82285e-05
6.68762e-06
3.76431e-05
4.17905e-06
3.7299e-05
1.24128e-06
3.72509e-05
-2.1507e-06
3.74712e-05
-5.24487e-06
3.79044e-05
-7.65096e-06
3.8484e-05
-9.48146e-06
3.91568e-05
-1.0872e-05
3.98923e-05
-1.18671e-05
4.06624e-05
-1.27575e-05
4.14095e-05
-1.28277e-05
4.21677e-05
-1.3321e-05
4.28842e-05
-1.31752e-05
-1.29639e-05
4.35629e-05
4.89564e-05
1.80792e-05
4.84863e-05
1.77993e-05
4.79189e-05
1.71649e-05
4.72464e-05
1.65784e-05
4.64906e-05
1.56833e-05
4.56845e-05
1.44214e-05
4.48331e-05
1.32269e-05
4.39929e-05
1.16498e-05
4.31746e-05
1.0005e-05
4.24748e-05
7.38744e-06
4.1923e-05
4.73081e-06
4.15798e-05
1.58453e-06
4.1501e-05
-2.07194e-06
4.16641e-05
-5.40793e-06
4.20238e-05
-8.01073e-06
4.25175e-05
-9.97516e-06
4.30946e-05
-1.14491e-05
4.37298e-05
-1.25023e-05
4.43932e-05
-1.34209e-05
4.50327e-05
-1.34672e-05
4.56815e-05
-1.39697e-05
4.62879e-05
-1.37816e-05
-1.35329e-05
4.68568e-05
5.14295e-05
1.82259e-05
5.11785e-05
1.80502e-05
5.08295e-05
1.75139e-05
5.03713e-05
1.70367e-05
4.98208e-05
1.62338e-05
4.92053e-05
1.50369e-05
4.8526e-05
1.39062e-05
4.78362e-05
1.23397e-05
4.71413e-05
1.06998e-05
4.65307e-05
7.99809e-06
4.6033e-05
5.2285e-06
4.57068e-05
1.91078e-06
4.56073e-05
-1.97246e-06
4.5717e-05
-5.51761e-06
4.60021e-05
-8.2959e-06
4.64055e-05
-1.03785e-05
4.68804e-05
-1.1924e-05
4.74076e-05
-1.30295e-05
4.79562e-05
-1.39695e-05
4.84804e-05
-1.39914e-05
4.90121e-05
-1.45014e-05
4.95016e-05
-1.42711e-05
-1.39862e-05
4.9955e-05
5.3621e-05
1.8161e-05
5.35882e-05
1.80831e-05
5.34598e-05
1.76423e-05
5.32216e-05
1.72748e-05
5.28862e-05
1.65691e-05
5.24751e-05
1.5448e-05
5.19857e-05
1.43956e-05
5.14671e-05
1.28583e-05
5.09193e-05
1.12476e-05
5.04221e-05
8.49525e-06
5.0002e-05
5.6486e-06
4.97136e-05
2.19924e-06
4.96096e-05
-1.86845e-06
4.9677e-05
-5.58507e-06
4.98944e-05
-8.51323e-06
5.02108e-05
-1.0695e-05
5.05846e-05
-1.22978e-05
5.10032e-05
-1.3448e-05
5.14353e-05
-1.44016e-05
5.18423e-05
-1.43984e-05
5.22544e-05
-1.49136e-05
5.26246e-05
-1.46414e-05
-1.43214e-05
5.29599e-05
5.55246e-05
1.79e-05
5.56965e-05
1.79112e-05
5.57779e-05
1.7561e-05
5.57524e-05
1.73003e-05
5.56284e-05
1.66931e-05
5.54221e-05
1.56543e-05
5.51272e-05
1.46905e-05
5.47882e-05
1.31973e-05
5.43994e-05
1.16364e-05
5.403e-05
8.86472e-06
5.37026e-05
5.97598e-06
5.34662e-05
2.43563e-06
5.33693e-05
-1.77152e-06
5.34029e-05
-5.61868e-06
5.35575e-05
-8.66787e-06
5.37898e-05
-1.09273e-05
5.40636e-05
-1.25716e-05
5.43735e-05
-1.37579e-05
5.46883e-05
-1.47164e-05
5.49773e-05
-1.46875e-05
5.52689e-05
-1.52052e-05
5.55193e-05
-1.48917e-05
-1.45384e-05
5.57362e-05
5.71495e-05
1.7461e-05
5.75095e-05
1.75512e-05
5.7786e-05
1.72845e-05
5.79611e-05
1.71253e-05
5.80394e-05
1.66148e-05
5.80322e-05
1.56614e-05
5.79301e-05
1.47926e-05
5.77725e-05
1.33549e-05
5.75483e-05
1.18606e-05
5.7315e-05
9.098e-06
5.70909e-05
6.20012e-06
5.69177e-05
2.60879e-06
5.68381e-05
-1.69193e-06
5.68465e-05
-5.62704e-06
5.69449e-05
-8.76634e-06
5.70979e-05
-1.10802e-05
5.72753e-05
-1.2749e-05
5.74789e-05
-1.39615e-05
5.76784e-05
-1.49159e-05
5.78514e-05
-1.48605e-05
5.80239e-05
-1.53777e-05
5.81561e-05
-1.50238e-05
-1.46389e-05
5.82566e-05
5.85168e-05
1.68567e-05
5.90528e-05
1.70151e-05
5.95136e-05
1.68237e-05
5.98801e-05
1.67588e-05
6.01538e-05
1.63411e-05
6.03415e-05
1.54737e-05
6.0431e-05
1.47031e-05
6.04567e-05
1.33292e-05
6.04024e-05
1.19149e-05
6.03137e-05
9.18666e-06
6.02038e-05
6.31007e-06
6.01064e-05
2.70619e-06
6.00571e-05
-1.64259e-06
6.00526e-05
-5.62253e-06
6.01059e-05
-8.81966e-06
6.01893e-05
-1.11636e-05
6.0279e-05
-1.28387e-05
6.03841e-05
-1.40666e-05
6.04751e-05
-1.50069e-05
6.05386e-05
-1.4924e-05
6.05978e-05
-1.5437e-05
6.06173e-05
-1.50433e-05
-1.46283e-05
6.06067e-05
5.96267e-05
1.6118e-05
6.03083e-05
1.63336e-05
6.09237e-05
1.62082e-05
6.14535e-05
1.6229e-05
6.18964e-05
1.58983e-05
6.22553e-05
1.51147e-05
6.25159e-05
1.44426e-05
6.27076e-05
1.31375e-05
6.28096e-05
1.18129e-05
6.28559e-05
9.14036e-06
6.28541e-05
6.31183e-06
6.28295e-05
2.7308e-06
6.28096e-05
-1.62268e-06
6.27928e-05
-5.60575e-06
6.2802e-05
-8.8288e-06
6.2817e-05
-1.11786e-05
6.28205e-05
-1.28422e-05
6.28283e-05
-1.40744e-05
6.28124e-05
-1.49911e-05
6.27682e-05
-1.48797e-05
6.27162e-05
-1.53849e-05
6.26256e-05
-1.49527e-05
-1.45096e-05
6.25069e-05
6.05195e-05
1.52551e-05
6.13363e-05
1.55168e-05
6.20962e-05
1.54483e-05
6.27794e-05
1.55458e-05
6.33827e-05
1.5295e-05
6.39054e-05
1.4592e-05
6.43314e-05
1.40166e-05
6.46855e-05
1.27834e-05
6.49429e-05
1.15554e-05
6.51264e-05
8.9569e-06
6.52381e-05
6.20016e-06
6.52944e-05
2.67448e-06
6.53145e-05
-1.64277e-06
6.52977e-05
-5.58892e-06
6.52752e-05
-8.80637e-06
6.52345e-05
-1.11378e-05
6.51641e-05
-1.27718e-05
6.50863e-05
-1.39966e-05
6.49749e-05
-1.48797e-05
6.48337e-05
-1.47385e-05
6.46804e-05
-1.52316e-05
6.44893e-05
-1.47617e-05
-1.4292e-05
6.42716e-05
6.11971e-05
1.42944e-05
6.21219e-05
1.4592e-05
6.29991e-05
1.45711e-05
6.38089e-05
1.47359e-05
6.45464e-05
1.45576e-05
6.5208e-05
1.39303e-05
6.57763e-05
1.34483e-05
6.62717e-05
1.22881e-05
6.66663e-05
1.11608e-05
6.6972e-05
8.65117e-06
6.71859e-05
5.98628e-06
6.73157e-05
2.54469e-06
6.73719e-05
-1.69897e-06
6.73542e-05
-5.57118e-06
6.73011e-05
-8.75326e-06
6.72067e-05
-1.10435e-05
6.70656e-05
-1.26308e-05
6.69058e-05
-1.38368e-05
6.6703e-05
-1.4677e-05
6.64693e-05
-1.45047e-05
6.62192e-05
-1.49816e-05
6.59327e-05
-1.44752e-05
-1.39807e-05
6.56215e-05
6.16816e-05
1.32563e-05
6.26934e-05
1.35802e-05
6.36663e-05
1.35982e-05
6.4581e-05
1.38212e-05
6.5431e-05
1.37076e-05
6.62104e-05
1.31509e-05
6.6901e-05
1.27577e-05
6.75191e-05
1.167e-05
6.80343e-05
1.06456e-05
6.84487e-05
8.23684e-06
6.87543e-05
5.68059e-06
6.89508e-05
2.34819e-06
6.90402e-05
-1.78831e-06
6.9022e-05
-5.55296e-06
6.89407e-05
-8.67197e-06
6.87967e-05
-1.08995e-05
6.85902e-05
-1.24243e-05
6.8354e-05
-1.36006e-05
6.80661e-05
-1.4389e-05
6.77463e-05
-1.41849e-05
6.74061e-05
-1.46414e-05
6.7031e-05
-1.41001e-05
-1.35828e-05
6.66332e-05
6.19942e-05
1.21524e-05
6.30806e-05
1.24939e-05
6.41359e-05
1.25429e-05
6.51416e-05
1.28154e-05
6.60901e-05
1.27592e-05
6.69733e-05
1.22677e-05
6.77726e-05
1.19583e-05
6.85006e-05
1.0942e-05
6.91251e-05
1.00211e-05
6.96389e-05
7.72304e-06
7.003e-05
5.28951e-06
7.029e-05
2.08816e-06
7.04129e-05
-1.91118e-06
7.03979e-05
-5.53795e-06
7.02942e-05
-8.56833e-06
7.01081e-05
-1.07134e-05
6.98447e-05
-1.21609e-05
6.95411e-05
-1.3297e-05
6.91776e-05
-1.40255e-05
6.87812e-05
-1.37885e-05
6.83606e-05
-1.42208e-05
6.79067e-05
-1.36461e-05
-1.31081e-05
6.74319e-05
6.21241e-05
1.10121e-05
6.32544e-05
1.13636e-05
6.43609e-05
1.14364e-05
6.54258e-05
1.17505e-05
6.64405e-05
1.17445e-05
6.73953e-05
1.13129e-05
6.82717e-05
1.1082e-05
6.90786e-05
1.01351e-05
6.97828e-05
9.31683e-06
7.03688e-05
7.13704e-06
7.0821e-05
4.83737e-06
7.11239e-05
1.78528e-06
7.12638e-05
-2.05114e-06
7.12398e-05
-5.51393e-06
7.11048e-05
-8.43329e-06
7.08701e-05
-1.04787e-05
7.05457e-05
-1.18365e-05
7.01722e-05
-1.29234e-05
6.97322e-05
-1.35856e-05
6.92597e-05
-1.3316e-05
6.87599e-05
-1.3721e-05
6.82294e-05
-1.31157e-05
-1.25597e-05
6.7681e-05
6.20905e-05
9.8471e-06
6.32521e-05
1.0202e-05
6.4396e-05
1.02925e-05
6.55054e-05
1.06411e-05
6.65711e-05
1.06788e-05
6.75817e-05
1.03022e-05
6.85192e-05
1.01445e-05
6.93893e-05
9.26501e-06
7.01581e-05
8.548e-06
7.08026e-05
6.49255e-06
7.13041e-05
4.33584e-06
7.16409e-05
1.44846e-06
7.17925e-05
-2.20267e-06
7.17575e-05
-5.47893e-06
7.15916e-05
-8.26744e-06
7.13112e-05
-1.01983e-05
7.09305e-05
-1.14557e-05
7.04925e-05
-1.24855e-05
6.9983e-05
-1.30761e-05
6.94417e-05
-1.27746e-05
6.88706e-05
-1.31499e-05
6.82721e-05
-1.25172e-05
-1.19466e-05
6.7659e-05
6.18853e-05
8.67286e-06
6.30617e-05
9.02556e-06
6.42256e-05
9.12858e-06
6.53615e-05
9.5052e-06
6.64593e-05
9.58102e-06
6.75064e-05
9.25512e-06
6.84855e-05
9.16542e-06
6.9399e-05
8.35147e-06
7.02134e-05
7.73363e-06
7.08984e-05
5.8075e-06
7.14333e-05
3.80102e-06
7.17905e-05
1.09123e-06
7.19434e-05
-2.35556e-06
7.18908e-05
-5.42631e-06
7.16903e-05
-8.06697e-06
7.13628e-05
-9.87086e-06
7.09266e-05
-1.10195e-05
7.04267e-05
-1.19856e-05
6.98515e-05
-1.2501e-05
6.92464e-05
-1.21695e-05
6.86099e-05
-1.25134e-05
6.79502e-05
-1.18575e-05
-1.12762e-05
6.72799e-05
6.14984e-05
7.50424e-06
6.26738e-05
7.85017e-06
6.38408e-05
7.96149e-06
6.49856e-05
8.36048e-06
6.60972e-05
8.46936e-06
6.7162e-05
8.19037e-06
6.81636e-05
8.16384e-06
6.91013e-05
7.41373e-06
6.99423e-05
6.89265e-06
7.06499e-05
5.09991e-06
7.12015e-05
3.24936e-06
7.1565e-05
7.2772e-07
7.17082e-05
-2.49876e-06
7.16305e-05
-5.34854e-06
7.13907e-05
-7.82717e-06
7.1014e-05
-9.4942e-06
7.05226e-05
-1.05281e-05
6.99626e-05
-1.14255e-05
6.93256e-05
-1.1864e-05
6.86615e-05
-1.15054e-05
6.79657e-05
-1.18175e-05
6.72518e-05
-1.11437e-05
-1.05564e-05
6.6532e-05
6.09137e-05
6.35559e-06
6.20728e-05
6.69106e-06
6.3227e-05
6.80733e-06
6.43638e-05
7.2237e-06
6.54719e-05
7.36126e-06
6.65363e-05
7.12599e-06
6.75421e-05
7.15796e-06
6.84856e-05
6.47031e-06
6.9335e-05
6.04319e-06
7.00477e-05
4.38721e-06
7.06002e-05
2.69687e-06
7.09561e-05
3.71809e-07
7.10787e-05
-2.6213e-06
7.09682e-05
-5.23808e-06
7.06843e-05
-7.54329e-06
7.02564e-05
-9.06632e-06
6.97103e-05
-9.98196e-06
6.90923e-05
-1.08076e-05
6.83977e-05
-1.11693e-05
6.76802e-05
-1.07879e-05
6.69314e-05
-1.10688e-05
6.61711e-05
-1.03834e-05
-9.79564e-06
6.54103e-05
6.01095e-05
5.24161e-06
6.12368e-05
5.56378e-06
6.23616e-05
5.68247e-06
6.34736e-05
6.11176e-06
6.45607e-05
6.27415e-06
6.56067e-05
6.07991e-06
6.65989e-05
6.16583e-06
6.75297e-05
5.53953e-06
6.83697e-05
5.20318e-06
6.90703e-05
3.68659e-06
6.96078e-05
2.15935e-06
6.99424e-05
3.72024e-08
7.00335e-05
-2.71235e-06
6.98829e-05
-5.08752e-06
6.95504e-05
-7.21075e-06
6.90695e-05
-8.58541e-06
6.84694e-05
-9.3819e-06
6.77962e-05
-1.01344e-05
6.70486e-05
-1.04216e-05
6.62837e-05
-1.0023e-05
6.54894e-05
-1.02745e-05
6.46909e-05
-9.5849e-06
-9.0031e-06
6.38984e-05
5.90589e-05
4.17794e-06
6.01379e-05
4.48471e-06
6.12164e-05
4.604e-06
6.2286e-05
5.04219e-06
6.33342e-05
5.22597e-06
6.43436e-05
5.07043e-06
6.53038e-05
5.2057e-06
6.62035e-05
4.6398e-06
6.70162e-05
4.39046e-06
6.76877e-05
3.0151e-06
6.81947e-05
1.65235e-06
6.84947e-05
-2.62752e-07
6.85438e-05
-2.76151e-06
6.83464e-05
-4.89004e-06
6.79613e-05
-6.82566e-06
6.74263e-05
-8.05042e-06
6.67739e-05
-8.72957e-06
6.6049e-05
-9.40951e-06
6.52539e-05
-9.62657e-06
6.44486e-05
-9.21769e-06
6.36167e-05
-9.44254e-06
6.27892e-05
-8.75744e-06
-8.18867e-06
6.19748e-05
5.77344e-05
3.17906e-06
5.875e-05
3.46907e-06
5.97662e-05
3.58779e-06
6.07773e-05
4.03111e-06
6.17702e-05
4.23309e-06
6.27265e-05
4.11415e-06
6.36382e-05
4.29394e-06
6.44904e-05
3.78758e-06
6.52602e-05
3.62073e-06
6.58878e-05
2.38746e-06
6.63512e-05
1.18892e-06
6.66058e-05
-5.17316e-07
6.66054e-05
-2.76111e-06
6.6357e-05
-4.64159e-06
6.59181e-05
-6.38684e-06
6.53307e-05
-7.46299e-06
6.46304e-05
-8.02921e-06
6.38596e-05
-8.63876e-06
6.3025e-05
-8.79198e-06
6.21882e-05
-8.3809e-06
6.13287e-05
-8.58299e-06
6.0483e-05
-7.91175e-06
-7.36364e-06
5.9658e-05
5.61156e-05
2.24951e-06
5.70626e-05
2.52207e-06
5.80107e-05
2.63968e-06
5.89572e-05
3.08457e-06
5.98886e-05
3.30173e-06
6.07853e-05
3.21742e-06
6.16427e-05
3.43654e-06
6.24415e-05
2.98881e-06
6.31631e-05
2.89913e-06
6.37427e-05
1.80781e-06
6.41601e-05
7.71577e-07
6.43689e-05
-7.26157e-07
6.43215e-05
-2.71365e-06
6.40278e-05
-4.34792e-06
6.35434e-05
-5.90249e-06
6.29141e-05
-6.83363e-06
6.21782e-05
-7.29339e-06
6.13754e-05
-7.83591e-06
6.05163e-05
-7.93292e-06
5.96637e-05
-7.52826e-06
5.87925e-05
-7.71183e-06
5.7945e-05
-7.06424e-06
-6.54452e-06
5.71259e-05
5.41474e-05
1.41882e-06
5.49958e-05
1.67372e-06
5.58455e-05
1.78993e-06
5.66974e-05
2.2327e-06
5.75373e-05
2.46186e-06
5.83447e-05
2.40993e-06
5.91188e-05
2.66244e-06
5.98357e-05
2.27195e-06
6.04821e-05
2.2527e-06
6.09887e-05
1.3013e-06
6.13374e-05
4.22847e-07
6.14814e-05
-8.70195e-07
6.13721e-05
-2.60431e-06
6.10231e-05
-3.99894e-06
6.04868e-05
-5.36616e-06
5.98123e-05
-6.15917e-06
5.90408e-05
-6.52182e-06
5.82073e-05
-7.0025e-06
5.73273e-05
-7.05289e-06
5.64633e-05
-6.66423e-06
5.55858e-05
-6.83432e-06
5.47424e-05
-6.22082e-06
-5.73758e-06
5.39354e-05
5.18336e-05
6.83746e-07
5.2586e-05
9.21302e-07
5.33397e-05
1.03625e-06
5.40993e-05
1.47314e-06
5.48502e-05
1.71097e-06
5.55712e-05
1.68893e-06
5.62654e-05
1.96817e-06
5.69042e-05
1.63314e-06
5.74805e-05
1.67638e-06
5.79204e-05
8.61452e-07
5.82089e-05
1.34305e-07
5.8299e-05
-9.60289e-07
5.81416e-05
-2.44692e-06
5.77543e-05
-3.61157e-06
5.71849e-05
-4.79676e-06
5.64859e-05
-5.46016e-06
5.57002e-05
-5.73621e-06
5.48582e-05
-6.16046e-06
5.39795e-05
-6.17416e-06
5.31258e-05
-5.81057e-06
5.22633e-05
-5.97178e-06
5.14447e-05
-5.40226e-06
-4.96297e-06
5.06701e-05
4.91161e-05
7.3626e-08
4.97431e-05
2.94265e-07
5.03714e-05
4.07935e-07
5.101e-05
8.34619e-07
5.16438e-05
1.07718e-06
5.22509e-05
1.0818e-06
5.28391e-05
1.37998e-06
5.33745e-05
1.09771e-06
5.38571e-05
1.19379e-06
5.42091e-05
5.09439e-07
5.44194e-05
-7.5949e-08
5.44413e-05
-9.82207e-07
5.42263e-05
-2.23192e-06
5.37957e-05
-3.18097e-06
5.31918e-05
-4.19284e-06
5.24694e-05
-4.7378e-06
5.16729e-05
-4.93974e-06
5.08263e-05
-5.31385e-06
4.99538e-05
-5.30161e-06
4.91151e-05
-4.97194e-06
4.82721e-05
-5.12875e-06
4.74826e-05
-4.61276e-06
-4.22443e-06
4.67441e-05
4.6006e-05
-4.15098e-07
4.65111e-05
-2.10803e-07
4.70175e-05
-9.84983e-08
4.7539e-05
3.13177e-07
4.80602e-05
5.5596e-07
4.85587e-05
5.83346e-07
4.9047e-05
8.91614e-07
4.94861e-05
6.58649e-07
4.98834e-05
7.96474e-07
5.01579e-05
2.34932e-07
5.03024e-05
-2.20472e-07
5.02714e-05
-9.51188e-07
5.00172e-05
-1.97768e-06
4.95646e-05
-2.72838e-06
4.8949e-05
-3.57721e-06
4.82269e-05
-4.01571e-06
4.74433e-05
-4.15613e-06
4.66151e-05
-4.48565e-06
4.57709e-05
-4.45744e-06
4.49678e-05
-4.1689e-06
4.41635e-05
-4.3244e-06
4.34207e-05
-3.86993e-06
-3.53818e-06
4.27344e-05
4.24658e-05
-7.63755e-07
4.28307e-05
-5.75708e-07
4.31978e-05
-4.65588e-07
4.35857e-05
-7.47263e-08
4.39789e-05
1.62789e-07
4.43543e-05
2.07927e-07
4.47297e-05
5.16224e-07
4.50604e-05
3.27978e-07
4.53619e-05
4.94929e-07
4.55508e-05
4.60297e-08
4.56242e-05
-2.93863e-07
4.55382e-05
-8.65182e-07
4.52466e-05
-1.68613e-06
4.47776e-05
-2.25931e-06
4.41579e-05
-2.95758e-06
4.34449e-05
-3.30269e-06
4.26832e-05
-3.39442e-06
4.18818e-05
-3.68426e-06
4.10735e-05
-3.64913e-06
4.03116e-05
-3.40698e-06
3.955e-05
-3.5628e-06
3.8856e-05
-3.17591e-06
-2.90462e-06
3.82224e-05
3.85073e-05
-9.74278e-07
3.87346e-05
-8.03003e-07
3.89658e-05
-6.96719e-07
3.92245e-05
-3.33478e-07
3.9495e-05
-1.0769e-07
3.97538e-05
-5.08363e-08
4.00236e-05
2.46421e-07
4.02541e-05
9.74003e-08
4.04693e-05
2.79777e-07
4.05838e-05
-6.84827e-08
4.05991e-05
-3.09205e-07
4.04735e-05
-7.39559e-07
4.01628e-05
-1.37537e-06
3.96973e-05
-1.79387e-06
3.90946e-05
-2.3549e-06
3.84114e-05
-2.61949e-06
3.76912e-05
-2.67421e-06
3.69345e-05
-2.92757e-06
3.61779e-05
-2.89251e-06
3.547e-05
-2.69908e-06
3.47617e-05
-2.8545e-06
3.41241e-05
-2.53834e-06
-2.32875e-06
3.35483e-05
3.41283e-05
-1.04565e-06
3.42182e-05
-8.92825e-07
3.43148e-05
-7.93323e-07
3.4447e-05
-4.65727e-07
3.45985e-05
-2.59169e-07
3.47453e-05
-1.97676e-07
3.4915e-05
7.67712e-08
3.50517e-05
-3.93081e-08
3.51872e-05
1.44231e-07
3.52357e-05
-1.16934e-07
3.52027e-05
-2.76235e-07
3.50491e-05
-5.85917e-07
3.4733e-05
-1.05933e-06
3.42867e-05
-1.34751e-06
3.37171e-05
-1.78527e-06
3.30791e-05
-1.98156e-06
3.24143e-05
-2.00937e-06
3.17143e-05
-2.22761e-06
3.10189e-05
-2.1971e-06
3.03712e-05
-2.05131e-06
2.97196e-05
-2.20296e-06
2.91382e-05
-1.95695e-06
-1.8068e-06
2.86163e-05
2.93514e-05
-9.86835e-07
2.93141e-05
-8.55541e-07
2.9288e-05
-7.67185e-07
2.93065e-05
-4.84267e-07
2.93525e-05
-3.05162e-07
2.94016e-05
-2.46749e-07
2.94852e-05
-6.87817e-09
2.95425e-05
-9.65995e-08
2.96126e-05
7.41763e-08
2.96099e-05
-1.14223e-07
2.95439e-05
-2.10292e-07
2.93785e-05
-4.2046e-07
2.90747e-05
-7.55575e-07
2.86654e-05
-9.3825e-07
2.81469e-05
-1.26674e-06
2.75712e-05
-1.40582e-06
2.69766e-05
-1.41476e-06
2.63463e-05
-1.59734e-06
2.57223e-05
-1.57311e-06
2.51413e-05
-1.47027e-06
2.45503e-05
-1.61205e-06
2.40247e-05
-1.43134e-06
-1.33415e-06
2.35521e-05
2.42204e-05
-8.2133e-07
2.40807e-05
-7.15832e-07
2.39575e-05
-6.43961e-07
2.38881e-05
-4.14949e-07
2.38543e-05
-2.71353e-07
2.38311e-05
-2.23493e-07
2.3853e-05
-2.88186e-08
2.38547e-05
-9.82719e-08
2.38816e-05
4.72925e-08
2.38498e-05
-8.24744e-08
2.37724e-05
-1.32871e-07
2.36164e-05
-2.64497e-07
2.33466e-05
-4.85752e-07
2.29956e-05
-5.87225e-07
2.2549e-05
-8.20183e-07
2.20551e-05
-9.11841e-07
2.15483e-05
-9.07989e-07
2.1004e-05
-1.053e-06
2.04653e-05
-1.03446e-06
1.9962e-05
-9.66916e-07
1.94406e-05
-1.09071e-06
1.89757e-05
-9.66401e-07
-9.11556e-07
1.85531e-05
1.87989e-05
-5.80936e-07
1.8589e-05
-5.05942e-07
1.8401e-05
-4.55901e-07
1.82747e-05
-2.88718e-07
1.81904e-05
-1.87006e-07
1.81224e-05
-1.55516e-07
1.81074e-05
-1.37765e-08
1.80766e-05
-6.74929e-08
1.80805e-05
4.34055e-08
1.80386e-05
-4.06426e-08
1.7967e-05
-6.12371e-08
1.78368e-05
-1.34267e-07
1.76169e-05
-2.65845e-07
1.73391e-05
-3.09471e-07
1.69797e-05
-4.60746e-07
1.65819e-05
-5.14091e-07
1.61762e-05
-5.02298e-07
1.57311e-05
-6.07871e-07
1.52899e-05
-5.93251e-07
1.48748e-05
-5.51802e-07
1.44333e-05
-6.49243e-07
1.40366e-05
-5.6973e-07
-5.4368e-07
1.36688e-05
1.32023e-05
-3.17804e-07
1.29721e-05
-2.7578e-07
1.27663e-05
-2.50107e-07
1.26259e-05
-1.48302e-07
1.25294e-05
-9.04706e-08
1.24511e-05
-7.7214e-08
1.24282e-05
9.05983e-09
1.23912e-05
-3.05208e-08
1.23938e-05
4.08204e-08
1.23613e-05
-8.11355e-09
1.23122e-05
-1.21229e-08
1.22226e-05
-4.47264e-08
1.20668e-05
-1.09962e-07
1.18751e-05
-1.17839e-07
1.16162e-05
-2.0186e-07
1.13283e-05
-2.26156e-07
1.10373e-05
-2.11255e-07
1.07066e-05
-2.77198e-07
1.03787e-05
-2.65388e-07
1.00686e-05
-2.41634e-07
9.7259e-06
-3.06584e-07
9.4166e-06
-2.60424e-07
-2.49891e-07
9.12281e-06
7.61475e-06
-9.95393e-08
7.42545e-06
-8.64727e-08
7.25634e-06
-8.09979e-08
7.14795e-06
-3.99137e-08
7.07772e-06
-2.0241e-08
7.02097e-06
-2.04667e-08
7.01474e-06
1.52961e-08
6.99184e-06
-7.62303e-09
7.00787e-06
2.47875e-08
6.9965e-06
3.26125e-09
6.97881e-06
5.56577e-09
6.93699e-06
-2.9092e-09
6.85128e-06
-2.42523e-08
6.75107e-06
-1.76276e-08
6.59923e-06
-5.00209e-08
6.42888e-06
-5.58104e-08
6.2618e-06
-4.41693e-08
6.05791e-06
-7.33086e-08
5.85818e-06
-6.56554e-08
5.67094e-06
-5.43941e-08
5.44931e-06
-8.49536e-08
5.25316e-06
-6.42742e-08
-6.04008e-08
5.06367e-06
2.32557e-06
2.2391e-06
2.1581e-06
2.11818e-06
2.09794e-06
2.07748e-06
2.09277e-06
2.08515e-06
2.10994e-06
2.1132e-06
2.11876e-06
2.11586e-06
2.0916e-06
2.07398e-06
2.02395e-06
1.96814e-06
1.92397e-06
1.85067e-06
1.78501e-06
1.73062e-06
1.64566e-06
1.58139e-06
1.52099e-06
9.01048e-07
-1.39161e-07
1.03528e-06
-1.3423e-07
1.14006e-06
-1.04779e-07
1.24271e-06
-1.02654e-07
1.33344e-06
-9.07298e-08
1.3968e-06
-6.33615e-08
1.4378e-06
-4.09946e-08
1.46524e-06
-2.74456e-08
1.48199e-06
-1.67507e-08
1.49532e-06
-1.33244e-08
1.49515e-06
1.71053e-10
1.52112e-06
-2.59742e-08
1.516e-06
5.12408e-09
1.58378e-06
-6.77845e-08
1.57806e-06
5.72178e-09
1.67151e-06
-9.34553e-08
1.81109e-06
-1.39571e-07
2.03457e-06
-2.23485e-07
2.73469e-06
-7.0012e-07
4.17912e-06
-1.44443e-06
-3.93704e-06
2.90717e-06
-4.90823e-07
3.24032e-06
-4.67387e-07
3.52528e-06
-3.89735e-07
3.79111e-06
-3.68482e-07
4.02264e-06
-3.22263e-07
4.20086e-06
-2.41576e-07
4.33369e-06
-1.73827e-07
4.43273e-06
-1.26491e-07
4.50847e-06
-9.24882e-08
4.57462e-06
-7.94735e-08
4.6324e-06
-5.76093e-08
4.73535e-06
-1.28921e-07
4.83992e-06
-9.94523e-08
5.06493e-06
-2.92793e-07
5.2782e-06
-2.07546e-07
5.72307e-06
-5.38321e-07
6.40245e-06
-8.18959e-07
7.47922e-06
-1.30025e-06
9.43961e-06
-2.66051e-06
1.24719e-05
-4.47677e-06
-7.89693e-06
5.09765e-06
-1.01268e-06
5.58905e-06
-9.58779e-07
6.0202e-06
-8.20887e-07
6.41865e-06
-7.66936e-07
6.76664e-06
-6.70254e-07
7.04679e-06
-5.2172e-07
7.2696e-06
-3.96637e-07
7.44672e-06
-3.03612e-07
7.59561e-06
-2.41384e-07
7.73748e-06
-2.21341e-07
7.88616e-06
-2.06286e-07
8.10958e-06
-3.52345e-07
8.38541e-06
-3.75278e-07
8.84213e-06
-7.49514e-07
9.38231e-06
-7.47726e-07
1.02735e-05
-1.42953e-06
1.15432e-05
-2.08868e-06
1.33376e-05
-3.09465e-06
1.59486e-05
-5.2715e-06
1.91804e-05
-7.70852e-06
-1.1176e-05
7.45477e-06
-1.67331e-06
8.07433e-06
-1.57834e-06
8.62391e-06
-1.37047e-06
9.13155e-06
-1.27458e-06
9.57822e-06
-1.11692e-06
9.94875e-06
-8.92249e-07
1.02566e-05
-7.04529e-07
1.05135e-05
-5.60425e-07
1.07436e-05
-4.71524e-07
1.09759e-05
-4.53673e-07
1.12367e-05
-4.67048e-07
1.16092e-05
-7.24815e-07
1.20894e-05
-8.55481e-07
1.28112e-05
-1.47132e-06
1.36953e-05
-1.63186e-06
1.49961e-05
-2.7303e-06
1.67107e-05
-3.80333e-06
1.88974e-05
-5.28133e-06
2.16523e-05
-8.02639e-06
2.4643e-05
-1.06993e-05
-1.39908e-05
9.96483e-06
-2.44676e-06
1.06878e-05
-2.30126e-06
1.1333e-05
-2.01566e-06
1.19301e-05
-1.87173e-06
1.24596e-05
-1.64642e-06
1.29087e-05
-1.34134e-06
1.32941e-05
-1.08995e-06
1.36273e-05
-8.93602e-07
1.39395e-05
-7.83731e-07
1.42667e-05
-7.80847e-07
1.46465e-05
-8.46899e-07
1.51749e-05
-1.25314e-06
1.58612e-05
-1.54186e-06
1.6832e-05
-2.44204e-06
1.80104e-05
-2.81032e-06
1.96073e-05
-4.32723e-06
2.15708e-05
-5.76674e-06
2.38802e-05
-7.59073e-06
2.65245e-05
-1.06707e-05
2.91937e-05
-1.33686e-05
-1.6418e-05
1.26193e-05
-3.30998e-06
1.34235e-05
-3.10551e-06
1.41439e-05
-2.73598e-06
1.48122e-05
-2.54003e-06
1.54085e-05
-2.24277e-06
1.59226e-05
-1.85547e-06
1.63746e-05
-1.54189e-06
1.67753e-05
-1.29436e-06
1.71627e-05
-1.17105e-06
1.75784e-05
-1.19659e-06
1.80699e-05
-1.33837e-06
1.87411e-05
-1.92434e-06
1.9609e-05
-2.40975e-06
2.07805e-05
-3.61356e-06
2.21722e-05
-4.20202e-06
2.39401e-05
-6.0951e-06
2.59921e-05
-7.81877e-06
2.82645e-05
-9.86314e-06
3.07067e-05
-1.31129e-05
3.30694e-05
-1.57312e-05
-1.85173e-05
1.54107e-05
-4.24124e-06
1.62754e-05
-3.97019e-06
1.70512e-05
-3.51172e-06
1.77722e-05
-3.26109e-06
1.84184e-05
-2.88893e-06
1.89818e-05
-2.4189e-06
1.94857e-05
-2.04576e-06
1.99401e-05
-1.74878e-06
2.03886e-05
-1.61953e-06
2.08776e-05
-1.68557e-06
2.14616e-05
-1.92245e-06
2.22488e-05
-2.71147e-06
2.32579e-05
-3.41889e-06
2.45697e-05
-4.92533e-06
2.60911e-05
-5.72349e-06
2.79266e-05
-7.93057e-06
2.99625e-05
-9.85467e-06
3.21208e-05
-1.20215e-05
3.43436e-05
-1.53357e-05
3.64354e-05
-1.7823e-05
-2.03385e-05
1.83265e-05
-5.21988e-06
1.92319e-05
-4.87553e-06
2.00443e-05
-4.32413e-06
2.08003e-05
-4.01713e-06
2.14794e-05
-3.56795e-06
2.20758e-05
-3.01534e-06
2.26157e-05
-2.58565e-06
2.31077e-05
-2.24077e-06
2.36003e-05
-2.11211e-06
2.4143e-05
-2.22834e-06
2.47958e-05
-2.57524e-06
2.56671e-05
-3.58279e-06
2.67742e-05
-4.52596e-06
2.81693e-05
-6.32038e-06
2.97512e-05
-7.30546e-06
3.15824e-05
-9.76175e-06
3.35431e-05
-1.18153e-05
3.55571e-05
-1.40355e-05
3.75699e-05
-1.73485e-05
3.94246e-05
-1.96777e-05
-2.1922e-05
2.13598e-05
-6.2244e-06
2.22849e-05
-5.80061e-06
2.31136e-05
-5.15289e-06
2.38846e-05
-4.78812e-06
2.45765e-05
-4.2599e-06
2.5186e-05
-3.62475e-06
2.57413e-05
-3.14102e-06
2.62493e-05
-2.74874e-06
2.67626e-05
-2.62538e-06
2.73328e-05
-2.79861e-06
2.80236e-05
-3.26597e-06
2.89416e-05
-4.50086e-06
3.0101e-05
-5.68533e-06
3.15266e-05
-7.74602e-06
3.31134e-05
-8.89225e-06
3.48917e-05
-1.154e-05
3.67458e-05
-1.36694e-05
3.86078e-05
-1.58975e-05
4.04272e-05
-1.91679e-05
4.20731e-05
-2.13235e-05
-2.3295e-05
2.44997e-05
-7.23348e-06
2.54237e-05
-6.72469e-06
2.62486e-05
-5.97776e-06
2.70145e-05
-5.55398e-06
2.76992e-05
-4.94462e-06
2.83011e-05
-4.22669e-06
2.88508e-05
-3.6907e-06
2.93525e-05
-3.25041e-06
2.98625e-05
-3.1354e-06
3.04339e-05
-3.36998e-06
3.11328e-05
-3.96482e-06
3.20633e-05
-5.43143e-06
3.3236e-05
-6.85804e-06
3.46516e-05
-9.16162e-06
3.62045e-05
-1.04451e-05
3.79014e-05
-1.32368e-05
3.96353e-05
-1.54034e-05
4.13476e-05
-1.76098e-05
4.29895e-05
-2.08098e-05
4.44471e-05
-2.27811e-05
-2.44748e-05
2.77279e-05
-8.22639e-06
2.8631e-05
-7.62776e-06
2.94326e-05
-6.77941e-06
3.01742e-05
-6.29551e-06
3.08325e-05
-5.60293e-06
3.14075e-05
-4.80176e-06
3.19316e-05
-4.21472e-06
3.24061e-05
-3.72496e-06
3.28907e-05
-3.62003e-06
3.34393e-05
-3.91857e-06
3.41201e-05
-4.64564e-06
3.50345e-05
-6.34579e-06
3.61898e-05
-8.01331e-06
3.75658e-05
-1.05376e-05
3.90591e-05
-1.19384e-05
4.06585e-05
-1.48362e-05
4.22672e-05
-1.70121e-05
4.38342e-05
-1.91768e-05
4.53101e-05
-2.22857e-05
4.65922e-05
-2.40632e-05
-2.54733e-05
3.10023e-05
-9.184e-06
3.18664e-05
-8.49186e-06
3.26279e-05
-7.54089e-06
3.33287e-05
-6.99635e-06
3.39447e-05
-6.21887e-06
3.44771e-05
-5.33418e-06
3.49595e-05
-4.69714e-06
3.53907e-05
-4.15612e-06
3.58329e-05
-4.06227e-06
3.63407e-05
-4.42635e-06
3.6984e-05
-5.28895e-06
3.78613e-05
-7.2231e-06
3.89774e-05
-9.12936e-06
4.02943e-05
-1.18545e-05
4.17118e-05
-1.3356e-05
4.32052e-05
-1.63297e-05
4.46868e-05
-1.84937e-05
4.61115e-05
-2.06015e-05
4.74285e-05
-2.36027e-05
4.85432e-05
-2.51779e-05
-2.63034e-05
3.43322e-05
-1.00868e-05
3.51385e-05
-9.29813e-06
3.58415e-05
-8.24391e-06
3.64833e-05
-7.63812e-06
3.70384e-05
-6.77398e-06
3.75095e-05
-5.80529e-06
3.79311e-05
-5.11877e-06
3.82992e-05
-4.52419e-06
3.86786e-05
-4.44169e-06
3.91244e-05
-4.87209e-06
3.97082e-05
-5.87277e-06
4.0526e-05
-8.04095e-06
4.15811e-05
-1.01845e-05
4.28204e-05
-1.30938e-05
4.41483e-05
-1.46839e-05
4.55285e-05
-1.77099e-05
4.68819e-05
-1.9847e-05
4.81677e-05
-2.18873e-05
4.93324e-05
-2.47673e-05
5.02886e-05
-2.61341e-05
-2.69726e-05
3.76574e-05
-1.09182e-05
3.83906e-05
-1.00313e-05
3.90209e-05
-8.87426e-06
3.959e-05
-8.20719e-06
4.00713e-05
-7.25522e-06
4.04684e-05
-6.20245e-06
4.08167e-05
-5.46708e-06
4.11094e-05
-4.8168e-06
4.14134e-05
-4.74574e-06
4.17843e-05
-5.24298e-06
4.22954e-05
-6.38385e-06
4.30404e-05
-8.78594e-06
4.40215e-05
-1.11656e-05
4.51727e-05
-1.4245e-05
4.64031e-05
-1.59143e-05
4.76666e-05
-1.89734e-05
4.88912e-05
-2.10717e-05
5.00396e-05
-2.30357e-05
5.10554e-05
-2.57831e-05
5.18573e-05
-2.6936e-05
-2.74873e-05
4.09699e-05
-1.16635e-05
4.16161e-05
-1.06774e-05
4.21607e-05
-9.41893e-06
4.26444e-05
-8.69085e-06
4.30394e-05
-7.65025e-06
4.33506e-05
-6.51364e-06
4.36136e-05
-5.73005e-06
4.38188e-05
-5.02208e-06
4.40355e-05
-4.96242e-06
4.43194e-05
-5.52682e-06
4.47453e-05
-6.80977e-06
4.5405e-05
-9.44567e-06
4.63004e-05
-1.20609e-05
4.73541e-05
-1.52987e-05
4.84801e-05
-1.70403e-05
4.96235e-05
-2.01168e-05
5.07186e-05
-2.21668e-05
5.17307e-05
-2.40478e-05
5.26004e-05
-2.66529e-05
5.32524e-05
-2.7588e-05
-2.78526e-05
4.421e-05
-1.23106e-05
4.47585e-05
-1.12259e-05
4.5208e-05
-9.86846e-06
4.55974e-05
-9.08024e-06
4.58981e-05
-7.95094e-06
4.61158e-05
-6.73135e-06
4.62863e-05
-5.9005e-06
4.63975e-05
-5.13328e-06
4.65201e-05
-5.08505e-06
4.67101e-05
-5.71683e-06
4.70438e-05
-7.14341e-06
4.76108e-05
-1.00127e-05
4.84131e-05
-1.28632e-05
4.93633e-05
-1.6249e-05
5.03804e-05
-1.80573e-05
5.14013e-05
-2.11377e-05
5.2366e-05
-2.31316e-05
5.32417e-05
-2.49234e-05
5.39667e-05
-2.73778e-05
5.4471e-05
-2.80924e-05
-2.8073e-05
4.73966e-05
-1.28504e-05
4.7839e-05
-1.16683e-05
4.81856e-05
-1.02151e-05
4.84731e-05
-9.36772e-06
4.86722e-05
-8.15006e-06
4.87895e-05
-6.84868e-06
4.88606e-05
-5.97157e-06
4.88712e-05
-5.14384e-06
4.88931e-05
-5.10697e-06
4.89824e-05
-5.80616e-06
4.92166e-05
-7.37762e-06
4.96835e-05
-1.04796e-05
5.03854e-05
-1.3565e-05
5.12262e-05
-1.70898e-05
5.21299e-05
-1.89611e-05
5.3026e-05
-2.20337e-05
5.38596e-05
-2.39652e-05
5.45997e-05
-2.56635e-05
5.5182e-05
-2.79602e-05
5.55424e-05
-2.84528e-05
-2.81519e-05
5.03815e-05
-1.32769e-05
5.07134e-05
-1.20002e-05
5.09541e-05
-1.04558e-05
5.11377e-05
-9.55125e-06
5.12343e-05
-8.24669e-06
5.12513e-05
-6.86568e-06
5.12237e-05
-5.94397e-06
5.11351e-05
-5.0552e-06
5.10579e-05
-5.02976e-06
5.10478e-05
-5.79615e-06
5.11832e-05
-7.51294e-06
5.15493e-05
-1.08458e-05
5.21491e-05
-1.41648e-05
5.28788e-05
-1.78196e-05
5.36672e-05
-1.97495e-05
5.44371e-05
-2.28035e-05
5.51383e-05
-2.46665e-05
5.57413e-05
-2.62665e-05
5.61803e-05
-2.83991e-05
5.63966e-05
-2.86691e-05
-2.80928e-05
5.32701e-05
-1.35871e-05
5.34888e-05
-1.2219e-05
5.36213e-05
-1.05883e-05
5.36985e-05
-9.62843e-06
5.36905e-05
-8.23871e-06
5.36054e-05
-6.7805e-06
5.34772e-05
-5.81578e-06
5.32877e-05
-4.86572e-06
5.31095e-05
-4.85158e-06
5.29979e-05
-5.68455e-06
5.30314e-05
-7.54645e-06
5.32931e-05
-1.11074e-05
5.37865e-05
-1.46582e-05
5.44013e-05
-1.84344e-05
5.50717e-05
-2.04198e-05
5.57138e-05
-2.34456e-05
5.62825e-05
-2.52352e-05
5.67498e-05
-2.67338e-05
5.70481e-05
-2.86975e-05
5.71253e-05
-2.87463e-05
-2.79019e-05
5.59297e-05
-1.37805e-05
5.60358e-05
-1.23251e-05
5.60615e-05
-1.06139e-05
5.60342e-05
-9.6012e-06
5.59244e-05
-8.12887e-06
5.57405e-05
-6.59658e-06
5.55155e-05
-5.59081e-06
5.52295e-05
-4.57975e-06
5.49546e-05
-4.57668e-06
5.47452e-05
-5.4751e-06
5.46795e-05
-7.4808e-06
5.48378e-05
-1.12657e-05
5.52244e-05
-1.50448e-05
5.57237e-05
-1.89337e-05
5.6275e-05
-2.09711e-05
5.67887e-05
-2.39593e-05
5.72246e-05
-2.56711e-05
5.75562e-05
-2.70654e-05
5.77149e-05
-2.88562e-05
5.7655e-05
-2.86864e-05
-2.75826e-05
5.83349e-05
-1.38589e-05
5.83308e-05
-1.2321e-05
5.82528e-05
-1.05359e-05
5.81246e-05
-9.47303e-06
5.79171e-05
-7.92133e-06
5.76392e-05
-6.31868e-06
5.73225e-05
-5.27413e-06
5.69456e-05
-4.20289e-06
5.65794e-05
-4.2105e-06
5.6277e-05
-5.17266e-06
5.61159e-05
-7.3197e-06
5.61728e-05
-1.13226e-05
5.64531e-05
-1.53252e-05
5.68366e-05
-1.93172e-05
5.72683e-05
-2.14028e-05
5.76534e-05
-2.43445e-05
5.79568e-05
-2.59744e-05
5.81534e-05
-2.72621e-05
5.81742e-05
-2.8877e-05
5.79803e-05
-2.84925e-05
-2.71404e-05
6.05749e-05
-1.38271e-05
6.04657e-05
-1.22118e-05
6.02891e-05
-1.03593e-05
6.0065e-05
-9.24897e-06
5.97651e-05
-7.62144e-06
5.93988e-05
-5.95236e-06
5.89959e-05
-4.87121e-06
5.85339e-05
-3.74086e-06
5.80818e-05
-3.75839e-06
5.76909e-05
-4.78185e-06
5.74377e-05
-7.06649e-06
5.73949e-05
-1.12797e-05
5.75692e-05
-1.54994e-05
5.78367e-05
-1.95847e-05
5.81487e-05
-2.17148e-05
5.84059e-05
-2.46018e-05
5.85781e-05
-2.61466e-05
5.86423e-05
-2.73262e-05
5.8529e-05
-2.87637e-05
5.82068e-05
-2.81703e-05
-2.65825e-05
6.23683e-05
-1.36884e-05
6.21585e-05
-1.2002e-05
6.18888e-05
-1.00896e-05
6.15753e-05
-8.93543e-06
6.11906e-05
-7.23674e-06
6.07444e-05
-5.50616e-06
6.02644e-05
-4.39126e-06
5.97272e-05
-3.20363e-06
5.91991e-05
-3.23031e-06
5.87293e-05
-4.312e-06
5.83918e-05
-6.72907e-06
5.82551e-05
-1.1143e-05
5.83266e-05
-1.55709e-05
5.84804e-05
-1.97384e-05
5.86738e-05
-2.19083e-05
5.88041e-05
-2.47321e-05
5.88461e-05
-2.61885e-05
5.87786e-05
-2.72588e-05
5.85329e-05
-2.85179e-05
5.80849e-05
-2.77223e-05
-2.59125e-05
6.40349e-05
-1.34517e-05
6.3733e-05
-1.17002e-05
6.33787e-05
-9.73526e-06
6.29837e-05
-8.54044e-06
6.25223e-05
-6.77534e-06
6.20043e-05
-4.98819e-06
6.14552e-05
-3.84212e-06
6.08508e-05
-2.59922e-06
6.02543e-05
-2.6338e-06
5.97122e-05
-3.76986e-06
5.92959e-05
-6.31284e-06
5.90688e-05
-1.09158e-05
5.90396e-05
-1.55417e-05
5.90811e-05
-1.97799e-05
5.91575e-05
-2.19847e-05
5.91631e-05
-2.47376e-05
5.90779e-05
-2.61034e-05
5.88831e-05
-2.7064e-05
5.85107e-05
-2.81455e-05
5.79448e-05
-2.71565e-05
-2.51414e-05
6.52924e-05
-1.31226e-05
6.4905e-05
-1.13128e-05
6.44733e-05
-9.3035e-06
6.40047e-05
-8.07191e-06
6.34755e-05
-6.24609e-06
6.28953e-05
-4.40807e-06
6.22871e-05
-3.23386e-06
6.16262e-05
-1.93831e-06
6.09717e-05
-1.97937e-06
6.03671e-05
-3.16522e-06
5.98803e-05
-5.82607e-06
5.9569e-05
-1.06045e-05
5.9443e-05
-1.54157e-05
5.93751e-05
-1.97121e-05
5.93366e-05
-2.19462e-05
5.92196e-05
-2.46207e-05
5.90098e-05
-2.58936e-05
5.86905e-05
-2.67447e-05
5.81951e-05
-2.76501e-05
5.75165e-05
-2.64778e-05
-2.42746e-05
6.62189e-05
-1.27083e-05
6.57538e-05
-1.08478e-05
6.52529e-05
-8.80253e-06
6.47194e-05
-7.53847e-06
6.41316e-05
-5.65829e-06
6.34992e-05
-3.77562e-06
6.28419e-05
-2.57655e-06
6.2135e-05
-1.23148e-06
6.14331e-05
-1.27742e-06
6.07757e-05
-2.50779e-06
6.02267e-05
-5.27713e-06
5.98376e-05
-1.02154e-05
5.9619e-05
-1.51971e-05
5.94452e-05
-1.95383e-05
5.92946e-05
-2.17955e-05
5.90582e-05
-2.43843e-05
5.87274e-05
-2.55628e-05
5.82878e-05
-2.63051e-05
5.7675e-05
-2.70373e-05
5.68903e-05
-2.56931e-05
-2.33204e-05
6.69425e-05
-1.22189e-05
6.64101e-05
-1.03154e-05
6.58506e-05
-8.24294e-06
6.5263e-05
-6.95088e-06
6.46278e-05
-5.02315e-06
6.39545e-05
-3.10231e-06
6.32596e-05
-1.88164e-06
6.25186e-05
-4.90472e-07
6.17804e-05
-5.39259e-07
6.10806e-05
-1.808e-06
6.04783e-05
-4.67481e-06
6.0018e-05
-9.75512e-06
5.97114e-05
-1.48905e-05
5.94354e-05
-1.92622e-05
5.91757e-05
-2.15359e-05
5.88235e-05
-2.40321e-05
5.83757e-05
-2.51149e-05
5.78205e-05
-2.575e-05
5.70964e-05
-2.63132e-05
5.62136e-05
-2.48103e-05
-2.22903e-05
6.71204e-05
-1.16583e-05
6.6526e-05
-9.72099e-06
6.59142e-05
-7.63112e-06
6.52798e-05
-6.31656e-06
6.4606e-05
-4.34926e-06
6.39013e-05
-2.39768e-06
6.31789e-05
-1.15925e-06
6.24146e-05
2.73858e-07
6.16511e-05
2.24239e-07
6.09194e-05
-1.07624e-06
6.02729e-05
-4.02832e-06
5.97488e-05
-9.23109e-06
5.93596e-05
-1.45012e-05
5.89858e-05
-1.88884e-05
5.8621e-05
-2.11711e-05
5.81572e-05
-2.35682e-05
5.7597e-05
-2.45548e-05
5.69317e-05
-2.50846e-05
5.61026e-05
-2.54841e-05
5.51296e-05
-2.38373e-05
-2.1191e-05
6.70365e-05
-1.10358e-05
6.63903e-05
-9.07474e-06
6.57368e-05
-6.9777e-06
6.50668e-05
-5.64653e-06
6.43658e-05
-3.64823e-06
6.36417e-05
-1.67366e-06
6.29038e-05
-4.2135e-07
6.21285e-05
1.0492e-06
6.13516e-05
1.0011e-06
6.05991e-05
-3.23733e-07
5.99182e-05
-3.34742e-06
5.93383e-05
-8.65112e-06
5.88721e-05
-1.40351e-05
5.84056e-05
-1.84219e-05
5.79401e-05
-2.07057e-05
5.73695e-05
-2.29976e-05
5.67024e-05
-2.38877e-05
5.5933e-05
-2.43151e-05
5.50065e-05
-2.45577e-05
5.39522e-05
-2.2783e-05
-2.0033e-05
6.6604e-05
-1.03599e-05
6.59154e-05
-8.38613e-06
6.52305e-05
-6.29287e-06
6.45356e-05
-4.95159e-06
6.38189e-05
-2.93157e-06
6.30875e-05
-9.42193e-07
6.23461e-05
3.19998e-07
6.15721e-05
1.82317e-06
6.0794e-05
1.77925e-06
6.0032e-05
4.38222e-07
5.93266e-05
-2.64202e-06
5.86987e-05
-8.02322e-06
5.81617e-05
-1.3498e-05
5.76076e-05
-1.78678e-05
5.70461e-05
-2.01441e-05
5.63737e-05
-2.23252e-05
5.56052e-05
-2.31193e-05
5.47378e-05
-2.34478e-05
5.37213e-05
-2.35412e-05
5.25944e-05
-2.16561e-05
-1.88263e-05
6.58116e-05
-9.63943e-06
6.50907e-05
-7.66523e-06
6.43852e-05
-5.58744e-06
6.36768e-05
-4.24315e-06
6.29566e-05
-2.21133e-06
6.223e-05
-2.15662e-07
6.14976e-05
1.05238e-06
6.07377e-05
2.58309e-06
5.99706e-05
2.54641e-06
5.92107e-05
1.19807e-06
5.8491e-05
-1.92227e-06
5.78234e-05
-7.35569e-06
5.72218e-05
-1.28964e-05
5.65858e-05
-1.72319e-05
5.59331e-05
-1.94914e-05
5.51644e-05
-2.15565e-05
5.43005e-05
-2.22554e-05
5.33417e-05
-2.2489e-05
5.2243e-05
-2.24425e-05
5.10528e-05
-2.04658e-05
-1.75812e-05
6.46552e-05
-8.88433e-06
6.39131e-05
-6.92309e-06
6.31988e-05
-4.87315e-06
6.24891e-05
-3.53344e-06
6.1778e-05
-1.50028e-06
6.10694e-05
4.92962e-07
6.03588e-05
1.76295e-06
5.9626e-05
3.31599e-06
5.88823e-05
3.29002e-06
5.81363e-05
1.94408e-06
5.74126e-05
-1.19852e-06
5.6714e-05
-6.65708e-06
5.60543e-05
-1.22367e-05
5.53422e-05
-1.65198e-05
5.46037e-05
-1.87528e-05
5.37443e-05
-2.06971e-05
5.27913e-05
-2.13023e-05
5.17482e-05
-2.1446e-05
5.05756e-05
-2.12699e-05
4.93317e-05
-1.92219e-05
-1.63086e-05
6.31194e-05
-8.10532e-06
6.23679e-05
-6.17162e-06
6.16573e-05
-4.16254e-06
6.09593e-05
-2.83544e-06
6.02708e-05
-8.11798e-07
5.95935e-05
1.17028e-06
5.89179e-05
2.43855e-06
5.82251e-05
4.00874e-06
5.75176e-05
3.99752e-06
5.67972e-05
2.66451e-06
5.60798e-05
-4.81155e-07
5.53588e-05
-5.93605e-06
5.46479e-05
-1.15258e-05
5.38659e-05
-1.57378e-05
5.30471e-05
-1.7934e-05
5.21033e-05
-1.97533e-05
5.10678e-05
-2.02668e-05
4.99479e-05
-2.03261e-05
4.87104e-05
-2.00323e-05
4.74231e-05
-1.79346e-05
-1.50194e-05
6.11835e-05
-7.31402e-06
6.04354e-05
-5.42355e-06
5.97417e-05
-3.46882e-06
5.90689e-05
-2.16267e-06
5.84168e-05
-1.59645e-07
5.77844e-05
1.80266e-06
5.7157e-05
3.06596e-06
5.65174e-05
4.64831e-06
5.58584e-05
4.65648e-06
5.51752e-05
3.34776e-06
5.44745e-05
2.19495e-07
5.37399e-05
-5.20137e-06
5.29848e-05
-1.07707e-05
5.21394e-05
-1.48924e-05
5.12464e-05
-1.7041e-05
5.02248e-05
-1.87317e-05
4.91141e-05
-1.91562e-05
4.79255e-05
-1.91375e-05
4.66323e-05
-1.87392e-05
4.53122e-05
-1.66145e-05
-1.37237e-05
5.88677e-05
-6.5238e-06
5.81373e-05
-4.69311e-06
5.74751e-05
-2.80658e-06
5.68423e-05
-1.52989e-06
5.62413e-05
4.41343e-07
5.56684e-05
2.3756e-06
5.5103e-05
3.63129e-06
5.45301e-05
5.2212e-06
5.39325e-05
5.25416e-06
5.32982e-05
3.98198e-06
5.26249e-05
8.92849e-07
5.18856e-05
-4.46211e-06
5.10938e-05
-9.97887e-06
5.01918e-05
-1.39904e-05
4.92308e-05
-1.608e-05
4.81382e-05
-1.76391e-05
4.69597e-05
-1.79777e-05
4.57103e-05
-1.78881e-05
4.43705e-05
-1.73993e-05
4.30274e-05
-1.52714e-05
-1.24302e-05
5.63559e-05
-5.75382e-06
5.5663e-05
-4.00016e-06
5.50523e-05
-2.19587e-06
5.44795e-05
-9.57073e-07
5.39495e-05
9.71336e-07
5.34553e-05
2.86979e-06
5.29704e-05
4.11613e-06
5.24821e-05
5.70957e-06
5.19623e-05
5.77393e-06
5.1392e-05
4.55226e-06
5.07583e-05
1.52655e-06
5.00237e-05
-3.72754e-06
4.92013e-05
-9.15647e-06
4.82475e-05
-1.30366e-05
4.72222e-05
-1.50547e-05
4.60624e-05
-1.64793e-05
4.48204e-05
-1.67358e-05
4.35155e-05
-1.65832e-05
4.21359e-05
-1.60197e-05
4.07776e-05
-1.39131e-05
-1.1152e-05
5.31933e-05
-5.0117e-06
5.25462e-05
-3.35308e-06
5.19959e-05
-1.64553e-06
5.14925e-05
-4.53702e-07
5.10433e-05
1.42049e-06
5.06375e-05
3.27567e-06
5.02421e-05
4.51146e-06
4.98466e-05
6.10515e-06
4.94124e-05
6.2081e-06
4.89136e-05
5.05104e-06
4.83275e-05
2.11268e-06
4.76061e-05
-3.00618e-06
4.67618e-05
-8.31215e-06
4.57654e-05
-1.20402e-05
4.46855e-05
-1.39748e-05
4.34694e-05
-1.52632e-05
4.21757e-05
-1.54421e-05
4.08274e-05
-1.52349e-05
3.94209e-05
-1.46131e-05
3.80619e-05
-1.25541e-05
-9.89838e-06
4.99788e-05
-4.32043e-06
4.94012e-05
-2.77541e-06
4.89352e-05
-1.17953e-06
4.85254e-05
-4.39593e-08
4.81816e-05
1.76433e-06
4.78883e-05
3.56896e-06
4.76058e-05
4.79399e-06
4.73257e-05
6.38525e-06
4.6998e-05
6.53577e-06
4.65889e-05
5.46007e-06
4.60646e-05
2.63702e-06
4.53659e-05
-2.30743e-06
4.45046e-05
-7.45094e-06
4.34683e-05
-1.10039e-05
4.23347e-05
-1.28412e-05
4.10631e-05
-1.39916e-05
3.97191e-05
-1.40982e-05
3.83305e-05
-1.38463e-05
3.69022e-05
-1.31848e-05
3.5548e-05
-1.12e-05
-8.68021e-06
4.61069e-05
-3.68326e-06
4.56024e-05
-2.2709e-06
4.52255e-05
-8.0261e-07
4.49159e-05
2.65578e-07
4.46856e-05
1.99469e-06
4.45137e-05
3.74082e-06
4.43529e-05
4.95485e-06
4.41962e-05
6.54195e-06
4.39821e-05
6.7498e-06
4.36699e-05
5.7723e-06
4.32152e-05
3.09172e-06
4.25483e-05
-1.64056e-06
4.16802e-05
-6.58282e-06
4.0615e-05
-9.93868e-06
3.94394e-05
-1.16655e-05
3.81252e-05
-1.26774e-05
3.67446e-05
-1.27176e-05
3.53294e-05
-1.2431e-05
3.38933e-05
-1.17487e-05
3.25596e-05
-9.86628e-06
-7.50791e-06
4.21682e-05
-3.11705e-06
4.17541e-05
-1.85683e-06
4.14849e-05
-5.334e-07
4.12962e-05
4.54316e-07
4.12025e-05
2.08835e-06
4.11773e-05
3.76602e-06
4.11637e-05
4.96848e-06
4.1156e-05
6.54968e-06
4.1079e-05
6.82675e-06
4.08836e-05
5.96775e-06
4.05136e-05
3.46172e-06
3.98878e-05
-1.01479e-06
3.90168e-05
-5.71186e-06
3.7924e-05
-8.84581e-06
3.67057e-05
-1.04473e-05
3.53486e-05
-1.13202e-05
3.3932e-05
-1.1301e-05
3.24927e-05
-1.09917e-05
3.10536e-05
-1.03097e-05
2.97451e-05
-8.55776e-06
-6.39034e-06
3.77225e-05
-2.61716e-06
3.73938e-05
-1.52811e-06
3.72289e-05
-3.68502e-07
3.71616e-05
5.21587e-07
3.72104e-05
2.03954e-06
3.73422e-05
3.63427e-06
3.7489e-05
4.82166e-06
3.76441e-05
6.39464e-06
3.7717e-05
6.75379e-06
3.765e-05
6.03472e-06
3.73758e-05
3.73599e-06
3.68021e-05
-4.41078e-07
3.59387e-05
-4.84852e-06
3.48289e-05
-7.73594e-06
3.35789e-05
-9.19729e-06
3.21905e-05
-9.93187e-06
3.07504e-05
-9.86085e-06
2.92996e-05
-9.54093e-06
2.78706e-05
-8.88064e-06
2.66015e-05
-7.28864e-06
-5.33901e-06
3.31127e-05
-2.18158e-06
3.28654e-05
-1.2808e-06
3.28019e-05
-3.05009e-07
3.28575e-05
4.65986e-07
3.30576e-05
1.83946e-06
3.33633e-05
3.32848e-06
3.36939e-05
4.49106e-06
3.40389e-05
6.04966e-06
3.4288e-05
6.5047e-06
3.4372e-05
5.95075e-06
3.42105e-05
3.89745e-06
3.37e-05
6.9465e-08
3.28503e-05
-3.99884e-06
3.17269e-05
-6.61258e-06
3.04474e-05
-7.91778e-06
2.90309e-05
-8.51531e-06
2.75715e-05
-8.4015e-06
2.61152e-05
-8.0846e-06
2.47038e-05
-7.46927e-06
2.34817e-05
-6.0665e-06
-4.36241e-06
2.82277e-05
-1.79303e-06
2.80391e-05
-1.09217e-06
2.80526e-05
-3.18535e-07
2.82105e-05
3.08129e-07
2.85504e-05
1.49959e-06
2.90317e-05
2.84718e-06
2.95602e-05
3.96255e-06
3.01186e-05
5.49127e-06
3.05698e-05
6.05348e-06
3.08285e-05
5.69204e-06
3.07992e-05
3.92677e-06
3.03665e-05
5.02133e-07
2.95412e-05
-3.17355e-06
2.84136e-05
-5.48492e-06
2.71133e-05
-6.61756e-06
2.56785e-05
-7.08049e-06
2.4211e-05
-6.93403e-06
2.27609e-05
-6.63442e-06
2.13791e-05
-6.08752e-06
2.02157e-05
-4.90309e-06
-3.4713e-06
2.31876e-05
-1.42853e-06
2.30238e-05
-9.28335e-07
2.30727e-05
-3.67438e-07
2.32899e-05
9.09132e-08
2.37335e-05
1.05592e-06
2.43705e-05
2.21025e-06
2.50979e-05
3.23509e-06
2.58908e-05
4.69837e-06
2.65758e-05
5.3685e-06
2.70416e-05
5.22629e-06
2.71713e-05
3.79702e-06
2.68365e-05
8.36977e-07
2.60497e-05
-2.38682e-06
2.49297e-05
-4.36491e-06
2.36205e-05
-5.30832e-06
2.21807e-05
-5.64067e-06
2.07195e-05
-5.47289e-06
1.92899e-05
-5.2048e-06
1.79512e-05
-4.74879e-06
1.68574e-05
-3.80936e-06
-2.67366e-06
1.81954e-05
-1.07088e-06
1.80225e-05
-7.55408e-07
1.80562e-05
-4.01178e-07
1.827e-05
-1.22892e-07
1.87511e-05
5.74839e-07
1.9489e-05
1.47234e-06
2.0387e-05
2.33715e-06
2.14216e-05
3.66376e-06
2.23747e-05
4.41534e-06
2.3092e-05
4.50903e-06
2.34191e-05
3.46996e-06
2.32068e-05
1.04918e-06
2.24725e-05
-1.65251e-06
2.13707e-05
-3.26306e-06
2.00638e-05
-4.00146e-06
1.86341e-05
-4.21096e-06
1.71972e-05
-4.03602e-06
1.58063e-05
-3.81386e-06
1.4526e-05
-3.46852e-06
1.35116e-05
-2.79497e-06
-1.97654e-06
1.33089e-05
-7.11024e-07
1.30974e-05
-5.43936e-07
1.30604e-05
-3.64146e-07
1.31875e-05
-2.49929e-07
1.35961e-05
1.66201e-07
1.43148e-05
7.53658e-07
1.52796e-05
1.37237e-06
1.64967e-05
2.44666e-06
1.77146e-05
3.19741e-06
1.87208e-05
3.5028e-06
1.92952e-05
2.89559e-06
1.92473e-05
1.09705e-06
1.85963e-05
-1.00151e-06
1.75421e-05
-2.20878e-06
1.6271e-05
-2.73041e-06
1.4891e-05
-2.83095e-06
1.35206e-05
-2.66561e-06
1.22068e-05
-2.50011e-06
1.10138e-05
-2.2755e-06
1.00937e-05
-1.87482e-06
-1.38529e-06
8.78423e-06
-3.7245e-07
8.54304e-06
-3.02738e-07
8.418e-06
-2.3911e-07
8.40259e-06
-2.34515e-07
8.62864e-06
-5.9852e-08
9.16385e-06
2.18448e-07
1.00025e-05
5.33762e-07
1.12273e-05
1.22185e-06
1.26076e-05
1.81703e-06
1.389e-05
2.2204e-06
1.4758e-05
2.02767e-06
1.49299e-05
9.25086e-07
1.44067e-05
-4.78286e-07
1.3446e-05
-1.24803e-06
1.22666e-05
-1.5511e-06
1.1004e-05
-1.56834e-06
9.77265e-06
-1.43422e-06
8.60271e-06
-1.33017e-06
7.54463e-06
-1.21742e-06
6.73435e-06
-1.06454e-06
-8.94311e-07
4.80312e-06
-1.11907e-07
4.59208e-06
-9.16968e-08
4.43267e-06
-7.97025e-08
4.3035e-06
-1.05342e-07
4.3167e-06
-7.30528e-08
4.54548e-06
-1.03306e-08
5.02699e-06
5.22547e-08
5.94589e-06
3.02953e-07
7.18685e-06
5.7606e-07
8.55454e-06
8.52712e-07
9.66955e-06
9.1267e-07
1.00928e-05
5.01797e-07
9.74368e-06
-1.2913e-07
8.94823e-06
-4.52588e-07
7.96058e-06
-5.63445e-07
6.93683e-06
-5.44596e-07
5.97355e-06
-4.70937e-07
5.06991e-06
-4.26523e-07
4.24326e-06
-3.90774e-07
3.57323e-06
-3.94509e-07
-4.54565e-07
1.40908e-06
1.31738e-06
1.23768e-06
1.13234e-06
1.05929e-06
1.04896e-06
1.10121e-06
1.40417e-06
1.98022e-06
2.83294e-06
3.74561e-06
4.2474e-06
4.11827e-06
3.66569e-06
3.10224e-06
2.55764e-06
2.08671e-06
1.66018e-06
1.26941e-06
8.74902e-07
)
;

boundaryField
{
    low
    {
        type            calculated;
        value           nonuniform List<scalar> 
49
(
-3.91049e-05
-3.91049e-05
-3.91049e-05
-3.91049e-05
-3.91049e-05
-3.91049e-05
-3.91049e-05
-3.91049e-05
-3.91049e-05
-3.91049e-05
-3.91049e-05
-3.91049e-05
-3.91049e-05
-3.91049e-05
-3.91049e-05
-3.91049e-05
-3.91049e-05
-3.91049e-05
-3.91049e-05
-3.91049e-05
-3.91049e-05
-3.91049e-05
-3.91049e-05
-3.91049e-05
-3.91049e-05
-3.91049e-05
-3.91049e-05
-3.91049e-05
-3.91049e-05
-3.91049e-05
-3.91049e-05
-3.91049e-05
-3.91049e-05
-3.91049e-05
-3.91049e-05
-3.91049e-05
-3.91049e-05
-3.91049e-05
-3.91049e-05
-3.91049e-05
-3.91049e-05
-3.91049e-05
-3.91049e-05
-3.91049e-05
-3.91049e-05
-3.91049e-05
-3.91049e-05
-3.91049e-05
-3.91049e-05
)
;
    }
    left
    {
        type            calculated;
        value           uniform 0;
    }
    rifht
    {
        type            calculated;
        value           uniform 0;
    }
    up
    {
        type            calculated;
        value           nonuniform List<scalar> 
49
(
8.11616e-06
1.64318e-05
2.24594e-05
2.74579e-05
3.16209e-05
3.51687e-05
3.82565e-05
4.10081e-05
4.34461e-05
4.56269e-05
4.75907e-05
4.93733e-05
5.09578e-05
5.2372e-05
5.36177e-05
5.46915e-05
5.56212e-05
5.63376e-05
5.69344e-05
5.73357e-05
5.75381e-05
5.76489e-05
5.7415e-05
5.71737e-05
5.66497e-05
5.59361e-05
5.51834e-05
5.40303e-05
5.27942e-05
5.13877e-05
4.98077e-05
4.80591e-05
4.61339e-05
4.40165e-05
4.17339e-05
3.94994e-05
3.68083e-05
3.43299e-05
3.13872e-05
2.86275e-05
2.55501e-05
2.25051e-05
1.93246e-05
1.60598e-05
1.28145e-05
9.50241e-06
6.24338e-06
3.13348e-06
4.20336e-07
)
;
    }
    frontAndBackPlanes
    {
        type            empty;
        value           nonuniform 0();
    }
}


// ************************************************************************* //
