9.235234856605529785e-01
9.070496559143066406e-01
8.832173347473144531e-01
8.512172698974609375e-01
8.138139247894287109e-01
8.039917945861816406e-01
8.083763122558593750e-01
8.043937087059020996e-01
7.750028967857360840e-01
7.245981693267822266e-01
6.590330600738525391e-01
5.914489030838012695e-01
5.458389520645141602e-01
5.282697677612304688e-01
5.241116881370544434e-01
5.138669013977050781e-01
4.869337677955627441e-01
4.467308819293975830e-01
4.089063107967376709e-01
3.979532122611999512e-01
4.084013402462005615e-01
4.270144402980804443e-01
4.402884542942047119e-01
4.419007599353790283e-01
4.372563660144805908e-01
4.319322109222412109e-01
4.335602819919586182e-01
4.434855580329895020e-01
4.578977525234222412e-01
4.695665538311004639e-01
4.725593328475952148e-01
4.659124612808227539e-01
4.526500701904296875e-01
4.380380809307098389e-01
4.267392754554748535e-01
4.199057817459106445e-01
4.151220321655273438e-01
4.079503715038299561e-01
3.953479826450347900e-01
3.775321841239929199e-01
3.578552007675170898e-01
3.411947190761566162e-01
3.309859633445739746e-01
3.275443911552429199e-01
3.268843591213226318e-01
3.245427310466766357e-01
3.186269998550415039e-01
3.110440671443939209e-01
3.056889474391937256e-01
3.052414357662200928e-01
3.089825212955474854e-01
3.133425414562225342e-01
3.125577270984649658e-01
3.065150976181030273e-01
3.050420582294464111e-01
3.073964416980743408e-01
3.048798739910125732e-01
2.960708737373352051e-01
2.893775701522827148e-01
2.875909507274627686e-01
2.825473248958587646e-01
2.721157968044281006e-01
2.653807699680328369e-01
2.639846503734588623e-01
2.586247622966766357e-01
2.512548863887786865e-01
2.505561709403991699e-01
2.512503564357757568e-01
2.471733093261718750e-01
2.453721612691879272e-01
2.480440586805343628e-01
2.473179399967193604e-01
2.439512461423873901e-01
2.443499416112899780e-01
2.446487694978713989e-01
2.407639473676681519e-01
2.372884154319763184e-01
2.363995164632797241e-01
2.333815842866897583e-01
2.279208600521087646e-01
2.248671054840087891e-01
2.232689261436462402e-01
2.192637920379638672e-01
2.154547721147537231e-01
2.147281914949417114e-01
2.135010361671447754e-01
2.106093913316726685e-01
2.097633481025695801e-01
2.102246582508087158e-01
2.086857408285140991e-01
2.070067822933197021e-01
2.072058320045471191e-01
2.064263075590133667e-01
2.040189206600189209e-01
2.027136534452438354e-01
2.017232626676559448e-01
1.991904526948928833e-01
1.968832463026046753e-01
1.991612017154693604e-01
1.914149373769760132e-01
1.889075040817260742e-01
1.928027123212814331e-01
1.888797134160995483e-01
1.836478710174560547e-01
1.865782290697097778e-01
1.865259110927581787e-01
1.809939742088317871e-01
1.815074235200881958e-01
1.837978363037109375e-01
1.797230988740921021e-01
1.773419678211212158e-01
1.795935183763504028e-01
1.773862838745117188e-01
1.732878088951110840e-01
1.742389053106307983e-01
1.737535148859024048e-01
1.694775223731994629e-01
1.689011305570602417e-01
1.694739162921905518e-01
1.660038828849792480e-01
1.643719971179962158e-01
1.653400510549545288e-01
1.629623472690582275e-01
1.607287526130676270e-01
1.615907847881317139e-01
1.600528657436370850e-01
1.574819535017013550e-01
1.578701883554458618e-01
1.568259745836257935e-01
1.541328877210617065e-01
1.540028750896453857e-01
1.532630920410156250e-01
1.506975889205932617e-01
1.502670645713806152e-01
1.497464030981063843e-01
1.474590897560119629e-01
1.468324512243270874e-01
1.465210914611816406e-01
1.444520950317382812e-01
1.438412219285964966e-01
1.434981524944305420e-01
1.415270268917083740e-01
1.409279555082321167e-01
1.404177099466323853e-01
1.385297775268554688e-01
1.379481554031372070e-01
1.372624933719635010e-01
1.355152130126953125e-01
1.350206285715103149e-01
1.342452466487884521e-01
1.327228844165802002e-01
1.323673278093338013e-01
1.314828097820281982e-01
1.301992684602737427e-01
1.298994123935699463e-01
1.288771033287048340e-01
1.278008222579956055e-01
1.274079978466033936e-01
1.261481344699859619e-01
1.256250143051147461e-01
1.249183416366577148e-01
1.240319311618804932e-01
1.234404817223548889e-01
1.226627305150032043e-01
1.219145134091377258e-01
1.213671118021011353e-01
1.206064596772193909e-01
1.200006902217864990e-01
1.194428578019142151e-01
1.187240183353424072e-01
1.182390004396438599e-01
1.176511868834495544e-01
1.170414611697196960e-01
1.166180968284606934e-01
1.160215288400650024e-01
1.155574396252632141e-01
1.151300743222236633e-01
1.145651191473007202e-01
1.142049953341484070e-01
1.136995330452919006e-01
1.132290139794349670e-01
1.128490418195724487e-01
1.123200207948684692e-01
1.119153574109077454e-01
1.113672032952308655e-01
1.110712066292762756e-01
1.103436127305030823e-01
1.107223704457283020e-01
1.083369106054306030e-01
1.120712161064147949e-01
1.065115481615066528e-01
1.113401055335998535e-01
1.077535599470138550e-01
1.074056401848793030e-01
1.097979992628097534e-01
1.052036955952644348e-01
1.084415912628173828e-01
1.064214929938316345e-01
1.050813198089599609e-01
1.075616180896759033e-01
1.038909628987312317e-01
1.058313399553298950e-01
1.051687672734260559e-01
1.033480614423751831e-01
1.056891530752182007e-01
1.030009090900421143e-01
1.040307357907295227e-01
1.041164249181747437e-01
1.022741720080375671e-01
1.041970551013946533e-01
1.022090986371040344e-01
1.027267202734947205e-01
1.029726862907409668e-01
1.013377010822296143e-01
1.028118655085563660e-01
1.011688858270645142e-01
1.015170142054557800e-01
1.015827134251594543e-01
1.002778038382530212e-01
1.013777926564216614e-01
9.990274906158447266e-02
1.003575846552848816e-01
1.000805348157882690e-01
9.926753491163253784e-02
1.000450327992439270e-01
9.876805543899536133e-02
9.944099932909011841e-02
9.878352284431457520e-02
9.856798499822616577e-02
9.883418679237365723e-02
9.790252149105072021e-02
9.855609387159347534e-02
9.761763364076614380e-02
9.794726967811584473e-02
9.755235165357589722e-02
9.724552184343338013e-02
9.743487834930419922e-02
9.667357057332992554e-02
9.710843116044998169e-02
9.631220996379852295e-02
9.660301357507705688e-02
9.608563780784606934e-02
9.601727873086929321e-02
9.586447477340698242e-02
9.545110911130905151e-02
9.558478742837905884e-02
9.496782720088958740e-02
9.524172544479370117e-02
9.456823766231536865e-02
9.484882652759552002e-02
9.422852843999862671e-02
9.443533420562744141e-02
9.392722696065902710e-02
9.402591735124588013e-02
9.363076090812683105e-02
9.363990277051925659e-02
9.333027154207229614e-02
9.328636527061462402e-02
9.303414076566696167e-02
9.296001493930816650e-02
9.274873137474060059e-02
9.264062345027923584e-02
9.245834499597549438e-02
9.233538806438446045e-02
9.215218573808670044e-02
9.203255921602249146e-02
9.183936566114425659e-02
9.174665063619613647e-02
9.152033925056457520e-02
9.147620201110839844e-02
9.118515253067016602e-02
9.123212844133377075e-02
9.082386642694473267e-02
9.103945642709732056e-02
9.038670361042022705e-02
9.095197170972824097e-02
8.980158716440200806e-02
9.110978245735168457e-02
8.886200934648513794e-02
9.180295467376708984e-02
8.713903278112411499e-02
9.363290667533874512e-02
8.413912355899810791e-02
9.696413576602935791e-02
8.094039559364318848e-02
9.798574447631835938e-02
8.317008614540100098e-02
9.038785099983215332e-02
9.167645871639251709e-02
8.279690891504287720e-02
9.360077977180480957e-02
8.579469472169876099e-02
8.565321564674377441e-02
9.210152924060821533e-02
8.344144374132156372e-02
8.788421750068664551e-02
8.899197727441787720e-02
8.250349760055541992e-02
8.814571052789688110e-02
8.571700751781463623e-02
8.193295449018478394e-02
8.695594221353530884e-02
8.277413994073867798e-02
8.162927627563476562e-02
8.545458316802978516e-02
8.104135096073150635e-02
8.201821148395538330e-02
8.434722572565078735e-02
8.043247461318969727e-02
8.261797577142715454e-02
8.325781673192977905e-02
8.012822270393371582e-02
8.269707113504409790e-02
8.185655623674392700e-02
7.983910292387008667e-02
8.231633156538009644e-02
8.062108606100082397e-02
7.991482317447662354e-02
8.194809406995773315e-02
7.993882149457931519e-02
8.036511391401290894e-02
8.155944198369979858e-02
7.960084825754165649e-02
8.069638907909393311e-02
8.082816004753112793e-02
7.928596436977386475e-02
8.061020076274871826e-02
7.988976687192916870e-02
7.912025600671768188e-02
8.031604439020156860e-02
7.917798310518264771e-02
7.924259454011917114e-02
7.997393608093261719e-02
7.880288362503051758e-02
7.943300157785415649e-02
7.946392148733139038e-02
7.859208434820175171e-02
7.937917858362197876e-02
7.881077378988265991e-02
7.848405838012695312e-02
7.908617705106735229e-02
7.827939093112945557e-02
7.851691544055938721e-02
7.869990915060043335e-02
7.804727554321289062e-02
7.858009636402130127e-02
7.830240577459335327e-02
7.802309840917587280e-02
7.845947146415710449e-02
7.789821177721023560e-02
7.800937443971633911e-02
7.809690386056900024e-02
7.759738713502883911e-02
7.792653143405914307e-02
7.766743004322052002e-02
7.748685032129287720e-02
7.774984091520309448e-02
7.733175158500671387e-02
7.746207714080810547e-02
7.742542028427124023e-02
7.711628824472427368e-02
7.731217890977859497e-02
7.702481746673583984e-02
7.694880664348602295e-02
7.700084149837493896e-02
7.667237520217895508e-02
7.677514106035232544e-02
7.660709321498870850e-02
7.644427567720413208e-02
7.652666419744491577e-02
7.624389976263046265e-02
7.626885920763015747e-02
7.616368681192398071e-02
7.597523927688598633e-02
7.601296901702880859e-02
7.578954845666885376e-02
7.574556022882461548e-02
7.567691057920455933e-02
7.549070566892623901e-02
7.550229877233505249e-02
7.532858103513717651e-02
7.525768131017684937e-02
7.520800083875656128e-02
7.503291964530944824e-02
7.502604275941848755e-02
7.488110661506652832e-02
7.479374855756759644e-02
7.473994791507720947e-02
7.458893209695816040e-02
7.456476986408233643e-02
7.442399114370346069e-02
7.435511052608489990e-02
7.428365945816040039e-02
7.414952665567398071e-02
7.411898672580718994e-02
7.398345321416854858e-02
7.391681522130966187e-02
7.383424043655395508e-02
7.371683418750762939e-02
7.366736233234405518e-02
7.353742420673370361e-02
7.347647100687026978e-02
7.337138056755065918e-02
7.327616214752197266e-02
7.320814579725265503e-02
7.308004796504974365e-02
7.302734255790710449e-02
7.290878146886825562e-02
7.282461225986480713e-02
7.274559140205383301e-02
7.263174653053283691e-02
7.256130129098892212e-02
7.245361804962158203e-02
7.237862795591354370e-02
7.227109372615814209e-02
7.220504432916641235e-02
7.210437208414077759e-02
7.202632725238800049e-02
7.193919271230697632e-02
7.185817509889602661e-02
7.176019251346588135e-02
7.169222831726074219e-02
7.158998399972915649e-02
7.151318341493606567e-02
7.143048942089080811e-02
7.132646441459655762e-02
7.126840949058532715e-02
7.115196436643600464e-02
7.109300047159194946e-02
7.098603993654251099e-02
7.091889530420303345e-02
7.081840932369232178e-02
7.074373215436935425e-02
7.065313309431076050e-02
7.055838406085968018e-02
7.049357891082763672e-02
7.038154453039169312e-02
7.032226026058197021e-02
7.021790742874145508e-02
7.014424353837966919e-02
7.006410509347915649e-02
6.996393203735351562e-02
6.990801542997360229e-02
6.978890299797058105e-02
6.974959373474121094e-02
6.961350142955780029e-02
6.959325075149536133e-02
6.944365799427032471e-02
6.943251937627792358e-02
6.928227096796035767e-02
6.926447153091430664e-02
6.913620233535766602e-02
6.909256428480148315e-02
6.898172199726104736e-02
6.892777234315872192e-02
6.882698088884353638e-02
6.876283884048461914e-02
6.867907941341400146e-02
6.860047578811645508e-02
6.852558255195617676e-02
6.844580173492431641e-02
6.837216019630432129e-02
6.829275190830230713e-02
6.822381168603897095e-02
6.813576072454452515e-02
6.807288527488708496e-02
6.797841936349868774e-02
6.792765855789184570e-02
6.782425194978713989e-02
6.778105348348617554e-02
6.767062842845916748e-02
6.763679534196853638e-02
6.750713288784027100e-02
6.750740855932235718e-02
6.733103841543197632e-02
6.739442795515060425e-02
6.713679432868957520e-02
6.730613857507705688e-02
6.691352277994155884e-02
6.726615875959396362e-02
6.663208454847335815e-02
6.732959300279617310e-02
6.622636318206787109e-02
6.757093966007232666e-02
6.558466702699661255e-02
6.814740598201751709e-02
6.451155990362167358e-02
6.936969608068466187e-02
6.270249187946319580e-02
7.176403701305389404e-02
5.994829535484313965e-02
7.549733668565750122e-02
5.719676613807678223e-02
7.791468501091003418e-02
5.776589736342430115e-02
7.265410572290420532e-02
6.412821263074874878e-02
6.233400851488113403e-02
7.124981284141540527e-02
5.911607667803764343e-02
6.763942539691925049e-02
6.507186591625213623e-02
6.028717011213302612e-02
6.871559470891952515e-02
6.162981688976287842e-02
6.296261399984359741e-02
6.728497147560119629e-02
6.047238782048225403e-02
6.470694392919540405e-02
6.490515172481536865e-02
6.041850522160530090e-02
6.538471579551696777e-02
6.306906044483184814e-02
6.116027012467384338e-02
6.544940918684005737e-02
6.198493763804435730e-02
6.209509447216987610e-02
6.489569693803787231e-02
6.127112358808517456e-02
6.273495405912399292e-02
6.388756632804870605e-02
6.087542697787284851e-02
6.308552622795104980e-02
6.284323334693908691e-02
6.086939573287963867e-02
6.320539861917495728e-02
6.194949895143508911e-02
6.107725575566291809e-02
6.296802312135696411e-02
6.115584820508956909e-02
6.125593185424804688e-02
6.236620992422103882e-02
6.054884940385818481e-02
6.138654425740242004e-02
6.164824217557907104e-02
6.027168408036231995e-02
6.146995723247528076e-02
6.099792197346687317e-02
6.027084589004516602e-02
6.138194724917411804e-02
6.044505164027214050e-02
6.037227436900138855e-02
6.108577549457550049e-02
6.006811931729316711e-02
6.052250042557716370e-02
6.072609126567840576e-02
5.994883179664611816e-02
6.067389994859695435e-02
6.039604917168617249e-02
6.004578247666358948e-02
6.069901585578918457e-02
6.012586876749992371e-02
6.021960452198982239e-02
6.056065112352371216e-02
5.998860299587249756e-02
6.037937104701995850e-02
6.035744398832321167e-02
6.001588702201843262e-02
6.047199293971061707e-02
6.017632782459259033e-02
6.014319509267807007e-02
6.043669581413269043e-02
6.005416810512542725e-02
6.026712059974670410e-02
6.029455736279487610e-02
6.002420559525489807e-02
6.032235175371170044e-02
6.013109162449836731e-02
6.009333208203315735e-02
6.028799712657928467e-02
6.002907827496528625e-02
6.016361713409423828e-02
6.017046049237251282e-02
5.998180434107780457e-02
6.017147749662399292e-02
6.000967323780059814e-02
5.999267473816871643e-02
6.009086593985557556e-02
5.990242585539817810e-02
6.000366061925888062e-02
5.996577814221382141e-02
5.986074358224868774e-02
5.996901541948318481e-02
5.984217673540115356e-02
5.984665453433990479e-02
5.987668037414550781e-02
5.975431576371192932e-02
5.982278659939765930e-02
5.976429954171180725e-02
5.971216782927513123e-02
5.977406352758407593e-02
5.966858938336372375e-02
5.969500914216041565e-02
5.968873202800750732e-02
5.960714817047119141e-02
5.966521799564361572e-02
5.959026515483856201e-02
5.957832932472229004e-02
5.959614738821983337e-02
5.951081961393356323e-02
5.955241620540618896e-02
5.950247123837471008e-02
5.947248265147209167e-02
5.949524417519569397e-02
5.941594392061233521e-02
5.944140627980232239e-02
5.940134823322296143e-02
5.936372280120849609e-02
5.937842279672622681e-02
5.931860581040382385e-02
5.931865796446800232e-02
5.929281562566757202e-02
5.925443768501281738e-02
5.926229059696197510e-02
5.920337140560150146e-02
5.920635908842086792e-02
5.917193740606307983e-02
5.913668498396873474e-02
5.913781374692916870e-02
5.908670648932456970e-02
5.908620730042457581e-02
5.904879793524742126e-02
5.902349203824996948e-02
5.901313945651054382e-02
5.896941944956779480e-02
5.896232277154922485e-02
5.893020331859588623e-02
5.890038609504699707e-02
5.889168009161949158e-02
5.884892493486404419e-02
5.884284898638725281e-02
5.880503356456756592e-02
5.878378078341484070e-02
5.876408144831657410e-02
5.872896313667297363e-02
5.871272087097167969e-02
5.868448689579963684e-02
5.865368619561195374e-02
5.863719061017036438e-02
5.860121175646781921e-02
5.858448892831802368e-02
5.854910239577293396e-02
5.852769315242767334e-02
5.849837139248847961e-02
5.846787989139556885e-02
5.844918638467788696e-02
5.840823054313659668e-02
5.839563161134719849e-02
5.835561081767082214e-02
5.833409354090690613e-02
5.830962583422660828e-02
5.826871097087860107e-02
5.825960636138916016e-02
5.821026861667633057e-02
5.819787830114364624e-02
5.815904587507247925e-02
5.813431739807128906e-02
5.810996145009994507e-02
5.807583779096603394e-02
5.805349349975585938e-02
5.802164599299430847e-02
5.799357593059539795e-02
5.797122418880462646e-02
5.793140828609466553e-02
5.791446939110755920e-02
5.787332728505134583e-02
5.785577744245529175e-02
5.781858786940574646e-02
5.779781937599182129e-02
5.776263773441314697e-02
5.774207785725593567e-02
5.770842358469963074e-02
5.768441781401634216e-02
5.764814838767051697e-02
5.762253701686859131e-02
5.759783461689949036e-02
5.756086111068725586e-02
5.754290893673896790e-02
5.750242248177528381e-02
5.748771876096725464e-02
5.744658410549163818e-02
5.743034929037094116e-02
5.739344283938407898e-02
5.736611038446426392e-02
5.734010040760040283e-02
5.730628222227096558e-02
5.729073286056518555e-02
5.724557489156723022e-02
5.724200606346130371e-02
5.719069391489028931e-02
5.718315020203590393e-02
5.714372545480728149e-02
5.712302029132843018e-02
5.709317326545715332e-02
5.706378817558288574e-02
5.704434961080551147e-02
5.700315162539482117e-02
5.700013041496276855e-02
5.694090202450752258e-02
5.695088580250740051e-02
5.688617005944252014e-02
5.689779669046401978e-02
5.683502554893493652e-02
5.683770775794982910e-02
5.678461864590644836e-02
5.678267031908035278e-02
5.672938376665115356e-02
5.672767013311386108e-02
5.667886510491371155e-02
5.666974186897277832e-02
5.662925541400909424e-02
5.661351606249809265e-02
5.658141151070594788e-02
5.655222386121749878e-02
5.653627589344978333e-02
5.648630484938621521e-02
5.649404972791671753e-02
5.641744658350944519e-02
5.644825473427772522e-02
5.634843930602073669e-02
5.640502646565437317e-02
5.628367885947227478e-02
5.635165050625801086e-02
5.622478947043418884e-02
5.629368498921394348e-02
5.615950375795364380e-02
5.624094605445861816e-02
5.608527362346649170e-02
5.619800835847854614e-02
5.599922686815261841e-02
5.616807565093040466e-02
5.590295046567916870e-02
5.614636465907096863e-02
5.578800290822982788e-02
5.614722520112991333e-02
5.564163252711296082e-02
5.618765577673912048e-02
5.545417591929435730e-02
5.628208816051483154e-02
5.520008504390716553e-02
5.647319927811622620e-02
5.483289062976837158e-02
5.683000013232231140e-02
5.426728725433349609e-02
5.748809128999710083e-02
5.339608713984489441e-02
5.866304039955139160e-02
5.205015838146209717e-02
6.070559099316596985e-02
5.019166320562362671e-02
6.391351670026779175e-02
4.819627851247787476e-02
6.752204895019531250e-02
4.718743264675140381e-02
6.761490553617477417e-02
4.895725473761558533e-02
6.016401946544647217e-02
5.543457716703414917e-02
5.143683403730392456e-02
6.127925589680671692e-02
4.982053115963935852e-02
5.805605649948120117e-02
5.521404743194580078e-02
5.200929939746856689e-02
5.989168956875801086e-02
5.194905027747154236e-02
5.576691776514053345e-02
5.660986527800559998e-02
5.146835371851921082e-02
5.729019269347190857e-02
5.317682772874832153e-02
5.304092168807983398e-02
5.671618506312370300e-02
5.192075297236442566e-02
5.506172031164169312e-02
5.473662912845611572e-02
5.196066573262214661e-02
5.548902601003646851e-02
5.252385139465332031e-02
5.263739451766014099e-02
5.454552173614501953e-02
5.153239890933036804e-02
5.364626646041870117e-02
5.322041735053062439e-02
5.167596042156219482e-02
5.390487983822822571e-02
5.189161375164985657e-02
5.214400589466094971e-02
5.310186371207237244e-02
5.116217955946922302e-02
5.261619761586189270e-02
5.208758264780044556e-02
5.132896825671195984e-02
5.274771898984909058e-02
5.136485025286674500e-02
5.182537436485290527e-02
5.221386998891830444e-02
5.104574561119079590e-02
5.210280418395996094e-02
5.149256810545921326e-02
5.126198008656501770e-02
5.208245664834976196e-02
5.114553123712539673e-02
5.173647776246070862e-02
5.175881832838058472e-02
5.118564888834953308e-02
5.194512009620666504e-02
5.134589597582817078e-02
5.146689340472221375e-02
5.182446166872978210e-02
5.124096199870109558e-02
5.181826651096343994e-02
5.160466581583023071e-02
5.147739872336387634e-02
5.193001404404640198e-02
5.145074427127838135e-02
5.177036300301551819e-02
5.176890268921852112e-02
5.151794105768203735e-02
5.193817242980003357e-02
5.162182822823524475e-02
5.178521946072578430e-02
5.192284286022186279e-02
5.165624618530273438e-02
5.198714509606361389e-02
5.179159343242645264e-02
5.181597545742988586e-02
5.198894068598747253e-02
5.175064131617546082e-02
5.199290439486503601e-02
5.190784111618995667e-02
5.187918990850448608e-02
5.206423997879028320e-02
5.186948180198669434e-02
5.204314738512039185e-02
5.199351534247398376e-02
5.194618925452232361e-02
5.209530517458915710e-02
5.195719748735427856e-02
5.208194255828857422e-02
5.207167938351631165e-02
5.203336849808692932e-02
5.215383693575859070e-02
5.205449461936950684e-02
5.213730782270431519e-02
5.214103683829307556e-02
5.209294706583023071e-02
5.220225825905799866e-02
5.211907252669334412e-02
5.219186469912528992e-02
5.220311507582664490e-02
5.216294154524803162e-02
5.225636810064315796e-02
5.218536034226417542e-02
5.224412307143211365e-02
5.224807560443878174e-02
5.221867561340332031e-02
5.229208990931510925e-02
5.223926901817321777e-02
5.228898674249649048e-02
5.229958146810531616e-02
5.227100849151611328e-02
5.233739688992500305e-02
5.228150635957717896e-02
5.233307182788848877e-02
5.232547968626022339e-02
5.231475457549095154e-02
5.236112698912620544e-02
5.232444033026695251e-02
5.236634239554405212e-02
5.235720053315162659e-02
5.235494300723075867e-02
5.238560214638710022e-02
5.235178023576736450e-02
5.239043012261390686e-02
5.237181484699249268e-02
5.238489061594009399e-02
5.239379033446311951e-02
5.238153412938117981e-02
5.240369588136672974e-02
5.238751322031021118e-02
5.239970982074737549e-02
5.239397659897804260e-02
5.239650979638099670e-02
5.240150913596153259e-02
5.239680036902427673e-02
5.240816250443458557e-02
5.239780619740486145e-02
5.240626260638237000e-02
5.239909142255783081e-02
5.240439623594284058e-02
5.239604040980339050e-02
5.240514501929283142e-02
5.239824578166007996e-02
5.240166932344436646e-02
5.240137502551078796e-02
5.239837616682052612e-02
5.240032449364662170e-02
5.239539593458175659e-02
5.239805206656455994e-02
5.239681899547576904e-02
5.239352211356163025e-02
5.239675939083099365e-02
5.239083245396614075e-02
5.239200219511985779e-02
5.238783359527587891e-02
5.238915979862213135e-02
5.238863825798034668e-02
5.238133296370506287e-02
5.238980427384376526e-02
5.237187817692756653e-02
5.238258838653564453e-02
5.236892774701118469e-02
5.236713215708732605e-02
5.236742272973060608e-02
5.235315114259719849e-02
5.236141756176948547e-02
5.234559625387191772e-02
5.234678462147712708e-02
5.233553051948547363e-02
5.233517661690711975e-02
5.232521146535873413e-02
5.232312902808189392e-02
5.231321975588798523e-02
5.231228843331336975e-02
5.230156704783439636e-02
5.230344459414482117e-02
5.229055508971214294e-02
5.229128524661064148e-02
5.228129774332046509e-02
5.227841436862945557e-02
5.227002874016761780e-02
5.226786807179450989e-02
5.225969478487968445e-02
5.226051434874534607e-02
5.224925279617309570e-02
5.224917456507682800e-02
5.223841220140457153e-02
5.223619192838668823e-02
5.222653225064277649e-02
5.222857743501663208e-02
5.221950262784957886e-02
5.221417546272277832e-02
5.221801623702049255e-02
5.220199376344680786e-02
5.221317708492279053e-02
5.218905210494995117e-02
5.220431834459304810e-02
5.218004062771797180e-02
5.219480022788047791e-02
5.217537283897399902e-02
5.218163132667541504e-02
5.217359215021133423e-02
5.217170715332031250e-02
5.216872319579124451e-02
5.216184258460998535e-02
5.216540396213531494e-02
5.215184390544891357e-02
5.216761305928230286e-02
5.214197561144828796e-02
5.217188596725463867e-02
5.213246867060661316e-02
5.217090994119644165e-02
5.212404578924179077e-02
5.216621980071067810e-02
5.211326479911804199e-02
5.215751007199287415e-02
5.209963396191596985e-02
5.215069651603698730e-02
5.208464711904525757e-02
5.214150622487068176e-02
5.206761509180068970e-02
5.213051289319992065e-02
5.204373225569725037e-02
5.211871489882469177e-02
5.201880261301994324e-02
5.211264640092849731e-02
5.198492482304573059e-02
5.211165919899940491e-02
5.194381251931190491e-02
5.211048200726509094e-02
5.189701169729232788e-02
5.212354287505149841e-02
5.183888599276542664e-02
5.214958265423774719e-02
5.175906047224998474e-02
5.219832435250282288e-02
5.164903402328491211e-02
5.229431763291358948e-02
5.148581415414810181e-02
5.245905369520187378e-02
5.124257504940032959e-02
5.274027585983276367e-02
5.086893588304519653e-02
5.322747305035591125e-02
5.029714107513427734e-02
5.408594012260437012e-02
4.940826073288917542e-02
5.559176579117774963e-02
4.809404164552688599e-02
