1.620790144000000000e+09
1.002087360000000000e+09
3.871401600000000000e+08
2.588566880000000000e+08
3.767238720000000000e+08
2.551892320000000000e+08
1.447783680000000000e+08
1.625747840000000000e+08
1.532824800000000000e+08
8.196676800000000000e+07
3.958288800000000000e+07
5.948576000000000000e+07
6.171593200000000000e+07
2.160225800000000000e+07
1.533298100000000000e+07
4.413990400000000000e+07
4.334524000000000000e+07
2.469837800000000000e+07
4.298527200000000000e+07
3.761740000000000000e+07
2.637972600000000000e+07
2.308193400000000000e+07
2.368492200000000000e+07
1.722372600000000000e+07
9.255164000000000000e+06
9.566138000000000000e+06
1.173307700000000000e+07
9.345133000000000000e+06
8.203863500000000000e+06
1.080078900000000000e+07
1.279418000000000000e+07
1.174272200000000000e+07
1.064703200000000000e+07
1.120672300000000000e+07
1.080740900000000000e+07
8.563704000000000000e+06
6.952171500000000000e+06
6.624802000000000000e+06
6.161058500000000000e+06
5.082074500000000000e+06
4.814848000000000000e+06
5.498224500000000000e+06
5.692535000000000000e+06
5.275775000000000000e+06
5.395968000000000000e+06
5.539379500000000000e+06
4.853364500000000000e+06
4.157574000000000000e+06
3.963200250000000000e+06
3.535064750000000000e+06
2.920085750000000000e+06
2.760394000000000000e+06
2.604830250000000000e+06
2.549257500000000000e+06
2.516517250000000000e+06
2.413741250000000000e+06
2.349876000000000000e+06
2.112778250000000000e+06
1.979289500000000000e+06
1.709642875000000000e+06
1.590838250000000000e+06
1.418294750000000000e+06
1.376503125000000000e+06
1.340223500000000000e+06
1.302146125000000000e+06
1.322577125000000000e+06
1.227368875000000000e+06
1.229735875000000000e+06
1.114706750000000000e+06
1.082658875000000000e+06
1.020665375000000000e+06
9.842403750000000000e+05
9.887970000000000000e+05
9.523873750000000000e+05
9.658460625000000000e+05
9.206804375000000000e+05
9.016586250000000000e+05
8.459713125000000000e+05
8.076431250000000000e+05
7.705002500000000000e+05
7.347781875000000000e+05
7.202222500000000000e+05
6.916770625000000000e+05
6.860493750000000000e+05
6.581718125000000000e+05
6.402218125000000000e+05
6.124238125000000000e+05
5.843825000000000000e+05
5.636478750000000000e+05
5.371085625000000000e+05
5.248652500000000000e+05
5.052195000000000000e+05
4.933112187500000000e+05
4.773159062500000000e+05
4.598468437500000000e+05
4.456640312500000000e+05
4.263303125000000000e+05
4.330051250000000000e+05
5.147581250000000000e+05
4.218265312500000000e+05
4.349924062500000000e+05
4.456438750000000000e+05
3.703010625000000000e+05
4.332377187500000000e+05
3.607125312500000000e+05
3.758364687500000000e+05
3.638723750000000000e+05
3.225919375000000000e+05
3.523826562500000000e+05
3.048760312500000000e+05
3.188102500000000000e+05
3.051939375000000000e+05
2.835066875000000000e+05
2.982718125000000000e+05
2.666162187500000000e+05
2.726394062500000000e+05
2.637106875000000000e+05
2.466135156250000000e+05
2.553240625000000000e+05
2.364693750000000000e+05
2.350149531250000000e+05
2.338981406250000000e+05
2.186772812500000000e+05
2.228486093750000000e+05
2.143077343750000000e+05
2.061050000000000000e+05
2.085877500000000000e+05
1.985880312500000000e+05
1.958435625000000000e+05
1.952214843750000000e+05
1.865644375000000000e+05
1.857922031250000000e+05
1.830958125000000000e+05
1.764445156250000000e+05
1.759514531250000000e+05
1.723160781250000000e+05
1.674770000000000000e+05
1.670197812500000000e+05
1.630173750000000000e+05
1.590517812500000000e+05
1.582822968750000000e+05
1.549894531250000000e+05
1.510529375000000000e+05
1.498352187500000000e+05
1.472348281250000000e+05
1.437251718750000000e+05
1.422447343750000000e+05
1.401462187500000000e+05
1.369710000000000000e+05
1.351319843750000000e+05
1.333320156250000000e+05
1.304671406250000000e+05
1.282588984375000000e+05
1.267168281250000000e+05
1.244823359375000000e+05
1.222681875000000000e+05
1.208033515625000000e+05
1.190985234375000000e+05
1.170517734375000000e+05
1.152056562500000000e+05
1.134999375000000000e+05
1.118329062500000000e+05
1.101232265625000000e+05
1.085245078125000000e+05
1.069541328125000000e+05
1.053408359375000000e+05
1.037479140625000000e+05
1.022495234375000000e+05
1.007933359375000000e+05
9.934215625000000000e+04
9.787940625000000000e+04
9.642650781250000000e+04
9.500670312500000000e+04
9.370198437500000000e+04
9.235350781250000000e+04
9.097050000000000000e+04
8.965220312500000000e+04
8.839190625000000000e+04
8.712235156250000000e+04
8.585691406250000000e+04
8.461082031250000000e+04
8.339262500000000000e+04
8.217982031250000000e+04
8.100585937500000000e+04
7.987175781250000000e+04
7.872959375000000000e+04
7.776928906250000000e+04
7.774970312500000000e+04
8.378407812500000000e+04
1.094331250000000000e+05
1.294618515625000000e+05
1.089640625000000000e+05
7.689155468750000000e+04
7.546125000000000000e+04
9.624567968750000000e+04
1.011269140625000000e+05
8.203281250000000000e+04
6.703387500000000000e+04
7.409293750000000000e+04
8.561417187500000000e+04
8.078891406250000000e+04
6.721821875000000000e+04
6.387849218750000000e+04
7.141440625000000000e+04
7.463926562500000000e+04
6.741478906250000000e+04
5.993084765625000000e+04
6.077435937500000000e+04
6.530231640625000000e+04
6.492733593750000000e+04
5.944520703125000000e+04
5.565300390625000000e+04
5.679677343750000000e+04
5.917871093750000000e+04
5.834260546875000000e+04
5.472160156250000000e+04
5.213080468750000000e+04
5.236807421875000000e+04
5.359923437500000000e+04
5.328732812500000000e+04
5.116762890625000000e+04
4.904452734375000000e+04
4.838190234375000000e+04
4.885197265625000000e+04
4.907122265625000000e+04
4.822327734375000000e+04
4.666348437500000000e+04
4.534217187500000000e+04
4.480388281250000000e+04
4.481769531250000000e+04
4.476781250000000000e+04
4.423566796875000000e+04
4.327707031250000000e+04
4.226300781250000000e+04
4.152253906250000000e+04
4.113430078125000000e+04
4.093359375000000000e+04
4.068064062500000000e+04
4.024377343750000000e+04
3.962502734375000000e+04
3.893630859375000000e+04
3.829492578125000000e+04
3.777289453125000000e+04
3.737013671875000000e+04
3.704863671875000000e+04
3.674776562500000000e+04
3.643074218750000000e+04
3.607525390625000000e+04
3.568196484375000000e+04
3.525737109375000000e+04
3.481367578125000000e+04
3.436702734375000000e+04
3.393755078125000000e+04
3.352588281250000000e+04
3.313251562500000000e+04
3.275492773437500000e+04
3.239194531250000000e+04
3.203616601562500000e+04
3.168929687500000000e+04
3.135450976562500000e+04
3.102469531250000000e+04
3.069980859375000000e+04
3.038064453125000000e+04
3.006642578125000000e+04
2.975664648437500000e+04
2.945344726562500000e+04
2.915450195312500000e+04
2.886125976562500000e+04
2.857583789062500000e+04
2.829888281250000000e+04
2.803527929687500000e+04
2.779173437500000000e+04
2.758636132812500000e+04
2.745318164062500000e+04
2.745524218750000000e+04
2.773778125000000000e+04
2.862060742187500000e+04
3.079816796875000000e+04
3.575605078125000000e+04
4.686776171875000000e+04
7.082662500000000000e+04
1.217542500000000000e+05
2.173393750000000000e+05
3.748288750000000000e+05
5.178467187500000000e+05
5.216403125000000000e+05
2.692007187500000000e+05
4.117732031250000000e+04
8.652577343750000000e+04
2.487842500000000000e+05
2.229856250000000000e+05
5.441713671875000000e+04
5.203888671875000000e+04
1.647610625000000000e+05
1.303185703125000000e+05
2.950514843750000000e+04
6.295302734375000000e+04
1.201096796875000000e+05
6.303860156250000000e+04
2.485997460937500000e+04
7.553007812500000000e+04
7.800403906250000000e+04
2.714156250000000000e+04
3.932963281250000000e+04
6.875114062500000000e+04
3.969345312500000000e+04
2.290358593750000000e+04
4.812002734375000000e+04
4.549533984375000000e+04
2.212028710937500000e+04
3.053794531250000000e+04
4.239891015625000000e+04
2.739874804687500000e+04
2.114289843750000000e+04
3.335246484375000000e+04
3.103517578125000000e+04
1.987574804687500000e+04
2.431394921875000000e+04
2.984312500000000000e+04
2.240016796875000000e+04
1.910015625000000000e+04
2.491313085937500000e+04
2.430750976562500000e+04
1.861205664062500000e+04
1.982184765625000000e+04
2.306287109375000000e+04
2.018089257812500000e+04
1.749912109375000000e+04
1.981590625000000000e+04
2.065130078125000000e+04
1.785065234375000000e+04
1.720925781250000000e+04
1.904711523437500000e+04
1.862446484375000000e+04
1.671013281250000000e+04
1.692693554687500000e+04
1.800235546875000000e+04
1.724492578125000000e+04
1.607552734375000000e+04
1.648085546875000000e+04
1.705333007812500000e+04
1.633336328125000000e+04
1.560772460937500000e+04
1.594657617187500000e+04
1.623062207031250000e+04
1.566023242187500000e+04
1.518337011718750000e+04
1.540812207031250000e+04
1.555635058593750000e+04
1.513951367187500000e+04
1.478242089843750000e+04
1.489591894531250000e+04
1.498315039062500000e+04
1.469175195312500000e+04
1.440014453125000000e+04
1.442254687500000000e+04
1.447952148437500000e+04
1.429041796875000000e+04
1.404329785156250000e+04
1.398571972656250000e+04
1.400432617187500000e+04
1.389374316406250000e+04
1.370495996093750000e+04
1.360560449218750000e+04
1.359425000000000000e+04
1.352923730468750000e+04
1.338349121093750000e+04
1.326178613281250000e+04
1.321467285156250000e+04
1.317199609375000000e+04
1.307035742187500000e+04
1.294824902343750000e+04
1.286672167968750000e+04
1.281309863281250000e+04
1.274417675781250000e+04
1.264775097656250000e+04
1.255654003906250000e+04
1.248981445312500000e+04
1.242819238281250000e+04
1.235248242187500000e+04
1.226658691406250000e+04
1.218929394531250000e+04
1.212598828125000000e+04
1.206191015625000000e+04
1.198634570312500000e+04
1.190831152343750000e+04
1.183842089843750000e+04
1.177445117187500000e+04
1.171019531250000000e+04
1.164093164062500000e+04
1.157022167968750000e+04
1.150212695312500000e+04
1.143929003906250000e+04
1.137831835937500000e+04
1.131455664062500000e+04
1.124797265625000000e+04
1.118247949218750000e+04
1.112105761718750000e+04
1.106177050781250000e+04
1.100104296875000000e+04
1.093905175781250000e+04
1.087760156250000000e+04
1.081628515625000000e+04
1.075666406250000000e+04
1.069746679687500000e+04
1.063933496093750000e+04
1.058031640625000000e+04
1.052255957031250000e+04
1.046708984375000000e+04
1.041507226562500000e+04
1.035551562500000000e+04
1.030195800781250000e+04
1.024986425781250000e+04
1.019221289062500000e+04
1.013862109375000000e+04
1.008696191406250000e+04
1.003169433593750000e+04
9.978685546875000000e+03
9.927813476562500000e+03
9.875615234375000000e+03
9.824013671875000000e+03
9.773858398437500000e+03
9.723502929687500000e+03
9.672515625000000000e+03
9.624397460937500000e+03
9.575882812500000000e+03
9.527815429687500000e+03
9.479269531250000000e+03
9.431827148437500000e+03
9.384065429687500000e+03
9.336678710937500000e+03
9.289258789062500000e+03
9.242654296875000000e+03
9.195922851562500000e+03
9.151193359375000000e+03
9.105951171875000000e+03
9.060375976562500000e+03
9.014234375000000000e+03
8.969708984375000000e+03
8.924081054687500000e+03
8.880187500000000000e+03
8.837279296875000000e+03
8.794411132812500000e+03
8.751609375000000000e+03
8.710438476562500000e+03
8.669375000000000000e+03
8.628621093750000000e+03
8.587376953125000000e+03
8.545259765625000000e+03
8.502684570312500000e+03
8.459499023437500000e+03
8.416546875000000000e+03
8.374700195312500000e+03
8.333254882812500000e+03
8.292962890625000000e+03
8.252416992187500000e+03
8.213080078125000000e+03
8.173826171875000000e+03
8.134811523437500000e+03
8.095942382812500000e+03
8.058216796875000000e+03
8.020412597656250000e+03
7.982911132812500000e+03
7.945559082031250000e+03
7.908504394531250000e+03
7.871741210937500000e+03
7.835882812500000000e+03
7.800475097656250000e+03
7.765083496093750000e+03
7.729804687500000000e+03
7.694550292968750000e+03
7.660787597656250000e+03
7.629615722656250000e+03
7.601201171875000000e+03
7.578506835937500000e+03
7.565189941406250000e+03
7.567198242187500000e+03
7.595041503906250000e+03
7.670221679687500000e+03
7.833198242187500000e+03
8.160035156250000000e+03
8.788933593750000000e+03
9.959900390625000000e+03
1.214608398437500000e+04
1.624411816406250000e+04
2.403155664062500000e+04
3.851238281250000000e+04
6.609044531250000000e+04
1.156915703125000000e+05
2.070221406250000000e+05
3.508987500000000000e+05
5.737694375000000000e+05
7.850311250000000000e+05
9.189829375000000000e+05
7.099186875000000000e+05
3.315689687500000000e+05
2.938386914062500000e+04
8.703253125000000000e+04
3.156206562500000000e+05
3.101678125000000000e+05
9.700356250000000000e+04
1.498361718750000000e+04
1.490781562500000000e+05
1.976360000000000000e+05
6.155532421875000000e+04
1.751979882812500000e+04
1.126585468750000000e+05
1.110685390625000000e+05
2.188066601562500000e+04
3.058946875000000000e+04
8.789279687500000000e+04
5.400922656250000000e+04
8.737406250000000000e+03
4.396800000000000000e+04
6.062416015625000000e+04
1.863097851562500000e+04
1.538544628906250000e+04
4.490121484375000000e+04
3.037036523437500000e+04
7.791921386718750000e+03
2.398383789062500000e+04
3.188688281250000000e+04
1.238228320312500000e+04
1.031366406250000000e+04
2.416946875000000000e+04
1.814107617187500000e+04
6.860163574218750000e+03
1.401044140625000000e+04
1.883960742187500000e+04
9.587852539062500000e+03
7.444679199218750000e+03
1.435904785156250000e+04
1.252774511718750000e+04
6.409338867187500000e+03
8.809657226562500000e+03
1.214963574218750000e+04
8.416212890625000000e+03
6.036612792968750000e+03
9.104535156250000000e+03
9.615465820312500000e+03
6.419774414062500000e+03
6.390703613281250000e+03
8.543045898437500000e+03
7.613911621093750000e+03
5.734101562500000000e+03
6.598635742187500000e+03
7.677070800781250000e+03
6.477042480468750000e+03
5.578058593750000000e+03
6.495334472656250000e+03
6.856177734375000000e+03
5.861026855468750000e+03
5.528964355468750000e+03
6.204020996093750000e+03
6.215041503906250000e+03
5.527586914062500000e+03
5.464817382812500000e+03
5.907930175781250000e+03
5.802820312500000000e+03
5.346062500000000000e+03
5.371752929687500000e+03
5.649141601562500000e+03
5.527120117187500000e+03
5.226278808593750000e+03
5.263618652343750000e+03
5.439247558593750000e+03
5.339874511718750000e+03
5.134582519531250000e+03
5.146929199218750000e+03
5.252577148437500000e+03
5.187754882812500000e+03
5.048952148437500000e+03
5.052017578125000000e+03
5.123524902343750000e+03
5.083791503906250000e+03
4.978227050781250000e+03
4.956529296875000000e+03
4.997142089843750000e+03
4.977342773437500000e+03
4.905046875000000000e+03
4.877559570312500000e+03
4.894678222656250000e+03
4.884116699218750000e+03
4.835690429687500000e+03
4.805571777343750000e+03
4.807992675781250000e+03
4.801513671875000000e+03
4.767983398437500000e+03
4.738405273437500000e+03
4.733301757812500000e+03
4.729101074218750000e+03
4.703287109375000000e+03
4.674101074218750000e+03
4.662132324218750000e+03
4.657408691406250000e+03
4.639062011718750000e+03
4.612331542968750000e+03
4.594836914062500000e+03
4.587104980468750000e+03
4.575916503906250000e+03
4.554305664062500000e+03
4.532746582031250000e+03
4.519714355468750000e+03
4.510443359375000000e+03
4.496169921875000000e+03
4.475503417968750000e+03
4.457727539062500000e+03
4.445456542968750000e+03
4.432770019531250000e+03
4.416885742187500000e+03
4.400250488281250000e+03
4.385654296875000000e+03
4.372788574218750000e+03
4.360356933593750000e+03
4.346065917968750000e+03
4.329904785156250000e+03
4.315202636718750000e+03
4.301861816406250000e+03
4.289762695312500000e+03
4.276013671875000000e+03
4.261294921875000000e+03
4.246790039062500000e+03
4.233458007812500000e+03
4.220974609375000000e+03
4.208106445312500000e+03
4.194169433593750000e+03
4.180548339843750000e+03
4.167821289062500000e+03
4.155321289062500000e+03
4.142764648437500000e+03
4.129560546875000000e+03
4.116282226562500000e+03
4.103338867187500000e+03
4.091057617187500000e+03
4.078448242187500000e+03
4.065957275390625000e+03
4.053034423828125000e+03
4.041065185546875000e+03
4.028680419921875000e+03
4.016383789062500000e+03
4.004498046875000000e+03
3.991974365234375000e+03
3.979849853515625000e+03
3.967921875000000000e+03
3.955857177734375000e+03
3.944231933593750000e+03
3.932729492187500000e+03
3.920814453125000000e+03
3.908562988281250000e+03
3.896382080078125000e+03
3.884999511718750000e+03
3.874073974609375000e+03
3.862817626953125000e+03
3.851239013671875000e+03
3.839376464843750000e+03
3.827514892578125000e+03
3.815892822265625000e+03
3.804877441406250000e+03
3.793681640625000000e+03
3.782291992187500000e+03
3.771143798828125000e+03
3.760253417968750000e+03
3.749207519531250000e+03
3.738500976562500000e+03
3.727362792968750000e+03
3.716622802734375000e+03
3.705791015625000000e+03
3.694847656250000000e+03
3.684034423828125000e+03
3.673375000000000000e+03
3.662676025390625000e+03
3.652084716796875000e+03
3.641529052734375000e+03
3.631004394531250000e+03
3.620400878906250000e+03
3.610247314453125000e+03
3.600115478515625000e+03
3.590004638671875000e+03
3.579709960937500000e+03
3.569346923828125000e+03
3.559285644531250000e+03
3.549162841796875000e+03
3.539055175781250000e+03
3.528606445312500000e+03
3.518893066406250000e+03
3.509193847656250000e+03
3.499695556640625000e+03
3.490242431640625000e+03
3.480642822265625000e+03
3.471107910156250000e+03
3.460694824218750000e+03
3.450467285156250000e+03
3.440800292968750000e+03
3.431271728515625000e+03
3.421640869140625000e+03
3.412452880859375000e+03
3.403654052734375000e+03
3.395446533203125000e+03
3.387188964843750000e+03
3.378531005859375000e+03
3.369464843750000000e+03
3.360036621093750000e+03
3.349723876953125000e+03
3.339756103515625000e+03
3.330313964843750000e+03
3.321232666015625000e+03
3.312179931640625000e+03
3.303061767578125000e+03
3.293310791015625000e+03
3.284094482421875000e+03
3.274924072265625000e+03
3.265922607421875000e+03
3.256718017578125000e+03
3.248266845703125000e+03
3.240043945312500000e+03
3.233046630859375000e+03
3.226944580078125000e+03
3.221499511718750000e+03
3.216751708984375000e+03
3.213279785156250000e+03
3.209547363281250000e+03
3.203958984375000000e+03
3.196732177734375000e+03
3.188838134765625000e+03
3.182254638671875000e+03
3.177583496093750000e+03
3.176084960937500000e+03
3.178702148437500000e+03
3.187666015625000000e+03
3.205949951171875000e+03
3.234372314453125000e+03
3.275122314453125000e+03
3.337327880859375000e+03
3.434407470703125000e+03
3.586988281250000000e+03
3.822527587890625000e+03
4.181861816406250000e+03
4.718750488281250000e+03
5.551057617187500000e+03
6.836796386718750000e+03
8.873156250000000000e+03
1.206361816406250000e+04
1.735042773437500000e+04
2.581158203125000000e+04
4.002186328125000000e+04
6.267894921875000000e+04
1.017805703125000000e+05
1.625466250000000000e+05
2.661655312500000000e+05
4.138817500000000000e+05
6.533489375000000000e+05
9.191391250000000000e+05
1.263191375000000000e+06
1.372922250000000000e+06
1.301221250000000000e+06
7.759880000000000000e+05
2.354710781250000000e+05
4.700387207031250000e+03
2.014745468750000000e+05
4.840800312500000000e+05
4.241300625000000000e+05
1.433843906250000000e+05
6.980706054687500000e+03
1.519057656250000000e+05
2.835202500000000000e+05
1.656880937500000000e+05
1.592089843750000000e+04
5.522693359375000000e+04
1.616765312500000000e+05
1.313218281250000000e+05
2.261901367187500000e+04
2.558747460937500000e+04
1.011032968750000000e+05
9.036300000000000000e+04
2.001539843750000000e+04
1.440218847656250000e+04
6.282139062500000000e+04
6.289319921875000000e+04
1.608354882812500000e+04
9.101620117187500000e+03
4.117512109375000000e+04
4.268037109375000000e+04
1.285043652343750000e+04
5.832233398437500000e+03
2.623769531250000000e+04
3.002521679687500000e+04
1.058858007812500000e+04
4.074906005859375000e+03
1.705244726562500000e+04
2.108316796875000000e+04
9.180527343750000000e+03
3.115067138671875000e+03
1.081903222656250000e+04
1.521687988281250000e+04
8.142657714843750000e+03
2.819292236328125000e+03
6.921695312500000000e+03
1.081233593750000000e+04
7.259284667968750000e+03
2.895037841796875000e+03
4.566023925781250000e+03
7.795741210937500000e+03
6.413729003906250000e+03
3.133622558593750000e+03
3.277857910156250000e+03
5.589256347656250000e+03
5.563793945312500000e+03
3.371682617187500000e+03
2.701240478515625000e+03
4.083634765625000000e+03
4.693931640625000000e+03
3.517642089843750000e+03
2.556610595703125000e+03
3.104125488281250000e+03
3.870411621093750000e+03
3.493912841796875000e+03
2.647053955078125000e+03
2.600290039062500000e+03
3.177949951171875000e+03
3.306989257812500000e+03
2.790434082031250000e+03
2.444560791015625000e+03
2.689238769531250000e+03
2.982645751953125000e+03
2.820624511718750000e+03
2.475224365234375000e+03
2.436232421875000000e+03
2.655239257812500000e+03
2.722199951171875000e+03
2.531409667968750000e+03
2.370875000000000000e+03
2.433190917968750000e+03
2.564261718750000000e+03
2.546416992187500000e+03
2.407474365234375000e+03
2.331651611328125000e+03
2.382154785156250000e+03
2.440873291015625000e+03
2.408650390625000000e+03
2.329955322265625000e+03
2.299971191406250000e+03
2.330870361328125000e+03
2.353924072265625000e+03
2.326715576171875000e+03
2.281649414062500000e+03
2.271946777343750000e+03
2.296869873046875000e+03
2.308538085937500000e+03
2.282771240234375000e+03
2.248488769531250000e+03
2.242047607421875000e+03
2.258331542968750000e+03
2.263691162109375000e+03
2.244268554687500000e+03
2.219398925781250000e+03
2.211870117187500000e+03
2.219406250000000000e+03
2.221418701171875000e+03
2.207759277343750000e+03
2.190601806640625000e+03
2.185739746093750000e+03
2.191230712890625000e+03
2.193234863281250000e+03
2.183626953125000000e+03
2.167596191406250000e+03
2.158068603515625000e+03
2.157493164062500000e+03
2.157332519531250000e+03
2.151365722656250000e+03
2.141703857421875000e+03
2.133570068359375000e+03
2.130475341796875000e+03
2.129669433593750000e+03
2.126143554687500000e+03
2.119044921875000000e+03
2.111170654296875000e+03
2.105501220703125000e+03
2.101492675781250000e+03
2.097947265625000000e+03
2.093666259765625000e+03
2.088608398437500000e+03
2.083447021484375000e+03
2.078744140625000000e+03
2.074281982421875000e+03
2.070006103515625000e+03
2.065958740234375000e+03
2.062101318359375000e+03
2.057684814453125000e+03
2.053229248046875000e+03
2.049120361328125000e+03
2.044921142578125000e+03
2.040907592773437500e+03
2.036625732421875000e+03
2.032373657226562500e+03
2.028215087890625000e+03
2.024133422851562500e+03
2.020269531250000000e+03
2.016122924804687500e+03
2.012317626953125000e+03
2.008329711914062500e+03
2.004236450195312500e+03
2.000534423828125000e+03
1.996854614257812500e+03
1.992870727539062500e+03
1.989021850585937500e+03
1.985196044921875000e+03
1.981319702148437500e+03
1.977762084960937500e+03
1.974409912109375000e+03
1.970829223632812500e+03
1.967312500000000000e+03
1.963157226562500000e+03
1.958899169921875000e+03
1.955075317382812500e+03
1.951530273437500000e+03
1.948289794921875000e+03
1.944566894531250000e+03
1.940559082031250000e+03
1.936599121093750000e+03
1.932979492187500000e+03
1.929266967773437500e+03
1.925661743164062500e+03
1.921981323242187500e+03
1.918449462890625000e+03
1.914969482421875000e+03
1.911405517578125000e+03
1.907918334960937500e+03
1.904332031250000000e+03
1.900756225585937500e+03
1.897181274414062500e+03
1.893448486328125000e+03
1.889962402343750000e+03
1.886518310546875000e+03
1.883266113281250000e+03
1.879718505859375000e+03
1.876314575195312500e+03
1.873028320312500000e+03
1.869475952148437500e+03
1.866058227539062500e+03
1.862667236328125000e+03
1.859330688476562500e+03
1.855821044921875000e+03
1.852421875000000000e+03
1.849451293945312500e+03
1.846464721679687500e+03
1.843853393554687500e+03
1.840823974609375000e+03
1.837556152343750000e+03
1.834181518554687500e+03
1.830520141601562500e+03
1.826608032226562500e+03
1.822745849609375000e+03
1.819519409179687500e+03
1.816221191406250000e+03
1.812787597656250000e+03
1.809928344726562500e+03
1.807154296875000000e+03
1.804630615234375000e+03
1.802577392578125000e+03
1.800796875000000000e+03
1.799363281250000000e+03
1.797721923828125000e+03
1.795770751953125000e+03
1.793798461914062500e+03
1.791847045898437500e+03
1.789608032226562500e+03
1.787701904296875000e+03
1.786454101562500000e+03
1.785508911132812500e+03
1.784390014648437500e+03
1.783106811523437500e+03
1.782617797851562500e+03
1.783352539062500000e+03
1.785029785156250000e+03
1.787245727539062500e+03
1.791882812500000000e+03
1.801570678710937500e+03
1.816764770507812500e+03
1.836940307617187500e+03
1.861692016601562500e+03
1.895556884765625000e+03
1.945026245117187500e+03
2.016816894531250000e+03
2.117601318359375000e+03
2.263822265625000000e+03
2.473743408203125000e+03
2.789895263671875000e+03
3.274223388671875000e+03
4.024025390625000000e+03
5.161941406250000000e+03
6.944890136718750000e+03
9.689216796875000000e+03
1.411957128906250000e+04
2.105460742187500000e+04
3.243804101562500000e+04
5.032696093750000000e+04
8.080658593750000000e+04
1.280010078125000000e+05
2.094737968750000000e+05
3.318828125000000000e+05
