/*--------------------------------*- C++ -*----------------------------------*\
  =========                 |
  \\      /  F ield         | OpenFOAM: The Open Source CFD Toolbox
   \\    /   O peration     | Website:  https://openfoam.org
    \\  /    A nd           | Version:  6
     \\/     M anipulation  |
\*---------------------------------------------------------------------------*/
FoamFile
{
    version     2.0;
    format      ascii;
    class       surfaceScalarField;
    location    "3200";
    object      phi;
}
// * * * * * * * * * * * * * * * * * * * * * * * * * * * * * * * * * * * * * //

dimensions      [0 3 -1 0 0 0 0];

internalField   nonuniform List<scalar> 
4900
(
3.20655e-06
7.67934e-05
-3.00664e-07
8.35072e-05
-1.91204e-06
8.16114e-05
-2.81938e-06
8.09073e-05
-3.2923e-06
8.04729e-05
-3.50255e-06
8.02103e-05
-3.55959e-06
8.0057e-05
-3.52247e-06
7.99629e-05
-3.425e-06
7.99025e-05
-3.2875e-06
7.98625e-05
-3.12264e-06
7.98351e-05
-2.93859e-06
7.9816e-05
-2.7408e-06
7.98022e-05
-2.53297e-06
7.97922e-05
-2.31768e-06
7.97847e-05
-2.09679e-06
7.97791e-05
-1.87164e-06
7.97748e-05
-1.64322e-06
7.97716e-05
-1.41229e-06
7.97691e-05
-1.17943e-06
7.97671e-05
-9.45115e-07
7.97657e-05
-7.09716e-07
7.97646e-05
-4.7355e-07
7.97638e-05
-2.36894e-07
7.97633e-05
-1.20397e-17
7.97631e-05
2.36894e-07
7.97631e-05
4.7355e-07
7.97633e-05
7.09716e-07
7.97638e-05
9.45115e-07
7.97646e-05
1.17943e-06
7.97657e-05
1.41229e-06
7.97671e-05
1.64322e-06
7.97691e-05
1.87164e-06
7.97716e-05
2.09679e-06
7.97748e-05
2.31768e-06
7.97791e-05
2.53297e-06
7.97847e-05
2.7408e-06
7.97922e-05
2.93859e-06
7.98022e-05
3.12264e-06
7.9816e-05
3.2875e-06
7.98351e-05
3.425e-06
7.98625e-05
3.52247e-06
7.99025e-05
3.55959e-06
7.99629e-05
3.50255e-06
8.0057e-05
3.2923e-06
8.02103e-05
2.81938e-06
8.04729e-05
1.91204e-06
8.09073e-05
3.00664e-07
8.16114e-05
-3.20655e-06
8.35072e-05
7.67934e-05
8.00781e-06
6.87856e-05
6.47867e-06
8.50364e-05
3.54373e-06
8.45463e-05
1.3138e-06
8.31373e-05
-1.75339e-07
8.19621e-05
-1.13146e-06
8.11664e-05
-1.7283e-06
8.06539e-05
-2.08466e-06
8.03192e-05
-2.27831e-06
8.00962e-05
-2.36001e-06
7.99442e-05
-2.36328e-06
7.98384e-05
-2.31064e-06
7.97633e-05
-2.21744e-06
7.9709e-05
-2.09439e-06
7.96691e-05
-1.94906e-06
7.96394e-05
-1.78691e-06
7.9617e-05
-1.61194e-06
7.95999e-05
-1.42712e-06
7.95868e-05
-1.23475e-06
7.95767e-05
-1.03657e-06
7.9569e-05
-8.3399e-07
7.95631e-05
-6.28142e-07
7.95588e-05
-4.19985e-07
7.95557e-05
-2.10353e-07
7.95537e-05
-2.84814e-17
7.95528e-05
2.10353e-07
7.95528e-05
4.19985e-07
7.95537e-05
6.28142e-07
7.95557e-05
8.3399e-07
7.95588e-05
1.03657e-06
7.95631e-05
1.23475e-06
7.9569e-05
1.42712e-06
7.95767e-05
1.61194e-06
7.95868e-05
1.78691e-06
7.95999e-05
1.94906e-06
7.9617e-05
2.09439e-06
7.96394e-05
2.21744e-06
7.96691e-05
2.31064e-06
7.9709e-05
2.36328e-06
7.97633e-05
2.36001e-06
7.98384e-05
2.27831e-06
7.99442e-05
2.08466e-06
8.00962e-05
1.7283e-06
8.03192e-05
1.13146e-06
8.06539e-05
1.75339e-07
8.11664e-05
-1.3138e-06
8.19621e-05
-3.54373e-06
8.31373e-05
-6.47867e-06
8.45463e-05
-8.00781e-06
8.50364e-05
6.87856e-05
8.52998e-06
6.02557e-05
9.56116e-06
8.40052e-05
7.13428e-06
8.69732e-05
4.55106e-06
8.57205e-05
2.51182e-06
8.40013e-05
1.03511e-06
8.26431e-05
7.9753e-09
8.1681e-05
-6.87997e-07
8.10152e-05
-1.14607e-06
8.05542e-05
-1.4338e-06
8.02319e-05
-1.59888e-06
8.00035e-05
-1.67478e-06
7.98392e-05
-1.68513e-06
7.97194e-05
-1.64676e-06
7.96307e-05
-1.57176e-06
7.95644e-05
-1.46899e-06
7.95142e-05
-1.34497e-06
7.94759e-05
-1.20462e-06
7.94464e-05
-1.05168e-06
7.94238e-05
-8.8909e-07
7.94064e-05
-7.19159e-07
7.93932e-05
-5.43786e-07
7.93834e-05
-3.64564e-07
7.93765e-05
-1.82882e-07
7.9372e-05
-3.15299e-17
7.93699e-05
1.82882e-07
7.93699e-05
3.64564e-07
7.9372e-05
5.43786e-07
7.93765e-05
7.19159e-07
7.93834e-05
8.8909e-07
7.93932e-05
1.05168e-06
7.94064e-05
1.20462e-06
7.94238e-05
1.34497e-06
7.94464e-05
1.46899e-06
7.94759e-05
1.57176e-06
7.95142e-05
1.64676e-06
7.95644e-05
1.68513e-06
7.96307e-05
1.67478e-06
7.97194e-05
1.59888e-06
7.98392e-05
1.4338e-06
8.00035e-05
1.14607e-06
8.02319e-05
6.87997e-07
8.05542e-05
-7.9753e-09
8.10152e-05
-1.03511e-06
8.1681e-05
-2.51182e-06
8.26431e-05
-4.55106e-06
8.40013e-05
-7.13428e-06
8.57205e-05
-9.56116e-06
8.69732e-05
-8.52998e-06
8.40052e-05
6.02557e-05
7.91673e-06
5.23389e-05
1.05432e-05
8.13787e-05
9.22514e-06
8.82913e-05
6.90539e-06
8.80402e-05
4.70756e-06
8.61991e-05
2.93616e-06
8.44145e-05
1.60355e-06
8.30136e-05
6.3593e-07
8.19828e-05
-4.9618e-08
8.12398e-05
-5.23262e-07
8.07056e-05
-8.39198e-07
8.03194e-05
-1.03778e-06
8.00378e-05
-1.14864e-06
7.98302e-05
-1.19349e-06
7.96756e-05
-1.1883e-06
7.95592e-05
-1.14491e-06
7.94708e-05
-1.07216e-06
7.94031e-05
-9.76773e-07
7.9351e-05
-8.63908e-07
7.93109e-05
-7.37602e-07
7.92801e-05
-6.01078e-07
7.92566e-05
-4.56968e-07
7.92393e-05
-3.07491e-07
7.9227e-05
-1.54582e-07
7.92191e-05
-2.07247e-17
7.92153e-05
1.54582e-07
7.92153e-05
3.07491e-07
7.92191e-05
4.56968e-07
7.9227e-05
6.01078e-07
7.92393e-05
7.37602e-07
7.92566e-05
8.63908e-07
7.92801e-05
9.76773e-07
7.93109e-05
1.07216e-06
7.9351e-05
1.14491e-06
7.94031e-05
1.1883e-06
7.94708e-05
1.19349e-06
7.95592e-05
1.14864e-06
7.96756e-05
1.03778e-06
7.98302e-05
8.39198e-07
8.00378e-05
5.23262e-07
8.03194e-05
4.9618e-08
8.07056e-05
-6.3593e-07
8.12398e-05
-1.60355e-06
8.19828e-05
-2.93616e-06
8.30136e-05
-4.70756e-06
8.44145e-05
-6.90539e-06
8.61991e-05
-9.22514e-06
8.80402e-05
-1.05432e-05
8.82913e-05
-7.91673e-06
8.13787e-05
5.23389e-05
6.88996e-06
4.5449e-05
1.04143e-05
7.78544e-05
1.024e-05
8.84655e-05
8.49216e-06
8.97881e-05
6.41901e-06
8.82723e-05
4.54864e-06
8.62849e-05
3.03232e-06
8.45299e-05
1.86561e-06
8.31495e-05
9.95057e-07
8.21104e-05
3.60167e-07
8.13405e-05
-9.23632e-08
8.0772e-05
-4.05408e-07
8.03508e-05
-6.12103e-07
8.00369e-05
-7.37606e-07
7.98011e-05
-8.00901e-07
7.96225e-05
-8.16323e-07
7.94862e-05
-7.94759e-07
7.93815e-05
-7.44549e-07
7.93008e-05
-6.72156e-07
7.92385e-05
-5.82668e-07
7.91906e-05
-4.80161e-07
7.91541e-05
-3.67983e-07
7.91271e-05
-2.48956e-07
7.9108e-05
-1.25547e-07
7.90957e-05
2.41511e-18
7.90897e-05
1.25547e-07
7.90897e-05
2.48956e-07
7.90957e-05
3.67983e-07
7.9108e-05
4.80161e-07
7.91271e-05
5.82668e-07
7.91541e-05
6.72156e-07
7.91906e-05
7.44549e-07
7.92385e-05
7.94759e-07
7.93008e-05
8.16323e-07
7.93815e-05
8.00901e-07
7.94862e-05
7.37606e-07
7.96225e-05
6.12103e-07
7.98011e-05
4.05408e-07
8.00369e-05
9.23632e-08
8.03508e-05
-3.60167e-07
8.0772e-05
-9.95057e-07
8.13405e-05
-1.86561e-06
8.21104e-05
-3.03232e-06
8.31495e-05
-4.54864e-06
8.45299e-05
-6.41901e-06
8.62849e-05
-8.49216e-06
8.82723e-05
-1.024e-05
8.97881e-05
-1.04143e-05
8.84655e-05
-6.88996e-06
7.78544e-05
4.5449e-05
5.77568e-06
3.96733e-05
9.71757e-06
7.39125e-05
1.05188e-05
8.76643e-05
9.45462e-06
9.08523e-05
7.68777e-06
9.00391e-05
5.87292e-06
8.80997e-05
4.28188e-06
8.6121e-05
2.98706e-06
8.44444e-05
1.97597e-06
8.31214e-05
1.20717e-06
8.21093e-05
6.34676e-07
8.13444e-05
2.1722e-07
8.07683e-05
-7.92895e-08
8.03334e-05
-2.81894e-07
8.00037e-05
-4.11649e-07
7.97523e-05
-4.84824e-07
7.95594e-05
-5.13985e-07
7.94107e-05
-5.08882e-07
7.92957e-05
-4.77149e-07
7.92068e-05
-4.24836e-07
7.91383e-05
-3.5682e-07
7.90861e-05
-2.77122e-07
7.90474e-05
-1.89144e-07
7.902e-05
-9.58655e-08
7.90024e-05
3.39154e-17
7.89939e-05
9.58655e-08
7.89939e-05
1.89144e-07
7.90024e-05
2.77122e-07
7.902e-05
3.5682e-07
7.90474e-05
4.24836e-07
7.90861e-05
4.77149e-07
7.91383e-05
5.08882e-07
7.92068e-05
5.13985e-07
7.92957e-05
4.84824e-07
7.94107e-05
4.11649e-07
7.95594e-05
2.81894e-07
7.97523e-05
7.92895e-08
8.00037e-05
-2.1722e-07
8.03334e-05
-6.34676e-07
8.07683e-05
-1.20717e-06
8.13444e-05
-1.97597e-06
8.21093e-05
-2.98706e-06
8.31214e-05
-4.28188e-06
8.44444e-05
-5.87292e-06
8.6121e-05
-7.68777e-06
8.80997e-05
-9.45462e-06
9.00391e-05
-1.05188e-05
9.08523e-05
-9.71757e-06
8.76643e-05
-5.77568e-06
7.39125e-05
3.96733e-05
4.74707e-06
3.49262e-05
8.78307e-06
6.98765e-05
1.03254e-05
8.61219e-05
9.93552e-06
9.12422e-05
8.57246e-06
9.14022e-05
6.92476e-06
8.97474e-05
5.35015e-06
8.76956e-05
3.99252e-06
8.5802e-05
2.88473e-06
8.42292e-05
2.01044e-06
8.29836e-05
1.33609e-06
8.20188e-05
8.25612e-07
8.12788e-05
4.46391e-07
8.07127e-05
1.7106e-07
8.0279e-05
-2.25194e-08
7.99458e-05
-1.51923e-07
7.96888e-05
-2.31006e-07
7.94898e-05
-2.70681e-07
7.93354e-05
-2.79589e-07
7.92157e-05
-2.64645e-07
7.91233e-05
-2.31458e-07
7.90529e-05
-1.84675e-07
7.90006e-05
-1.28243e-07
7.89635e-05
-6.56304e-08
7.89398e-05
6.92218e-17
7.89282e-05
6.56304e-08
7.89282e-05
1.28243e-07
7.89398e-05
1.84675e-07
7.89635e-05
2.31458e-07
7.90006e-05
2.64645e-07
7.90529e-05
2.79589e-07
7.91233e-05
2.70681e-07
7.92157e-05
2.31006e-07
7.93354e-05
1.51923e-07
7.94898e-05
2.25194e-08
7.96888e-05
-1.7106e-07
7.99458e-05
-4.46391e-07
8.0279e-05
-8.25612e-07
8.07127e-05
-1.33609e-06
8.12788e-05
-2.01044e-06
8.20188e-05
-2.88473e-06
8.29836e-05
-3.99252e-06
8.42292e-05
-5.35015e-06
8.5802e-05
-6.92476e-06
8.76956e-05
-8.57246e-06
8.97474e-05
-9.93552e-06
9.14022e-05
-1.03254e-05
9.12422e-05
-8.78307e-06
8.61219e-05
-4.74707e-06
6.98765e-05
3.49262e-05
3.87083e-06
3.10554e-05
7.79993e-06
6.59474e-05
9.85368e-06
8.40682e-05
1.0063e-05
9.10329e-05
9.13797e-06
9.23272e-05
7.72977e-06
9.11556e-05
6.24306e-06
8.91823e-05
4.87958e-06
8.71655e-05
3.71624e-06
8.53926e-05
2.76469e-06
8.39351e-05
2.00723e-06
8.27762e-05
1.41598e-06
8.187e-05
9.61949e-07
8.11667e-05
6.18922e-07
8.06221e-05
3.64675e-07
8.02001e-05
1.80965e-07
7.98725e-05
5.30722e-08
7.96177e-05
-3.08093e-08
7.94193e-05
-8.01543e-08
7.9265e-05
-1.02619e-07
7.91458e-05
-1.04469e-07
7.90548e-05
-9.09218e-08
7.89871e-05
-6.64343e-08
7.89391e-05
-3.49307e-08
7.89083e-05
1.03291e-16
7.88933e-05
3.49307e-08
7.88933e-05
6.64343e-08
7.89083e-05
9.09218e-08
7.89391e-05
1.04469e-07
7.89871e-05
1.02619e-07
7.90548e-05
8.01543e-08
7.91458e-05
3.08093e-08
7.9265e-05
-5.30722e-08
7.94193e-05
-1.80965e-07
7.96177e-05
-3.64675e-07
7.98725e-05
-6.18922e-07
8.02001e-05
-9.61949e-07
8.06221e-05
-1.41598e-06
8.11667e-05
-2.00723e-06
8.187e-05
-2.76469e-06
8.27762e-05
-3.71624e-06
8.39351e-05
-4.87958e-06
8.53926e-05
-6.24306e-06
8.71655e-05
-7.72977e-06
8.91823e-05
-9.13797e-06
9.11556e-05
-1.0063e-05
9.23272e-05
-9.85368e-06
9.10329e-05
-7.79993e-06
8.40682e-05
-3.87083e-06
6.59474e-05
3.10554e-05
3.15461e-06
2.79008e-05
6.86528e-06
6.22367e-05
9.23769e-06
8.16958e-05
9.94377e-06
9.03268e-05
9.44805e-06
9.28229e-05
8.31887e-06
9.22848e-05
6.9722e-06
9.0529e-05
5.65019e-06
8.84875e-05
4.46836e-06
8.65744e-05
3.46644e-06
8.4937e-05
2.6446e-06
8.35981e-05
1.98524e-06
8.25294e-05
1.46483e-06
8.16871e-05
1.05963e-06
8.10273e-05
7.48291e-07
8.05114e-05
5.12537e-07
8.01083e-05
3.37214e-07
7.9793e-05
2.09911e-07
7.95466e-05
1.20511e-07
7.93544e-05
6.07402e-08
7.92056e-05
2.37675e-08
7.90918e-05
3.86206e-09
7.9007e-05
-3.89532e-09
7.89468e-05
-3.8536e-09
7.89083e-05
1.33083e-16
7.88895e-05
3.8536e-09
7.88895e-05
3.89532e-09
7.89083e-05
-3.86207e-09
7.89468e-05
-2.37675e-08
7.9007e-05
-6.07402e-08
7.90918e-05
-1.20511e-07
7.92056e-05
-2.09911e-07
7.93544e-05
-3.37214e-07
7.95466e-05
-5.12537e-07
7.9793e-05
-7.48291e-07
8.01083e-05
-1.05963e-06
8.05114e-05
-1.46483e-06
8.10273e-05
-1.98524e-06
8.16871e-05
-2.6446e-06
8.25294e-05
-3.46644e-06
8.35981e-05
-4.46836e-06
8.4937e-05
-5.65019e-06
8.65744e-05
-6.9722e-06
8.84875e-05
-8.31887e-06
9.0529e-05
-9.44805e-06
9.22848e-05
-9.94377e-06
9.28229e-05
-9.23769e-06
9.03268e-05
-6.86528e-06
8.16958e-05
-3.15461e-06
6.22367e-05
2.79008e-05
2.58204e-06
2.53187e-05
6.02248e-06
5.87963e-05
8.5653e-06
7.91529e-05
9.66187e-06
8.92302e-05
9.56075e-06
9.2924e-05
8.72472e-06
9.31208e-05
7.55277e-06
9.17009e-05
6.30958e-06
8.97307e-05
5.14138e-06
8.77426e-05
4.11392e-06
8.59645e-05
3.24576e-06
8.44662e-05
2.53099e-06
8.32441e-05
1.95289e-06
8.22652e-05
1.4914e-06
8.14887e-05
1.12686e-06
8.0876e-05
8.41603e-07
8.03935e-05
6.2046e-07
8.00141e-05
4.50709e-07
7.97163e-05
3.21791e-07
7.94833e-05
2.2495e-07
7.93024e-05
1.52883e-07
7.91638e-05
9.94114e-08
7.90604e-05
5.92013e-08
7.8987e-05
2.75159e-08
7.894e-05
1.56517e-16
7.8917e-05
-2.75159e-08
7.8917e-05
-5.92013e-08
7.894e-05
-9.94114e-08
7.8987e-05
-1.52883e-07
7.90604e-05
-2.2495e-07
7.91638e-05
-3.21791e-07
7.93024e-05
-4.50709e-07
7.94833e-05
-6.2046e-07
7.97163e-05
-8.41603e-07
8.00141e-05
-1.12686e-06
8.03935e-05
-1.4914e-06
8.0876e-05
-1.95289e-06
8.14887e-05
-2.53099e-06
8.22652e-05
-3.24576e-06
8.32441e-05
-4.11392e-06
8.44662e-05
-5.14138e-06
8.59645e-05
-6.30958e-06
8.77426e-05
-7.55277e-06
8.97307e-05
-8.72472e-06
9.17009e-05
-9.56075e-06
9.31208e-05
-9.66187e-06
9.2924e-05
-8.5653e-06
8.92302e-05
-6.02248e-06
7.91529e-05
-2.58204e-06
5.87963e-05
2.53187e-05
2.12979e-06
2.31889e-05
5.2854e-06
5.56407e-05
7.8913e-06
7.6547e-05
9.28068e-06
8.78408e-05
9.52617e-06
9.26785e-05
8.97912e-06
9.36679e-05
8.00183e-06
9.26782e-05
6.86528e-06
9.08672e-05
5.7375e-06
8.88704e-05
4.7067e-06
8.69953e-05
3.80922e-06
8.53637e-05
3.05144e-06
8.40019e-05
2.42442e-06
8.28922e-05
1.9127e-06
8.20005e-05
1.49909e-06
8.12896e-05
1.16708e-06
8.07255e-05
9.01922e-07
8.02793e-05
6.90864e-07
7.99274e-05
5.23105e-07
7.96511e-05
3.89552e-07
7.9436e-05
2.82525e-07
7.92709e-05
1.9547e-07
7.91475e-05
1.22688e-07
7.90598e-05
5.90951e-08
7.90036e-05
1.73883e-16
7.89761e-05
-5.90951e-08
7.89761e-05
-1.22688e-07
7.90036e-05
-1.9547e-07
7.90598e-05
-2.82525e-07
7.91475e-05
-3.89552e-07
7.92709e-05
-5.23105e-07
7.9436e-05
-6.90864e-07
7.96511e-05
-9.01922e-07
7.99274e-05
-1.16708e-06
8.02793e-05
-1.49909e-06
8.07255e-05
-1.9127e-06
8.12896e-05
-2.42442e-06
8.20005e-05
-3.05144e-06
8.28922e-05
-3.80922e-06
8.40019e-05
-4.7067e-06
8.53637e-05
-5.7375e-06
8.69953e-05
-6.86528e-06
8.88704e-05
-8.00183e-06
9.08672e-05
-8.97912e-06
9.26782e-05
-9.52617e-06
9.36679e-05
-9.28068e-06
9.26785e-05
-7.8913e-06
8.78408e-05
-5.2854e-06
7.6547e-05
-2.12979e-06
5.56407e-05
2.31889e-05
1.77458e-06
2.14144e-05
4.65242e-06
5.27628e-05
7.24771e-06
7.39518e-05
8.84631e-06
8.62423e-05
9.38583e-06
9.2139e-05
9.11145e-06
9.39423e-05
8.33691e-06
9.34527e-05
7.32626e-06
9.18779e-05
6.26038e-06
8.99363e-05
5.24556e-06
8.80101e-05
4.33435e-06
8.62749e-05
3.54538e-06
8.47909e-05
2.87808e-06
8.35595e-05
2.32226e-06
8.25563e-05
1.86384e-06
8.1748e-05
1.488e-06
8.11013e-05
1.18079e-06
8.05865e-05
9.297e-07
8.01785e-05
7.23904e-07
7.98569e-05
5.54107e-07
7.96057e-05
4.12354e-07
7.94126e-05
2.91789e-07
7.92681e-05
1.86403e-07
7.91652e-05
9.08039e-08
7.90992e-05
1.85359e-16
7.90669e-05
-9.08039e-08
7.90669e-05
-1.86403e-07
7.90992e-05
-2.91789e-07
7.91652e-05
-4.12354e-07
7.92681e-05
-5.54107e-07
7.94126e-05
-7.23904e-07
7.96057e-05
-9.297e-07
7.98569e-05
-1.18079e-06
8.01785e-05
-1.488e-06
8.05865e-05
-1.86384e-06
8.11013e-05
-2.32226e-06
8.1748e-05
-2.87808e-06
8.25563e-05
-3.54538e-06
8.35595e-05
-4.33435e-06
8.47909e-05
-5.24556e-06
8.62749e-05
-6.26038e-06
8.80101e-05
-7.32626e-06
8.99363e-05
-8.33691e-06
9.18779e-05
-9.11145e-06
9.34527e-05
-9.38583e-06
9.39423e-05
-8.84631e-06
9.2139e-05
-7.24771e-06
8.62423e-05
-4.65242e-06
7.39518e-05
-1.77458e-06
5.27628e-05
2.14144e-05
1.49584e-06
1.99185e-05
4.11456e-06
5.01441e-05
6.65143e-06
7.14149e-05
8.39107e-06
8.45026e-05
9.17302e-06
9.13571e-05
9.14778e-06
9.39675e-05
8.57513e-06
9.40254e-05
7.70221e-06
9.27508e-05
6.71471e-06
9.09238e-05
5.73216e-06
8.89927e-05
4.82118e-06
8.71859e-05
4.01209e-06
8.56e-05
3.31285e-06
8.42588e-05
2.71902e-06
8.31501e-05
2.22013e-06
8.22469e-05
1.8035e-06
8.1518e-05
1.45631e-06
8.09337e-05
1.16659e-06
8.04682e-05
9.2367e-07
8.00998e-05
7.18197e-07
7.98112e-05
5.42046e-07
7.95888e-05
3.88131e-07
7.9422e-05
2.50189e-07
7.93031e-05
1.22565e-07
7.92268e-05
1.9238e-16
7.91894e-05
-1.22565e-07
7.91894e-05
-2.50189e-07
7.92268e-05
-3.88131e-07
7.93031e-05
-5.42046e-07
7.9422e-05
-7.18197e-07
7.95888e-05
-9.2367e-07
7.98112e-05
-1.16659e-06
8.00998e-05
-1.45631e-06
8.04682e-05
-1.8035e-06
8.09337e-05
-2.22013e-06
8.1518e-05
-2.71902e-06
8.22469e-05
-3.31285e-06
8.31501e-05
-4.01209e-06
8.42588e-05
-4.82118e-06
8.56e-05
-5.73216e-06
8.71859e-05
-6.71471e-06
8.89927e-05
-7.70221e-06
9.09238e-05
-8.57513e-06
9.27508e-05
-9.14778e-06
9.40254e-05
-9.17302e-06
9.39675e-05
-8.39107e-06
9.13571e-05
-6.65143e-06
8.45026e-05
-4.11456e-06
7.14149e-05
-1.49584e-06
5.01441e-05
1.99185e-05
1.27657e-06
1.8642e-05
3.66008e-06
4.77606e-05
6.1097e-06
6.89653e-05
7.9368e-06
8.26755e-05
8.91371e-06
9.03802e-05
9.11052e-06
9.37707e-05
8.73247e-06
9.44034e-05
8.00301e-06
9.34802e-05
7.10578e-06
9.1821e-05
6.16884e-06
8.99296e-05
5.27035e-06
8.80844e-05
4.4513e-06
8.6419e-05
3.72806e-06
8.4982e-05
3.10215e-06
8.3776e-05
2.56713e-06
8.27819e-05
2.1128e-06
8.19723e-05
1.7278e-06
8.13187e-05
1.40095e-06
8.0795e-05
1.12192e-06
8.03789e-05
8.81426e-07
8.00517e-05
6.7129e-07
7.97989e-05
4.84267e-07
7.9609e-05
3.13896e-07
7.94735e-05
1.54302e-07
7.93864e-05
1.9524e-16
7.93437e-05
-1.54302e-07
7.93437e-05
-3.13896e-07
7.93864e-05
-4.84267e-07
7.94735e-05
-6.7129e-07
7.9609e-05
-8.81426e-07
7.97989e-05
-1.12192e-06
8.00517e-05
-1.40095e-06
8.03789e-05
-1.7278e-06
8.0795e-05
-2.1128e-06
8.13187e-05
-2.56713e-06
8.19723e-05
-3.10215e-06
8.27819e-05
-3.72806e-06
8.3776e-05
-4.4513e-06
8.4982e-05
-5.27035e-06
8.6419e-05
-6.16884e-06
8.80844e-05
-7.10578e-06
8.99296e-05
-8.00301e-06
9.1821e-05
-8.73247e-06
9.34802e-05
-9.11052e-06
9.44034e-05
-8.91371e-06
9.37707e-05
-7.9368e-06
9.03802e-05
-6.1097e-06
8.26755e-05
-3.66008e-06
6.89653e-05
-1.27657e-06
4.77606e-05
1.8642e-05
1.10321e-06
1.75387e-05
3.27689e-06
4.55869e-05
5.62383e-06
6.66183e-05
7.49753e-06
8.08018e-05
8.62758e-06
8.92501e-05
9.01844e-06
9.33798e-05
8.8234e-06
9.45985e-05
8.2383e-06
9.40653e-05
7.43923e-06
9.26201e-05
6.55843e-06
9.08104e-05
5.68293e-06
8.89599e-05
4.86309e-06
8.72389e-05
4.12325e-06
8.57218e-05
3.47101e-06
8.44283e-05
2.90414e-06
8.33488e-05
2.41523e-06
8.24612e-05
1.99466e-06
8.17393e-05
1.63225e-06
8.11574e-05
1.31818e-06
8.06929e-05
1.04342e-06
8.03265e-05
7.99786e-07
8.00425e-05
5.79973e-07
7.98288e-05
3.77375e-07
7.96761e-05
1.85943e-07
7.95778e-05
1.95205e-16
7.95297e-05
-1.85943e-07
7.95297e-05
-3.77375e-07
7.95778e-05
-5.79973e-07
7.96761e-05
-7.99786e-07
7.98288e-05
-1.04342e-06
8.00425e-05
-1.31818e-06
8.03265e-05
-1.63225e-06
8.06929e-05
-1.99466e-06
8.11574e-05
-2.41523e-06
8.17393e-05
-2.90414e-06
8.24612e-05
-3.47101e-06
8.33488e-05
-4.12325e-06
8.44283e-05
-4.86309e-06
8.57218e-05
-5.68293e-06
8.72389e-05
-6.55843e-06
8.89599e-05
-7.43923e-06
9.08104e-05
-8.2383e-06
9.26201e-05
-8.8234e-06
9.40653e-05
-9.01844e-06
9.45985e-05
-8.62758e-06
9.33798e-05
-7.49753e-06
8.92501e-05
-5.62383e-06
8.08018e-05
-3.27689e-06
6.66183e-05
-1.10321e-06
4.55869e-05
1.75387e-05
9.65209e-07
1.65735e-05
2.95374e-06
4.35984e-05
5.1917e-06
6.43804e-05
7.0817e-06
7.89118e-05
8.32922e-06
8.80026e-05
8.88689e-06
9.28222e-05
8.86071e-06
9.46247e-05
8.41716e-06
9.45089e-05
7.72075e-06
9.33165e-05
6.90405e-06
9.16271e-05
6.06031e-06
8.98036e-05
5.24782e-06
8.80514e-05
4.49825e-06
8.64714e-05
3.82512e-06
8.51014e-05
3.23056e-06
8.39434e-05
2.71018e-06
8.29816e-05
2.25631e-06
8.21932e-05
1.85997e-06
8.15538e-05
1.51204e-06
8.10409e-05
1.20381e-06
8.06347e-05
9.2725e-07
8.03191e-05
6.75038e-07
8.0081e-05
4.40487e-07
7.99107e-05
2.17417e-07
7.98009e-05
1.92154e-16
7.97471e-05
-2.17417e-07
7.97471e-05
-4.40487e-07
7.98009e-05
-6.75038e-07
7.99107e-05
-9.2725e-07
8.0081e-05
-1.20381e-06
8.03191e-05
-1.51204e-06
8.06347e-05
-1.85997e-06
8.10409e-05
-2.25631e-06
8.15538e-05
-2.71018e-06
8.21932e-05
-3.23056e-06
8.29816e-05
-3.82512e-06
8.39434e-05
-4.49825e-06
8.51014e-05
-5.24782e-06
8.64714e-05
-6.06031e-06
8.80514e-05
-6.90405e-06
8.98036e-05
-7.72075e-06
9.16271e-05
-8.41716e-06
9.33165e-05
-8.86071e-06
9.45089e-05
-8.88689e-06
9.46247e-05
-8.32922e-06
9.28222e-05
-7.0817e-06
8.80026e-05
-5.1917e-06
7.89118e-05
-2.95374e-06
6.43804e-05
-9.65209e-07
4.35984e-05
1.65735e-05
8.54472e-07
1.57191e-05
2.68072e-06
4.17721e-05
4.80937e-06
6.22517e-05
6.69382e-06
7.70273e-05
8.02906e-06
8.66674e-05
8.72815e-06
9.21231e-05
8.85542e-06
9.44974e-05
8.54796e-06
9.48164e-05
7.9559e-06
9.39085e-05
7.20898e-06
9.2374e-05
6.40416e-06
9.06085e-05
5.60608e-06
8.88494e-05
4.85302e-06
8.72245e-05
4.16413e-06
8.57903e-05
3.54592e-06
8.45616e-05
2.99713e-06
8.35304e-05
2.51224e-06
8.26781e-05
2.08365e-06
8.19824e-05
1.70307e-06
8.14214e-05
1.36226e-06
8.09755e-05
1.05341e-06
8.06279e-05
7.69255e-07
8.03652e-05
5.03092e-07
8.01768e-05
2.48656e-07
8.00553e-05
1.87065e-16
7.99958e-05
-2.48656e-07
7.99958e-05
-5.03092e-07
8.00553e-05
-7.69255e-07
8.01768e-05
-1.05341e-06
8.03652e-05
-1.36226e-06
8.06279e-05
-1.70307e-06
8.09755e-05
-2.08365e-06
8.14214e-05
-2.51224e-06
8.19824e-05
-2.99713e-06
8.26781e-05
-3.54592e-06
8.35304e-05
-4.16413e-06
8.45616e-05
-4.85302e-06
8.57903e-05
-5.60608e-06
8.72245e-05
-6.40416e-06
8.88494e-05
-7.20898e-06
9.06085e-05
-7.9559e-06
9.2374e-05
-8.54796e-06
9.39085e-05
-8.85542e-06
9.48164e-05
-8.72815e-06
9.44974e-05
-8.02906e-06
9.21231e-05
-6.69382e-06
8.66674e-05
-4.80937e-06
7.70273e-05
-2.68072e-06
6.22517e-05
-8.54472e-07
4.17721e-05
1.57191e-05
7.64821e-07
1.49542e-05
2.44936e-06
4.00876e-05
4.47207e-06
6.0229e-05
6.33571e-06
7.51637e-05
7.73436e-06
8.52687e-05
8.5519e-06
9.13055e-05
8.81689e-06
9.42324e-05
8.63821e-06
9.4995e-05
8.14997e-06
9.43968e-05
7.4765e-06
9.30475e-05
6.71625e-06
9.13687e-05
5.93866e-06
8.9627e-05
5.18771e-06
8.79754e-05
4.48783e-06
8.64902e-05
3.84981e-06
8.51996e-05
3.27561e-06
8.41046e-05
2.76199e-06
8.31917e-05
2.30286e-06
8.24415e-05
1.89089e-06
8.18334e-05
1.51844e-06
8.1348e-05
1.17799e-06
8.09684e-05
8.62424e-07
8.06807e-05
5.65059e-07
8.04742e-05
2.79592e-07
8.03408e-05
1.79412e-16
8.02754e-05
-2.79592e-07
8.02754e-05
-5.65059e-07
8.03408e-05
-8.62424e-07
8.04742e-05
-1.17799e-06
8.06807e-05
-1.51844e-06
8.09684e-05
-1.89089e-06
8.1348e-05
-2.30286e-06
8.18334e-05
-2.76199e-06
8.24415e-05
-3.27561e-06
8.31917e-05
-3.84981e-06
8.41046e-05
-4.48783e-06
8.51996e-05
-5.18771e-06
8.64902e-05
-5.93866e-06
8.79754e-05
-6.71625e-06
8.9627e-05
-7.4765e-06
9.13687e-05
-8.14997e-06
9.30475e-05
-8.63821e-06
9.43968e-05
-8.81689e-06
9.4995e-05
-8.5519e-06
9.42324e-05
-7.73436e-06
9.13055e-05
-6.33571e-06
8.52687e-05
-4.47207e-06
7.51637e-05
-2.44936e-06
6.0229e-05
-7.64821e-07
4.00876e-05
1.49542e-05
6.91562e-07
1.42627e-05
2.25253e-06
3.85266e-05
4.17485e-06
5.83067e-05
6.0074e-06
7.33312e-05
7.4499e-06
8.38262e-05
8.36553e-06
9.03899e-05
8.75287e-06
9.38451e-05
8.69454e-06
9.50534e-05
8.30787e-06
9.47835e-05
7.70984e-06
9.36455e-05
6.99843e-06
9.20801e-05
6.24642e-06
9.0379e-05
5.50256e-06
8.87193e-05
4.79609e-06
8.71966e-05
4.14191e-06
8.58538e-05
3.54523e-06
8.47013e-05
3.00513e-06
8.37318e-05
2.51718e-06
8.29295e-05
2.07515e-06
8.22754e-05
1.67204e-06
8.17511e-05
1.30074e-06
8.13397e-05
9.54353e-07
8.10271e-05
6.26259e-07
8.08023e-05
3.10162e-07
8.06569e-05
1.69929e-16
8.05855e-05
-3.10162e-07
8.05855e-05
-6.26259e-07
8.06569e-05
-9.54353e-07
8.08023e-05
-1.30074e-06
8.10271e-05
-1.67204e-06
8.13397e-05
-2.07515e-06
8.17511e-05
-2.51718e-06
8.22754e-05
-3.00513e-06
8.29295e-05
-3.54523e-06
8.37318e-05
-4.14191e-06
8.47013e-05
-4.79609e-06
8.58538e-05
-5.50256e-06
8.71966e-05
-6.24642e-06
8.87193e-05
-6.99843e-06
9.0379e-05
-7.70984e-06
9.20801e-05
-8.30787e-06
9.36455e-05
-8.69454e-06
9.47835e-05
-8.75287e-06
9.50534e-05
-8.36553e-06
9.38451e-05
-7.4499e-06
9.03899e-05
-6.0074e-06
8.38262e-05
-4.17485e-06
7.33312e-05
-2.25253e-06
5.83067e-05
-6.91562e-07
3.85266e-05
1.42627e-05
6.31119e-07
1.36316e-05
2.0843e-06
3.70735e-05
3.91288e-06
5.64781e-05
5.70779e-06
7.15362e-05
7.17862e-06
8.23554e-05
8.17462e-06
8.93939e-05
8.66973e-06
9.335e-05
8.72273e-06
9.50004e-05
8.43407e-06
9.50721e-05
7.91207e-06
9.41675e-05
7.25258e-06
9.27396e-05
6.53034e-06
9.11013e-05
5.79794e-06
8.94517e-05
5.08889e-06
8.79057e-05
4.42199e-06
8.65207e-05
3.80561e-06
8.53176e-05
3.24127e-06
8.42961e-05
2.72625e-06
8.34445e-05
2.25548e-06
8.27462e-05
1.82275e-06
8.21838e-05
1.42143e-06
8.1741e-05
1.04486e-06
8.14037e-05
6.86565e-07
8.11606e-05
3.40301e-07
8.10031e-05
1.57779e-16
8.09258e-05
-3.40301e-07
8.09258e-05
-6.86565e-07
8.10031e-05
-1.04486e-06
8.11606e-05
-1.42143e-06
8.14037e-05
-1.82275e-06
8.1741e-05
-2.25548e-06
8.21838e-05
-2.72625e-06
8.27462e-05
-3.24127e-06
8.34445e-05
-3.80561e-06
8.42961e-05
-4.42199e-06
8.53176e-05
-5.08889e-06
8.65207e-05
-5.79794e-06
8.79057e-05
-6.53034e-06
8.94517e-05
-7.25258e-06
9.11013e-05
-7.91207e-06
9.27396e-05
-8.43407e-06
9.41675e-05
-8.72273e-06
9.50721e-05
-8.66973e-06
9.50004e-05
-8.17462e-06
9.335e-05
-7.17862e-06
8.93939e-05
-5.70779e-06
8.23554e-05
-3.91288e-06
7.15362e-05
-2.0843e-06
5.64781e-05
-6.31119e-07
3.70735e-05
1.36316e-05
5.80763e-07
1.30508e-05
1.93978e-06
3.57144e-05
3.68165e-06
5.47362e-05
5.43512e-06
6.97828e-05
6.92208e-06
8.08684e-05
7.98321e-06
8.83328e-05
8.57256e-06
9.27606e-05
8.72768e-06
9.48452e-05
8.53259e-06
9.52672e-05
8.08607e-06
9.46141e-05
7.48053e-06
9.33451e-05
6.7914e-06
9.17904e-05
6.07423e-06
9.01689e-05
5.36624e-06
8.86137e-05
4.68983e-06
8.71971e-05
4.05646e-06
8.5951e-05
3.47006e-06
8.48825e-05
2.92969e-06
8.39848e-05
2.43157e-06
8.32443e-05
1.9703e-06
8.26451e-05
1.5398e-06
8.21715e-05
1.13375e-06
8.18097e-05
7.45857e-07
8.15485e-05
3.69951e-07
8.1379e-05
1.43596e-16
8.12958e-05
-3.69951e-07
8.12958e-05
-7.45857e-07
8.1379e-05
-1.13375e-06
8.15485e-05
-1.5398e-06
8.18097e-05
-1.9703e-06
8.21715e-05
-2.43157e-06
8.26451e-05
-2.92969e-06
8.32443e-05
-3.47006e-06
8.39848e-05
-4.05646e-06
8.48825e-05
-4.68983e-06
8.5951e-05
-5.36624e-06
8.71971e-05
-6.07423e-06
8.86137e-05
-6.7914e-06
9.01689e-05
-7.48053e-06
9.17904e-05
-8.08607e-06
9.33451e-05
-8.53259e-06
9.46141e-05
-8.72768e-06
9.52672e-05
-8.57256e-06
9.48452e-05
-7.98321e-06
9.27606e-05
-6.92208e-06
8.83328e-05
-5.43512e-06
8.08684e-05
-3.68165e-06
6.97828e-05
-1.93978e-06
5.47362e-05
-5.80763e-07
3.57144e-05
1.30508e-05
5.38398e-07
1.25124e-05
1.81492e-06
3.44379e-05
3.47708e-06
5.30741e-05
5.18724e-06
6.80726e-05
6.68088e-06
7.93748e-05
7.79416e-06
8.72195e-05
8.46542e-06
9.20894e-05
8.71355e-06
9.45971e-05
8.60699e-06
9.53738e-05
8.23451e-06
9.49865e-05
7.68403e-06
9.38956e-05
7.03062e-06
9.24438e-05
6.33189e-06
9.08676e-05
5.62822e-06
8.93173e-05
4.94529e-06
8.788e-05
4.2975e-06
8.65988e-05
3.69116e-06
8.54889e-05
3.12719e-06
8.45488e-05
2.60309e-06
8.37684e-05
2.1144e-06
8.31338e-05
1.65564e-06
8.26303e-05
1.22087e-06
8.22445e-05
8.04017e-07
8.19653e-05
3.9905e-07
8.1784e-05
1.26406e-16
8.16948e-05
-3.9905e-07
8.16948e-05
-8.04017e-07
8.1784e-05
-1.22087e-06
8.19653e-05
-1.65564e-06
8.22445e-05
-2.1144e-06
8.26303e-05
-2.60309e-06
8.31338e-05
-3.12719e-06
8.37684e-05
-3.69116e-06
8.45488e-05
-4.2975e-06
8.54889e-05
-4.94529e-06
8.65988e-05
-5.62822e-06
8.788e-05
-6.33189e-06
8.93173e-05
-7.03062e-06
9.08676e-05
-7.68403e-06
9.24438e-05
-8.23451e-06
9.38956e-05
-8.60699e-06
9.49865e-05
-8.71355e-06
9.53738e-05
-8.46542e-06
9.45971e-05
-7.79416e-06
9.20894e-05
-6.68088e-06
8.72195e-05
-5.18724e-06
7.93748e-05
-3.47708e-06
6.80726e-05
-1.81492e-06
5.30741e-05
-5.38398e-07
3.44379e-05
1.25124e-05
5.02399e-07
1.201e-05
1.70639e-06
3.32339e-05
3.29551e-06
5.1485e-05
4.96184e-06
6.64063e-05
6.45491e-06
7.78817e-05
7.60939e-06
8.6065e-05
8.35142e-06
9.13473e-05
8.68378e-06
9.42647e-05
8.66036e-06
9.53972e-05
8.35979e-06
9.52871e-05
7.86473e-06
9.43907e-05
7.24897e-06
9.30596e-05
6.5714e-06
9.15452e-05
5.87494e-06
9.00138e-05
5.18825e-06
8.85667e-05
4.52848e-06
8.72586e-05
3.90429e-06
8.61131e-05
3.31842e-06
8.51347e-05
2.76975e-06
8.43171e-05
2.25479e-06
8.36487e-05
1.76872e-06
8.31163e-05
1.30603e-06
8.27072e-05
8.60931e-07
8.24104e-05
4.27542e-07
8.22174e-05
1.06902e-16
8.21224e-05
-4.27542e-07
8.21224e-05
-8.60931e-07
8.22174e-05
-1.30603e-06
8.24104e-05
-1.76872e-06
8.27072e-05
-2.25479e-06
8.31163e-05
-2.76975e-06
8.36487e-05
-3.31842e-06
8.43171e-05
-3.90429e-06
8.51347e-05
-4.52848e-06
8.61131e-05
-5.18825e-06
8.72586e-05
-5.87494e-06
8.85667e-05
-6.5714e-06
9.00138e-05
-7.24897e-06
9.15452e-05
-7.86473e-06
9.30596e-05
-8.35979e-06
9.43907e-05
-8.66036e-06
9.52871e-05
-8.68378e-06
9.53972e-05
-8.35142e-06
9.42647e-05
-7.60939e-06
9.13473e-05
-6.45491e-06
8.6065e-05
-4.96184e-06
7.78817e-05
-3.29551e-06
6.64063e-05
-1.70639e-06
5.1485e-05
-5.02399e-07
3.32339e-05
1.201e-05
4.71504e-07
1.15385e-05
1.61143e-06
3.2094e-05
3.13373e-06
4.99627e-05
4.75663e-06
6.47834e-05
6.24361e-06
7.63947e-05
7.43008e-06
8.48785e-05
8.23293e-06
9.05445e-05
8.64119e-06
9.38565e-05
8.69536e-06
9.5343e-05
8.46406e-06
9.55184e-05
8.02418e-06
9.48306e-05
7.44741e-06
9.36364e-05
6.79322e-06
9.21993e-05
6.10655e-06
9.07005e-05
5.41863e-06
8.92546e-05
4.74919e-06
8.7928e-05
4.10915e-06
8.67531e-05
3.50309e-06
8.57407e-05
2.93127e-06
8.48889e-05
2.39123e-06
8.41888e-05
1.87884e-06
8.36287e-05
1.38909e-06
8.3197e-05
9.16491e-07
8.2883e-05
4.55372e-07
8.26785e-05
8.41137e-17
8.25777e-05
-4.55372e-07
8.25777e-05
-9.16491e-07
8.26785e-05
-1.38909e-06
8.2883e-05
-1.87884e-06
8.3197e-05
-2.39123e-06
8.36287e-05
-2.93127e-06
8.41888e-05
-3.50309e-06
8.48889e-05
-4.10915e-06
8.57407e-05
-4.74919e-06
8.67531e-05
-5.41863e-06
8.7928e-05
-6.10655e-06
8.92546e-05
-6.79322e-06
9.07005e-05
-7.44741e-06
9.21993e-05
-8.02418e-06
9.36364e-05
-8.46406e-06
9.48306e-05
-8.69536e-06
9.55184e-05
-8.64119e-06
9.5343e-05
-8.23293e-06
9.38565e-05
-7.43008e-06
9.05445e-05
-6.24361e-06
8.48785e-05
-4.75663e-06
7.63947e-05
-3.13373e-06
6.47834e-05
-1.61143e-06
4.99627e-05
-4.71504e-07
3.2094e-05
1.15385e-05
4.44718e-07
1.10938e-05
1.52777e-06
3.10109e-05
2.9889e-06
4.85015e-05
4.56937e-06
6.32029e-05
6.04611e-06
7.4918e-05
7.25686e-06
8.36678e-05
8.11172e-06
8.96896e-05
8.58807e-06
9.33801e-05
8.71429e-06
9.52168e-05
8.54927e-06
9.56834e-05
8.16378e-06
9.5216e-05
7.62686e-06
9.41733e-05
6.99785e-06
9.28284e-05
6.32321e-06
9.13751e-05
5.63638e-06
8.99415e-05
4.95945e-06
8.86049e-05
4.30551e-06
8.7407e-05
3.68092e-06
8.63653e-05
3.08738e-06
8.54825e-05
2.52346e-06
8.47527e-05
1.98579e-06
8.41664e-05
1.46988e-06
8.37129e-05
9.70589e-07
8.33823e-05
4.82486e-07
8.31666e-05
5.88985e-17
8.30602e-05
-4.82486e-07
8.30602e-05
-9.70589e-07
8.31666e-05
-1.46988e-06
8.33823e-05
-1.98579e-06
8.37129e-05
-2.52346e-06
8.41664e-05
-3.08738e-06
8.47527e-05
-3.68092e-06
8.54825e-05
-4.30551e-06
8.63653e-05
-4.95945e-06
8.7407e-05
-5.63638e-06
8.86049e-05
-6.32321e-06
8.99415e-05
-6.99785e-06
9.13751e-05
-7.62686e-06
9.28284e-05
-8.16378e-06
9.41733e-05
-8.54927e-06
9.5216e-05
-8.71429e-06
9.56834e-05
-8.58807e-06
9.52168e-05
-8.11172e-06
9.33801e-05
-7.25686e-06
8.96896e-05
-6.04611e-06
8.36678e-05
-4.56937e-06
7.4918e-05
-2.9889e-06
6.32029e-05
-1.52777e-06
4.85015e-05
-4.44718e-07
3.10109e-05
1.10938e-05
4.2126e-07
1.06725e-05
1.45353e-06
2.99787e-05
2.8586e-06
4.70965e-05
4.39797e-06
6.16635e-05
5.86137e-06
7.34546e-05
7.08997e-06
8.24392e-05
7.98905e-06
8.87906e-05
8.52625e-06
9.28429e-05
8.71906e-06
9.5024e-05
8.61709e-06
9.57854e-05
8.28483e-06
9.55483e-05
7.78815e-06
9.467e-05
7.18576e-06
9.34307e-05
6.52509e-06
9.20358e-05
5.84146e-06
9.06251e-05
5.1591e-06
8.92873e-05
4.49312e-06
8.8073e-05
3.85167e-06
8.70068e-05
3.23783e-06
8.60963e-05
2.65126e-06
8.53393e-05
2.08939e-06
8.47283e-05
1.54825e-06
8.4254e-05
1.02313e-06
8.39074e-05
5.08833e-07
8.36809e-05
3.03732e-17
8.3569e-05
-5.08833e-07
8.3569e-05
-1.02313e-06
8.36809e-05
-1.54825e-06
8.39074e-05
-2.08939e-06
8.4254e-05
-2.65126e-06
8.47283e-05
-3.23783e-06
8.53393e-05
-3.85167e-06
8.60963e-05
-4.49312e-06
8.70068e-05
-5.1591e-06
8.8073e-05
-5.84146e-06
8.92873e-05
-6.52509e-06
9.06251e-05
-7.18576e-06
9.20358e-05
-7.78815e-06
9.34307e-05
-8.28483e-06
9.467e-05
-8.61709e-06
9.55483e-05
-8.71906e-06
9.57854e-05
-8.52625e-06
9.5024e-05
-7.98905e-06
9.28429e-05
-7.08997e-06
8.87906e-05
-5.86137e-06
8.24392e-05
-4.39797e-06
7.34546e-05
-2.8586e-06
6.16635e-05
-1.45353e-06
4.70965e-05
-4.2126e-07
2.99787e-05
1.06725e-05
4.00507e-07
1.0272e-05
1.38715e-06
2.8992e-05
2.74071e-06
4.57429e-05
4.24051e-06
6.01637e-05
5.68829e-06
7.20068e-05
6.92937e-06
8.11981e-05
7.86581e-06
8.78541e-05
8.45719e-06
9.22515e-05
8.7113e-06
9.47699e-05
8.66901e-06
9.58277e-05
8.3885e-06
9.58288e-05
7.9321e-06
9.51264e-05
7.3574e-06
9.40055e-05
6.71237e-06
9.26808e-05
6.03385e-06
9.13036e-05
5.34799e-06
8.99731e-05
4.67179e-06
8.87492e-05
4.01509e-06
8.76635e-05
3.38239e-06
8.6729e-05
2.77442e-06
8.59472e-05
2.18944e-06
8.53132e-05
1.62407e-06
8.48194e-05
1.074e-06
8.44575e-05
5.34364e-07
8.42206e-05
-4.07455e-19
8.41034e-05
-5.34364e-07
8.41034e-05
-1.074e-06
8.42206e-05
-1.62407e-06
8.44575e-05
-2.18944e-06
8.48194e-05
-2.77442e-06
8.53132e-05
-3.38239e-06
8.59472e-05
-4.01509e-06
8.6729e-05
-4.67179e-06
8.76635e-05
-5.34799e-06
8.87492e-05
-6.03385e-06
8.99731e-05
-6.71237e-06
9.13036e-05
-7.3574e-06
9.26808e-05
-7.9321e-06
9.40055e-05
-8.3885e-06
9.51264e-05
-8.66901e-06
9.58288e-05
-8.7113e-06
9.58277e-05
-8.45719e-06
9.47699e-05
-7.86581e-06
9.22515e-05
-6.92937e-06
8.78541e-05
-5.68829e-06
8.11981e-05
-4.24051e-06
7.20068e-05
-2.74071e-06
6.01637e-05
-1.38715e-06
4.57429e-05
-4.00507e-07
2.8992e-05
1.0272e-05
3.81968e-07
9.89005e-06
1.32737e-06
2.80466e-05
2.63344e-06
4.44368e-05
4.09527e-06
5.87019e-05
5.52575e-06
7.05763e-05
6.77483e-06
7.9949e-05
7.74259e-06
8.68864e-05
8.38204e-06
9.16121e-05
8.69237e-06
9.44595e-05
8.70632e-06
9.58137e-05
8.47583e-06
9.60593e-05
8.05945e-06
9.55427e-05
7.51321e-06
9.45517e-05
6.88525e-06
9.33088e-05
6.21357e-06
9.19753e-05
5.526e-06
9.06607e-05
4.84132e-06
8.94339e-05
4.17097e-06
8.83338e-05
3.52083e-06
8.73791e-05
2.89274e-06
8.65753e-05
2.28578e-06
8.59202e-05
1.6972e-06
8.5408e-05
1.12313e-06
8.50316e-05
5.59034e-07
8.47846e-05
-3.42063e-17
8.46624e-05
-5.59034e-07
8.46624e-05
-1.12313e-06
8.47846e-05
-1.6972e-06
8.50316e-05
-2.28578e-06
8.5408e-05
-2.89274e-06
8.59202e-05
-3.52083e-06
8.65753e-05
-4.17097e-06
8.73791e-05
-4.84132e-06
8.83338e-05
-5.526e-06
8.94339e-05
-6.21357e-06
9.06607e-05
-6.88525e-06
9.19753e-05
-7.51321e-06
9.33088e-05
-8.05945e-06
9.45517e-05
-8.47583e-06
9.55427e-05
-8.70632e-06
9.60593e-05
-8.69237e-06
9.58137e-05
-8.38204e-06
9.44595e-05
-7.74259e-06
9.16121e-05
-6.77483e-06
8.68864e-05
-5.52575e-06
7.9949e-05
-4.09527e-06
7.05763e-05
-2.63344e-06
5.87019e-05
-1.32737e-06
4.44368e-05
-3.81968e-07
2.80466e-05
9.89005e-06
3.65252e-07
9.52479e-06
1.27314e-06
2.71387e-05
2.53529e-06
4.31747e-05
3.96073e-06
5.72765e-05
5.37271e-06
6.91643e-05
6.62601e-06
7.86957e-05
7.61978e-06
8.58926e-05
8.30169e-06
9.09302e-05
8.66342e-06
9.40978e-05
8.73016e-06
9.5747e-05
8.54777e-06
9.62417e-05
8.17087e-06
9.59196e-05
7.65361e-06
9.5069e-05
7.04391e-06
9.39185e-05
6.38064e-06
9.26385e-05
5.69305e-06
9.13483e-05
5.00154e-06
9.01254e-05
4.31911e-06
8.90163e-05
3.65295e-06
8.80453e-05
3.00603e-06
8.72222e-05
2.37824e-06
8.6548e-05
1.76751e-06
8.60187e-05
1.17043e-06
8.56287e-05
5.82799e-07
8.53723e-05
-6.97948e-17
8.52452e-05
-5.82799e-07
8.52452e-05
-1.17043e-06
8.53723e-05
-1.76751e-06
8.56287e-05
-2.37824e-06
8.60187e-05
-3.00603e-06
8.6548e-05
-3.65295e-06
8.72222e-05
-4.31911e-06
8.80453e-05
-5.00154e-06
8.90163e-05
-5.69305e-06
9.01254e-05
-6.38064e-06
9.13483e-05
-7.04391e-06
9.26385e-05
-7.65361e-06
9.39185e-05
-8.17087e-06
9.5069e-05
-8.54777e-06
9.59196e-05
-8.73016e-06
9.62417e-05
-8.66342e-06
9.5747e-05
-8.30169e-06
9.40978e-05
-7.61978e-06
9.09302e-05
-6.62601e-06
8.58926e-05
-5.37271e-06
7.86957e-05
-3.96073e-06
6.91643e-05
-2.53529e-06
5.72765e-05
-1.27314e-06
4.31747e-05
-3.65252e-07
2.71387e-05
9.52479e-06
3.50058e-07
9.17474e-06
1.22363e-06
2.62652e-05
2.445e-06
4.19533e-05
3.83559e-06
5.58859e-05
5.22819e-06
6.77717e-05
6.48253e-06
7.74414e-05
7.49761e-06
8.48775e-05
8.21685e-06
9.02109e-05
8.62539e-06
9.36893e-05
8.7415e-06
9.56309e-05
8.60518e-06
9.6378e-05
8.26701e-06
9.62578e-05
7.77901e-06
9.5557e-05
7.18855e-06
9.45089e-05
6.53508e-06
9.3292e-05
5.84905e-06
9.20343e-05
5.15231e-06
9.08221e-05
4.45932e-06
8.97093e-05
3.77857e-06
8.8726e-05
3.1141e-06
8.78867e-05
2.46669e-06
8.71954e-05
1.83489e-06
8.66505e-05
1.2158e-06
8.62477e-05
6.05619e-07
8.59825e-05
-1.07799e-16
8.58509e-05
-6.05619e-07
8.58509e-05
-1.2158e-06
8.59825e-05
-1.83489e-06
8.62477e-05
-2.46669e-06
8.66505e-05
-3.1141e-06
8.71954e-05
-3.77857e-06
8.78867e-05
-4.45932e-06
8.8726e-05
-5.15231e-06
8.97093e-05
-5.84905e-06
9.08221e-05
-6.53508e-06
9.20343e-05
-7.18855e-06
9.3292e-05
-7.77901e-06
9.45089e-05
-8.26701e-06
9.5557e-05
-8.60518e-06
9.62578e-05
-8.7415e-06
9.6378e-05
-8.62539e-06
9.56309e-05
-8.21685e-06
9.36893e-05
-7.49761e-06
9.02109e-05
-6.48253e-06
8.48775e-05
-5.22819e-06
7.74414e-05
-3.83559e-06
6.77717e-05
-2.445e-06
5.58859e-05
-1.22363e-06
4.19533e-05
-3.50058e-07
2.62652e-05
9.17474e-06
3.36154e-07
8.83858e-06
1.17817e-06
2.54232e-05
2.36156e-06
4.07699e-05
3.71876e-06
5.45287e-05
5.09135e-06
6.63992e-05
6.34401e-06
7.61887e-05
7.37624e-06
8.38453e-05
8.12811e-06
8.94591e-05
8.57912e-06
9.32383e-05
8.74121e-06
9.54688e-05
8.64883e-06
9.64704e-05
8.34846e-06
9.65582e-05
7.88979e-06
9.60156e-05
7.31937e-06
9.50793e-05
6.67694e-06
9.39344e-05
5.99393e-06
9.27173e-05
5.2935e-06
9.15226e-05
4.59144e-06
9.04113e-05
3.89752e-06
8.942e-05
3.21682e-06
8.85674e-05
2.55097e-06
8.78612e-05
1.89923e-06
8.73022e-05
1.25919e-06
8.68878e-05
6.27455e-07
8.66142e-05
-1.46846e-16
8.64783e-05
-6.27455e-07
8.64783e-05
-1.25919e-06
8.66142e-05
-1.89923e-06
8.68878e-05
-2.55097e-06
8.73022e-05
-3.21682e-06
8.78612e-05
-3.89752e-06
8.85674e-05
-4.59144e-06
8.942e-05
-5.2935e-06
9.04113e-05
-5.99393e-06
9.15226e-05
-6.67694e-06
9.27173e-05
-7.31937e-06
9.39344e-05
-7.88979e-06
9.50793e-05
-8.34846e-06
9.60156e-05
-8.64883e-06
9.65582e-05
-8.74121e-06
9.64704e-05
-8.57912e-06
9.54688e-05
-8.12811e-06
9.32383e-05
-7.37624e-06
8.94591e-05
-6.34401e-06
8.38453e-05
-5.09135e-06
7.61887e-05
-3.71876e-06
6.63992e-05
-2.36156e-06
5.45287e-05
-1.17817e-06
4.07699e-05
-3.36154e-07
2.54232e-05
8.83858e-06
3.23373e-07
8.51521e-06
1.13627e-06
2.46103e-05
2.28417e-06
3.9622e-05
3.60935e-06
5.32035e-05
4.96149e-06
6.5047e-05
6.21014e-06
7.49401e-05
7.25577e-06
8.27996e-05
8.03595e-06
8.86789e-05
8.52531e-06
9.27489e-05
8.73008e-06
9.5264e-05
8.67942e-06
9.6521e-05
8.41578e-06
9.68218e-05
7.98634e-06
9.64451e-05
7.43658e-06
9.56291e-05
6.80628e-06
9.45647e-05
6.12766e-06
9.3396e-05
5.425e-06
9.22252e-05
4.71534e-06
9.1121e-05
4.00964e-06
9.01257e-05
3.31402e-06
8.9263e-05
2.63098e-06
8.85443e-05
1.96043e-06
8.79728e-05
1.30053e-06
8.75477e-05
6.48274e-07
8.72665e-05
-1.8735e-16
8.71266e-05
-6.48274e-07
8.71266e-05
-1.30053e-06
8.72665e-05
-1.96043e-06
8.75477e-05
-2.63098e-06
8.79728e-05
-3.31402e-06
8.85443e-05
-4.00964e-06
8.9263e-05
-4.71534e-06
9.01257e-05
-5.425e-06
9.1121e-05
-6.12766e-06
9.22252e-05
-6.80628e-06
9.3396e-05
-7.43658e-06
9.45647e-05
-7.98634e-06
9.56291e-05
-8.41578e-06
9.64451e-05
-8.67942e-06
9.68218e-05
-8.73008e-06
9.6521e-05
-8.52531e-06
9.5264e-05
-8.03595e-06
9.27489e-05
-7.25577e-06
8.86789e-05
-6.21014e-06
8.27996e-05
-4.96149e-06
7.49401e-05
-3.60935e-06
6.5047e-05
-2.28417e-06
5.32035e-05
-1.13627e-06
3.9622e-05
-3.23373e-07
2.46103e-05
8.51521e-06
3.11607e-07
8.2036e-06
1.09758e-06
2.38243e-05
2.21226e-06
3.85073e-05
3.50671e-06
5.19091e-05
4.83807e-06
6.37157e-05
6.08064e-06
7.36975e-05
7.13631e-06
8.1744e-05
7.94079e-06
8.78744e-05
8.46459e-06
9.22251e-05
8.70879e-06
9.50198e-05
8.6976e-06
9.65322e-05
8.46949e-06
9.70499e-05
8.06901e-06
9.68456e-05
7.54037e-06
9.61577e-05
6.92319e-06
9.51819e-05
6.25022e-06
9.40689e-05
5.54672e-06
9.29287e-05
4.8309e-06
9.18368e-05
4.11481e-06
9.08417e-05
3.40559e-06
8.99723e-05
2.70658e-06
8.92433e-05
2.0184e-06
8.8661e-05
1.33974e-06
8.82263e-05
6.68045e-07
8.79382e-05
-2.27747e-16
8.77946e-05
-6.68045e-07
8.77946e-05
-1.33974e-06
8.79382e-05
-2.0184e-06
8.82263e-05
-2.70658e-06
8.8661e-05
-3.40559e-06
8.92433e-05
-4.11481e-06
8.99723e-05
-4.8309e-06
9.08417e-05
-5.54672e-06
9.18368e-05
-6.25022e-06
9.29287e-05
-6.92319e-06
9.40689e-05
-7.54037e-06
9.51819e-05
-8.06901e-06
9.61577e-05
-8.46949e-06
9.68456e-05
-8.6976e-06
9.70499e-05
-8.70879e-06
9.65322e-05
-8.46459e-06
9.50198e-05
-7.94079e-06
9.22251e-05
-7.13631e-06
8.78744e-05
-6.08064e-06
8.1744e-05
-4.83807e-06
7.36975e-05
-3.50671e-06
6.37157e-05
-2.21226e-06
5.19091e-05
-1.09758e-06
3.85073e-05
-3.11607e-07
2.38243e-05
8.2036e-06
3.00801e-07
7.9028e-06
1.06188e-06
2.30632e-05
2.14544e-06
3.74238e-05
3.41039e-06
5.06441e-05
4.7207e-06
6.24053e-05
5.95538e-06
7.24628e-05
7.01799e-06
8.06814e-05
7.84304e-06
8.70494e-05
8.39754e-06
9.16706e-05
8.678e-06
9.47394e-05
8.70398e-06
9.65063e-05
8.51007e-06
9.72438e-05
8.13815e-06
9.72175e-05
7.63097e-06
9.66649e-05
7.02775e-06
9.57852e-05
6.36159e-06
9.47351e-05
5.65861e-06
9.36317e-05
4.938e-06
9.25574e-05
4.2129e-06
9.15668e-05
3.4914e-06
9.06938e-05
2.77769e-06
8.9957e-05
2.07307e-06
8.93656e-05
1.37679e-06
8.89226e-05
6.8674e-07
8.86282e-05
-2.68024e-16
8.84814e-05
-6.8674e-07
8.84814e-05
-1.37679e-06
8.86282e-05
-2.07307e-06
8.89226e-05
-2.77769e-06
8.93656e-05
-3.4914e-06
8.9957e-05
-4.2129e-06
9.06938e-05
-4.938e-06
9.15668e-05
-5.65861e-06
9.25574e-05
-6.36159e-06
9.36317e-05
-7.02775e-06
9.47351e-05
-7.63097e-06
9.57852e-05
-8.13815e-06
9.66649e-05
-8.51007e-06
9.72175e-05
-8.70398e-06
9.72438e-05
-8.678e-06
9.65063e-05
-8.39754e-06
9.47394e-05
-7.84304e-06
9.16706e-05
-7.01799e-06
8.70494e-05
-5.95538e-06
8.06814e-05
-4.7207e-06
7.24628e-05
-3.41039e-06
6.24053e-05
-2.14544e-06
5.06441e-05
-1.06188e-06
3.74238e-05
-3.00801e-07
2.30632e-05
7.9028e-06
2.90954e-07
7.61185e-06
1.02912e-06
2.23251e-05
2.08354e-06
3.63694e-05
3.32013e-06
4.94075e-05
4.6092e-06
6.11163e-05
5.8343e-06
7.12377e-05
6.901e-06
7.96147e-05
7.74308e-06
8.62073e-05
8.3247e-06
9.1089e-05
8.63831e-06
9.44258e-05
8.69913e-06
9.64454e-05
8.53802e-06
9.7405e-05
8.19412e-06
9.75614e-05
7.70859e-06
9.71504e-05
7.12005e-06
9.63737e-05
6.4618e-06
9.53933e-05
5.7606e-06
9.43329e-05
5.03658e-06
9.32814e-05
4.30383e-06
9.22996e-05
3.57137e-06
9.14262e-05
2.84423e-06
9.06841e-05
2.12437e-06
9.00854e-05
1.41162e-06
8.96354e-05
7.04336e-07
8.93355e-05
-3.06259e-16
8.91857e-05
-7.04336e-07
8.91857e-05
-1.41162e-06
8.93355e-05
-2.12437e-06
8.96354e-05
-2.84423e-06
9.00854e-05
-3.57137e-06
9.06841e-05
-4.30383e-06
9.14262e-05
-5.03658e-06
9.22996e-05
-5.7606e-06
9.32814e-05
-6.4618e-06
9.43329e-05
-7.12005e-06
9.53933e-05
-7.70859e-06
9.63737e-05
-8.19412e-06
9.71504e-05
-8.53802e-06
9.75614e-05
-8.69913e-06
9.7405e-05
-8.63831e-06
9.64454e-05
-8.3247e-06
9.44258e-05
-7.74308e-06
9.1089e-05
-6.901e-06
8.62073e-05
-5.8343e-06
7.96147e-05
-4.6092e-06
7.12377e-05
-3.32013e-06
6.11163e-05
-2.08354e-06
4.94075e-05
-1.02912e-06
3.63694e-05
-2.90954e-07
2.23251e-05
7.61185e-06
2.8212e-07
7.32973e-06
9.99334e-07
2.16078e-05
2.02656e-06
3.53421e-05
3.2359e-06
4.81982e-05
4.50355e-06
5.98486e-05
5.71751e-06
7.00238e-05
6.78558e-06
7.85466e-05
7.64133e-06
8.53515e-05
8.24662e-06
9.04837e-05
8.59028e-06
9.40821e-05
8.68359e-06
9.63521e-05
8.55378e-06
9.75348e-05
8.23725e-06
9.78779e-05
7.77345e-06
9.76142e-05
7.20022e-06
9.69469e-05
6.55087e-06
9.60427e-05
5.85268e-06
9.50311e-05
5.12656e-06
9.40075e-05
4.38751e-06
9.30387e-05
3.64542e-06
9.21683e-05
2.90611e-06
9.14235e-05
2.17223e-06
9.08193e-05
1.44419e-06
9.03634e-05
7.20813e-07
9.00589e-05
-3.41577e-16
8.99065e-05
-7.20813e-07
8.99065e-05
-1.44419e-06
9.00589e-05
-2.17223e-06
9.03634e-05
-2.90611e-06
9.08193e-05
-3.64542e-06
9.14235e-05
-4.38751e-06
9.21683e-05
-5.12656e-06
9.30387e-05
-5.85268e-06
9.40075e-05
-6.55087e-06
9.50311e-05
-7.20022e-06
9.60427e-05
-7.77345e-06
9.69469e-05
-8.23725e-06
9.76142e-05
-8.55378e-06
9.78779e-05
-8.68359e-06
9.75348e-05
-8.59028e-06
9.63521e-05
-8.24662e-06
9.40821e-05
-7.64133e-06
9.04837e-05
-6.78558e-06
8.53515e-05
-5.71751e-06
7.85466e-05
-4.50355e-06
7.00238e-05
-3.2359e-06
5.98486e-05
-2.02656e-06
4.81982e-05
-9.99334e-07
3.53421e-05
-2.8212e-07
2.16078e-05
7.32973e-06
2.74413e-07
7.05531e-06
9.72737e-07
2.09095e-05
1.97472e-06
3.43401e-05
3.15789e-06
4.7015e-05
4.40391e-06
5.86026e-05
5.60521e-06
6.88225e-05
6.67206e-06
7.74798e-05
7.53823e-06
8.44854e-05
8.16381e-06
8.98581e-05
8.53449e-06
9.37114e-05
8.65788e-06
9.62287e-05
8.5578e-06
9.76348e-05
8.26789e-06
9.81678e-05
7.82577e-06
9.80564e-05
7.26838e-06
9.75043e-05
6.62886e-06
9.66822e-05
5.93483e-06
9.57251e-05
5.2079e-06
9.47345e-05
4.46388e-06
9.37827e-05
3.71348e-06
9.29187e-05
2.96328e-06
9.21737e-05
2.21662e-06
9.1566e-05
1.47447e-06
9.11056e-05
7.36153e-07
9.07972e-05
-3.71498e-16
9.06427e-05
-7.36153e-07
9.06427e-05
-1.47447e-06
9.07972e-05
-2.21662e-06
9.11056e-05
-2.96328e-06
9.1566e-05
-3.71348e-06
9.21737e-05
-4.46388e-06
9.29187e-05
-5.2079e-06
9.37827e-05
-5.93483e-06
9.47345e-05
-6.62886e-06
9.57251e-05
-7.26838e-06
9.66822e-05
-7.82577e-06
9.75043e-05
-8.26789e-06
9.80564e-05
-8.5578e-06
9.81678e-05
-8.65788e-06
9.76348e-05
-8.53449e-06
9.62287e-05
-8.16381e-06
9.37114e-05
-7.53823e-06
8.98581e-05
-6.67206e-06
8.44854e-05
-5.60521e-06
7.74798e-05
-4.40391e-06
6.88225e-05
-3.15789e-06
5.86026e-05
-1.97472e-06
4.7015e-05
-9.72737e-07
3.43401e-05
-2.74413e-07
2.09095e-05
7.05531e-06
2.68011e-07
6.7873e-06
9.49668e-07
2.02279e-05
1.9284e-06
3.33614e-05
3.08645e-06
4.5857e-05
4.31063e-06
5.73784e-05
5.49776e-06
6.76354e-05
6.56083e-06
7.64167e-05
7.43426e-06
8.36119e-05
8.07679e-06
8.92156e-05
8.47146e-06
9.33167e-05
8.62252e-06
9.60777e-05
8.55051e-06
9.77069e-05
8.28637e-06
9.8432e-05
7.86579e-06
9.84769e-05
7.32467e-06
9.80454e-05
6.69582e-06
9.73111e-05
6.00707e-06
9.64139e-05
5.28059e-06
9.54609e-05
4.5329e-06
9.45304e-05
3.77551e-06
9.36761e-05
3.01571e-06
9.29335e-05
2.2575e-06
9.23242e-05
1.50244e-06
9.18606e-05
7.50346e-07
9.15493e-05
-3.93758e-16
9.1393e-05
-7.50346e-07
9.1393e-05
-1.50244e-06
9.15493e-05
-2.2575e-06
9.18606e-05
-3.01571e-06
9.23242e-05
-3.77551e-06
9.29335e-05
-4.5329e-06
9.36761e-05
-5.28059e-06
9.45304e-05
-6.00707e-06
9.54609e-05
-6.69582e-06
9.64139e-05
-7.32467e-06
9.73111e-05
-7.86579e-06
9.80454e-05
-8.28637e-06
9.84769e-05
-8.55051e-06
9.8432e-05
-8.62252e-06
9.77069e-05
-8.47146e-06
9.60777e-05
-8.07679e-06
9.33167e-05
-7.43426e-06
8.92156e-05
-6.56083e-06
8.36119e-05
-5.49776e-06
7.64167e-05
-4.31063e-06
6.76354e-05
-3.08645e-06
5.73784e-05
-1.9284e-06
4.5857e-05
-9.49668e-07
3.33614e-05
-2.68011e-07
2.02279e-05
6.7873e-06
2.6316e-07
6.52414e-06
9.30612e-07
1.95604e-05
1.88819e-06
3.24038e-05
3.02213e-06
4.4723e-05
4.22419e-06
5.61763e-05
5.39562e-06
6.64639e-05
6.45238e-06
7.53599e-05
7.32991e-06
8.27344e-05
7.98612e-06
8.85594e-05
8.40173e-06
9.29011e-05
8.578e-06
9.59014e-05
8.53235e-06
9.77525e-05
8.29302e-06
9.86713e-05
7.89376e-06
9.88762e-05
7.36925e-06
9.85699e-05
6.75184e-06
9.79285e-05
6.06943e-06
9.70963e-05
5.34462e-06
9.61858e-05
4.59457e-06
9.52804e-05
3.83148e-06
9.44392e-05
3.06336e-06
9.37016e-05
2.29485e-06
9.30927e-05
1.52808e-06
9.26274e-05
7.63383e-07
9.2314e-05
-4.05261e-16
9.21564e-05
-7.63383e-07
9.21564e-05
-1.52808e-06
9.2314e-05
-2.29485e-06
9.26274e-05
-3.06336e-06
9.30927e-05
-3.83148e-06
9.37016e-05
-4.59457e-06
9.44392e-05
-5.34462e-06
9.52804e-05
-6.06943e-06
9.61858e-05
-6.75184e-06
9.70963e-05
-7.36925e-06
9.79285e-05
-7.89376e-06
9.85699e-05
-8.29302e-06
9.88762e-05
-8.53235e-06
9.86713e-05
-8.578e-06
9.77525e-05
-8.40173e-06
9.59014e-05
-7.98612e-06
9.29011e-05
-7.32991e-06
8.85594e-05
-6.45238e-06
8.27344e-05
-5.39562e-06
7.53599e-05
-4.22419e-06
6.64639e-05
-3.02213e-06
5.61763e-05
-1.88819e-06
4.4723e-05
-9.30612e-07
3.24038e-05
-2.6316e-07
1.95604e-05
6.52414e-06
2.60184e-07
6.26396e-06
9.16195e-07
1.89044e-05
1.85481e-06
3.14652e-05
2.96565e-06
4.36122e-05
4.14523e-06
5.49968e-05
5.29935e-06
6.53098e-05
6.34723e-06
7.4312e-05
7.22573e-06
8.18559e-05
7.89232e-06
8.78928e-05
8.32584e-06
9.24676e-05
8.52482e-06
9.57024e-05
8.50374e-06
9.77736e-05
8.2882e-06
9.88868e-05
7.90993e-06
9.92545e-05
7.4023e-06
9.90776e-05
6.79704e-06
9.85338e-05
6.12198e-06
9.77713e-05
5.40003e-06
9.69077e-05
4.64888e-06
9.60316e-05
3.88139e-06
9.52067e-05
3.10623e-06
9.44767e-05
2.32866e-06
9.38703e-05
1.55139e-06
9.34047e-05
7.75263e-07
9.30901e-05
-4.01899e-16
9.29317e-05
-7.75263e-07
9.29317e-05
-1.55139e-06
9.30901e-05
-2.32866e-06
9.34047e-05
-3.10623e-06
9.38703e-05
-3.88139e-06
9.44767e-05
-4.64888e-06
9.52067e-05
-5.40003e-06
9.60316e-05
-6.12198e-06
9.69077e-05
-6.79704e-06
9.77713e-05
-7.4023e-06
9.85338e-05
-7.90993e-06
9.90776e-05
-8.2882e-06
9.92545e-05
-8.50374e-06
9.88868e-05
-8.52482e-06
9.77736e-05
-8.32584e-06
9.57024e-05
-7.89232e-06
9.24676e-05
-7.22573e-06
8.78928e-05
-6.34723e-06
8.18559e-05
-5.29935e-06
7.4312e-05
-4.14523e-06
6.53098e-05
-2.96565e-06
5.49968e-05
-1.85481e-06
4.36122e-05
-9.16195e-07
3.14652e-05
-2.60184e-07
1.89044e-05
6.26396e-06
2.59484e-07
6.00448e-06
9.07172e-07
1.82567e-05
1.82913e-06
3.05433e-05
2.91781e-06
4.25235e-05
4.07442e-06
5.38402e-05
5.20954e-06
6.41747e-05
6.24593e-06
7.32757e-05
7.12225e-06
8.09796e-05
7.79594e-06
8.72191e-05
8.24432e-06
9.20192e-05
8.46347e-06
9.54833e-05
8.46511e-06
9.77719e-05
8.27227e-06
9.90797e-05
7.91458e-06
9.96122e-05
7.42402e-06
9.95681e-05
6.83155e-06
9.91262e-05
6.16481e-06
9.84381e-05
5.44686e-06
9.76257e-05
4.69588e-06
9.67826e-05
3.92528e-06
9.59773e-05
3.14434e-06
9.52577e-05
2.35895e-06
9.46556e-05
1.57237e-06
9.41913e-05
7.8599e-07
9.38765e-05
-3.80108e-16
9.37177e-05
-7.8599e-07
9.37177e-05
-1.57237e-06
9.38765e-05
-2.35895e-06
9.41913e-05
-3.14434e-06
9.46556e-05
-3.92528e-06
9.52577e-05
-4.69588e-06
9.59773e-05
-5.44686e-06
9.67826e-05
-6.16481e-06
9.76257e-05
-6.83155e-06
9.84381e-05
-7.42402e-06
9.91262e-05
-7.91458e-06
9.95681e-05
-8.27227e-06
9.96122e-05
-8.46511e-06
9.90797e-05
-8.46347e-06
9.77719e-05
-8.24432e-06
9.54833e-05
-7.79594e-06
9.20192e-05
-7.12225e-06
8.72191e-05
-6.24593e-06
8.09796e-05
-5.20954e-06
7.32757e-05
-4.07442e-06
6.41747e-05
-2.91781e-06
5.38402e-05
-1.82913e-06
4.25235e-05
-9.07172e-07
3.05433e-05
-2.59484e-07
1.82567e-05
6.00448e-06
2.61539e-07
5.74294e-06
9.04391e-07
1.76139e-05
1.81206e-06
2.96356e-05
2.87942e-06
4.14561e-05
4.01246e-06
5.27071e-05
5.12677e-06
6.30604e-05
6.14902e-06
7.22534e-05
7.02e-06
8.01086e-05
7.6975e-06
8.65416e-05
8.15768e-06
9.15591e-05
8.39445e-06
9.52465e-05
8.41693e-06
9.77495e-05
8.24561e-06
9.9251e-05
7.90804e-06
9.99497e-05
7.43467e-06
0.000100041
6.85558e-06
9.97053e-05
6.19806e-06
9.90956e-05
5.48524e-06
9.83385e-05
4.73564e-06
9.75322e-05
3.96319e-06
9.67497e-05
3.17773e-06
9.60431e-05
2.38574e-06
9.54476e-05
1.59105e-06
9.4986e-05
7.95573e-07
9.46719e-05
-3.3355e-16
9.45132e-05
-7.95573e-07
9.45132e-05
-1.59105e-06
9.46719e-05
-2.38574e-06
9.4986e-05
-3.17773e-06
9.54476e-05
-3.96319e-06
9.60431e-05
-4.73564e-06
9.67497e-05
-5.48524e-06
9.75322e-05
-6.19806e-06
9.83385e-05
-6.85558e-06
9.90956e-05
-7.43467e-06
9.97053e-05
-7.90804e-06
0.000100041
-8.24561e-06
9.99497e-05
-8.41693e-06
9.9251e-05
-8.39445e-06
9.77495e-05
-8.15768e-06
9.52465e-05
-7.6975e-06
9.15591e-05
-7.02e-06
8.65416e-05
-6.14902e-06
8.01086e-05
-5.12677e-06
7.22534e-05
-4.01246e-06
6.30604e-05
-2.87942e-06
5.27071e-05
-1.81206e-06
4.14561e-05
-9.04391e-07
2.96356e-05
-2.61539e-07
1.76139e-05
5.74294e-06
2.66884e-07
5.47605e-06
9.08721e-07
1.6972e-05
1.80444e-06
2.87399e-05
2.85115e-06
4.04094e-05
3.95987e-06
5.15984e-05
5.05151e-06
6.19688e-05
6.05693e-06
7.1248e-05
6.91944e-06
7.92461e-05
7.59752e-06
8.58635e-05
8.06648e-06
9.10901e-05
8.31831e-06
9.49947e-05
8.3597e-06
9.77081e-05
8.20869e-06
9.9402e-05
7.8907e-06
0.000100268
7.43459e-06
0.000100498
6.8694e-06
0.00010027
6.22195e-06
9.9743e-05
5.51534e-06
9.90451e-05
4.76832e-06
9.82792e-05
3.99524e-06
9.75228e-05
3.20649e-06
9.68319e-05
2.40911e-06
9.6245e-05
1.60747e-06
9.57876e-05
8.04034e-07
9.54754e-05
-2.58388e-16
9.53173e-05
-8.04034e-07
9.53173e-05
-1.60747e-06
9.54754e-05
-2.40911e-06
9.57876e-05
-3.20649e-06
9.6245e-05
-3.99524e-06
9.68319e-05
-4.76832e-06
9.75228e-05
-5.51534e-06
9.82792e-05
-6.22195e-06
9.90451e-05
-6.8694e-06
9.9743e-05
-7.43459e-06
0.00010027
-7.8907e-06
0.000100498
-8.20869e-06
0.000100268
-8.3597e-06
9.9402e-05
-8.31831e-06
9.77081e-05
-8.06648e-06
9.49947e-05
-7.59752e-06
9.10901e-05
-6.91944e-06
8.58635e-05
-6.05693e-06
7.92461e-05
-5.05151e-06
7.1248e-05
-3.95987e-06
6.19688e-05
-2.85115e-06
5.15984e-05
-1.80444e-06
4.04094e-05
-9.08721e-07
2.87399e-05
-2.66884e-07
1.6972e-05
5.47605e-06
2.76067e-07
5.19999e-06
9.20912e-07
1.63272e-05
1.80682e-06
2.7854e-05
2.83333e-06
3.93829e-05
3.91686e-06
5.05149e-05
4.98394e-06
6.09017e-05
5.96994e-06
7.0262e-05
6.82097e-06
7.83951e-05
7.49649e-06
8.5188e-05
7.97127e-06
9.06153e-05
8.23564e-06
9.47303e-05
8.29404e-06
9.76497e-05
8.1621e-06
9.95339e-05
7.8631e-06
0.000100567
7.42423e-06
0.000100936
6.8734e-06
0.000100821
6.23683e-06
0.00010038
5.53744e-06
9.97445e-05
4.79412e-06
9.90225e-05
4.02161e-06
9.82953e-05
3.23076e-06
9.76227e-05
2.42915e-06
9.70466e-05
1.6217e-06
9.6595e-05
8.11405e-07
9.62857e-05
-1.45705e-16
9.61287e-05
-8.11405e-07
9.61287e-05
-1.6217e-06
9.62857e-05
-2.42915e-06
9.6595e-05
-3.23076e-06
9.70466e-05
-4.02161e-06
9.76227e-05
-4.79412e-06
9.82953e-05
-5.53744e-06
9.90225e-05
-6.23683e-06
9.97445e-05
-6.8734e-06
0.00010038
-7.42423e-06
0.000100821
-7.8631e-06
0.000100936
-8.1621e-06
0.000100567
-8.29404e-06
9.95339e-05
-8.23564e-06
9.76497e-05
-7.97127e-06
9.47303e-05
-7.49649e-06
9.06153e-05
-6.82097e-06
8.5188e-05
-5.96994e-06
7.83951e-05
-4.98394e-06
7.0262e-05
-3.91686e-06
6.09017e-05
-2.83333e-06
5.05149e-05
-1.80682e-06
3.93829e-05
-9.20912e-07
2.7854e-05
-2.76067e-07
1.63272e-05
5.19999e-06
2.89558e-07
4.91043e-06
9.41354e-07
1.56754e-05
1.81915e-06
2.69762e-05
2.82558e-06
3.83765e-05
3.88297e-06
4.94575e-05
4.92377e-06
5.98609e-05
5.88801e-06
6.92977e-05
6.7248e-06
7.75583e-05
7.39487e-06
8.45179e-05
7.87272e-06
9.01375e-05
8.14724e-06
9.44558e-05
8.22076e-06
9.75761e-05
8.10665e-06
9.9648e-05
7.826e-06
0.000100847
7.40429e-06
0.000101358
6.8682e-06
0.000101357
6.24321e-06
0.000101005
5.55197e-06
0.000100436
4.81342e-06
9.97611e-05
4.04258e-06
9.90662e-05
3.25075e-06
9.84146e-05
2.44601e-06
9.78514e-05
1.63383e-06
9.74072e-05
8.17736e-07
9.71018e-05
7.82051e-18
9.69464e-05
-8.17736e-07
9.69464e-05
-1.63383e-06
9.71018e-05
-2.44601e-06
9.74072e-05
-3.25075e-06
9.78514e-05
-4.04258e-06
9.84146e-05
-4.81342e-06
9.90662e-05
-5.55197e-06
9.97611e-05
-6.24321e-06
0.000100436
-6.8682e-06
0.000101005
-7.40429e-06
0.000101357
-7.826e-06
0.000101358
-8.10665e-06
0.000100847
-8.22076e-06
9.9648e-05
-8.14724e-06
9.75761e-05
-7.87272e-06
9.44558e-05
-7.39487e-06
9.01375e-05
-6.7248e-06
8.45179e-05
-5.88801e-06
7.75583e-05
-4.92377e-06
6.92977e-05
-3.88297e-06
5.98609e-05
-2.82558e-06
4.94575e-05
-1.81915e-06
3.83765e-05
-9.41354e-07
2.69762e-05
-2.89558e-07
1.56754e-05
4.91043e-06
3.07619e-07
4.60281e-06
9.69734e-07
1.50133e-05
1.84028e-06
2.61056e-05
2.82641e-06
3.73904e-05
3.85684e-06
4.8427e-05
4.87002e-06
5.88477e-05
5.81068e-06
6.83571e-05
6.63101e-06
7.67379e-05
7.29319e-06
8.38557e-05
7.77167e-06
8.9659e-05
8.05416e-06
9.41733e-05
8.14106e-06
9.74892e-05
8.04353e-06
9.97456e-05
7.78057e-06
0.00010111
7.37585e-06
0.000101763
6.85475e-06
0.000101879
6.24192e-06
0.000101617
5.55961e-06
0.000101118
4.82675e-06
0.000100494
4.05858e-06
9.98343e-05
3.26679e-06
9.92063e-05
2.45994e-06
9.86582e-05
1.64401e-06
9.82232e-05
8.23098e-07
9.79227e-05
2.10956e-16
9.77695e-05
-8.23098e-07
9.77695e-05
-1.64401e-06
9.79227e-05
-2.45994e-06
9.82232e-05
-3.26679e-06
9.86582e-05
-4.05858e-06
9.92063e-05
-4.82675e-06
9.98343e-05
-5.55961e-06
0.000100494
-6.24192e-06
0.000101118
-6.85475e-06
0.000101617
-7.37585e-06
0.000101879
-7.78057e-06
0.000101763
-8.04353e-06
0.00010111
-8.14106e-06
9.97456e-05
-8.05416e-06
9.74892e-05
-7.77167e-06
9.41733e-05
-7.29319e-06
8.9659e-05
-6.63101e-06
8.38557e-05
-5.81068e-06
7.67379e-05
-4.87002e-06
6.83571e-05
-3.85684e-06
5.88477e-05
-2.82641e-06
4.8427e-05
-1.84028e-06
3.73904e-05
-9.69734e-07
2.61056e-05
-3.07619e-07
1.50133e-05
4.60281e-06
3.3015e-07
4.27266e-06
1.00455e-06
1.43389e-05
1.86745e-06
2.52427e-05
2.83262e-06
3.64252e-05
3.83563e-06
4.7424e-05
4.82064e-06
5.78627e-05
5.73684e-06
6.74409e-05
6.5394e-06
7.59354e-05
7.19202e-06
8.32031e-05
7.6693e-06
8.91817e-05
7.95797e-06
9.38846e-05
8.05672e-06
9.73905e-05
7.97462e-06
9.98277e-05
7.72861e-06
0.000101356
7.34058e-06
0.000102151
6.83452e-06
0.000102385
6.2342e-06
0.000102218
5.56141e-06
0.000101791
4.83496e-06
0.00010122
4.07026e-06
0.000100599
3.27935e-06
9.99972e-05
2.47124e-06
9.94663e-05
1.65245e-06
9.90419e-05
8.27587e-07
9.87475e-05
4.58277e-16
9.85971e-05
-8.27587e-07
9.85971e-05
-1.65245e-06
9.87475e-05
-2.47124e-06
9.90419e-05
-3.27935e-06
9.94663e-05
-4.07026e-06
9.99972e-05
-4.83496e-06
0.000100599
-5.56141e-06
0.00010122
-6.2342e-06
0.000101791
-6.83452e-06
0.000102218
-7.34058e-06
0.000102385
-7.72861e-06
0.000102151
-7.97462e-06
0.000101356
-8.05672e-06
9.98277e-05
-7.95797e-06
9.73905e-05
-7.6693e-06
9.38846e-05
-7.19202e-06
8.91817e-05
-6.5394e-06
8.32031e-05
-5.73684e-06
7.59354e-05
-4.82064e-06
6.74409e-05
-3.83563e-06
5.78627e-05
-2.83262e-06
4.7424e-05
-1.86745e-06
3.64252e-05
-1.00455e-06
2.52427e-05
-3.3015e-07
1.43389e-05
4.27266e-06
3.55961e-07
3.9167e-06
1.04159e-06
1.36532e-05
1.89441e-06
2.43899e-05
2.83763e-06
3.5482e-05
3.81354e-06
4.64481e-05
4.77127e-06
5.6905e-05
5.66376e-06
6.65484e-05
6.44881e-06
7.51503e-05
7.0916e-06
8.25603e-05
7.56695e-06
8.87064e-05
7.86083e-06
9.35907e-05
7.97039e-06
9.72809e-05
7.90278e-06
9.98953e-05
7.67301e-06
0.000101586
7.3012e-06
0.000102523
6.80999e-06
0.000102876
6.22221e-06
0.000102806
5.55914e-06
0.000102454
4.83946e-06
0.00010194
4.0787e-06
0.00010136
3.28923e-06
0.000100787
2.4805e-06
0.000100275
1.6595e-06
9.98629e-05
8.31377e-07
9.95757e-05
7.37521e-16
9.94285e-05
-8.31377e-07
9.94285e-05
-1.6595e-06
9.95757e-05
-2.4805e-06
9.98629e-05
-3.28923e-06
0.000100275
-4.0787e-06
0.000100787
-4.83946e-06
0.00010136
-5.55914e-06
0.00010194
-6.22221e-06
0.000102454
-6.80999e-06
0.000102806
-7.3012e-06
0.000102876
-7.67301e-06
0.000102523
-7.90278e-06
0.000101586
-7.97039e-06
9.98953e-05
-7.86083e-06
9.72809e-05
-7.56695e-06
9.35907e-05
-7.0916e-06
8.87064e-05
-6.44881e-06
8.25603e-05
-5.66376e-06
7.51503e-05
-4.77127e-06
6.65484e-05
-3.81354e-06
5.6905e-05
-2.83763e-06
4.64481e-05
-1.89441e-06
3.5482e-05
-1.04159e-06
2.43899e-05
-3.55961e-07
1.36532e-05
3.9167e-06
3.79793e-07
3.53691e-06
1.06938e-06
1.29636e-05
1.90699e-06
2.35523e-05
2.82753e-06
3.45614e-05
3.77857e-06
4.54971e-05
4.71259e-06
5.59709e-05
5.58512e-06
6.56759e-05
6.35596e-06
7.43795e-05
6.99137e-06
8.19249e-05
7.46638e-06
8.82314e-05
7.76625e-06
9.32909e-05
7.88679e-06
9.71604e-05
7.83344e-06
9.99486e-05
7.61939e-06
0.0001018
7.26318e-06
0.000102879
6.78618e-06
0.000103353
6.21035e-06
0.000103381
5.55653e-06
0.000103108
4.84328e-06
0.000102653
4.08628e-06
0.000102117
3.29821e-06
0.000101575
2.48895e-06
0.000101084
1.66596e-06
0.000100686
8.34852e-07
0.000100407
1.00391e-15
0.000100263
-8.34852e-07
0.000100263
-1.66596e-06
0.000100407
-2.48895e-06
0.000100686
-3.29821e-06
0.000101084
-4.08628e-06
0.000101575
-4.84328e-06
0.000102117
-5.55653e-06
0.000102653
-6.21035e-06
0.000103108
-6.78618e-06
0.000103381
-7.26318e-06
0.000103353
-7.61939e-06
0.000102879
-7.83344e-06
0.0001018
-7.88679e-06
9.99486e-05
-7.76625e-06
9.71604e-05
-7.46638e-06
9.32909e-05
-6.99137e-06
8.82314e-05
-6.35596e-06
8.19249e-05
-5.58512e-06
7.43795e-05
-4.71259e-06
6.56759e-05
-3.77857e-06
5.59709e-05
-2.82753e-06
4.54971e-05
-1.90699e-06
3.45614e-05
-1.06938e-06
2.35523e-05
-3.79793e-07
1.29636e-05
3.53691e-06
3.87635e-07
1.05836e-06
1.87519e-06
2.77626e-06
3.70996e-06
4.62971e-06
5.49211e-06
6.25778e-06
6.89342e-06
7.37387e-06
7.68359e-06
7.81716e-06
7.77855e-06
7.57951e-06
7.23735e-06
6.77251e-06
6.20643e-06
5.55974e-06
4.85105e-06
4.09631e-06
3.30855e-06
2.49804e-06
1.67266e-06
8.38406e-07
1.15888e-15
-8.38406e-07
-1.67266e-06
-2.49804e-06
-3.30855e-06
-4.09631e-06
-4.85105e-06
-5.55974e-06
-6.20643e-06
-6.77251e-06
-7.23735e-06
-7.57951e-06
-7.77855e-06
-7.81716e-06
-7.68359e-06
-7.37387e-06
-6.89342e-06
-6.25778e-06
-5.49211e-06
-4.62971e-06
-3.70996e-06
-2.77626e-06
-1.87519e-06
-1.05836e-06
-3.87635e-07
)
;

boundaryField
{
    left
    {
        type            calculated;
        value           uniform 0;
    }
    right
    {
        type            calculated;
        value           uniform 0;
    }
    up
    {
        type            calculated;
        value           nonuniform List<scalar> 
50
(
3.14927e-06
1.22929e-05
2.27355e-05
3.36604e-05
4.45634e-05
5.50512e-05
6.48135e-05
7.36138e-05
8.12893e-05
8.77509e-05
9.29812e-05
9.70268e-05
9.99872e-05
0.000101999
0.000103221
0.000103818
0.000103947
0.000103754
0.000103362
0.000102872
0.000102363
0.000101895
0.000101511
0.000101241
0.000101102
0.000101102
0.000101241
0.000101511
0.000101895
0.000102363
0.000102872
0.000103362
0.000103754
0.000103947
0.000103818
0.000103221
0.000101999
9.99872e-05
9.70268e-05
9.29812e-05
8.77509e-05
8.12893e-05
7.36138e-05
6.48135e-05
5.50512e-05
4.45634e-05
3.36604e-05
2.27355e-05
1.22929e-05
3.14927e-06
)
;
    }
    down
    {
        type            calculated;
        value           nonuniform List<scalar> 
50
(
-8e-05
-8e-05
-8e-05
-8e-05
-8e-05
-8e-05
-8e-05
-8e-05
-8e-05
-8e-05
-8e-05
-8e-05
-8e-05
-8e-05
-8e-05
-8e-05
-8e-05
-8e-05
-8e-05
-8e-05
-8e-05
-8e-05
-8e-05
-8e-05
-8e-05
-8e-05
-8e-05
-8e-05
-8e-05
-8e-05
-8e-05
-8e-05
-8e-05
-8e-05
-8e-05
-8e-05
-8e-05
-8e-05
-8e-05
-8e-05
-8e-05
-8e-05
-8e-05
-8e-05
-8e-05
-8e-05
-8e-05
-8e-05
-8e-05
-8e-05
)
;
    }
    frontAndBack
    {
        type            empty;
        value           nonuniform 0();
    }
}


// ************************************************************************* //
