/*--------------------------------*- C++ -*----------------------------------*\
  =========                 |
  \\      /  F ield         | OpenFOAM: The Open Source CFD Toolbox
   \\    /   O peration     | Website:  https://openfoam.org
    \\  /    A nd           | Version:  6
     \\/     M anipulation  |
\*---------------------------------------------------------------------------*/
FoamFile
{
    version     2.0;
    format      ascii;
    class       volVectorField;
    location    "3200";
    object      U;
}
// * * * * * * * * * * * * * * * * * * * * * * * * * * * * * * * * * * * * * //

dimensions      [0 1 -1 0 0 0 0];

internalField   nonuniform List<vector> 
2500
(
(0.0485678 0.366015 -3.13898e-19)
(0.0811979 0.404763 5.00426e-19)
(0.0462159 0.401104 -5.38882e-20)
(0.029348 0.400779 -1.13927e-19)
(0.0202392 0.400471 0)
(0.014476 0.400258 0)
(0.0107321 0.400154 0)
(0.00819182 0.400097 0)
(0.00640199 0.400065 4.01524e-20)
(0.005101 0.400045 -3.65852e-21)
(0.00412916 0.400033 -7.00691e-20)
(0.00338527 0.400025 2.44984e-21)
(0.00280305 0.40002 1.65823e-20)
(0.00233789 0.400017 2.82363e-20)
(0.00195897 0.400015 -1.3695e-20)
(0.00164456 0.400013 0)
(0.00137899 0.400012 1.18589e-20)
(0.00115071 0.400011 -2.32961e-20)
(0.000951094 0.400011 5.89702e-21)
(0.000773492 0.40001 5.5419e-21)
(0.000612715 0.40001 0)
(0.000464588 0.40001 -2.5982e-21)
(0.00032566 0.40001 2.59906e-21)
(0.000192982 0.400009 -1.27537e-21)
(6.39307e-05 0.400009 1.27577e-21)
(-6.39307e-05 0.400009 1.27577e-21)
(-0.000192982 0.400009 -1.27537e-21)
(-0.00032566 0.40001 2.59906e-21)
(-0.000464588 0.40001 -2.5982e-21)
(-0.000612715 0.40001 0)
(-0.000773492 0.40001 5.5419e-21)
(-0.000951094 0.400011 5.89702e-21)
(-0.00115071 0.400011 -2.32961e-20)
(-0.00137899 0.400012 1.18589e-20)
(-0.00164456 0.400013 0)
(-0.00195897 0.400015 -1.3695e-20)
(-0.00233789 0.400017 2.82363e-20)
(-0.00280305 0.40002 1.65823e-20)
(-0.00338527 0.400025 2.44984e-21)
(-0.00412916 0.400033 -7.00691e-20)
(-0.005101 0.400045 -3.65852e-21)
(-0.00640199 0.400065 4.01524e-20)
(-0.00819182 0.400097 0)
(-0.0107321 0.400154 0)
(-0.014476 0.400258 0)
(-0.0202392 0.400471 0)
(-0.029348 0.400779 -1.13927e-19)
(-0.0462159 0.401104 -5.38882e-20)
(-0.0811979 0.404763 5.00426e-19)
(-0.0485678 0.366015 -3.13898e-19)
(0.0837944 0.363915 8.25603e-19)
(0.15615 0.425523 0)
(0.10896 0.417364 0)
(0.0778617 0.411236 1.15731e-19)
(0.0566414 0.407152 -2.1053e-19)
(0.04184 0.404637 1.73872e-19)
(0.0316166 0.403121 -7.94326e-20)
(0.0244015 0.402174 0)
(0.0191926 0.401561 0)
(0.0153475 0.401153 0)
(0.012447 0.400872 0)
(0.0102133 0.400676 0)
(0.00845894 0.400534 0)
(0.00705459 0.400431 1.84937e-20)
(0.00590969 0.400354 -1.85013e-20)
(0.00495956 0.400297 -1.67066e-20)
(0.00415722 0.400253 1.67138e-20)
(0.00346792 0.400219 0)
(0.00286549 0.400193 0)
(0.00232982 0.400174 7.29107e-21)
(0.00184517 0.400159 -7.29412e-21)
(0.00139887 0.400148 0)
(0.000980445 0.40014 0)
(0.000580955 0.400135 -1.72379e-21)
(0.000192451 0.400132 1.72444e-21)
(-0.000192451 0.400132 1.72444e-21)
(-0.000580955 0.400135 -1.72379e-21)
(-0.000980445 0.40014 0)
(-0.00139887 0.400148 0)
(-0.00184517 0.400159 -7.29412e-21)
(-0.00232982 0.400174 7.29107e-21)
(-0.00286549 0.400193 0)
(-0.00346792 0.400219 0)
(-0.00415722 0.400253 1.67138e-20)
(-0.00495956 0.400297 -1.67066e-20)
(-0.00590969 0.400354 -1.85013e-20)
(-0.00705459 0.400431 1.84937e-20)
(-0.00845894 0.400534 0)
(-0.0102133 0.400676 0)
(-0.012447 0.400872 0)
(-0.0153475 0.401153 0)
(-0.0191926 0.401561 0)
(-0.0244015 0.402174 0)
(-0.0316166 0.403121 -7.94326e-20)
(-0.04184 0.404637 1.73872e-19)
(-0.0566414 0.407152 -2.1053e-19)
(-0.0778617 0.411236 1.15731e-19)
(-0.10896 0.417364 0)
(-0.15615 0.425523 0)
(-0.0837944 0.363915 -8.25603e-19)
(0.0837678 0.329202 0)
(0.177889 0.429076 0)
(0.145946 0.433188 0)
(0.11441 0.42532 -1.11909e-19)
(0.0873434 0.417655 1.12656e-19)
(0.0665257 0.412182 0)
(0.0512436 0.40853 6.86411e-20)
(0.040025 0.406097 -6.8737e-20)
(0.0317172 0.404454 -5.45041e-20)
(0.0254802 0.403326 5.4503e-20)
(0.0207226 0.402536 0)
(0.0170316 0.401973 0)
(0.0141187 0.401565 0)
(0.0117799 0.401264 0)
(0.00986986 0.40104 1.75742e-20)
(0.00828318 0.400871 -1.75803e-20)
(0.0069427 0.400742 0)
(0.00579096 0.400643 -1.54909e-20)
(0.00478444 0.400567 1.54967e-20)
(0.00388964 0.400508 0)
(0.00308022 0.400464 0)
(0.00233501 0.400431 0)
(0.00163648 0.400408 0)
(0.000969645 0.400393 0)
(0.000321204 0.400386 0)
(-0.000321204 0.400386 0)
(-0.000969645 0.400393 0)
(-0.00163648 0.400408 0)
(-0.00233501 0.400431 0)
(-0.00308022 0.400464 0)
(-0.00388964 0.400508 0)
(-0.00478444 0.400567 1.54967e-20)
(-0.00579096 0.400643 -1.54909e-20)
(-0.0069427 0.400742 0)
(-0.00828318 0.400871 -1.75803e-20)
(-0.00986986 0.40104 1.75742e-20)
(-0.0117799 0.401264 0)
(-0.0141187 0.401565 0)
(-0.0170316 0.401973 0)
(-0.0207226 0.402536 0)
(-0.0254802 0.403326 5.4503e-20)
(-0.0317172 0.404454 -5.45041e-20)
(-0.040025 0.406097 -6.8737e-20)
(-0.0512436 0.40853 6.86411e-20)
(-0.0665257 0.412182 0)
(-0.0873434 0.417655 1.12656e-19)
(-0.11441 0.42532 -1.11909e-19)
(-0.145946 0.433188 0)
(-0.177889 0.429076 0)
(-0.0837678 0.329202 0)
(0.0735364 0.285179 4.38785e-19)
(0.175273 0.41975 -2.08322e-19)
(0.164313 0.444268 0)
(0.139471 0.439601 0)
(0.111633 0.430083 0)
(0.0877669 0.421929 0)
(0.069028 0.415911 0)
(0.0546596 0.411645 0)
(0.0437074 0.408645 0)
(0.0353214 0.406526 0)
(0.0288367 0.405014 0)
(0.0237589 0.403921 0)
(0.0197258 0.40312 -1.96921e-20)
(0.0164738 0.402527 1.96967e-20)
(0.0138104 0.402082 1.75795e-20)
(0.011594 0.401745 -1.75846e-20)
(0.00971936 0.401487 0)
(0.00810765 0.401289 0)
(0.00669867 0.401137 0)
(0.00544589 0.40102 0)
(0.00431259 0.400931 0)
(0.00326918 0.400865 0)
(0.00229116 0.400819 0)
(0.00135754 0.400789 0)
(0.000449697 0.400774 0)
(-0.000449697 0.400774 0)
(-0.00135754 0.400789 0)
(-0.00229116 0.400819 0)
(-0.00326918 0.400865 0)
(-0.00431259 0.400931 0)
(-0.00544589 0.40102 0)
(-0.00669867 0.401137 0)
(-0.00810765 0.401289 0)
(-0.00971936 0.401487 0)
(-0.011594 0.401745 -1.75846e-20)
(-0.0138104 0.402082 1.75795e-20)
(-0.0164738 0.402527 1.96967e-20)
(-0.0197258 0.40312 -1.96921e-20)
(-0.0237589 0.403921 0)
(-0.0288367 0.405014 0)
(-0.0353214 0.406526 0)
(-0.0437074 0.408645 0)
(-0.0546596 0.411645 0)
(-0.069028 0.415911 0)
(-0.0877669 0.421929 0)
(-0.111633 0.430083 0)
(-0.139471 0.439601 0)
(-0.164313 0.444268 0)
(-0.175273 0.41975 -2.08322e-19)
(-0.0735364 0.285179 -3.57276e-20)
(0.0620372 0.246864 0)
(0.162005 0.404427 0)
(0.169772 0.449378 0)
(0.154607 0.451588 0)
(0.129595 0.442561 0)
(0.105225 0.4327 0)
(0.0845986 0.424569 0)
(0.0680062 0.418418 0)
(0.0549443 0.413905 0)
(0.044716 0.410621 0)
(0.0366814 0.408227 0)
(0.0303195 0.406471 0)
(0.0252267 0.405171 0)
(0.0210978 0.4042 0)
(0.0177032 0.403467 0)
(0.014871 0.40291 0)
(0.0124715 0.402482 0)
(0.0104061 0.402153 0)
(0.0085991 0.401899 0)
(0.00699165 0.401704 0)
(0.00553707 0.401556 0)
(0.0041976 0.401446 0)
(0.00294191 0.401368 0)
(0.00174315 0.401319 0)
(0.00057744 0.401294 0)
(-0.00057744 0.401294 0)
(-0.00174315 0.401319 0)
(-0.00294191 0.401368 0)
(-0.0041976 0.401446 0)
(-0.00553707 0.401556 0)
(-0.00699165 0.401704 0)
(-0.0085991 0.401899 0)
(-0.0104061 0.402153 0)
(-0.0124715 0.402482 0)
(-0.014871 0.40291 0)
(-0.0177032 0.403467 0)
(-0.0210978 0.4042 0)
(-0.0252267 0.405171 0)
(-0.0303195 0.406471 0)
(-0.0366814 0.408227 0)
(-0.044716 0.410621 0)
(-0.0549443 0.413905 0)
(-0.0680062 0.418418 0)
(-0.0845986 0.424569 0)
(-0.105225 0.4327 0)
(-0.129595 0.442561 0)
(-0.154607 0.451588 0)
(-0.169772 0.449378 0)
(-0.162005 0.404427 0)
(-0.0620372 0.246864 0)
(0.0514195 0.215342 0)
(0.144759 0.386209 0)
(0.166802 0.448929 0)
(0.161804 0.46019 -9.21538e-20)
(0.141803 0.453855 9.25761e-20)
(0.118888 0.443559 -7.1243e-20)
(0.0977707 0.433888 7.16918e-20)
(0.0798654 0.426033 5.74594e-20)
(0.065261 0.42 -5.77015e-20)
(0.0535371 0.415469 -4.80822e-20)
(0.0441631 0.412092 3.68519e-21)
(0.0366454 0.409573 4.4601e-20)
(0.0305722 0.407686 0)
(0.0256158 0.406263 0)
(0.0215218 0.405182 -1.74659e-20)
(0.0180946 0.404356 3.41502e-20)
(0.0151841 0.403721 -6.67189e-22)
(0.0126748 0.40323 -3.14819e-20)
(0.010477 0.402851 1.54647e-20)
(0.00852029 0.402559 0)
(0.00674868 0.402337 7.1619e-21)
(0.00511664 0.402173 -7.16358e-21)
(0.00358628 0.402056 3.48476e-21)
(0.00212505 0.401982 -3.48549e-21)
(0.000703962 0.401945 0)
(-0.000703962 0.401945 0)
(-0.00212505 0.401982 -3.48549e-21)
(-0.00358628 0.402056 3.48476e-21)
(-0.00511664 0.402173 -7.16358e-21)
(-0.00674868 0.402337 7.1619e-21)
(-0.00852029 0.402559 0)
(-0.010477 0.402851 1.54647e-20)
(-0.0126748 0.40323 -3.14819e-20)
(-0.0151841 0.403721 -6.67189e-22)
(-0.0180946 0.404356 3.41502e-20)
(-0.0215218 0.405182 -1.74659e-20)
(-0.0256158 0.406263 0)
(-0.0305722 0.407686 0)
(-0.0366454 0.409573 4.4601e-20)
(-0.0441631 0.412092 3.68519e-21)
(-0.0535371 0.415469 -4.80822e-20)
(-0.065261 0.42 -5.77015e-20)
(-0.0798654 0.426033 5.74594e-20)
(-0.0977707 0.433888 7.16918e-20)
(-0.118888 0.443559 -7.1243e-20)
(-0.141803 0.453855 9.25761e-20)
(-0.161804 0.46019 -9.21538e-20)
(-0.166802 0.448929 0)
(-0.144759 0.386209 0)
(-0.0514195 0.215342 0)
(0.04232 0.189325 0)
(0.127045 0.36674 0)
(0.158823 0.44401 0)
(0.163048 0.465214 0)
(0.149063 0.463273 -7.56759e-20)
(0.128957 0.453828 1.43925e-19)
(0.108504 0.443356 -6.8243e-20)
(0.0901228 0.434142 0)
(0.0745383 0.426706 0)
(0.0616833 0.42093 4.71144e-20)
(0.0512025 0.416519 -4.72559e-20)
(0.042677 0.413171 2.04728e-20)
(0.0357175 0.410629 -1.24621e-21)
(0.0299946 0.408694 -1.92897e-20)
(0.0252411 0.407214 -1.73458e-20)
(0.0212459 0.406076 1.73549e-20)
(0.017843 0.405197 0)
(0.014903 0.404516 1.53988e-20)
(0.012324 0.403989 -1.54023e-20)
(0.0100254 0.403583 -7.28922e-21)
(0.0079426 0.403274 7.29073e-21)
(0.0060228 0.403044 -3.51574e-21)
(0.00422187 0.402881 6.99318e-21)
(0.00250184 0.402777 -1.75043e-21)
(0.00082881 0.402726 -1.72718e-21)
(-0.00082881 0.402726 -1.72718e-21)
(-0.00250184 0.402777 -1.75043e-21)
(-0.00422187 0.402881 6.99318e-21)
(-0.0060228 0.403044 -3.51574e-21)
(-0.0079426 0.403274 7.29073e-21)
(-0.0100254 0.403583 -7.28922e-21)
(-0.012324 0.403989 -1.54023e-20)
(-0.014903 0.404516 1.53988e-20)
(-0.017843 0.405197 0)
(-0.0212459 0.406076 1.73549e-20)
(-0.0252411 0.407214 -1.73458e-20)
(-0.0299946 0.408694 -1.92897e-20)
(-0.0357175 0.410629 -1.24621e-21)
(-0.042677 0.413171 2.04728e-20)
(-0.0512025 0.416519 -4.72559e-20)
(-0.0616833 0.42093 4.71144e-20)
(-0.0745383 0.426706 0)
(-0.0901228 0.434142 0)
(-0.108504 0.443356 -6.8243e-20)
(-0.128957 0.453828 1.43925e-19)
(-0.149063 0.463273 -7.56759e-20)
(-0.163048 0.465214 0)
(-0.158823 0.44401 0)
(-0.127045 0.36674 0)
(-0.04232 0.189325 0)
(0.034874 0.167972 1.00075e-19)
(0.110563 0.347245 -1.99202e-19)
(0.148233 0.435841 5.87062e-21)
(0.160073 0.466916 8.66008e-20)
(0.152255 0.470488 -7.07337e-20)
(0.135773 0.463035 6.85958e-21)
(0.116869 0.452554 6.45855e-20)
(0.0987368 0.44243 -5.37245e-20)
(0.0827012 0.433803 4.44283e-21)
(0.0690794 0.426857 4.97756e-20)
(0.0577353 0.421413 0)
(0.0483627 0.417203 0)
(0.0406232 0.413962 -1.89916e-20)
(0.034204 0.411468 1.01181e-21)
(0.0288383 0.409545 3.52043e-20)
(0.0243072 0.408057 -1.71865e-20)
(0.0204347 0.406903 1.58317e-20)
(0.0170802 0.406006 -3.11499e-20)
(0.0141321 0.40531 2.27505e-20)
(0.0115009 0.404773 -1.4694e-20)
(0.00911424 0.404363 1.44235e-22)
(0.00691271 0.404059 3.61225e-21)
(0.0048464 0.403843 3.86216e-23)
(0.00287221 0.403704 5.18557e-21)
(0.000951547 0.403637 -1.72104e-21)
(-0.000951547 0.403637 -1.72104e-21)
(-0.00287221 0.403704 5.18557e-21)
(-0.0048464 0.403843 3.86216e-23)
(-0.00691271 0.404059 3.61225e-21)
(-0.00911424 0.404363 1.44235e-22)
(-0.0115009 0.404773 -1.4694e-20)
(-0.0141321 0.40531 2.27505e-20)
(-0.0170802 0.406006 -3.11499e-20)
(-0.0204347 0.406903 1.58317e-20)
(-0.0243072 0.408057 -1.71865e-20)
(-0.0288383 0.409545 3.52043e-20)
(-0.034204 0.411468 1.01181e-21)
(-0.0406232 0.413962 -1.89916e-20)
(-0.0483627 0.417203 0)
(-0.0577353 0.421413 0)
(-0.0690794 0.426857 4.97756e-20)
(-0.0827012 0.433803 4.44283e-21)
(-0.0987368 0.44243 -5.37245e-20)
(-0.116869 0.452554 6.45855e-20)
(-0.135773 0.463035 6.85958e-21)
(-0.152255 0.470488 -7.07337e-20)
(-0.160073 0.466916 8.66008e-20)
(-0.148233 0.435841 5.87062e-21)
(-0.110563 0.347245 -1.99202e-19)
(-0.034874 0.167972 1.00075e-19)
(0.0289176 0.150555 1.7283e-19)
(0.095958 0.328523 -2.11603e-21)
(0.136584 0.425507 -8.24696e-20)
(0.154276 0.465756 7.18695e-20)
(0.152233 0.475435 -7.16438e-20)
(0.139747 0.470887 6.05031e-20)
(0.123014 0.461156 -5.06234e-21)
(0.105726 0.450621 -4.50312e-21)
(0.0897145 0.441087 -5.18774e-20)
(0.0756749 0.433105 0)
(0.0637123 0.426677 0)
(0.0536606 0.421604 0)
(0.045255 0.41764 0)
(0.0382172 0.414555 0)
(0.0322926 0.412155 0)
(0.0272627 0.410287 -1.62708e-20)
(0.0229467 0.40883 1.62862e-20)
(0.0191969 0.407694 -7.59202e-21)
(0.0158939 0.40681 7.59631e-21)
(0.012941 0.406126 0)
(0.0102593 0.405603 0)
(0.00778322 0.405214 -3.48416e-21)
(0.00545771 0.404938 3.48466e-21)
(0.00323487 0.404762 0)
(0.00107176 0.404675 0)
(-0.00107176 0.404675 0)
(-0.00323487 0.404762 0)
(-0.00545771 0.404938 3.48466e-21)
(-0.00778322 0.405214 -3.48416e-21)
(-0.0102593 0.405603 0)
(-0.012941 0.406126 0)
(-0.0158939 0.40681 7.59631e-21)
(-0.0191969 0.407694 -7.59202e-21)
(-0.0229467 0.40883 1.62862e-20)
(-0.0272627 0.410287 -1.62708e-20)
(-0.0322926 0.412155 0)
(-0.0382172 0.414555 0)
(-0.045255 0.41764 0)
(-0.0536606 0.421604 0)
(-0.0637123 0.426677 0)
(-0.0756749 0.433105 0)
(-0.0897145 0.441087 -5.18774e-20)
(-0.105726 0.450621 -4.50312e-21)
(-0.123014 0.461156 -5.06234e-21)
(-0.139747 0.470887 6.05031e-20)
(-0.152233 0.475435 -7.16438e-20)
(-0.154276 0.465756 7.18695e-20)
(-0.136584 0.425507 -8.24696e-20)
(-0.095958 0.328523 -2.11603e-21)
(-0.0289176 0.150555 8.56049e-20)
(0.0241787 0.136337 -1.54693e-22)
(0.0833296 0.310981 -1.51614e-19)
(0.124818 0.413867 1.44057e-19)
(0.14672 0.462262 -6.98391e-20)
(0.149765 0.478216 0)
(0.141315 0.477234 0)
(0.127139 0.468928 5.28988e-20)
(0.111155 0.458492 -1.02555e-19)
(0.0955774 0.448374 3.4569e-21)
(0.0814421 0.439536 3.07108e-21)
(0.0690988 0.43221 4.35171e-20)
(0.0585375 0.426304 0)
(0.0495847 0.421616 1.83147e-20)
(0.0420112 0.417922 -1.83562e-20)
(0.0355855 0.415023 0)
(0.0300978 0.412749 -1.60646e-20)
(0.0253677 0.410967 5.7516e-22)
(0.0212441 0.409571 1.55215e-20)
(0.0176025 0.408482 0)
(0.0143405 0.407637 -7.15235e-21)
(0.0113736 0.40699 1.41759e-20)
(0.00863135 0.406508 -3.56284e-21)
(0.00605377 0.406166 -6.88529e-21)
(0.00358867 0.405947 1.72331e-21)
(0.00118906 0.40584 1.70193e-21)
(-0.00118906 0.40584 1.70193e-21)
(-0.00358867 0.405947 1.72331e-21)
(-0.00605377 0.406166 -6.88529e-21)
(-0.00863135 0.406508 -3.56284e-21)
(-0.0113736 0.40699 1.41759e-20)
(-0.0143405 0.407637 -7.15235e-21)
(-0.0176025 0.408482 0)
(-0.0212441 0.409571 1.55215e-20)
(-0.0253677 0.410967 5.7516e-22)
(-0.0300978 0.412749 -1.60646e-20)
(-0.0355855 0.415023 0)
(-0.0420112 0.417922 -1.83562e-20)
(-0.0495847 0.421616 1.83147e-20)
(-0.0585375 0.426304 0)
(-0.0690988 0.43221 4.35171e-20)
(-0.0814421 0.439536 3.07108e-21)
(-0.0955774 0.448374 3.4569e-21)
(-0.111155 0.458492 -1.02555e-19)
(-0.127139 0.468928 5.28988e-20)
(-0.141315 0.477234 0)
(-0.149765 0.478216 0)
(-0.14672 0.462262 -6.98391e-20)
(-0.124818 0.413867 1.44057e-19)
(-0.0833296 0.310981 -1.51614e-19)
(-0.0241787 0.136337 1.47595e-19)
(0.0203911 0.124653 6.38381e-20)
(0.0725311 0.294779 -6.57756e-20)
(0.113471 0.401561 0)
(0.138181 0.45695 0)
(0.145503 0.479036 0)
(0.140901 0.482041 0)
(0.129471 0.475721 0)
(0.115123 0.465863 0)
(0.100317 0.455503 0)
(0.0863734 0.446025 0)
(0.0738738 0.437918 0)
(0.0629695 0.431236 1.88102e-20)
(0.0535899 0.425841 -1.88689e-20)
(0.0455666 0.421536 0)
(0.0387013 0.418123 0)
(0.0327998 0.415427 0)
(0.0276876 0.413301 0)
(0.0232139 0.411629 0)
(0.0192516 0.410319 7.23991e-21)
(0.0156944 0.4093 -7.24472e-21)
(0.0124536 0.40852 0)
(0.00945439 0.407937 0)
(0.00663272 0.407522 0)
(0.00393251 0.407257 0)
(0.00130309 0.407127 0)
(-0.00130309 0.407127 0)
(-0.00393251 0.407257 0)
(-0.00663272 0.407522 0)
(-0.00945439 0.407937 0)
(-0.0124536 0.40852 0)
(-0.0156944 0.4093 -7.24472e-21)
(-0.0192516 0.410319 7.23991e-21)
(-0.0232139 0.411629 0)
(-0.0276876 0.413301 0)
(-0.0327998 0.415427 0)
(-0.0387013 0.418123 0)
(-0.0455666 0.421536 0)
(-0.0535899 0.425841 -1.88689e-20)
(-0.0629695 0.431236 1.88102e-20)
(-0.0738738 0.437918 0)
(-0.0863734 0.446025 0)
(-0.100317 0.455503 0)
(-0.115123 0.465863 0)
(-0.129471 0.475721 0)
(-0.140901 0.482041 0)
(-0.145503 0.479036 0)
(-0.138181 0.45695 0)
(-0.113471 0.401561 0)
(-0.0725311 0.294779 -6.57756e-20)
(-0.0203911 0.124653 6.38381e-20)
(0.0173316 0.114961 5.55206e-20)
(0.0633234 0.279933 -5.73675e-20)
(0.102816 0.389045 -5.7667e-20)
(0.129201 0.450275 5.63116e-20)
(0.139977 0.478142 5.22241e-20)
(0.138896 0.485349 -5.20979e-20)
(0.130247 0.481448 0)
(0.117749 0.472603 4.47216e-20)
(0.103981 0.462341 -4.49566e-20)
(0.0904785 0.452455 0)
(0.0780285 0.443712 -1.91834e-20)
(0.0669406 0.436331 3.75528e-20)
(0.0572535 0.430266 -8.66303e-22)
(0.0488679 0.425361 -3.43053e-20)
(0.0416265 0.421432 6.76465e-22)
(0.0353577 0.418303 1.61605e-20)
(0.0298975 0.41582 7.54044e-21)
(0.0250991 0.413858 -7.54962e-21)
(0.0208355 0.412315 0)
(0.0169984 0.411111 -7.00458e-21)
(0.0134959 0.410187 7.00898e-21)
(0.0102498 0.409496 -3.39753e-21)
(0.00719285 0.409005 3.39885e-21)
(0.00426539 0.408689 0)
(0.00141352 0.408535 0)
(-0.00141352 0.408535 0)
(-0.00426539 0.408689 0)
(-0.00719285 0.409005 3.39885e-21)
(-0.0102498 0.409496 -3.39753e-21)
(-0.0134959 0.410187 7.00898e-21)
(-0.0169984 0.411111 -7.00458e-21)
(-0.0208355 0.412315 0)
(-0.0250991 0.413858 -7.54962e-21)
(-0.0298975 0.41582 7.54044e-21)
(-0.0353577 0.418303 1.61605e-20)
(-0.0416265 0.421432 6.76465e-22)
(-0.0488679 0.425361 -3.43053e-20)
(-0.0572535 0.430266 -8.66303e-22)
(-0.0669406 0.436331 3.75528e-20)
(-0.0780285 0.443712 -1.91834e-20)
(-0.0904785 0.452455 0)
(-0.103981 0.462341 -4.49566e-20)
(-0.117749 0.472603 4.47216e-20)
(-0.130247 0.481448 0)
(-0.138896 0.485349 -5.20979e-20)
(-0.139977 0.478142 5.22241e-20)
(-0.129201 0.450275 5.63116e-20)
(-0.102816 0.389045 -5.7667e-20)
(-0.0633234 0.279933 -5.73675e-20)
(-0.0173316 0.114961 5.55206e-20)
(0.0148239 0.106831 -4.69052e-20)
(0.0554512 0.266378 -5.30083e-20)
(0.0929657 0.376621 1.02668e-19)
(0.120146 0.442618 -5.71404e-22)
(0.133609 0.475793 -4.935e-20)
(0.135644 0.48725 0)
(0.129698 0.486081 0)
(0.119167 0.478622 -2.11908e-20)
(0.106634 0.468782 2.12948e-20)
(0.093781 0.458728 0)
(0.0815647 0.449507 0)
(0.0704429 0.441525 -1.77442e-20)
(0.060564 0.434842 1.78085e-20)
(0.0519032 0.42936 0)
(0.0443504 0.424921 0)
(0.0377621 0.421356 -1.52839e-20)
(0.0319897 0.418509 1.53097e-20)
(0.0268936 0.416246 0)
(0.0223494 0.41446 0)
(0.0182484 0.413063 0)
(0.0144974 0.411988 0)
(0.0110155 0.411183 0)
(0.00773263 0.410609 0)
(0.00458642 0.410241 0)
(0.00152005 0.410061 0)
(-0.00152005 0.410061 0)
(-0.00458642 0.410241 0)
(-0.00773263 0.410609 0)
(-0.0110155 0.411183 0)
(-0.0144974 0.411988 0)
(-0.0182484 0.413063 0)
(-0.0223494 0.41446 0)
(-0.0268936 0.416246 0)
(-0.0319897 0.418509 1.53097e-20)
(-0.0377621 0.421356 -1.52839e-20)
(-0.0443504 0.424921 0)
(-0.0519032 0.42936 0)
(-0.060564 0.434842 1.78085e-20)
(-0.0704429 0.441525 -1.77442e-20)
(-0.0815647 0.449507 0)
(-0.093781 0.458728 0)
(-0.106634 0.468782 2.12948e-20)
(-0.119167 0.478622 -2.11908e-20)
(-0.129698 0.486081 0)
(-0.135644 0.48725 0)
(-0.133609 0.475793 -4.935e-20)
(-0.120146 0.442618 -5.71404e-22)
(-0.0929657 0.376621 1.02668e-19)
(-0.0554512 0.266378 -5.30083e-20)
(-0.0148239 0.106831 4.69052e-20)
(0.0127329 0.0999269 0)
(0.0486793 0.254012 0)
(0.0839356 0.364486 0)
(0.111252 0.434287 0)
(0.126723 0.472235 0)
(0.131441 0.487862 0)
(0.128041 0.489629 0)
(0.119514 0.483862 0)
(0.108353 0.474743 0)
(0.0963158 0.464758 1.85548e-20)
(0.0844938 0.45523 -1.8644e-20)
(0.0734754 0.446757 -1.7172e-20)
(0.0635148 0.439522 1.72376e-20)
(0.0546641 0.433499 0)
(0.0468647 0.428566 1.54439e-20)
(0.0400057 0.424567 -1.54789e-20)
(0.0339578 0.421352 -7.28058e-21)
(0.028592 0.418783 7.29179e-21)
(0.0237888 0.416747 0)
(0.0194413 0.415149 -6.81734e-21)
(0.0154555 0.413916 6.8231e-21)
(0.0117494 0.412991 0)
(0.00825072 0.412331 0)
(0.00489481 0.411907 -8.18065e-22)
(0.00162244 0.4117 8.18354e-22)
(-0.00162244 0.4117 8.18354e-22)
(-0.00489481 0.411907 -8.18065e-22)
(-0.00825072 0.412331 0)
(-0.0117494 0.412991 0)
(-0.0154555 0.413916 6.8231e-21)
(-0.0194413 0.415149 -6.81734e-21)
(-0.0237888 0.416747 0)
(-0.028592 0.418783 7.29179e-21)
(-0.0339578 0.421352 -7.28058e-21)
(-0.0400057 0.424567 -1.54789e-20)
(-0.0468647 0.428566 1.54439e-20)
(-0.0546641 0.433499 0)
(-0.0635148 0.439522 1.72376e-20)
(-0.0734754 0.446757 -1.7172e-20)
(-0.0844938 0.45523 -1.8644e-20)
(-0.0963158 0.464758 1.85548e-20)
(-0.108353 0.474743 0)
(-0.119514 0.483862 0)
(-0.128041 0.489629 0)
(-0.131441 0.487862 0)
(-0.126723 0.472235 0)
(-0.111252 0.434287 0)
(-0.0839356 0.364486 0)
(-0.0486793 0.254012 0)
(-0.0127329 0.0999269 0)
(0.0109575 0.0939867 0)
(0.0428053 0.242712 0)
(0.0756902 0.35275 -4.1858e-20)
(0.102663 0.425519 -6.14456e-22)
(0.119561 0.467691 4.06423e-20)
(0.126537 0.48732 0)
(0.125476 0.492131 0)
(0.118926 0.488297 0)
(0.109218 0.480161 0)
(0.0981261 0.470476 0)
(0.0868347 0.460814 0)
(0.0760432 0.45197 1.65801e-20)
(0.066104 0.44426 -3.26845e-20)
(0.0571455 0.437741 5.61435e-22)
(0.0491633 0.432337 1.55777e-20)
(0.0420826 0.427916 0)
(0.0357966 0.424334 0)
(0.03019 0.421457 0)
(0.0251503 0.419165 -6.82848e-21)
(0.0205739 0.417361 6.83639e-21)
(0.016368 0.415965 0)
(0.0124499 0.414915 -3.26967e-21)
(0.00874595 0.414166 3.27177e-21)
(0.00518988 0.413684 0)
(0.00172044 0.413448 0)
(-0.00172044 0.413448 0)
(-0.00518988 0.413684 0)
(-0.00874595 0.414166 3.27177e-21)
(-0.0124499 0.414915 -3.26967e-21)
(-0.016368 0.415965 0)
(-0.0205739 0.417361 6.83639e-21)
(-0.0251503 0.419165 -6.82848e-21)
(-0.03019 0.421457 0)
(-0.0357966 0.424334 0)
(-0.0420826 0.427916 0)
(-0.0491633 0.432337 1.55777e-20)
(-0.0571455 0.437741 5.61435e-22)
(-0.066104 0.44426 -3.26845e-20)
(-0.0760432 0.45197 1.65801e-20)
(-0.0868347 0.460814 0)
(-0.0981261 0.470476 0)
(-0.109218 0.480161 0)
(-0.118926 0.488297 0)
(-0.125476 0.492131 0)
(-0.126537 0.48732 0)
(-0.119561 0.467691 4.06423e-20)
(-0.102663 0.425519 -6.14456e-22)
(-0.0756902 0.35275 -4.1858e-20)
(-0.0428053 0.242712 0)
(-0.0109575 0.0939867 0)
(0.00942298 0.0888096 1.72065e-21)
(0.0376627 0.232356 -3.37504e-20)
(0.0681693 0.341472 3.75284e-20)
(0.0944596 0.416495 -5.51898e-20)
(0.112302 0.462355 1.84019e-20)
(0.121136 0.485757 0)
(0.122181 0.493643 0)
(0.117534 0.491921 0)
(0.109315 0.484996 0)
(0.0992612 0.475824 1.69084e-20)
(0.0886125 0.466202 -1.69869e-20)
(0.0781565 0.457113 0)
(0.0683337 0.449014 1.55151e-20)
(0.0593456 0.442053 -3.06494e-20)
(0.0512427 0.436209 1.51252e-20)
(0.0439886 0.431381 0)
(0.0375023 0.42744 0)
(0.031684 0.424255 0)
(0.0264308 0.421706 6.70173e-21)
(0.021644 0.419691 -6.71033e-21)
(0.017233 0.418128 0)
(0.0131155 0.416951 3.21832e-21)
(0.00921732 0.416109 -3.22066e-21)
(0.00547103 0.415567 0)
(0.00181388 0.415301 0)
(-0.00181388 0.415301 0)
(-0.00547103 0.415567 0)
(-0.00921732 0.416109 -3.22066e-21)
(-0.0131155 0.416951 3.21832e-21)
(-0.017233 0.418128 0)
(-0.021644 0.419691 -6.71033e-21)
(-0.0264308 0.421706 6.70173e-21)
(-0.031684 0.424255 0)
(-0.0375023 0.42744 0)
(-0.0439886 0.431381 0)
(-0.0512427 0.436209 1.51252e-20)
(-0.0593456 0.442053 -3.06494e-20)
(-0.0683337 0.449014 1.55151e-20)
(-0.0781565 0.457113 0)
(-0.0886125 0.466202 -1.69869e-20)
(-0.0992612 0.475824 1.69084e-20)
(-0.109315 0.484996 0)
(-0.117534 0.491921 0)
(-0.122181 0.493643 0)
(-0.121136 0.485757 0)
(-0.112302 0.462355 1.84019e-20)
(-0.0944596 0.416495 -5.51898e-20)
(-0.0681693 0.341472 3.75284e-20)
(-0.0376627 0.232356 -3.37504e-20)
(-0.00942298 0.0888096 6.29108e-20)
(0.00807458 0.0842405 2.81629e-20)
(0.0331174 0.222828 -2.94824e-20)
(0.0613036 0.330671 0)
(0.0866802 0.407349 -1.69539e-20)
(0.105075 0.456392 3.36538e-20)
(0.115401 0.483303 -1.68416e-20)
(0.11831 0.494234 0)
(0.11546 0.494746 -1.66734e-20)
(0.108728 0.489222 3.1082e-22)
(0.0997742 0.480758 1.64709e-20)
(0.0898572 0.471343 -1.57294e-20)
(0.0798304 0.462139 1.57995e-20)
(0.0702099 0.453743 0)
(0.0612652 0.446401 -7.30422e-21)
(0.0531013 0.440155 7.32799e-21)
(0.0457214 0.434943 -6.96481e-21)
(0.039072 0.430653 1.65723e-22)
(0.0330715 0.427163 1.46804e-22)
(0.0276281 0.424358 6.69366e-21)
(0.0226497 0.422132 0)
(0.0180489 0.420399 -3.19381e-21)
(0.013745 0.419092 3.19694e-21)
(0.00966404 0.418155 0)
(0.0057378 0.417551 -7.82151e-22)
(0.00190259 0.417255 7.8258e-22)
(-0.00190259 0.417255 7.8258e-22)
(-0.0057378 0.417551 -7.82151e-22)
(-0.00966404 0.418155 0)
(-0.013745 0.419092 3.19694e-21)
(-0.0180489 0.420399 -3.19381e-21)
(-0.0226497 0.422132 0)
(-0.0276281 0.424358 6.69366e-21)
(-0.0330715 0.427163 1.46804e-22)
(-0.039072 0.430653 1.65723e-22)
(-0.0457214 0.434943 -6.96481e-21)
(-0.0531013 0.440155 7.32799e-21)
(-0.0612652 0.446401 -7.30422e-21)
(-0.0702099 0.453743 0)
(-0.0798304 0.462139 1.57995e-20)
(-0.0898572 0.471343 -1.57294e-20)
(-0.0997742 0.480758 1.64709e-20)
(-0.108728 0.489222 3.1082e-22)
(-0.11546 0.494746 -1.66734e-20)
(-0.11831 0.494234 0)
(-0.115401 0.483303 -1.68416e-20)
(-0.105075 0.456392 3.36538e-20)
(-0.0866802 0.407349 -1.69539e-20)
(-0.0613036 0.330671 0)
(-0.0331174 0.222828 -2.94824e-20)
(-0.00807458 0.0842405 2.81629e-20)
(0.00687262 0.0801594 0)
(0.0290635 0.214021 0)
(0.0550239 0.320342 -1.49929e-20)
(0.0793369 0.398175 2.98617e-20)
(0.0979713 0.449939 -3.05371e-20)
(0.109465 0.480079 1.53481e-20)
(0.113998 0.493977 1.56757e-20)
(0.112816 0.496799 -1.5661e-20)
(0.107541 0.492829 -1.54745e-20)
(0.0997203 0.485246 1.55286e-20)
(0.0906025 0.476198 0)
(0.0810834 0.467007 0)
(0.0717415 0.45841 0)
(0.0629078 0.450754 -7.06248e-21)
(0.0547394 0.44415 7.0864e-21)
(0.0472798 0.43858 6.77356e-21)
(0.0405041 0.433956 -1.47169e-22)
(0.0343507 0.430171 -6.65771e-21)
(0.0287406 0.427111 0)
(0.0235895 0.424673 0)
(0.0188147 0.422771 -3.13125e-21)
(0.0143377 0.421331 3.13461e-21)
(0.0100855 0.420298 -1.54187e-21)
(0.00598982 0.419631 2.31118e-21)
(0.00198644 0.419304 -7.68625e-22)
(-0.00198644 0.419304 -7.68625e-22)
(-0.00598982 0.419631 2.31118e-21)
(-0.0100855 0.420298 -1.54187e-21)
(-0.0143377 0.421331 3.13461e-21)
(-0.0188147 0.422771 -3.13125e-21)
(-0.0235895 0.424673 0)
(-0.0287406 0.427111 0)
(-0.0343507 0.430171 -6.65771e-21)
(-0.0405041 0.433956 -1.47169e-22)
(-0.0472798 0.43858 6.77356e-21)
(-0.0547394 0.44415 7.0864e-21)
(-0.0629078 0.450754 -7.06248e-21)
(-0.0717415 0.45841 0)
(-0.0810834 0.467007 0)
(-0.0906025 0.476198 0)
(-0.0997203 0.485246 1.55286e-20)
(-0.107541 0.492829 -1.54745e-20)
(-0.112816 0.496799 -1.5661e-20)
(-0.113998 0.493977 1.56757e-20)
(-0.109465 0.480079 1.53481e-20)
(-0.0979713 0.449939 -3.05371e-20)
(-0.0793369 0.398175 2.98617e-20)
(-0.0550239 0.320342 -1.49929e-20)
(-0.0290635 0.214021 0)
(-0.00687262 0.0801594 0)
(0.00578833 0.0764736 -9.7617e-21)
(0.025418 0.20584 -1.26723e-20)
(0.0492661 0.310465 1.21713e-20)
(0.0724249 0.389043 0)
(0.0910518 0.443109 1.41373e-20)
(0.103433 0.476192 -1.3957e-20)
(0.109358 0.492947 0)
(0.109704 0.498112 0)
(0.105832 0.495815 -1.45643e-20)
(0.0991551 0.489267 1.4608e-20)
(0.0908842 0.480733 0)
(0.0819371 0.471682 7.05033e-21)
(0.0729403 0.462982 -7.07977e-21)
(0.0642792 0.455082 0)
(0.0561595 0.44817 0)
(0.0486641 0.442272 6.57531e-21)
(0.0417981 0.437334 -6.59279e-21)
(0.0355207 0.433263 0)
(0.0297671 0.429955 0)
(0.0244625 0.427308 0)
(0.0195294 0.425235 3.06485e-21)
(0.0148929 0.423662 -3.06843e-21)
(0.0104812 0.422532 1.5113e-21)
(0.00622682 0.421802 -1.51254e-21)
(0.00206536 0.421443 0)
(-0.00206536 0.421443 0)
(-0.00622682 0.421802 -1.51254e-21)
(-0.0104812 0.422532 1.5113e-21)
(-0.0148929 0.423662 -3.06843e-21)
(-0.0195294 0.425235 3.06485e-21)
(-0.0244625 0.427308 0)
(-0.0297671 0.429955 0)
(-0.0355207 0.433263 0)
(-0.0417981 0.437334 -6.59279e-21)
(-0.0486641 0.442272 6.57531e-21)
(-0.0561595 0.44817 0)
(-0.0642792 0.455082 0)
(-0.0729403 0.462982 -7.07977e-21)
(-0.0819371 0.471682 7.05033e-21)
(-0.0908842 0.480733 0)
(-0.0991551 0.489267 1.4608e-20)
(-0.105832 0.495815 -1.45643e-20)
(-0.109704 0.498112 0)
(-0.109358 0.492947 0)
(-0.103433 0.476192 -1.3957e-20)
(-0.0910518 0.443109 1.41373e-20)
(-0.0724249 0.389043 0)
(-0.0492661 0.310465 1.21713e-20)
(-0.025418 0.20584 -1.26723e-20)
(-0.00578833 0.0764736 9.7617e-21)
(0.00480094 0.0731107 0)
(0.0221161 0.198203 -1.10819e-20)
(0.0439729 0.301013 2.24942e-20)
(0.06593 0.379996 -1.14887e-20)
(0.084358 0.435991 1.28388e-20)
(0.0973835 0.47174 -2.58512e-20)
(0.104488 0.491218 1.30895e-20)
(0.106216 0.498725 0)
(0.103677 0.49819 0)
(0.0981337 0.492805 0)
(0.0907399 0.484922 0)
(0.0824152 0.476133 0)
(0.0738206 0.467428 0)
(0.0653872 0.459359 0)
(0.0573653 0.452189 -6.46748e-21)
(0.0498761 0.446 1.17158e-22)
(0.0429544 0.440771 6.38868e-21)
(0.0365813 0.436428 0)
(0.0307074 0.432878 0)
(0.0252681 0.430026 3.02284e-21)
(0.0201928 0.427784 -4.52476e-21)
(0.0154101 0.426079 1.4993e-21)
(0.0108509 0.424852 -7.39444e-22)
(0.00644863 0.424057 7.40104e-22)
(0.00213928 0.423667 0)
(-0.00213928 0.423667 0)
(-0.00644863 0.424057 7.40104e-22)
(-0.0108509 0.424852 -7.39444e-22)
(-0.0154101 0.426079 1.4993e-21)
(-0.0201928 0.427784 -4.52476e-21)
(-0.0252681 0.430026 3.02284e-21)
(-0.0307074 0.432878 0)
(-0.0365813 0.436428 0)
(-0.0429544 0.440771 6.38868e-21)
(-0.0498761 0.446 1.17158e-22)
(-0.0573653 0.452189 -6.46748e-21)
(-0.0653872 0.459359 0)
(-0.0738206 0.467428 0)
(-0.0824152 0.476133 0)
(-0.0907399 0.484922 0)
(-0.0981337 0.492805 0)
(-0.103677 0.49819 0)
(-0.106216 0.498725 0)
(-0.104488 0.491218 1.30895e-20)
(-0.0973835 0.47174 -2.58512e-20)
(-0.084358 0.435991 1.28388e-20)
(-0.06593 0.379996 -1.14887e-20)
(-0.0439729 0.301013 2.24942e-20)
(-0.0221161 0.198203 -1.10819e-20)
(-0.00480094 0.0731107 0)
(0.00389548 0.0700142 6.95707e-21)
(0.0191077 0.191038 9.63536e-21)
(0.0390944 0.291955 1.19767e-21)
(0.0598332 0.371065 -1.01511e-20)
(0.0779161 0.428658 0)
(0.0913812 0.466805 6.03287e-21)
(0.0994676 0.48886 -5.98133e-21)
(0.102433 0.49868 0)
(0.101144 0.499968 -6.40945e-21)
(0.0967099 0.495856 6.42156e-21)
(0.0902077 0.488746 6.44821e-21)
(0.0825432 0.480335 -6.47313e-21)
(0.0743984 0.471721 0)
(0.0662413 0.463559 -6.30902e-21)
(0.0583623 0.456187 6.33201e-21)
(0.0509186 0.449746 0)
(0.0439744 0.44425 -3.04295e-21)
(0.0375331 0.439652 3.05064e-21)
(0.0315616 0.435871 0)
(0.0260064 0.432819 0)
(0.0208045 0.430411 -1.46067e-21)
(0.0158893 0.428575 1.46266e-21)
(0.0111945 0.42725 -7.22368e-22)
(0.00665517 0.426392 3.62774e-22)
(0.00220817 0.42597 3.6058e-22)
(-0.00220817 0.42597 3.6058e-22)
(-0.00665517 0.426392 3.62774e-22)
(-0.0111945 0.42725 -7.22368e-22)
(-0.0158893 0.428575 1.46266e-21)
(-0.0208045 0.430411 -1.46067e-21)
(-0.0260064 0.432819 0)
(-0.0315616 0.435871 0)
(-0.0375331 0.439652 3.05064e-21)
(-0.0439744 0.44425 -3.04295e-21)
(-0.0509186 0.449746 0)
(-0.0583623 0.456187 6.33201e-21)
(-0.0662413 0.463559 -6.30902e-21)
(-0.0743984 0.471721 0)
(-0.0825432 0.480335 -6.47313e-21)
(-0.0902077 0.488746 6.44821e-21)
(-0.0967099 0.495856 6.42156e-21)
(-0.101144 0.499968 -6.40945e-21)
(-0.102433 0.49868 0)
(-0.0994676 0.48886 -5.98133e-21)
(-0.0913812 0.466805 6.03287e-21)
(-0.0779161 0.428658 0)
(-0.0598332 0.371065 -1.01511e-20)
(-0.0390944 0.291955 1.19767e-21)
(-0.0191077 0.191038 9.63536e-21)
(-0.00389548 0.0700142 -6.95707e-21)
(0.00306116 0.0671393 3.24294e-21)
(0.0163536 0.184283 -7.5873e-21)
(0.0345884 0.283259 -5.97857e-22)
(0.0541138 0.362268 9.41306e-21)
(0.0717417 0.421169 -4.83892e-21)
(0.085474 0.461462 0)
(0.0943645 0.485937 0)
(0.0984244 0.498023 0)
(0.0982985 0.501169 0)
(0.094935 0.498418 -6.06764e-21)
(0.0893259 0.492192 6.08471e-21)
(0.0823475 0.484266 0)
(0.074691 0.475839 0)
(0.0668525 0.467658 3.02607e-21)
(0.0591572 0.460143 -3.57057e-23)
(0.0517956 0.45349 -3.0116e-21)
(0.0448602 0.447757 0)
(0.0383772 0.442922 -2.91567e-21)
(0.0323302 0.438922 2.92235e-21)
(0.0266777 0.435676 0)
(0.0213648 0.433107 0)
(0.0163306 0.431142 -7.07218e-22)
(0.011512 0.429721 7.08088e-22)
(0.00684645 0.428799 3.51502e-22)
(0.00227205 0.428346 -3.51805e-22)
(-0.00227205 0.428346 -3.51805e-22)
(-0.00684645 0.428799 3.51502e-22)
(-0.011512 0.429721 7.08088e-22)
(-0.0163306 0.431142 -7.07218e-22)
(-0.0213648 0.433107 0)
(-0.0266777 0.435676 0)
(-0.0323302 0.438922 2.92235e-21)
(-0.0383772 0.442922 -2.91567e-21)
(-0.0448602 0.447757 0)
(-0.0517956 0.45349 -3.0116e-21)
(-0.0591572 0.460143 -3.57057e-23)
(-0.0668525 0.467658 3.02607e-21)
(-0.074691 0.475839 0)
(-0.0823475 0.484266 0)
(-0.0893259 0.492192 6.08471e-21)
(-0.094935 0.498418 -6.06764e-21)
(-0.0982985 0.501169 0)
(-0.0984244 0.498023 0)
(-0.0943645 0.485937 0)
(-0.085474 0.461462 0)
(-0.0717417 0.421169 -4.83892e-21)
(-0.0541138 0.362268 9.41306e-21)
(-0.0345884 0.283259 -5.97857e-22)
(-0.0163536 0.184283 -7.5873e-21)
(-0.00306116 0.0671393 3.24294e-21)
(0.00229019 0.064451 -2.33225e-21)
(0.0138237 0.177886 3.55933e-21)
(0.0304191 0.274894 -3.42827e-21)
(0.0487509 0.353614 0)
(0.065843 0.41357 4.72586e-21)
(0.0796987 0.455774 -7.15427e-21)
(0.0892345 0.482511 5.1036e-21)
(0.0942539 0.496797 -5.33201e-21)
(0.0951976 0.501818 2.71674e-21)
(0.0928579 0.500497 0)
(0.0881319 0.495251 0)
(0.0818554 0.487909 2.89989e-21)
(0.0747172 0.47976 -2.91082e-21)
(0.0672332 0.471637 0)
(0.0597578 0.464037 0)
(0.0525118 0.457216 1.43234e-21)
(0.045615 0.451277 -1.43676e-21)
(0.0391156 0.446226 0)
(0.0330145 0.44202 0)
(0.0272826 0.438591 -1.39074e-21)
(0.0218742 0.435865 1.39323e-21)
(0.0167341 0.433774 0)
(0.0118036 0.432258 0)
(0.00702258 0.431274 0)
(0.00233094 0.430789 0)
(-0.00233094 0.430789 0)
(-0.00702258 0.431274 0)
(-0.0118036 0.432258 0)
(-0.0167341 0.433774 0)
(-0.0218742 0.435865 1.39323e-21)
(-0.0272826 0.438591 -1.39074e-21)
(-0.0330145 0.44202 0)
(-0.0391156 0.446226 0)
(-0.045615 0.451277 -1.43676e-21)
(-0.0525118 0.457216 1.43234e-21)
(-0.0597578 0.464037 0)
(-0.0672332 0.471637 0)
(-0.0747172 0.47976 -2.91082e-21)
(-0.0818554 0.487909 2.89989e-21)
(-0.0881319 0.495251 0)
(-0.0928579 0.500497 0)
(-0.0951976 0.501818 2.71674e-21)
(-0.0942539 0.496797 -5.33201e-21)
(-0.0892345 0.482511 5.1036e-21)
(-0.0796987 0.455774 -7.15427e-21)
(-0.065843 0.41357 4.72586e-21)
(-0.0487509 0.353614 0)
(-0.0304191 0.274894 -3.42827e-21)
(-0.0138237 0.177886 3.55933e-21)
(-0.00229019 0.064451 0)
(0.00157696 0.0619212 0)
(0.0114943 0.171803 0)
(0.0265565 0.26683 0)
(0.0437247 0.345109 0)
(0.0602232 0.405896 0)
(0.0740835 0.449795 0)
(0.0841239 0.478637 0)
(0.0899751 0.495047 0)
(0.0918948 0.501941 0)
(0.0905247 0.502103 0)
(0.0866625 0.497918 -1.35866e-21)
(0.0810941 0.491253 2.73647e-21)
(0.0744962 0.483468 -1.37862e-21)
(0.0673966 0.475478 0)
(0.060173 0.467852 0)
(0.0530732 0.460909 0)
(0.0462425 0.454795 0)
(0.0397507 0.449552 -6.81418e-22)
(0.033616 0.445155 6.83116e-22)
(0.0278223 0.441552 0)
(0.0223333 0.438676 6.70679e-22)
(0.0171005 0.436463 -3.37695e-22)
(0.0120696 0.434855 -1.33357e-24)
(0.00718372 0.433809 -3.33593e-22)
(0.00238489 0.433294 0)
(-0.00238489 0.433294 0)
(-0.00718372 0.433809 -3.33593e-22)
(-0.0120696 0.434855 -1.33357e-24)
(-0.0171005 0.436463 -3.37695e-22)
(-0.0223333 0.438676 6.70679e-22)
(-0.0278223 0.441552 0)
(-0.033616 0.445155 6.83116e-22)
(-0.0397507 0.449552 -6.81418e-22)
(-0.0462425 0.454795 0)
(-0.0530732 0.460909 0)
(-0.060173 0.467852 0)
(-0.0673966 0.475478 0)
(-0.0744962 0.483468 -1.37862e-21)
(-0.0810941 0.491253 2.73647e-21)
(-0.0866625 0.497918 -1.35866e-21)
(-0.0905247 0.502103 0)
(-0.0918948 0.501941 0)
(-0.0899751 0.495047 0)
(-0.0841239 0.478637 0)
(-0.0740835 0.449795 0)
(-0.0602232 0.405896 0)
(-0.0437247 0.345109 0)
(-0.0265565 0.26683 0)
(-0.0114943 0.171803 0)
(-0.00157696 0.0619212 0)
(0.000917355 0.0595276 3.4824e-22)
(0.00934681 0.165997 3.14505e-22)
(0.0229759 0.259041 7.25969e-23)
(0.0390172 0.336753 4.89995e-22)
(0.0548823 0.398177 -3.61622e-22)
(0.0686496 0.443571 4.88311e-23)
(0.0790708 0.474364 4.16013e-23)
(0.0856351 0.492813 3.41576e-23)
(0.0884379 0.501564 2.68169e-23)
(0.0879783 0.503248 1.99464e-23)
(0.0849529 0.500193 1.38423e-23)
(0.0800908 0.494288 8.67833e-24)
(0.0740481 0.486949 4.50797e-24)
(0.0673566 0.479163 -3.2857e-22)
(0.0604123 0.471571 -5.30348e-25)
(0.0534861 0.464551 3.29021e-22)
(0.0467469 0.458299 -3.33255e-22)
(0.0402855 0.452887 -2.08291e-24)
(0.0341368 0.448318 -2.13211e-24)
(0.0282982 0.444552 -1.64971e-22)
(0.0227431 0.441533 -9.00051e-25)
(0.0174303 0.439202 -7.42354e-25)
(0.0123104 0.437506 -8.13451e-23)
(0.00733012 0.436399 -4.05316e-23)
(0.00243399 0.435854 -4.04035e-23)
(-0.00243399 0.435854 -4.04035e-23)
(-0.00733012 0.436399 -4.05316e-23)
(-0.0123104 0.437506 -8.13451e-23)
(-0.0174303 0.439202 -7.42355e-25)
(-0.0227431 0.441533 -9.00051e-25)
(-0.0282982 0.444552 -1.64971e-22)
(-0.0341368 0.448318 -2.13211e-24)
(-0.0402855 0.452887 -2.08291e-24)
(-0.0467469 0.458299 -3.33255e-22)
(-0.0534861 0.464551 3.29021e-22)
(-0.0604123 0.471571 -5.30348e-25)
(-0.0673566 0.479163 -3.2857e-22)
(-0.0740481 0.486949 4.50797e-24)
(-0.0800908 0.494288 8.67833e-24)
(-0.0849529 0.500193 1.38423e-23)
(-0.0879783 0.503248 1.99464e-23)
(-0.0884379 0.501564 2.68169e-23)
(-0.0856351 0.492813 3.41576e-23)
(-0.0790708 0.474364 4.16013e-23)
(-0.0686496 0.443571 4.88311e-23)
(-0.0548823 0.398177 -3.61622e-22)
(-0.0390172 0.336753 4.89995e-22)
(-0.0229759 0.259041 7.25969e-23)
(-0.00934681 0.165997 3.14505e-22)
(-0.000917355 0.0595276 -3.4824e-22)
(0.000308356 0.0572523 5.76687e-22)
(0.00736678 0.160437 1.66122e-22)
(0.0196566 0.251505 1.42995e-22)
(0.0346121 0.328544 -2.48904e-22)
(0.0498182 0.390436 5.61701e-23)
(0.0634129 0.437144 5.13013e-22)
(0.0741067 0.469738 -4.14208e-22)
(0.0812747 0.490136 3.62896e-23)
(0.0848698 0.500718 2.93554e-23)
(0.0852587 0.503946 2.27358e-23)
(0.0830371 0.50208 -5.82842e-22)
(0.0788723 0.497009 6.12503e-22)
(0.0733928 0.490191 7.2192e-24)
(0.0671279 0.48268 3.80079e-24)
(0.060486 0.47518 -3.14354e-22)
(0.0537578 0.468131 -3.32012e-25)
(0.0471334 0.461775 3.15445e-22)
(0.0407232 0.456221 -3.18677e-22)
(0.0345792 0.451497 -1.50071e-24)
(0.0287119 0.447581 -1.588e-22)
(0.0231048 0.444428 -6.92791e-25)
(0.0177244 0.441985 -1.57204e-22)
(0.0125266 0.440203 1.56418e-22)
(0.00746211 0.439038 -1.17535e-22)
(0.00247835 0.438464 -3.91299e-23)
(-0.00247835 0.438464 -3.91299e-23)
(-0.00746211 0.439038 -1.17535e-22)
(-0.0125266 0.440203 1.56418e-22)
(-0.0177244 0.441985 -1.57204e-22)
(-0.0231048 0.444428 -6.92791e-25)
(-0.0287119 0.447581 -1.588e-22)
(-0.0345792 0.451497 -1.50071e-24)
(-0.0407232 0.456221 -3.18677e-22)
(-0.0471334 0.461775 3.15445e-22)
(-0.0537578 0.468131 -3.32011e-25)
(-0.060486 0.47518 -3.14354e-22)
(-0.0671279 0.48268 3.80079e-24)
(-0.0733928 0.490191 7.2192e-24)
(-0.0788723 0.497009 6.12503e-22)
(-0.0830371 0.50208 -5.82842e-22)
(-0.0852587 0.503946 2.27358e-23)
(-0.0848698 0.500718 2.93554e-23)
(-0.0812747 0.490136 3.62896e-23)
(-0.0741067 0.469738 -4.14208e-22)
(-0.0634129 0.437144 5.13013e-22)
(-0.0498182 0.390436 5.61701e-23)
(-0.0346121 0.328544 -2.48904e-22)
(-0.0196566 0.251505 1.42995e-22)
(-0.00736678 0.160437 1.66122e-22)
(-0.000308356 0.0572523 8.16038e-23)
(-0.000252324 0.0550812 0)
(0.00554259 0.155098 0)
(0.0165814 0.244199 0)
(0.0304948 0.32048 0)
(0.0450278 0.382691 0)
(0.0583855 0.430547 1.66375e-21)
(0.0692576 0.464802 -1.64195e-21)
(0.0769289 0.487055 0)
(0.0812291 0.49943 0)
(0.0824026 0.504215 0)
(0.0809471 0.503585 1.12265e-21)
(0.0774647 0.499412 -2.27776e-21)
(0.0725505 0.493186 1.15624e-21)
(0.0667253 0.486016 0)
(0.0604048 0.478667 0)
(0.0538958 0.471635 0)
(0.0474071 0.465212 0)
(0.0410679 0.459543 6.06803e-22)
(0.0349459 0.454684 -6.0846e-22)
(0.0290653 0.450632 0)
(0.0234199 0.447354 -6.05426e-22)
(0.0179838 0.444805 3.04142e-22)
(0.0127189 0.44294 6.69032e-25)
(0.00758005 0.44172 3.02638e-22)
(0.00251807 0.441118 0)
(-0.00251807 0.441118 0)
(-0.00758005 0.44172 3.02638e-22)
(-0.0127189 0.44294 6.69032e-25)
(-0.0179838 0.444805 3.04142e-22)
(-0.0234199 0.447354 -6.05426e-22)
(-0.0290653 0.450632 0)
(-0.0349459 0.454684 -6.0846e-22)
(-0.0410679 0.459543 6.06803e-22)
(-0.0474071 0.465212 0)
(-0.0538958 0.471635 0)
(-0.0604048 0.478667 0)
(-0.0667253 0.486016 0)
(-0.0725505 0.493186 1.15624e-21)
(-0.0774647 0.499412 -2.27776e-21)
(-0.0809471 0.503585 1.12265e-21)
(-0.0824026 0.504215 0)
(-0.0812291 0.49943 0)
(-0.0769289 0.487055 0)
(-0.0692576 0.464802 -1.64195e-21)
(-0.0583855 0.430547 1.66375e-21)
(-0.0450278 0.382691 0)
(-0.0304948 0.32048 0)
(-0.0165814 0.244199 0)
(-0.0055426 0.155098 0)
(0.000252324 0.0550812 0)
(-0.000766473 0.0530027 0)
(0.00386496 0.149956 -1.28473e-21)
(0.0137362 0.237106 1.24193e-21)
(0.0266528 0.312559 0)
(0.0405073 0.374959 -2.62164e-21)
(0.0535764 0.423812 2.57286e-21)
(0.064545 0.459591 -1.64677e-21)
(0.0726283 0.483606 3.41894e-21)
(0.0775503 0.497729 -1.77769e-21)
(0.0794442 0.504074 0)
(0.0787134 0.504715 0)
(0.0758932 0.501497 -2.16488e-21)
(0.0715412 0.495929 2.17057e-21)
(0.066164 0.489162 0)
(0.0601799 0.48202 0)
(0.0539082 0.475052 -1.15262e-21)
(0.047574 0.468598 1.15643e-21)
(0.0413235 0.462843 0)
(0.0352401 0.457869 0)
(0.0293607 0.453695 1.1653e-21)
(0.0236898 0.450303 -1.16788e-21)
(0.0182095 0.447655 0)
(0.0128879 0.445712 0)
(0.00768437 0.444439 0)
(0.00255331 0.443809 0)
(-0.00255331 0.443809 0)
(-0.00768437 0.444439 0)
(-0.0128879 0.445712 0)
(-0.0182095 0.447655 0)
(-0.0236898 0.450303 -1.16788e-21)
(-0.0293607 0.453695 1.1653e-21)
(-0.0352401 0.457869 0)
(-0.0413235 0.462843 0)
(-0.047574 0.468598 1.15643e-21)
(-0.0539082 0.475052 -1.15262e-21)
(-0.0601799 0.48202 0)
(-0.066164 0.489162 0)
(-0.0715412 0.495929 2.17057e-21)
(-0.0758932 0.501497 -2.16488e-21)
(-0.0787134 0.504715 0)
(-0.0794442 0.504074 0)
(-0.0775503 0.497729 -1.77769e-21)
(-0.0726283 0.483606 3.41894e-21)
(-0.064545 0.459591 -1.64677e-21)
(-0.0535764 0.423812 2.57286e-21)
(-0.0405073 0.374959 -2.62164e-21)
(-0.0266528 0.312559 0)
(-0.0137362 0.237106 1.24193e-21)
(-0.00386496 0.149956 -1.28473e-21)
(0.000766473 0.0530027 -3.02079e-22)
(-0.00123556 0.0510076 -3.12543e-22)
(0.00232632 0.144996 1.28464e-21)
(0.0111091 0.230212 5.39916e-22)
(0.0230751 0.304776 -3.31598e-21)
(0.0362527 0.367252 1.85237e-21)
(0.0489924 0.416965 0)
(0.059987 0.454141 0)
(0.0683993 0.479823 0)
(0.073864 0.495645 0)
(0.0764144 0.503541 3.72561e-21)
(0.0763643 0.505482 -3.72367e-21)
(0.0741822 0.503267 -2.0275e-21)
(0.0703844 0.498414 2.03224e-21)
(0.065459 0.49211 -2.1326e-21)
(0.0598227 0.485228 -2.75497e-23)
(0.0538034 0.478371 2.17467e-21)
(0.0476402 0.471924 0)
(0.0414947 0.46611 2.22263e-21)
(0.0354648 0.461044 -2.22896e-21)
(0.0296005 0.456764 0)
(0.0239164 0.453268 0)
(0.0184029 0.450528 5.60141e-22)
(0.0130346 0.448513 -5.61111e-22)
(0.00777556 0.447189 -2.80516e-22)
(0.00258422 0.446534 2.80866e-22)
(-0.00258422 0.446534 2.80866e-22)
(-0.00777556 0.447189 -2.80516e-22)
(-0.0130346 0.448513 -5.61111e-22)
(-0.0184029 0.450528 5.60141e-22)
(-0.0239164 0.453268 0)
(-0.0296005 0.456764 0)
(-0.0354648 0.461044 -2.22896e-21)
(-0.0414947 0.46611 2.22263e-21)
(-0.0476402 0.471924 0)
(-0.0538034 0.478371 2.17467e-21)
(-0.0598227 0.485228 -2.75497e-23)
(-0.065459 0.49211 -2.1326e-21)
(-0.0703844 0.498414 2.03224e-21)
(-0.0741822 0.503267 -2.0275e-21)
(-0.0763643 0.505482 -3.72367e-21)
(-0.0764144 0.503541 3.72561e-21)
(-0.073864 0.495645 0)
(-0.0683993 0.479823 0)
(-0.059987 0.454141 0)
(-0.0489924 0.416965 0)
(-0.0362527 0.367252 1.85237e-21)
(-0.0230751 0.304776 -3.31598e-21)
(-0.0111091 0.230212 5.39916e-22)
(-0.00232632 0.144996 1.28464e-21)
(0.00123556 0.0510076 -3.12543e-22)
(-0.00166086 0.0490885 4.93302e-22)
(0.000920419 0.140201 0)
(0.00869015 0.223502 -2.31756e-21)
(0.0197523 0.29713 2.25238e-21)
(0.0322602 0.35958 0)
(0.0446388 0.410029 -2.34671e-21)
(0.0555985 0.448483 2.31239e-21)
(0.0642647 0.475739 0)
(0.0701978 0.493205 3.21641e-21)
(0.0733419 0.502639 -3.20522e-21)
(0.0739267 0.505896 -3.62928e-21)
(0.0723549 0.504726 7.41977e-21)
(0.0690991 0.50064 -3.79532e-21)
(0.0646254 0.494854 4.01964e-21)
(0.0593446 0.488285 -4.03256e-21)
(0.0535899 0.481583 0)
(0.047612 0.47518 2.10306e-21)
(0.0415859 0.469338 -2.10964e-21)
(0.0356237 0.4642 0)
(0.0297871 0.459831 0)
(0.0241014 0.456242 1.07244e-21)
(0.0185653 0.453419 -1.07464e-21)
(0.0131597 0.451336 5.38024e-22)
(0.00785413 0.449965 -2.695e-22)
(0.00261097 0.449285 -2.69699e-22)
(-0.00261097 0.449285 -2.69699e-22)
(-0.00785413 0.449965 -2.695e-22)
(-0.0131597 0.451336 5.38024e-22)
(-0.0185653 0.453419 -1.07464e-21)
(-0.0241014 0.456242 1.07244e-21)
(-0.0297871 0.459831 0)
(-0.0356237 0.4642 0)
(-0.0415859 0.469338 -2.10964e-21)
(-0.047612 0.47518 2.10306e-21)
(-0.0535899 0.481583 0)
(-0.0593446 0.488285 -4.03256e-21)
(-0.0646254 0.494854 4.01964e-21)
(-0.0690991 0.50064 -3.79532e-21)
(-0.0723549 0.504726 7.41977e-21)
(-0.0739267 0.505896 -3.62928e-21)
(-0.0733419 0.502639 -3.20522e-21)
(-0.0701978 0.493205 3.21641e-21)
(-0.0642647 0.475739 0)
(-0.0555985 0.448483 2.31239e-21)
(-0.0446388 0.410029 -2.34671e-21)
(-0.0322602 0.35958 0)
(-0.0197523 0.29713 2.25238e-21)
(-0.00869015 0.223502 -2.31756e-21)
(-0.000920419 0.140201 0)
(0.00166086 0.0490885 -4.93302e-22)
(-0.00204352 0.0472392 0)
(-0.000357935 0.135559 7.69194e-22)
(0.00647128 0.216966 -2.52061e-21)
(0.0166765 0.289616 1.72613e-21)
(0.0285262 0.351955 -3.42554e-21)
(0.0405195 0.403027 7.49336e-21)
(0.051392 0.442644 -4.07214e-21)
(0.0602445 0.471383 0)
(0.0665761 0.490436 0)
(0.0702524 0.501387 0)
(0.0714253 0.505973 0)
(0.0704333 0.505881 0)
(0.067704 0.502608 0)
(0.0636781 0.497391 0)
(0.0587572 0.491184 3.86761e-21)
(0.0532766 0.484681 5.74413e-23)
(0.0474959 0.478358 -3.95059e-21)
(0.0416023 0.472516 0)
(0.0357202 0.467331 0)
(0.0299234 0.462888 -2.04211e-21)
(0.024247 0.459219 3.07209e-21)
(0.0186981 0.456321 -1.02726e-21)
(0.0132644 0.454176 5.15149e-22)
(0.00792065 0.452761 -5.15966e-22)
(0.00263375 0.452059 0)
(-0.00263375 0.452059 0)
(-0.00792065 0.452761 -5.15966e-22)
(-0.0132644 0.454176 5.15149e-22)
(-0.0186981 0.456321 -1.02726e-21)
(-0.024247 0.459219 3.07209e-21)
(-0.0299234 0.462888 -2.04211e-21)
(-0.0357202 0.467331 0)
(-0.0416023 0.472516 0)
(-0.0474959 0.478358 -3.95059e-21)
(-0.0532766 0.484681 5.74413e-23)
(-0.0587572 0.491184 3.86761e-21)
(-0.0636781 0.497391 0)
(-0.067704 0.502608 0)
(-0.0704333 0.505881 0)
(-0.0714253 0.505973 0)
(-0.0702524 0.501387 0)
(-0.0665761 0.490436 0)
(-0.0602445 0.471383 0)
(-0.051392 0.442644 -4.07214e-21)
(-0.0405195 0.403027 7.49336e-21)
(-0.0285262 0.351955 -3.42554e-21)
(-0.0166765 0.289616 1.72613e-21)
(-0.00647128 0.216966 -2.52061e-21)
(0.000357935 0.135559 7.69195e-22)
(0.00204352 0.0472392 0)
(-0.00238465 0.0454546 -1.34715e-21)
(-0.00151312 0.131059 2.95147e-22)
(0.00444562 0.210595 -2.86123e-22)
(0.0138409 0.282235 0)
(0.0250476 0.344384 -2.91997e-21)
(0.0366378 0.395976 2.8627e-21)
(0.0473782 0.436653 0)
(0.0563558 0.466786 0)
(0.0630206 0.487366 5.34811e-21)
(0.0671696 0.499807 -5.32362e-21)
(0.0688833 0.505725 0)
(0.0684382 0.506737 -3.2758e-21)
(0.0662167 0.50432 3.28037e-21)
(0.0626314 0.499718 0)
(0.0580717 0.493919 0)
(0.0528721 0.487657 -3.7163e-21)
(0.0472986 0.481451 3.72832e-21)
(0.0415487 0.475638 0)
(0.0357582 0.470428 0)
(0.030012 0.465929 0)
(0.0243551 0.462193 -1.95464e-21)
(0.0188027 0.459228 1.95888e-21)
(0.0133495 0.457027 -9.83995e-22)
(0.00797569 0.455573 9.85602e-22)
(0.00265274 0.45485 0)
(-0.00265274 0.45485 0)
(-0.00797569 0.455573 9.85602e-22)
(-0.0133495 0.457027 -9.83995e-22)
(-0.0188027 0.459228 1.95888e-21)
(-0.0243551 0.462193 -1.95464e-21)
(-0.030012 0.465929 0)
(-0.0357582 0.470428 0)
(-0.0415487 0.475638 0)
(-0.0472986 0.481451 3.72832e-21)
(-0.0528721 0.487657 -3.7163e-21)
(-0.0580717 0.493919 0)
(-0.0626314 0.499718 0)
(-0.0662167 0.50432 3.28037e-21)
(-0.0684382 0.506737 -3.2758e-21)
(-0.0688833 0.505725 0)
(-0.0671696 0.499807 -5.32362e-21)
(-0.0630206 0.487366 5.34811e-21)
(-0.0563558 0.466786 0)
(-0.0473782 0.436653 0)
(-0.0366378 0.395976 2.8627e-21)
(-0.0250476 0.344384 -2.91997e-21)
(-0.0138409 0.282235 0)
(-0.00444562 0.210595 -2.86123e-22)
(0.00151312 0.131059 2.95147e-22)
(0.00238465 0.0454546 1.34715e-21)
(-0.00268531 0.0437301 0)
(-0.00254878 0.126693 0)
(0.00260764 0.20438 8.58374e-22)
(0.0112401 0.274983 -2.53763e-21)
(0.0218218 0.336875 4.1225e-21)
(0.0329965 0.388895 -2.41158e-21)
(0.0435663 0.430534 -3.76864e-21)
(0.0526138 0.461975 3.72393e-21)
(0.0595507 0.484022 4.84841e-21)
(0.0641149 0.497922 -4.82365e-21)
(0.066322 0.505169 0)
(0.0663894 0.507306 0)
(0.0646542 0.505778 0)
(0.0614994 0.501834 3.30794e-21)
(0.0572995 0.496486 -3.31701e-21)
(0.0523852 0.490506 -3.49699e-21)
(0.0470269 0.484451 -5.67974e-23)
(0.0414303 0.478698 3.57606e-21)
(0.0357416 0.473485 0)
(0.030056 0.468949 0)
(0.0244279 0.465158 1.85848e-21)
(0.0188809 0.462136 -1.86259e-21)
(0.0134162 0.459885 9.37239e-22)
(0.00801988 0.458395 -1.40865e-21)
(0.00266814 0.457653 4.70502e-22)
(-0.00266814 0.457653 4.70502e-22)
(-0.00801988 0.458395 -1.40865e-21)
(-0.0134162 0.459885 9.37239e-22)
(-0.0188809 0.462136 -1.86259e-21)
(-0.0244279 0.465158 1.85848e-21)
(-0.030056 0.468949 0)
(-0.0357416 0.473485 0)
(-0.0414303 0.478698 3.57606e-21)
(-0.0470269 0.484451 -5.67974e-23)
(-0.0523852 0.490506 -3.49699e-21)
(-0.0572995 0.496486 -3.31701e-21)
(-0.0614994 0.501834 3.30794e-21)
(-0.0646542 0.505778 0)
(-0.0663894 0.507306 0)
(-0.066322 0.505169 0)
(-0.0641149 0.497922 -4.82365e-21)
(-0.0595507 0.484022 4.84841e-21)
(-0.0526138 0.461975 3.72393e-21)
(-0.0435663 0.430534 -3.76864e-21)
(-0.0329965 0.388895 -2.41158e-21)
(-0.0218218 0.336875 4.12251e-21)
(-0.0112401 0.274983 -2.53763e-21)
(-0.00260764 0.20438 8.58374e-22)
(0.00254878 0.126693 0)
(0.00268531 0.0437301 0)
(-0.00294652 0.0420617 2.92589e-21)
(-0.00346793 0.122452 -3.13688e-21)
(0.000952963 0.198314 0)
(0.00886977 0.26786 1.30411e-21)
(0.0188469 0.329436 -3.31728e-21)
(0.0295978 0.381801 2.00317e-21)
(0.0399641 0.424309 0)
(0.0490318 0.456977 3.87209e-21)
(0.0561838 0.480428 5.37701e-22)
(0.0611078 0.495753 -4.35131e-21)
(0.0637609 0.504322 5.23509e-21)
(0.0643051 0.507598 -5.23055e-21)
(0.0630327 0.506989 0)
(0.0602958 0.50374 3.07997e-21)
(0.0564515 0.498883 -3.08785e-21)
(0.0518247 0.493224 3.28011e-21)
(0.0466873 0.487355 6.33464e-23)
(0.0412522 0.481689 4.85786e-23)
(0.0356743 0.476497 3.65136e-23)
(0.0300583 0.47194 -3.46889e-21)
(0.0244677 0.468108 1.76188e-21)
(0.0189341 0.46504 -3.53832e-21)
(0.0134656 0.462745 1.77599e-21)
(0.00805387 0.461223 4.46424e-22)
(0.00268018 0.460464 -4.47073e-22)
(-0.00268018 0.460464 -4.47073e-22)
(-0.00805387 0.461223 4.46424e-22)
(-0.0134656 0.462745 1.77599e-21)
(-0.0189341 0.46504 -3.53832e-21)
(-0.0244677 0.468108 1.76188e-21)
(-0.0300583 0.47194 -3.46889e-21)
(-0.0356743 0.476497 3.65136e-23)
(-0.0412522 0.481689 4.85786e-23)
(-0.0466873 0.487355 6.33464e-23)
(-0.0518247 0.493224 3.28011e-21)
(-0.0564515 0.498883 -3.08785e-21)
(-0.0602958 0.50374 3.07997e-21)
(-0.0630327 0.506989 0)
(-0.0643051 0.507598 -5.23055e-21)
(-0.0637609 0.504322 5.23509e-21)
(-0.0611078 0.495753 -4.35131e-21)
(-0.0561838 0.480428 5.37701e-22)
(-0.0490318 0.456977 3.87209e-21)
(-0.0399641 0.424309 0)
(-0.0295978 0.381801 2.00317e-21)
(-0.0188469 0.329436 -3.31728e-21)
(-0.00886977 0.26786 1.30411e-21)
(-0.000952963 0.198314 0)
(0.00346793 0.122452 -3.13687e-21)
(0.00294652 0.0420617 2.92589e-21)
(-0.00316922 0.0404454 -1.01979e-21)
(-0.00427288 0.118328 -3.70417e-21)
(-0.000521644 0.19239 -2.86575e-22)
(0.00672693 0.260864 1.22916e-21)
(0.0161217 0.322075 -9.279e-22)
(0.0264443 0.374709 0)
(0.0365789 0.418002 0)
(0.0456215 0.451816 0)
(0.0529351 0.476611 0)
(0.0581657 0.493323 -4.37582e-21)
(0.0612181 0.5032 4.36075e-21)
(0.0622025 0.507624 0)
(0.0613674 0.507958 -5.44545e-21)
(0.0590333 0.505438 1.11679e-20)
(0.0555383 0.50111 -5.72742e-21)
(0.0511988 0.495807 3.06594e-21)
(0.0462867 0.490156 -3.07526e-21)
(0.0410196 0.484606 0)
(0.0355602 0.479457 -3.25874e-21)
(0.0300219 0.474899 3.26781e-21)
(0.0244767 0.471039 0)
(0.0189641 0.467933 -1.67685e-21)
(0.0134987 0.465603 1.68024e-21)
(0.0080783 0.464052 0)
(0.00268907 0.463278 0)
(-0.00268907 0.463278 0)
(-0.0080783 0.464052 0)
(-0.0134987 0.465603 1.68024e-21)
(-0.0189641 0.467933 -1.67685e-21)
(-0.0244767 0.471039 0)
(-0.0300219 0.474899 3.26781e-21)
(-0.0355602 0.479457 -3.25874e-21)
(-0.0410196 0.484606 0)
(-0.0462867 0.490156 -3.07526e-21)
(-0.0511988 0.495807 3.06594e-21)
(-0.0555383 0.50111 -5.72742e-21)
(-0.0590333 0.505438 1.11679e-20)
(-0.0613674 0.507958 -5.44545e-21)
(-0.0622025 0.507624 0)
(-0.0612181 0.5032 4.36075e-21)
(-0.0581657 0.493323 -4.37582e-21)
(-0.0529351 0.476611 0)
(-0.0456215 0.451816 0)
(-0.0365789 0.418002 0)
(-0.0264443 0.374709 0)
(-0.0161217 0.322075 -9.279e-22)
(-0.00672693 0.260864 1.22916e-21)
(0.000521643 0.19239 -2.86576e-22)
(0.00427288 0.118328 -3.70417e-21)
(0.00316922 0.0404454 7.92454e-21)
(-0.00335428 0.0388769 0)
(-0.00496522 0.114314 0)
(-0.00181822 0.186603 -2.91125e-22)
(0.00480968 0.253995 1.55953e-21)
(0.0136458 0.314797 -1.24629e-21)
(0.0235384 0.367634 0)
(0.0334166 0.411634 0)
(0.0423931 0.446519 0)
(0.0498183 0.472595 0)
(0.0553043 0.490654 0)
(0.0587099 0.501823 0)
(0.0600972 0.507397 -4.69217e-21)
(0.0596726 0.508693 9.69761e-21)
(0.0577245 0.506931 2.66254e-22)
(0.0545703 0.503165 -5.2894e-21)
(0.0505161 0.498252 0)
(0.0458316 0.492852 0)
(0.0407376 0.487445 0)
(0.0354033 0.482362 3.0589e-21)
(0.0299499 0.47782 -3.06745e-21)
(0.0244574 0.473947 0)
(0.0189725 0.470814 1.58098e-21)
(0.0135168 0.468454 -1.58424e-21)
(0.00809386 0.46688 0)
(0.00269503 0.466093 0)
(-0.00269503 0.466093 0)
(-0.00809386 0.46688 0)
(-0.0135168 0.468454 -1.58424e-21)
(-0.0189725 0.470814 1.58098e-21)
(-0.0244574 0.473947 0)
(-0.0299499 0.47782 -3.06745e-21)
(-0.0354033 0.482362 3.0589e-21)
(-0.0407376 0.487445 0)
(-0.0458316 0.492852 0)
(-0.0505161 0.498252 0)
(-0.0545703 0.503165 -5.2894e-21)
(-0.0577245 0.506931 2.66254e-22)
(-0.0596726 0.508693 9.69761e-21)
(-0.0600972 0.507397 -4.69217e-21)
(-0.0587099 0.501823 0)
(-0.0553043 0.490654 0)
(-0.0498183 0.472595 0)
(-0.0423931 0.446519 0)
(-0.0334166 0.411634 0)
(-0.0235384 0.367634 0)
(-0.0136458 0.314797 -1.24629e-21)
(-0.00480968 0.253995 1.55953e-21)
(0.00181822 0.186603 -2.91125e-22)
(0.00496522 0.114314 0)
(0.00335428 0.0388769 0)
(-0.00350236 0.0373516 0)
(-0.00554568 0.110401 0)
(-0.00293757 0.180944 0)
(0.00311743 0.247251 0)
(0.0114194 0.30761 0)
(0.0208825 0.36059 0)
(0.0304832 0.405225 0)
(0.0393557 0.441109 0)
(0.0468456 0.468405 0)
(0.0525379 0.487768 -3.53065e-21)
(0.0562513 0.500207 3.51528e-21)
(0.0580039 0.506931 4.26564e-21)
(0.0579616 0.509204 -4.26424e-21)
(0.0563808 0.508224 0)
(0.0535571 0.50505 -5.09031e-21)
(0.0497844 0.500559 5.10318e-21)
(0.0453283 0.495439 2.73196e-21)
(0.0404113 0.490201 -2.74006e-21)
(0.0352076 0.485208 0)
(0.0298454 0.480699 0)
(0.0244119 0.476826 0)
(0.0189611 0.473676 0)
(0.0135211 0.471294 0)
(0.00810126 0.469701 3.75455e-22)
(0.00269828 0.468904 -3.76035e-22)
(-0.00269828 0.468904 -3.76035e-22)
(-0.00810126 0.469701 3.75455e-22)
(-0.0135211 0.471294 0)
(-0.0189611 0.473676 0)
(-0.0244119 0.476826 0)
(-0.0298454 0.480699 0)
(-0.0352076 0.485208 0)
(-0.0404113 0.490201 -2.74006e-21)
(-0.0453283 0.495439 2.73196e-21)
(-0.0497844 0.500559 5.10318e-21)
(-0.0535571 0.50505 -5.09031e-21)
(-0.0563808 0.508224 0)
(-0.0579616 0.509204 -4.26424e-21)
(-0.0580039 0.506931 4.26564e-21)
(-0.0562513 0.500207 3.51528e-21)
(-0.0525379 0.487768 -3.53065e-21)
(-0.0468456 0.468405 0)
(-0.0393557 0.441109 0)
(-0.0304832 0.405225 0)
(-0.0208825 0.36059 0)
(-0.0114194 0.30761 0)
(-0.00311743 0.247251 0)
(0.00293757 0.180944 0)
(0.00554568 0.110401 0)
(0.00350236 0.0373516 0)
(-0.00361389 0.0358641 -5.45786e-21)
(-0.006014 0.106581 -2.9351e-21)
(-0.00387916 0.175409 4.05362e-21)
(0.0016508 0.240632 -1.42559e-21)
(0.00944389 0.300519 2.52984e-22)
(0.0184793 0.353592 0)
(0.0277835 0.398795 0)
(0.0365173 0.435609 2.29966e-21)
(0.0440275 0.464066 -2.27548e-21)
(0.0498788 0.484689 0)
(0.0538557 0.498373 0)
(0.0559359 0.50624 3.85367e-21)
(0.0562469 0.509499 -3.85104e-21)
(0.0550134 0.509322 0)
(0.0525081 0.506767 0)
(0.0490115 0.502727 4.8838e-21)
(0.0447832 0.497915 -4.89719e-21)
(0.0400457 0.492872 0)
(0.0349771 0.487989 0)
(0.0297114 0.483532 0)
(0.0243427 0.479674 0)
(0.0189316 0.476517 0)
(0.0135127 0.474121 0)
(0.00810119 0.472514 0)
(0.00269908 0.471708 0)
(-0.00269908 0.471708 0)
(-0.00810119 0.472514 0)
(-0.0135127 0.474121 0)
(-0.0189316 0.476517 0)
(-0.0243427 0.479674 0)
(-0.0297114 0.483532 0)
(-0.0349771 0.487989 0)
(-0.0400457 0.492872 0)
(-0.0447832 0.497915 -4.89719e-21)
(-0.0490115 0.502727 4.8838e-21)
(-0.0525081 0.506767 0)
(-0.0550134 0.509322 0)
(-0.0562469 0.509499 -3.85104e-21)
(-0.0559359 0.50624 3.85367e-21)
(-0.0538557 0.498373 0)
(-0.0498788 0.484689 0)
(-0.0440275 0.464066 -2.27548e-21)
(-0.0365173 0.435609 2.29966e-21)
(-0.0277835 0.398795 0)
(-0.0184793 0.353592 0)
(-0.00944389 0.300519 2.52985e-22)
(-0.0016508 0.240632 -1.42559e-21)
(0.00387916 0.175409 4.05362e-21)
(0.006014 0.106581 -2.9351e-21)
(0.00361389 0.0358641 5.45786e-21)
(-0.00368896 0.0344077 4.72322e-21)
(-0.00636873 0.102843 -5.0809e-21)
(-0.0046411 0.169989 -1.5336e-21)
(0.000411637 0.234136 1.49563e-21)
(0.00772104 0.293533 -1.0563e-21)
(0.0163316 0.346652 1.03498e-21)
(0.0253223 0.392364 0)
(0.0338847 0.430044 -3.93672e-21)
(0.0413732 0.459602 3.89383e-21)
(0.0473382 0.481439 0)
(0.051535 0.49634 3.12291e-21)
(0.0539053 0.50534 -6.56947e-21)
(0.05454 0.509589 -3.07084e-22)
(0.0536326 0.510231 7.79237e-21)
(0.0514324 0.508319 2.34621e-22)
(0.0482049 0.504756 -4.28157e-21)
(0.0442024 0.500278 -2.3298e-21)
(0.0396458 0.495455 2.33637e-21)
(0.0347158 0.490704 0)
(0.0295512 0.486316 2.5168e-21)
(0.0242522 0.482486 -2.52336e-21)
(0.0188859 0.479334 1.29342e-21)
(0.013493 0.476931 -1.29617e-21)
(0.00809442 0.475315 0)
(0.00269765 0.474503 0)
(-0.00269765 0.474503 0)
(-0.00809442 0.475315 0)
(-0.013493 0.476931 -1.29617e-21)
(-0.0188859 0.479334 1.29342e-21)
(-0.0242522 0.482486 -2.52336e-21)
(-0.0295512 0.486316 2.5168e-21)
(-0.0347158 0.490704 0)
(-0.0396458 0.495455 2.33637e-21)
(-0.0442024 0.500278 -2.3298e-21)
(-0.0482049 0.504756 -4.28157e-21)
(-0.0514324 0.508319 2.34621e-22)
(-0.0536326 0.510231 7.79237e-21)
(-0.05454 0.509589 -3.07084e-22)
(-0.0539053 0.50534 -6.56947e-21)
(-0.051535 0.49634 3.12291e-21)
(-0.0473382 0.481439 0)
(-0.0413732 0.459602 3.89382e-21)
(-0.0338847 0.430044 -3.93672e-21)
(-0.0253223 0.392364 0)
(-0.0163316 0.346652 1.03498e-21)
(-0.00772104 0.293533 -1.0563e-21)
(-0.000411638 0.234136 1.49563e-21)
(0.0046411 0.169989 -1.5336e-21)
(0.00636873 0.102843 -5.0809e-21)
(0.00368896 0.0344077 4.72322e-21)
(-0.00372718 0.0329744 4.85159e-21)
(-0.00660714 0.0991764 -5.2218e-21)
(-0.00522011 0.164677 0)
(-0.000597245 0.227763 -4.80755e-22)
(0.00625324 0.286656 4.69898e-22)
(0.0144421 0.339786 0)
(0.0231033 0.385952 0)
(0.0314639 0.424436 0)
(0.0388906 0.455037 0)
(0.0449256 0.478042 0)
(0.0493 0.494128 0)
(0.0519229 0.504246 -3.07093e-21)
(0.0528512 0.509486 3.06667e-21)
(0.0522479 0.51096 0)
(0.0503383 0.509709 0)
(0.0473718 0.506647 0)
(0.043592 0.502529 0)
(0.0392166 0.497949 0)
(0.0344277 0.49335 -2.27242e-21)
(0.0293679 0.489049 2.27867e-21)
(0.024143 0.485261 0)
(0.0188258 0.482124 0)
(0.0134632 0.479722 0)
(0.0080817 0.478101 0)
(0.00269427 0.477286 0)
(-0.00269427 0.477286 0)
(-0.0080817 0.478101 0)
(-0.0134632 0.479722 0)
(-0.0188258 0.482124 0)
(-0.024143 0.485261 0)
(-0.0293679 0.489049 2.27867e-21)
(-0.0344277 0.49335 -2.27242e-21)
(-0.0392166 0.497949 0)
(-0.043592 0.502529 0)
(-0.0473718 0.506647 0)
(-0.0503383 0.509709 0)
(-0.0522479 0.51096 0)
(-0.0528512 0.509486 3.06667e-21)
(-0.0519229 0.504246 -3.07093e-21)
(-0.0493 0.494128 0)
(-0.0449256 0.478042 0)
(-0.0388906 0.455037 0)
(-0.0314639 0.424436 0)
(-0.0231033 0.385952 0)
(-0.0144421 0.339786 0)
(-0.00625324 0.286656 4.69897e-22)
(0.000597245 0.227763 -4.80755e-22)
(0.00522011 0.164677 0)
(0.00660714 0.0991764 -5.2218e-21)
(0.00372718 0.0329744 4.85158e-21)
(-0.00372762 0.0315543 -8.5658e-22)
(-0.00672509 0.0955677 -8.82215e-21)
(-0.00561183 0.159463 5.44388e-21)
(-0.00137246 0.221511 -1.9468e-21)
(0.00504279 0.279896 0)
(0.0128129 0.333007 0)
(0.0211295 0.379578 -1.98412e-21)
(0.0292593 0.418808 4.68727e-21)
(0.0365863 0.450395 7.42932e-22)
(0.0426493 0.474519 7.12467e-22)
(0.04716 0.491756 -4.10099e-21)
(0.0499988 0.502974 0)
(0.0511905 0.509202 -2.98683e-21)
(0.0508684 0.511515 2.98629e-21)
(0.049234 0.510943 0)
(0.0465194 0.508403 3.69686e-21)
(0.0429579 0.504667 1.72369e-22)
(0.038763 0.500351 -3.88818e-21)
(0.0341168 0.495924 0)
(0.0291648 0.491727 2.13241e-21)
(0.0240175 0.487996 -4.31193e-21)
(0.0187534 0.484885 1.07626e-21)
(0.0134247 0.482491 2.21981e-21)
(0.00806385 0.480871 -5.55627e-22)
(0.00268919 0.480054 -5.61874e-22)
(-0.00268919 0.480054 -5.61874e-22)
(-0.00806385 0.480871 -5.55627e-22)
(-0.0134247 0.482491 2.21981e-21)
(-0.0187534 0.484885 1.07626e-21)
(-0.0240175 0.487996 -4.31193e-21)
(-0.0291648 0.491727 2.13241e-21)
(-0.0341168 0.495924 0)
(-0.038763 0.500351 -3.88818e-21)
(-0.0429579 0.504667 1.72369e-22)
(-0.0465194 0.508403 3.69686e-21)
(-0.049234 0.510943 0)
(-0.0508684 0.511515 2.98629e-21)
(-0.0511905 0.509202 -2.98683e-21)
(-0.0499988 0.502974 0)
(-0.04716 0.491756 -4.10099e-21)
(-0.0426493 0.474519 7.12467e-22)
(-0.0365863 0.450395 7.42932e-22)
(-0.0292593 0.418808 4.68727e-21)
(-0.0211295 0.379578 -1.98412e-21)
(-0.0128129 0.333007 0)
(-0.00504279 0.279896 0)
(0.00137246 0.221511 -1.9468e-21)
(0.00561183 0.159463 5.44388e-21)
(0.00672509 0.0955677 -8.82215e-21)
(0.00372762 0.0315543 1.06723e-20)
(-0.00368868 0.0301354 4.89077e-21)
(-0.00671711 0.0920018 -1.68229e-21)
(-0.00581127 0.154339 -3.49959e-21)
(-0.0019109 0.215379 9.79872e-22)
(0.00409114 0.273261 -9.58085e-22)
(0.0114447 0.326329 -7.77715e-22)
(0.0194024 0.373261 -7.38879e-22)
(0.027274 0.413182 -7.00442e-22)
(0.0344652 0.4457 2.15506e-21)
(0.0405161 0.470893 0)
(0.0451234 0.489246 0)
(0.0481419 0.501541 0)
(0.0495669 0.508749 0)
(0.049503 0.511907 0)
(0.0481274 0.512026 0)
(0.0456545 0.510026 3.3154e-21)
(0.0423062 0.506692 -3.32271e-21)
(0.0382902 0.502661 1.82518e-21)
(0.0337874 0.498426 -1.83007e-21)
(0.0289455 0.494349 0)
(0.0238787 0.490688 0)
(0.0186706 0.487613 1.00838e-21)
(0.013379 0.485236 -1.01056e-21)
(0.00804176 0.483622 0)
(0.00268271 0.482807 0)
(-0.00268271 0.482807 0)
(-0.00804176 0.483622 0)
(-0.013379 0.485236 -1.01056e-21)
(-0.0186706 0.487613 1.00838e-21)
(-0.0238787 0.490688 0)
(-0.0289455 0.494349 0)
(-0.0337874 0.498426 -1.83007e-21)
(-0.0382902 0.502661 1.82518e-21)
(-0.0423062 0.506692 -3.32271e-21)
(-0.0456545 0.510026 3.3154e-21)
(-0.0481274 0.512026 0)
(-0.049503 0.511907 0)
(-0.0495669 0.508749 0)
(-0.0481419 0.501541 0)
(-0.0451234 0.489246 0)
(-0.0405161 0.470893 0)
(-0.0344652 0.4457 2.15506e-21)
(-0.027274 0.413182 -7.00442e-22)
(-0.0194024 0.373261 -7.38879e-22)
(-0.0114447 0.326329 -7.77714e-22)
(-0.00409114 0.273261 -9.58085e-22)
(0.0019109 0.215379 9.79872e-22)
(0.00581127 0.154339 -3.49959e-21)
(0.00671711 0.0920018 -1.68229e-21)
(0.00368868 0.0301354 -8.28563e-22)
(-0.0036081 0.0287029 4.79621e-21)
(-0.00657686 0.0884616 -8.73064e-21)
(-0.00581392 0.149295 1.28328e-21)
(-0.00221113 0.209366 2.14216e-21)
(0.00339748 0.266757 -3.04169e-22)
(0.0103362 0.319766 7.09042e-22)
(0.0179214 0.367022 -4.03708e-22)
(0.0255093 0.407582 1.65749e-21)
(0.0325309 0.440975 6.12094e-22)
(0.0385318 0.467188 -2.22817e-21)
(0.0431974 0.486616 0)
(0.0463606 0.499965 0)
(0.0479892 0.508141 2.25643e-21)
(0.0481602 0.512143 2.52471e-22)
(0.0470268 0.512963 -5.24459e-21)
(0.0447847 0.511519 2.74011e-21)
(0.0416434 0.508606 -3.12036e-21)
(0.0378037 0.50488 6.40202e-21)
(0.0334442 0.500854 -4.98414e-21)
(0.0287137 0.496914 3.46038e-21)
(0.0237295 0.493336 3.76257e-23)
(0.0185798 0.490309 -8.86383e-22)
(0.0133277 0.487956 9.62306e-24)
(0.00801639 0.486353 -1.39439e-21)
(0.00267515 0.485542 4.67437e-22)
(-0.00267515 0.485542 4.67437e-22)
(-0.00801639 0.486353 -1.39439e-21)
(-0.0133277 0.487956 9.62306e-24)
(-0.0185798 0.490309 -8.86383e-22)
(-0.0237295 0.493336 3.76257e-23)
(-0.0287137 0.496914 3.46038e-21)
(-0.0334442 0.500854 -4.98414e-21)
(-0.0378037 0.50488 6.40202e-21)
(-0.0416434 0.508606 -3.12036e-21)
(-0.0447847 0.511519 2.74011e-21)
(-0.0470268 0.512963 -5.24459e-21)
(-0.0481602 0.512143 2.52471e-22)
(-0.0479892 0.508141 2.25643e-21)
(-0.0463606 0.499965 0)
(-0.0431974 0.486616 0)
(-0.0385318 0.467188 -2.22817e-21)
(-0.0325309 0.440975 6.12094e-22)
(-0.0255093 0.407582 1.65749e-21)
(-0.0179214 0.367022 -4.03708e-22)
(-0.0103362 0.319766 7.09042e-22)
(-0.00339748 0.266757 -3.04169e-22)
(0.00221113 0.209366 2.14216e-21)
(0.00581392 0.149295 1.28328e-21)
(0.00657686 0.0884616 -8.73064e-21)
(0.0036081 0.0287029 4.79621e-21)
(-0.00348295 0.0272394 0)
(-0.00629801 0.0849286 0)
(-0.00561763 0.144322 0)
(-0.00227569 0.203473 0)
(0.00295669 0.260393 -5.41851e-22)
(0.00948201 0.313333 4.58736e-22)
(0.0166829 0.360877 7.09238e-23)
(0.0239641 0.402029 0)
(0.0307854 0.436243 0)
(0.036701 0.463426 -2.22243e-21)
(0.0413891 0.483889 2.20655e-21)
(0.0446635 0.498261 -1.64756e-21)
(0.0464667 0.507391 -2.62258e-22)
(0.0468494 0.512234 1.90322e-21)
(0.0459409 0.513762 2.37235e-21)
(0.0439181 0.512886 -2.37524e-21)
(0.0409768 0.510411 0)
(0.0373099 0.507006 -2.90316e-21)
(0.0330926 0.503208 2.91049e-21)
(0.0284738 0.49942 1.56807e-21)
(0.0235735 0.495939 -1.57201e-21)
(0.0184838 0.492971 8.20916e-22)
(0.0132727 0.49065 -1.65507e-21)
(0.00798888 0.489064 4.14152e-22)
(0.00266689 0.488259 4.20516e-22)
(-0.00266689 0.488259 4.20516e-22)
(-0.00798888 0.489064 4.14152e-22)
(-0.0132727 0.49065 -1.65507e-21)
(-0.0184838 0.492971 8.20916e-22)
(-0.0235735 0.495939 -1.57201e-21)
(-0.0284738 0.49942 1.56807e-21)
(-0.0330926 0.503208 2.91049e-21)
(-0.0373099 0.507006 -2.90316e-21)
(-0.0409768 0.510411 0)
(-0.0439181 0.512886 -2.37524e-21)
(-0.0459409 0.513762 2.37235e-21)
(-0.0468494 0.512234 1.90322e-21)
(-0.0464667 0.507391 -2.62258e-22)
(-0.0446635 0.498261 -1.64756e-21)
(-0.0413891 0.483889 2.20655e-21)
(-0.036701 0.463426 -2.22243e-21)
(-0.0307854 0.436243 0)
(-0.0239641 0.402029 0)
(-0.0166829 0.360877 7.09238e-23)
(-0.00948201 0.313333 4.58736e-22)
(-0.00295669 0.260393 -5.41851e-22)
(0.00227569 0.203473 0)
(0.00561763 0.144322 0)
(0.00629801 0.0849286 0)
(0.00348295 0.0272394 0)
(-0.00330977 0.0257241 0)
(-0.00587628 0.081383 0)
(-0.00522589 0.13941 0)
(-0.00211469 0.1977 0)
(0.00275621 0.254175 0)
(0.00887058 0.307042 -2.44434e-22)
(0.0156785 0.354846 2.40052e-22)
(0.0226345 0.396542 -6.7134e-22)
(0.029229 0.431525 6.62784e-22)
(0.0350281 0.459627 1.62657e-21)
(0.0397059 0.481082 5.13135e-22)
(0.0430599 0.496448 -2.11661e-21)
(0.0450099 0.506512 0)
(0.0455815 0.51219 0)
(0.0448806 0.514429 2.01601e-21)
(0.0430646 0.514132 -4.23136e-21)
(0.0403152 0.512108 -1.7027e-22)
(0.0368165 0.509043 4.93003e-21)
(0.0327392 0.505487 -2.54358e-21)
(0.0282313 0.501867 0)
(0.0234149 0.498497 -1.42463e-21)
(0.0183857 0.495597 1.42796e-21)
(0.0132164 0.493318 -7.39225e-22)
(0.00796053 0.491753 7.40638e-22)
(0.00265836 0.490958 0)
(-0.00265836 0.490958 0)
(-0.00796053 0.491753 7.40638e-22)
(-0.0132164 0.493318 -7.39225e-22)
(-0.0183857 0.495597 1.42796e-21)
(-0.0234149 0.498497 -1.42463e-21)
(-0.0282313 0.501867 0)
(-0.0327392 0.505487 -2.54358e-21)
(-0.0368165 0.509043 4.93003e-21)
(-0.0403152 0.512108 -1.7027e-22)
(-0.0430646 0.514132 -4.23136e-21)
(-0.0448806 0.514429 2.01601e-21)
(-0.0455815 0.51219 0)
(-0.0450099 0.506512 0)
(-0.0430599 0.496448 -2.11661e-21)
(-0.0397059 0.481082 5.13135e-22)
(-0.0350281 0.459627 1.62657e-21)
(-0.029229 0.431525 6.62784e-22)
(-0.0226345 0.396542 -6.7134e-22)
(-0.0156785 0.354846 2.40052e-22)
(-0.00887058 0.307042 -2.44434e-22)
(-0.00275621 0.254175 0)
(0.00211469 0.1977 0)
(0.00522589 0.13941 0)
(0.00587628 0.081383 0)
(0.00330977 0.0257241 0)
(-0.00308485 0.0241352 0)
(-0.00531277 0.0778091 0)
(-0.00465278 0.134558 0)
(-0.00175093 0.192053 0)
(0.00277172 0.248117 0)
(0.00848095 0.300909 0)
(0.0148932 0.348946 0)
(0.0215124 0.391145 0)
(0.0278604 0.426845 0)
(0.0335176 0.455815 0)
(0.0381566 0.478217 0)
(0.0415619 0.494542 0)
(0.0436326 0.505519 0)
(0.0443709 0.512022 0)
(0.0438598 0.514971 0)
(0.0422374 0.51526 0)
(0.0396706 0.5137 0)
(0.0363338 0.510988 0)
(0.0323924 0.507691 0)
(0.0279932 0.504254 0)
(0.0232593 0.501006 0)
(0.0182897 0.498186 0)
(0.0131613 0.495955 0)
(0.00793299 0.494418 0)
(0.0026501 0.493635 0)
(-0.0026501 0.493635 0)
(-0.00793299 0.494418 0)
(-0.0131613 0.495955 0)
(-0.0182897 0.498186 0)
(-0.0232593 0.501006 0)
(-0.0279932 0.504254 0)
(-0.0323924 0.507691 0)
(-0.0363338 0.510988 0)
(-0.0396706 0.5137 0)
(-0.0422374 0.51526 0)
(-0.0438598 0.514971 0)
(-0.0443709 0.512022 0)
(-0.0436326 0.505519 0)
(-0.0415619 0.494542 0)
(-0.0381566 0.478217 0)
(-0.0335176 0.455815 0)
(-0.0278604 0.426845 0)
(-0.0215124 0.391145 0)
(-0.0148932 0.348946 0)
(-0.00848095 0.300909 0)
(-0.00277172 0.248117 0)
(0.00175093 0.192053 0)
(0.00465278 0.134558 0)
(0.00531277 0.0778091 0)
(0.00308485 0.0241352 0)
(-0.00280622 0.0224583 3.93387e-21)
(-0.00461942 0.0742054 0)
(-0.00393026 0.12978 0)
(-0.00122709 0.186551 0)
(0.00296113 0.242238 0)
(0.00827823 0.294959 0)
(0.0143026 0.343205 0)
(0.0205844 0.385863 0)
(0.0266765 0.42223 0)
(0.0321749 0.452016 0)
(0.0367535 0.475318 0)
(0.0401862 0.492565 0)
(0.0423542 0.504429 0)
(0.0432377 0.511741 0)
(0.0428983 0.515396 -1.32486e-21)
(0.0414548 0.516275 1.32562e-21)
(0.0390593 0.515188 0)
(0.0358758 0.512842 0)
(0.032064 0.509817 0)
(0.0277687 0.506575 0)
(0.0231137 0.503463 0)
(0.0182008 0.500732 0)
(0.0131112 0.498558 0)
(0.00790829 0.497052 0)
(0.00264276 0.496284 0)
(-0.00264276 0.496284 0)
(-0.00790829 0.497052 0)
(-0.0131112 0.498558 0)
(-0.0182008 0.500732 0)
(-0.0231137 0.503463 0)
(-0.0277687 0.506575 0)
(-0.032064 0.509817 0)
(-0.0358758 0.512842 0)
(-0.0390593 0.515188 0)
(-0.0414548 0.516275 1.32562e-21)
(-0.0428983 0.515396 -1.32486e-21)
(-0.0432377 0.511741 0)
(-0.0423542 0.504429 0)
(-0.0401862 0.492565 0)
(-0.0367535 0.475318 0)
(-0.0321749 0.452016 0)
(-0.0266765 0.42223 0)
(-0.0205844 0.385863 0)
(-0.0143026 0.343205 0)
(-0.00827823 0.294959 0)
(-0.00296113 0.242238 0)
(0.00122709 0.186551 0)
(0.00393026 0.12978 0)
(0.00461942 0.0742054 0)
(0.00280622 0.0224583 -3.93387e-21)
(-0.00247933 0.0206896 0)
(-0.00383069 0.0705702 0)
(-0.00312107 0.125072 1.66664e-21)
(-0.000617078 0.181179 -3.09101e-21)
(0.00325553 0.236513 1.42981e-21)
(0.00820689 0.289158 0)
(0.013868 0.33759 1.03003e-21)
(0.0198292 0.380671 -1.01367e-21)
(0.0256721 0.41766 -5.04081e-22)
(0.0310083 0.448216 4.98591e-22)
(0.0355149 0.472378 0)
(0.0389583 0.490514 0)
(0.041204 0.503245 0)
(0.0422129 0.511358 7.90445e-22)
(0.0420262 0.515718 -1.78624e-21)
(0.0407446 0.517195 9.96772e-22)
(0.0385056 0.516594 0)
(0.0354631 0.514629 1.49327e-21)
(0.0317708 0.511894 -1.49644e-21)
(0.0275709 0.508864 0)
(0.022988 0.505901 0)
(0.0181263 0.503272 0)
(0.0130707 0.501163 0)
(0.00788911 0.499696 0)
(0.00263723 0.498946 0)
(-0.00263723 0.498946 0)
(-0.00788911 0.499696 0)
(-0.0130707 0.501163 0)
(-0.0181263 0.503272 0)
(-0.022988 0.505901 0)
(-0.0275709 0.508864 0)
(-0.0317708 0.511894 -1.49644e-21)
(-0.0354631 0.514629 1.49327e-21)
(-0.0385056 0.516594 0)
(-0.0407446 0.517195 9.96772e-22)
(-0.0420262 0.515718 -1.78624e-21)
(-0.0422129 0.511358 7.90445e-22)
(-0.041204 0.503245 0)
(-0.0389583 0.490514 0)
(-0.0355149 0.472378 0)
(-0.0310083 0.448216 4.98591e-22)
(-0.0256721 0.41766 -5.04081e-22)
(-0.0198292 0.380671 -1.01367e-21)
(-0.013868 0.33759 1.03003e-21)
(-0.00820689 0.289158 0)
(-0.00325553 0.236513 1.42981e-21)
(0.000617078 0.181179 -3.09101e-21)
(0.00312107 0.125072 1.66664e-21)
(0.00383069 0.0705702 0)
(0.00247933 0.0206896 0)
(-0.00211989 0.0187833 4.02556e-21)
(-0.00303771 0.0668212 0)
(-0.00234969 0.120301 0)
(-4.95756e-05 0.175749 1.8154e-21)
(0.00354277 0.230717 -3.6598e-21)
(0.00818062 0.283264 3.73139e-21)
(0.0135326 0.331856 -1.85172e-21)
(0.0192196 0.375333 0)
(0.0248467 0.412922 0)
(0.0300399 0.444235 0)
(0.0344805 0.469255 0)
(0.0379293 0.488291 0)
(0.0402395 0.501909 0)
(0.0413552 0.510854 -4.59322e-22)
(0.0413 0.51596 4.58843e-22)
(0.0401583 0.518076 8.84508e-22)
(0.0380546 0.518005 -8.85403e-22)
(0.0351333 0.516463 0)
(0.0315428 0.514054 0)
(0.0274232 0.511268 -7.18741e-22)
(0.0228995 0.508481 7.20367e-22)
(0.0180783 0.505974 0)
(0.0130477 0.503945 0)
(0.00787997 0.502527 2.04531e-22)
(0.00263498 0.5018 -2.04867e-22)
(-0.00263498 0.5018 -2.04867e-22)
(-0.00787997 0.502527 2.04531e-22)
(-0.0130477 0.503945 0)
(-0.0180783 0.505974 0)
(-0.0228995 0.508481 7.20367e-22)
(-0.0274232 0.511268 -7.18741e-22)
(-0.0315428 0.514054 0)
(-0.0351333 0.516463 0)
(-0.0380546 0.518005 -8.85403e-22)
(-0.0401583 0.518076 8.84508e-22)
(-0.0413 0.51596 4.58843e-22)
(-0.0413552 0.510854 -4.59322e-22)
(-0.0402395 0.501909 0)
(-0.0379293 0.488291 0)
(-0.0344805 0.469255 0)
(-0.0300399 0.444235 0)
(-0.0248467 0.412922 0)
(-0.0192196 0.375333 0)
(-0.0135326 0.331856 -1.85172e-21)
(-0.00818062 0.283264 3.73139e-21)
(-0.00354277 0.230717 -3.6598e-21)
(4.95756e-05 0.175749 1.8154e-21)
(0.00234969 0.120301 0)
(0.00303771 0.0668212 0)
(0.00211989 0.0187833 -4.02556e-21)
(-0.0016315 0.0162116 -1.84221e-21)
(-0.00243723 0.0623413 4.50531e-21)
(-0.00184729 0.114826 3.78e-22)
(0.000263081 0.169653 -2.62391e-21)
(0.00364861 0.224293 3.14099e-21)
(0.00807202 0.276785 -3.04319e-21)
(0.0132198 0.325578 0)
(0.0187302 0.369496 0)
(0.0242229 0.407732 2.37876e-21)
(0.0293333 0.439853 -4.40618e-22)
(0.0337451 0.465785 -3.22344e-21)
(0.0372151 0.485776 5.62944e-22)
(0.0395868 0.500338 6.70776e-22)
(0.0407917 0.510166 -7.76599e-23)
(0.0408399 0.516063 -2.53351e-22)
(0.0398038 0.518858 4.29406e-22)
(0.0377986 0.519347 -8.45213e-22)
(0.0349623 0.51825 1.8515e-21)
(0.0314399 0.516184 -4.40907e-22)
(0.0273709 0.513651 4.83734e-23)
(0.0228811 0.511046 -6.18562e-22)
(0.0180794 0.508664 3.41053e-22)
(0.013057 0.506718 -3.42095e-22)
(0.00788903 0.505348 1.78043e-22)
(0.00263862 0.504642 -1.7848e-22)
(-0.00263862 0.504642 -1.7848e-22)
(-0.00788903 0.505348 1.78043e-22)
(-0.013057 0.506718 -3.42095e-22)
(-0.0180794 0.508664 3.41053e-22)
(-0.0228811 0.511046 -6.18562e-22)
(-0.0273709 0.513651 4.83734e-23)
(-0.0314399 0.516184 -4.40907e-22)
(-0.0349623 0.51825 1.8515e-21)
(-0.0377986 0.519347 -8.45213e-22)
(-0.0398038 0.518858 4.29406e-22)
(-0.0408399 0.516063 -2.53351e-22)
(-0.0407917 0.510166 -7.76598e-23)
(-0.0395868 0.500338 6.70776e-22)
(-0.0372151 0.485776 5.62944e-22)
(-0.0337451 0.465785 -3.22344e-21)
(-0.0293333 0.439853 -4.40618e-22)
(-0.0242229 0.407732 2.37876e-21)
(-0.0187302 0.369496 0)
(-0.0132198 0.325578 0)
(-0.00807202 0.276785 -3.04319e-21)
(-0.00364861 0.224293 3.14099e-21)
(-0.000263081 0.169653 -2.62391e-21)
(0.00184729 0.114826 3.78e-22)
(0.00243723 0.0623413 4.50531e-21)
(0.0016315 0.0162116 -1.84221e-21)
)
;

boundaryField
{
    left
    {
        type            noSlip;
    }
    right
    {
        type            noSlip;
    }
    up
    {
        type            zeroGradient;
    }
    down
    {
        type            fixedValue;
        value           uniform (0 0.4 0);
    }
    frontAndBack
    {
        type            empty;
    }
}


// ************************************************************************* //
