/*--------------------------------*- C++ -*----------------------------------*\
  =========                 |
  \\      /  F ield         | OpenFOAM: The Open Source CFD Toolbox
   \\    /   O peration     | Website:  https://openfoam.org
    \\  /    A nd           | Version:  6
     \\/     M anipulation  |
\*---------------------------------------------------------------------------*/
FoamFile
{
    version     2.0;
    format      ascii;
    class       volVectorField;
    location    "0";
    object      C;
}
// * * * * * * * * * * * * * * * * * * * * * * * * * * * * * * * * * * * * * //

dimensions      [0 1 0 0 0 0 0];

internalField   nonuniform List<vector> 
2500
(
(-0.491505 -0.245109 0.005)
(-0.471443 -0.245109 0.005)
(-0.451382 -0.245109 0.005)
(-0.431321 -0.245109 0.005)
(-0.411259 -0.245109 0.005)
(-0.391198 -0.245109 0.005)
(-0.371136 -0.245109 0.005)
(-0.351075 -0.245109 0.005)
(-0.331013 -0.245109 0.005)
(-0.310952 -0.245109 0.005)
(-0.290891 -0.245109 0.005)
(-0.270829 -0.245109 0.005)
(-0.250768 -0.245109 0.005)
(-0.230706 -0.245109 0.005)
(-0.210645 -0.245109 0.005)
(-0.190584 -0.245109 0.005)
(-0.170522 -0.245109 0.005)
(-0.150461 -0.245109 0.005)
(-0.130399 -0.245109 0.005)
(-0.110338 -0.245109 0.005)
(-0.0902764 -0.245109 0.005)
(-0.070215 -0.245109 0.005)
(-0.0501536 -0.245109 0.005)
(-0.0300921 -0.245109 0.005)
(-0.0100307 -0.245109 0.005)
(0.0100307 -0.245109 0.005)
(0.0300921 -0.245109 0.005)
(0.0501536 -0.245109 0.005)
(0.070215 -0.245109 0.005)
(0.0902764 -0.245109 0.005)
(0.110338 -0.245109 0.005)
(0.130399 -0.245109 0.005)
(0.150461 -0.245109 0.005)
(0.170522 -0.245109 0.005)
(0.190584 -0.245109 0.005)
(0.210645 -0.245109 0.005)
(0.230706 -0.245109 0.005)
(0.250768 -0.245109 0.005)
(0.270829 -0.245109 0.005)
(0.290891 -0.245109 0.005)
(0.310952 -0.245109 0.005)
(0.331013 -0.245109 0.005)
(0.351075 -0.245109 0.005)
(0.371136 -0.245109 0.005)
(0.391198 -0.245109 0.005)
(0.411259 -0.245109 0.005)
(0.431321 -0.245109 0.005)
(0.451382 -0.245109 0.005)
(0.471443 -0.245109 0.005)
(0.491505 -0.245109 0.005)
(-0.494506 -0.235335 0.005)
(-0.474322 -0.235335 0.005)
(-0.454138 -0.235335 0.005)
(-0.433955 -0.235335 0.005)
(-0.413771 -0.235335 0.005)
(-0.393587 -0.235335 0.005)
(-0.373403 -0.235335 0.005)
(-0.353219 -0.235335 0.005)
(-0.333035 -0.235335 0.005)
(-0.312851 -0.235335 0.005)
(-0.292667 -0.235335 0.005)
(-0.272483 -0.235335 0.005)
(-0.252299 -0.235335 0.005)
(-0.232115 -0.235335 0.005)
(-0.211931 -0.235335 0.005)
(-0.191747 -0.235335 0.005)
(-0.171563 -0.235335 0.005)
(-0.151379 -0.235335 0.005)
(-0.131196 -0.235335 0.005)
(-0.111012 -0.235335 0.005)
(-0.0908277 -0.235335 0.005)
(-0.0706438 -0.235335 0.005)
(-0.0504598 -0.235335 0.005)
(-0.0302759 -0.235335 0.005)
(-0.010092 -0.235335 0.005)
(0.010092 -0.235335 0.005)
(0.0302759 -0.235335 0.005)
(0.0504598 -0.235335 0.005)
(0.0706438 -0.235335 0.005)
(0.0908277 -0.235335 0.005)
(0.111012 -0.235335 0.005)
(0.131196 -0.235335 0.005)
(0.151379 -0.235335 0.005)
(0.171563 -0.235335 0.005)
(0.191747 -0.235335 0.005)
(0.211931 -0.235335 0.005)
(0.232115 -0.235335 0.005)
(0.252299 -0.235335 0.005)
(0.272483 -0.235335 0.005)
(0.292667 -0.235335 0.005)
(0.312851 -0.235335 0.005)
(0.333035 -0.235335 0.005)
(0.353219 -0.235335 0.005)
(0.373403 -0.235335 0.005)
(0.393587 -0.235335 0.005)
(0.413771 -0.235335 0.005)
(0.433955 -0.235335 0.005)
(0.454138 -0.235335 0.005)
(0.474322 -0.235335 0.005)
(0.494506 -0.235335 0.005)
(-0.497492 -0.225557 0.005)
(-0.477187 -0.225557 0.005)
(-0.456881 -0.225557 0.005)
(-0.436575 -0.225557 0.005)
(-0.416269 -0.225557 0.005)
(-0.395963 -0.225557 0.005)
(-0.375657 -0.225557 0.005)
(-0.355352 -0.225557 0.005)
(-0.335046 -0.225557 0.005)
(-0.31474 -0.225557 0.005)
(-0.294434 -0.225557 0.005)
(-0.274128 -0.225557 0.005)
(-0.253823 -0.225557 0.005)
(-0.233517 -0.225557 0.005)
(-0.213211 -0.225557 0.005)
(-0.192905 -0.225557 0.005)
(-0.172599 -0.225557 0.005)
(-0.152294 -0.225557 0.005)
(-0.131988 -0.225557 0.005)
(-0.111682 -0.225557 0.005)
(-0.0913761 -0.225557 0.005)
(-0.0710703 -0.225557 0.005)
(-0.0507645 -0.225557 0.005)
(-0.0304587 -0.225557 0.005)
(-0.0101529 -0.225557 0.005)
(0.0101529 -0.225557 0.005)
(0.0304587 -0.225557 0.005)
(0.0507645 -0.225557 0.005)
(0.0710703 -0.225557 0.005)
(0.0913761 -0.225557 0.005)
(0.111682 -0.225557 0.005)
(0.131988 -0.225557 0.005)
(0.152294 -0.225557 0.005)
(0.172599 -0.225557 0.005)
(0.192905 -0.225557 0.005)
(0.213211 -0.225557 0.005)
(0.233517 -0.225557 0.005)
(0.253823 -0.225557 0.005)
(0.274128 -0.225557 0.005)
(0.294434 -0.225557 0.005)
(0.31474 -0.225557 0.005)
(0.335046 -0.225557 0.005)
(0.355352 -0.225557 0.005)
(0.375657 -0.225557 0.005)
(0.395963 -0.225557 0.005)
(0.416269 -0.225557 0.005)
(0.436575 -0.225557 0.005)
(0.456881 -0.225557 0.005)
(0.477187 -0.225557 0.005)
(0.497492 -0.225557 0.005)
(-0.500453 -0.21577 0.005)
(-0.480026 -0.21577 0.005)
(-0.459599 -0.21577 0.005)
(-0.439173 -0.21577 0.005)
(-0.418746 -0.21577 0.005)
(-0.398319 -0.21577 0.005)
(-0.377893 -0.21577 0.005)
(-0.357466 -0.21577 0.005)
(-0.337039 -0.21577 0.005)
(-0.316613 -0.21577 0.005)
(-0.296186 -0.21577 0.005)
(-0.27576 -0.21577 0.005)
(-0.255333 -0.21577 0.005)
(-0.234906 -0.21577 0.005)
(-0.21448 -0.21577 0.005)
(-0.194053 -0.21577 0.005)
(-0.173626 -0.21577 0.005)
(-0.1532 -0.21577 0.005)
(-0.132773 -0.21577 0.005)
(-0.112346 -0.21577 0.005)
(-0.0919199 -0.21577 0.005)
(-0.0714932 -0.21577 0.005)
(-0.0510666 -0.21577 0.005)
(-0.03064 -0.21577 0.005)
(-0.0102133 -0.21577 0.005)
(0.0102133 -0.21577 0.005)
(0.03064 -0.21577 0.005)
(0.0510666 -0.21577 0.005)
(0.0714932 -0.21577 0.005)
(0.0919199 -0.21577 0.005)
(0.112346 -0.21577 0.005)
(0.132773 -0.21577 0.005)
(0.1532 -0.21577 0.005)
(0.173626 -0.21577 0.005)
(0.194053 -0.21577 0.005)
(0.21448 -0.21577 0.005)
(0.234906 -0.21577 0.005)
(0.255333 -0.21577 0.005)
(0.27576 -0.21577 0.005)
(0.296186 -0.21577 0.005)
(0.316613 -0.21577 0.005)
(0.337039 -0.21577 0.005)
(0.357466 -0.21577 0.005)
(0.377893 -0.21577 0.005)
(0.398319 -0.21577 0.005)
(0.418746 -0.21577 0.005)
(0.439173 -0.21577 0.005)
(0.459599 -0.21577 0.005)
(0.480026 -0.21577 0.005)
(0.500453 -0.21577 0.005)
(-0.503377 -0.205972 0.005)
(-0.482831 -0.205972 0.005)
(-0.462285 -0.205972 0.005)
(-0.441739 -0.205972 0.005)
(-0.421193 -0.205972 0.005)
(-0.400647 -0.205972 0.005)
(-0.380101 -0.205972 0.005)
(-0.359555 -0.205972 0.005)
(-0.339009 -0.205972 0.005)
(-0.318463 -0.205972 0.005)
(-0.297917 -0.205972 0.005)
(-0.277371 -0.205972 0.005)
(-0.256825 -0.205972 0.005)
(-0.236279 -0.205972 0.005)
(-0.215733 -0.205972 0.005)
(-0.195187 -0.205972 0.005)
(-0.174641 -0.205972 0.005)
(-0.154095 -0.205972 0.005)
(-0.133549 -0.205972 0.005)
(-0.113003 -0.205972 0.005)
(-0.0924569 -0.205972 0.005)
(-0.0719109 -0.205972 0.005)
(-0.051365 -0.205972 0.005)
(-0.030819 -0.205972 0.005)
(-0.010273 -0.205972 0.005)
(0.010273 -0.205972 0.005)
(0.030819 -0.205972 0.005)
(0.051365 -0.205972 0.005)
(0.0719109 -0.205972 0.005)
(0.0924569 -0.205972 0.005)
(0.113003 -0.205972 0.005)
(0.133549 -0.205972 0.005)
(0.154095 -0.205972 0.005)
(0.174641 -0.205972 0.005)
(0.195187 -0.205972 0.005)
(0.215733 -0.205972 0.005)
(0.236279 -0.205972 0.005)
(0.256825 -0.205972 0.005)
(0.277371 -0.205972 0.005)
(0.297917 -0.205972 0.005)
(0.318463 -0.205972 0.005)
(0.339009 -0.205972 0.005)
(0.359555 -0.205972 0.005)
(0.380101 -0.205972 0.005)
(0.400647 -0.205972 0.005)
(0.421193 -0.205972 0.005)
(0.441739 -0.205972 0.005)
(0.462285 -0.205972 0.005)
(0.482831 -0.205972 0.005)
(0.503377 -0.205972 0.005)
(-0.506254 -0.19616 0.005)
(-0.485591 -0.19616 0.005)
(-0.464927 -0.19616 0.005)
(-0.444264 -0.19616 0.005)
(-0.4236 -0.19616 0.005)
(-0.402937 -0.19616 0.005)
(-0.382273 -0.19616 0.005)
(-0.36161 -0.19616 0.005)
(-0.340947 -0.19616 0.005)
(-0.320283 -0.19616 0.005)
(-0.29962 -0.19616 0.005)
(-0.278956 -0.19616 0.005)
(-0.258293 -0.19616 0.005)
(-0.237629 -0.19616 0.005)
(-0.216966 -0.19616 0.005)
(-0.196303 -0.19616 0.005)
(-0.175639 -0.19616 0.005)
(-0.154976 -0.19616 0.005)
(-0.134312 -0.19616 0.005)
(-0.113649 -0.19616 0.005)
(-0.0929854 -0.19616 0.005)
(-0.072322 -0.19616 0.005)
(-0.0516586 -0.19616 0.005)
(-0.0309951 -0.19616 0.005)
(-0.0103317 -0.19616 0.005)
(0.0103317 -0.19616 0.005)
(0.0309951 -0.19616 0.005)
(0.0516586 -0.19616 0.005)
(0.072322 -0.19616 0.005)
(0.0929854 -0.19616 0.005)
(0.113649 -0.19616 0.005)
(0.134312 -0.19616 0.005)
(0.154976 -0.19616 0.005)
(0.175639 -0.19616 0.005)
(0.196303 -0.19616 0.005)
(0.216966 -0.19616 0.005)
(0.237629 -0.19616 0.005)
(0.258293 -0.19616 0.005)
(0.278956 -0.19616 0.005)
(0.29962 -0.19616 0.005)
(0.320283 -0.19616 0.005)
(0.340947 -0.19616 0.005)
(0.36161 -0.19616 0.005)
(0.382273 -0.19616 0.005)
(0.402937 -0.19616 0.005)
(0.4236 -0.19616 0.005)
(0.444264 -0.19616 0.005)
(0.464927 -0.19616 0.005)
(0.485591 -0.19616 0.005)
(0.506254 -0.19616 0.005)
(-0.509074 -0.186331 0.005)
(-0.488296 -0.186331 0.005)
(-0.467517 -0.186331 0.005)
(-0.446739 -0.186331 0.005)
(-0.42596 -0.186331 0.005)
(-0.405182 -0.186331 0.005)
(-0.384403 -0.186331 0.005)
(-0.363625 -0.186331 0.005)
(-0.342846 -0.186331 0.005)
(-0.322068 -0.186331 0.005)
(-0.301289 -0.186331 0.005)
(-0.28051 -0.186331 0.005)
(-0.259732 -0.186331 0.005)
(-0.238953 -0.186331 0.005)
(-0.218175 -0.186331 0.005)
(-0.197396 -0.186331 0.005)
(-0.176618 -0.186331 0.005)
(-0.155839 -0.186331 0.005)
(-0.135061 -0.186331 0.005)
(-0.114282 -0.186331 0.005)
(-0.0935035 -0.186331 0.005)
(-0.0727249 -0.186331 0.005)
(-0.0519464 -0.186331 0.005)
(-0.0311678 -0.186331 0.005)
(-0.0103893 -0.186331 0.005)
(0.0103893 -0.186331 0.005)
(0.0311678 -0.186331 0.005)
(0.0519464 -0.186331 0.005)
(0.0727249 -0.186331 0.005)
(0.0935035 -0.186331 0.005)
(0.114282 -0.186331 0.005)
(0.135061 -0.186331 0.005)
(0.155839 -0.186331 0.005)
(0.176618 -0.186331 0.005)
(0.197396 -0.186331 0.005)
(0.218175 -0.186331 0.005)
(0.238953 -0.186331 0.005)
(0.259732 -0.186331 0.005)
(0.28051 -0.186331 0.005)
(0.301289 -0.186331 0.005)
(0.322068 -0.186331 0.005)
(0.342846 -0.186331 0.005)
(0.363625 -0.186331 0.005)
(0.384403 -0.186331 0.005)
(0.405182 -0.186331 0.005)
(0.42596 -0.186331 0.005)
(0.446739 -0.186331 0.005)
(0.467517 -0.186331 0.005)
(0.488296 -0.186331 0.005)
(0.509074 -0.186331 0.005)
(-0.511828 -0.176482 0.005)
(-0.490937 -0.176482 0.005)
(-0.470046 -0.176482 0.005)
(-0.449155 -0.176482 0.005)
(-0.428264 -0.176482 0.005)
(-0.407373 -0.176482 0.005)
(-0.386482 -0.176482 0.005)
(-0.365591 -0.176482 0.005)
(-0.3447 -0.176482 0.005)
(-0.323809 -0.176482 0.005)
(-0.302918 -0.176482 0.005)
(-0.282028 -0.176482 0.005)
(-0.261137 -0.176482 0.005)
(-0.240246 -0.176482 0.005)
(-0.219355 -0.176482 0.005)
(-0.198464 -0.176482 0.005)
(-0.177573 -0.176482 0.005)
(-0.156682 -0.176482 0.005)
(-0.135791 -0.176482 0.005)
(-0.1149 -0.176482 0.005)
(-0.0940092 -0.176482 0.005)
(-0.0731182 -0.176482 0.005)
(-0.0522273 -0.176482 0.005)
(-0.0313364 -0.176482 0.005)
(-0.0104455 -0.176482 0.005)
(0.0104455 -0.176482 0.005)
(0.0313364 -0.176482 0.005)
(0.0522273 -0.176482 0.005)
(0.0731182 -0.176482 0.005)
(0.0940092 -0.176482 0.005)
(0.1149 -0.176482 0.005)
(0.135791 -0.176482 0.005)
(0.156682 -0.176482 0.005)
(0.177573 -0.176482 0.005)
(0.198464 -0.176482 0.005)
(0.219355 -0.176482 0.005)
(0.240246 -0.176482 0.005)
(0.261137 -0.176482 0.005)
(0.282028 -0.176482 0.005)
(0.302918 -0.176482 0.005)
(0.323809 -0.176482 0.005)
(0.3447 -0.176482 0.005)
(0.365591 -0.176482 0.005)
(0.386482 -0.176482 0.005)
(0.407373 -0.176482 0.005)
(0.428264 -0.176482 0.005)
(0.449155 -0.176482 0.005)
(0.470046 -0.176482 0.005)
(0.490937 -0.176482 0.005)
(0.511828 -0.176482 0.005)
(-0.514503 -0.16661 0.005)
(-0.493503 -0.16661 0.005)
(-0.472503 -0.16661 0.005)
(-0.451503 -0.16661 0.005)
(-0.430503 -0.16661 0.005)
(-0.409503 -0.16661 0.005)
(-0.388502 -0.16661 0.005)
(-0.367502 -0.16661 0.005)
(-0.346502 -0.16661 0.005)
(-0.325502 -0.16661 0.005)
(-0.304502 -0.16661 0.005)
(-0.283502 -0.16661 0.005)
(-0.262502 -0.16661 0.005)
(-0.241502 -0.16661 0.005)
(-0.220501 -0.16661 0.005)
(-0.199501 -0.16661 0.005)
(-0.178501 -0.16661 0.005)
(-0.157501 -0.16661 0.005)
(-0.136501 -0.16661 0.005)
(-0.115501 -0.16661 0.005)
(-0.0945006 -0.16661 0.005)
(-0.0735005 -0.16661 0.005)
(-0.0525003 -0.16661 0.005)
(-0.0315002 -0.16661 0.005)
(-0.0105001 -0.16661 0.005)
(0.0105001 -0.16661 0.005)
(0.0315002 -0.16661 0.005)
(0.0525003 -0.16661 0.005)
(0.0735005 -0.16661 0.005)
(0.0945006 -0.16661 0.005)
(0.115501 -0.16661 0.005)
(0.136501 -0.16661 0.005)
(0.157501 -0.16661 0.005)
(0.178501 -0.16661 0.005)
(0.199501 -0.16661 0.005)
(0.220501 -0.16661 0.005)
(0.241502 -0.16661 0.005)
(0.262502 -0.16661 0.005)
(0.283502 -0.16661 0.005)
(0.304502 -0.16661 0.005)
(0.325502 -0.16661 0.005)
(0.346502 -0.16661 0.005)
(0.367502 -0.16661 0.005)
(0.388502 -0.16661 0.005)
(0.409503 -0.16661 0.005)
(0.430503 -0.16661 0.005)
(0.451503 -0.16661 0.005)
(0.472503 -0.16661 0.005)
(0.493503 -0.16661 0.005)
(0.514503 -0.16661 0.005)
(-0.517091 -0.156714 0.005)
(-0.495985 -0.156714 0.005)
(-0.474879 -0.156714 0.005)
(-0.453774 -0.156714 0.005)
(-0.432668 -0.156714 0.005)
(-0.411562 -0.156714 0.005)
(-0.390456 -0.156714 0.005)
(-0.369351 -0.156714 0.005)
(-0.348245 -0.156714 0.005)
(-0.327139 -0.156714 0.005)
(-0.306033 -0.156714 0.005)
(-0.284928 -0.156714 0.005)
(-0.263822 -0.156714 0.005)
(-0.242716 -0.156714 0.005)
(-0.22161 -0.156714 0.005)
(-0.200505 -0.156714 0.005)
(-0.179399 -0.156714 0.005)
(-0.158293 -0.156714 0.005)
(-0.137187 -0.156714 0.005)
(-0.116082 -0.156714 0.005)
(-0.0949759 -0.156714 0.005)
(-0.0738701 -0.156714 0.005)
(-0.0527644 -0.156714 0.005)
(-0.0316586 -0.156714 0.005)
(-0.0105529 -0.156714 0.005)
(0.0105529 -0.156714 0.005)
(0.0316586 -0.156714 0.005)
(0.0527644 -0.156714 0.005)
(0.0738701 -0.156714 0.005)
(0.0949759 -0.156714 0.005)
(0.116082 -0.156714 0.005)
(0.137187 -0.156714 0.005)
(0.158293 -0.156714 0.005)
(0.179399 -0.156714 0.005)
(0.200505 -0.156714 0.005)
(0.22161 -0.156714 0.005)
(0.242716 -0.156714 0.005)
(0.263822 -0.156714 0.005)
(0.284928 -0.156714 0.005)
(0.306033 -0.156714 0.005)
(0.327139 -0.156714 0.005)
(0.348245 -0.156714 0.005)
(0.369351 -0.156714 0.005)
(0.390456 -0.156714 0.005)
(0.411562 -0.156714 0.005)
(0.432668 -0.156714 0.005)
(0.453774 -0.156714 0.005)
(0.474879 -0.156714 0.005)
(0.495985 -0.156714 0.005)
(0.517091 -0.156714 0.005)
(-0.51958 -0.146792 0.005)
(-0.498373 -0.146792 0.005)
(-0.477165 -0.146792 0.005)
(-0.455958 -0.146792 0.005)
(-0.434751 -0.146792 0.005)
(-0.413543 -0.146792 0.005)
(-0.392336 -0.146792 0.005)
(-0.371129 -0.146792 0.005)
(-0.349921 -0.146792 0.005)
(-0.328714 -0.146792 0.005)
(-0.307507 -0.146792 0.005)
(-0.286299 -0.146792 0.005)
(-0.265092 -0.146792 0.005)
(-0.243885 -0.146792 0.005)
(-0.222677 -0.146792 0.005)
(-0.20147 -0.146792 0.005)
(-0.180263 -0.146792 0.005)
(-0.159055 -0.146792 0.005)
(-0.137848 -0.146792 0.005)
(-0.11664 -0.146792 0.005)
(-0.0954331 -0.146792 0.005)
(-0.0742257 -0.146792 0.005)
(-0.0530184 -0.146792 0.005)
(-0.031811 -0.146792 0.005)
(-0.0106037 -0.146792 0.005)
(0.0106037 -0.146792 0.005)
(0.031811 -0.146792 0.005)
(0.0530184 -0.146792 0.005)
(0.0742257 -0.146792 0.005)
(0.0954331 -0.146792 0.005)
(0.11664 -0.146792 0.005)
(0.137848 -0.146792 0.005)
(0.159055 -0.146792 0.005)
(0.180263 -0.146792 0.005)
(0.20147 -0.146792 0.005)
(0.222677 -0.146792 0.005)
(0.243885 -0.146792 0.005)
(0.265092 -0.146792 0.005)
(0.286299 -0.146792 0.005)
(0.307507 -0.146792 0.005)
(0.328714 -0.146792 0.005)
(0.349921 -0.146792 0.005)
(0.371129 -0.146792 0.005)
(0.392336 -0.146792 0.005)
(0.413543 -0.146792 0.005)
(0.434751 -0.146792 0.005)
(0.455958 -0.146792 0.005)
(0.477165 -0.146792 0.005)
(0.498373 -0.146792 0.005)
(0.51958 -0.146792 0.005)
(-0.521961 -0.136842 0.005)
(-0.500656 -0.136842 0.005)
(-0.479352 -0.136842 0.005)
(-0.458047 -0.136842 0.005)
(-0.436743 -0.136842 0.005)
(-0.415438 -0.136842 0.005)
(-0.394134 -0.136842 0.005)
(-0.372829 -0.136842 0.005)
(-0.351525 -0.136842 0.005)
(-0.33022 -0.136842 0.005)
(-0.308916 -0.136842 0.005)
(-0.287611 -0.136842 0.005)
(-0.266307 -0.136842 0.005)
(-0.245002 -0.136842 0.005)
(-0.223698 -0.136842 0.005)
(-0.202393 -0.136842 0.005)
(-0.181088 -0.136842 0.005)
(-0.159784 -0.136842 0.005)
(-0.138479 -0.136842 0.005)
(-0.117175 -0.136842 0.005)
(-0.0958704 -0.136842 0.005)
(-0.0745659 -0.136842 0.005)
(-0.0532613 -0.136842 0.005)
(-0.0319568 -0.136842 0.005)
(-0.0106523 -0.136842 0.005)
(0.0106523 -0.136842 0.005)
(0.0319568 -0.136842 0.005)
(0.0532613 -0.136842 0.005)
(0.0745659 -0.136842 0.005)
(0.0958704 -0.136842 0.005)
(0.117175 -0.136842 0.005)
(0.138479 -0.136842 0.005)
(0.159784 -0.136842 0.005)
(0.181088 -0.136842 0.005)
(0.202393 -0.136842 0.005)
(0.223698 -0.136842 0.005)
(0.245002 -0.136842 0.005)
(0.266307 -0.136842 0.005)
(0.287611 -0.136842 0.005)
(0.308916 -0.136842 0.005)
(0.33022 -0.136842 0.005)
(0.351525 -0.136842 0.005)
(0.372829 -0.136842 0.005)
(0.394134 -0.136842 0.005)
(0.415438 -0.136842 0.005)
(0.436743 -0.136842 0.005)
(0.458047 -0.136842 0.005)
(0.479352 -0.136842 0.005)
(0.500656 -0.136842 0.005)
(0.521961 -0.136842 0.005)
(-0.524223 -0.126864 0.005)
(-0.502826 -0.126864 0.005)
(-0.481429 -0.126864 0.005)
(-0.460033 -0.126864 0.005)
(-0.438636 -0.126864 0.005)
(-0.417239 -0.126864 0.005)
(-0.395842 -0.126864 0.005)
(-0.374445 -0.126864 0.005)
(-0.353048 -0.126864 0.005)
(-0.331651 -0.126864 0.005)
(-0.310255 -0.126864 0.005)
(-0.288858 -0.126864 0.005)
(-0.267461 -0.126864 0.005)
(-0.246064 -0.126864 0.005)
(-0.224667 -0.126864 0.005)
(-0.20327 -0.126864 0.005)
(-0.181873 -0.126864 0.005)
(-0.160476 -0.126864 0.005)
(-0.13908 -0.126864 0.005)
(-0.117683 -0.126864 0.005)
(-0.0962859 -0.126864 0.005)
(-0.074889 -0.126864 0.005)
(-0.0534922 -0.126864 0.005)
(-0.0320953 -0.126864 0.005)
(-0.0106984 -0.126864 0.005)
(0.0106984 -0.126864 0.005)
(0.0320953 -0.126864 0.005)
(0.0534922 -0.126864 0.005)
(0.074889 -0.126864 0.005)
(0.0962859 -0.126864 0.005)
(0.117683 -0.126864 0.005)
(0.13908 -0.126864 0.005)
(0.160476 -0.126864 0.005)
(0.181873 -0.126864 0.005)
(0.20327 -0.126864 0.005)
(0.224667 -0.126864 0.005)
(0.246064 -0.126864 0.005)
(0.267461 -0.126864 0.005)
(0.288858 -0.126864 0.005)
(0.310255 -0.126864 0.005)
(0.331651 -0.126864 0.005)
(0.353048 -0.126864 0.005)
(0.374445 -0.126864 0.005)
(0.395842 -0.126864 0.005)
(0.417239 -0.126864 0.005)
(0.438636 -0.126864 0.005)
(0.460033 -0.126864 0.005)
(0.481429 -0.126864 0.005)
(0.502826 -0.126864 0.005)
(0.524223 -0.126864 0.005)
(-0.526357 -0.116856 0.005)
(-0.504873 -0.116856 0.005)
(-0.483389 -0.116856 0.005)
(-0.461905 -0.116856 0.005)
(-0.440421 -0.116856 0.005)
(-0.418937 -0.116856 0.005)
(-0.397453 -0.116856 0.005)
(-0.375969 -0.116856 0.005)
(-0.354485 -0.116856 0.005)
(-0.333001 -0.116856 0.005)
(-0.311517 -0.116856 0.005)
(-0.290033 -0.116856 0.005)
(-0.268549 -0.116856 0.005)
(-0.247066 -0.116856 0.005)
(-0.225582 -0.116856 0.005)
(-0.204098 -0.116856 0.005)
(-0.182614 -0.116856 0.005)
(-0.16113 -0.116856 0.005)
(-0.139646 -0.116856 0.005)
(-0.118162 -0.116856 0.005)
(-0.0966778 -0.116856 0.005)
(-0.0751939 -0.116856 0.005)
(-0.0537099 -0.116856 0.005)
(-0.0322259 -0.116856 0.005)
(-0.010742 -0.116856 0.005)
(0.010742 -0.116856 0.005)
(0.0322259 -0.116856 0.005)
(0.0537099 -0.116856 0.005)
(0.0751939 -0.116856 0.005)
(0.0966778 -0.116856 0.005)
(0.118162 -0.116856 0.005)
(0.139646 -0.116856 0.005)
(0.16113 -0.116856 0.005)
(0.182614 -0.116856 0.005)
(0.204098 -0.116856 0.005)
(0.225582 -0.116856 0.005)
(0.247066 -0.116856 0.005)
(0.268549 -0.116856 0.005)
(0.290033 -0.116856 0.005)
(0.311517 -0.116856 0.005)
(0.333001 -0.116856 0.005)
(0.354485 -0.116856 0.005)
(0.375969 -0.116856 0.005)
(0.397453 -0.116856 0.005)
(0.418937 -0.116856 0.005)
(0.440421 -0.116856 0.005)
(0.461905 -0.116856 0.005)
(0.483389 -0.116856 0.005)
(0.504873 -0.116856 0.005)
(0.526357 -0.116856 0.005)
(-0.528353 -0.106818 0.005)
(-0.506787 -0.106818 0.005)
(-0.485222 -0.106818 0.005)
(-0.463657 -0.106818 0.005)
(-0.442091 -0.106818 0.005)
(-0.420526 -0.106818 0.005)
(-0.39896 -0.106818 0.005)
(-0.377395 -0.106818 0.005)
(-0.355829 -0.106818 0.005)
(-0.334264 -0.106818 0.005)
(-0.312699 -0.106818 0.005)
(-0.291133 -0.106818 0.005)
(-0.269568 -0.106818 0.005)
(-0.248002 -0.106818 0.005)
(-0.226437 -0.106818 0.005)
(-0.204871 -0.106818 0.005)
(-0.183306 -0.106818 0.005)
(-0.161741 -0.106818 0.005)
(-0.140175 -0.106818 0.005)
(-0.11861 -0.106818 0.005)
(-0.0970444 -0.106818 0.005)
(-0.075479 -0.106818 0.005)
(-0.0539135 -0.106818 0.005)
(-0.0323481 -0.106818 0.005)
(-0.0107827 -0.106818 0.005)
(0.0107827 -0.106818 0.005)
(0.0323481 -0.106818 0.005)
(0.0539135 -0.106818 0.005)
(0.075479 -0.106818 0.005)
(0.0970444 -0.106818 0.005)
(0.11861 -0.106818 0.005)
(0.140175 -0.106818 0.005)
(0.161741 -0.106818 0.005)
(0.183306 -0.106818 0.005)
(0.204871 -0.106818 0.005)
(0.226437 -0.106818 0.005)
(0.248002 -0.106818 0.005)
(0.269568 -0.106818 0.005)
(0.291133 -0.106818 0.005)
(0.312699 -0.106818 0.005)
(0.334264 -0.106818 0.005)
(0.355829 -0.106818 0.005)
(0.377395 -0.106818 0.005)
(0.39896 -0.106818 0.005)
(0.420526 -0.106818 0.005)
(0.442091 -0.106818 0.005)
(0.463657 -0.106818 0.005)
(0.485222 -0.106818 0.005)
(0.506787 -0.106818 0.005)
(0.528353 -0.106818 0.005)
(-0.530201 -0.0967514 0.005)
(-0.50856 -0.0967514 0.005)
(-0.486919 -0.0967514 0.005)
(-0.465279 -0.0967514 0.005)
(-0.443638 -0.0967514 0.005)
(-0.421997 -0.0967514 0.005)
(-0.400356 -0.0967514 0.005)
(-0.378715 -0.0967514 0.005)
(-0.357074 -0.0967514 0.005)
(-0.335433 -0.0967514 0.005)
(-0.313793 -0.0967514 0.005)
(-0.292152 -0.0967514 0.005)
(-0.270511 -0.0967514 0.005)
(-0.24887 -0.0967514 0.005)
(-0.227229 -0.0967514 0.005)
(-0.205588 -0.0967514 0.005)
(-0.183947 -0.0967514 0.005)
(-0.162306 -0.0967514 0.005)
(-0.140666 -0.0967514 0.005)
(-0.119025 -0.0967514 0.005)
(-0.0973839 -0.0967514 0.005)
(-0.075743 -0.0967514 0.005)
(-0.0541022 -0.0967514 0.005)
(-0.0324613 -0.0967514 0.005)
(-0.0108204 -0.0967514 0.005)
(0.0108204 -0.0967514 0.005)
(0.0324613 -0.0967514 0.005)
(0.0541022 -0.0967514 0.005)
(0.075743 -0.0967514 0.005)
(0.0973839 -0.0967514 0.005)
(0.119025 -0.0967514 0.005)
(0.140666 -0.0967514 0.005)
(0.162306 -0.0967514 0.005)
(0.183947 -0.0967514 0.005)
(0.205588 -0.0967514 0.005)
(0.227229 -0.0967514 0.005)
(0.24887 -0.0967514 0.005)
(0.270511 -0.0967514 0.005)
(0.292152 -0.0967514 0.005)
(0.313793 -0.0967514 0.005)
(0.335433 -0.0967514 0.005)
(0.357074 -0.0967514 0.005)
(0.378715 -0.0967514 0.005)
(0.400356 -0.0967514 0.005)
(0.421997 -0.0967514 0.005)
(0.443638 -0.0967514 0.005)
(0.465279 -0.0967514 0.005)
(0.486919 -0.0967514 0.005)
(0.50856 -0.0967514 0.005)
(0.530201 -0.0967514 0.005)
(-0.531893 -0.0866562 0.005)
(-0.510183 -0.0866562 0.005)
(-0.488473 -0.0866562 0.005)
(-0.466764 -0.0866562 0.005)
(-0.445054 -0.0866562 0.005)
(-0.423344 -0.0866562 0.005)
(-0.401634 -0.0866562 0.005)
(-0.379924 -0.0866562 0.005)
(-0.358214 -0.0866562 0.005)
(-0.336504 -0.0866562 0.005)
(-0.314794 -0.0866562 0.005)
(-0.293084 -0.0866562 0.005)
(-0.271374 -0.0866562 0.005)
(-0.249664 -0.0866562 0.005)
(-0.227954 -0.0866562 0.005)
(-0.206244 -0.0866562 0.005)
(-0.184534 -0.0866562 0.005)
(-0.162824 -0.0866562 0.005)
(-0.141115 -0.0866562 0.005)
(-0.119405 -0.0866562 0.005)
(-0.0976947 -0.0866562 0.005)
(-0.0759848 -0.0866562 0.005)
(-0.0542748 -0.0866562 0.005)
(-0.0325649 -0.0866562 0.005)
(-0.010855 -0.0866562 0.005)
(0.010855 -0.0866562 0.005)
(0.0325649 -0.0866562 0.005)
(0.0542748 -0.0866562 0.005)
(0.0759848 -0.0866562 0.005)
(0.0976947 -0.0866562 0.005)
(0.119405 -0.0866562 0.005)
(0.141115 -0.0866562 0.005)
(0.162824 -0.0866562 0.005)
(0.184534 -0.0866562 0.005)
(0.206244 -0.0866562 0.005)
(0.227954 -0.0866562 0.005)
(0.249664 -0.0866562 0.005)
(0.271374 -0.0866562 0.005)
(0.293084 -0.0866562 0.005)
(0.314794 -0.0866562 0.005)
(0.336504 -0.0866562 0.005)
(0.358214 -0.0866562 0.005)
(0.379924 -0.0866562 0.005)
(0.401634 -0.0866562 0.005)
(0.423344 -0.0866562 0.005)
(0.445054 -0.0866562 0.005)
(0.466764 -0.0866562 0.005)
(0.488473 -0.0866562 0.005)
(0.510183 -0.0866562 0.005)
(0.531893 -0.0866562 0.005)
(-0.533421 -0.0765337 0.005)
(-0.511649 -0.0765337 0.005)
(-0.489876 -0.0765337 0.005)
(-0.468104 -0.0765337 0.005)
(-0.446332 -0.0765337 0.005)
(-0.424559 -0.0765337 0.005)
(-0.402787 -0.0765337 0.005)
(-0.381015 -0.0765337 0.005)
(-0.359243 -0.0765337 0.005)
(-0.33747 -0.0765337 0.005)
(-0.315698 -0.0765337 0.005)
(-0.293926 -0.0765337 0.005)
(-0.272153 -0.0765337 0.005)
(-0.250381 -0.0765337 0.005)
(-0.228609 -0.0765337 0.005)
(-0.206837 -0.0765337 0.005)
(-0.185064 -0.0765337 0.005)
(-0.163292 -0.0765337 0.005)
(-0.14152 -0.0765337 0.005)
(-0.119748 -0.0765337 0.005)
(-0.0979753 -0.0765337 0.005)
(-0.076203 -0.0765337 0.005)
(-0.0544307 -0.0765337 0.005)
(-0.0326584 -0.0765337 0.005)
(-0.0108861 -0.0765337 0.005)
(0.0108861 -0.0765337 0.005)
(0.0326584 -0.0765337 0.005)
(0.0544307 -0.0765337 0.005)
(0.076203 -0.0765337 0.005)
(0.0979753 -0.0765337 0.005)
(0.119748 -0.0765337 0.005)
(0.14152 -0.0765337 0.005)
(0.163292 -0.0765337 0.005)
(0.185064 -0.0765337 0.005)
(0.206837 -0.0765337 0.005)
(0.228609 -0.0765337 0.005)
(0.250381 -0.0765337 0.005)
(0.272153 -0.0765337 0.005)
(0.293926 -0.0765337 0.005)
(0.315698 -0.0765337 0.005)
(0.33747 -0.0765337 0.005)
(0.359243 -0.0765337 0.005)
(0.381015 -0.0765337 0.005)
(0.402787 -0.0765337 0.005)
(0.424559 -0.0765337 0.005)
(0.446332 -0.0765337 0.005)
(0.468104 -0.0765337 0.005)
(0.489876 -0.0765337 0.005)
(0.511649 -0.0765337 0.005)
(0.533421 -0.0765337 0.005)
(-0.534776 -0.0663859 0.005)
(-0.512948 -0.0663859 0.005)
(-0.491121 -0.0663859 0.005)
(-0.469293 -0.0663859 0.005)
(-0.447466 -0.0663859 0.005)
(-0.425638 -0.0663859 0.005)
(-0.40381 -0.0663859 0.005)
(-0.381983 -0.0663859 0.005)
(-0.360155 -0.0663859 0.005)
(-0.338328 -0.0663859 0.005)
(-0.3165 -0.0663859 0.005)
(-0.294672 -0.0663859 0.005)
(-0.272845 -0.0663859 0.005)
(-0.251017 -0.0663859 0.005)
(-0.22919 -0.0663859 0.005)
(-0.207362 -0.0663859 0.005)
(-0.185535 -0.0663859 0.005)
(-0.163707 -0.0663859 0.005)
(-0.141879 -0.0663859 0.005)
(-0.120052 -0.0663859 0.005)
(-0.0982241 -0.0663859 0.005)
(-0.0763966 -0.0663859 0.005)
(-0.054569 -0.0663859 0.005)
(-0.0327414 -0.0663859 0.005)
(-0.0109138 -0.0663859 0.005)
(0.0109138 -0.0663859 0.005)
(0.0327414 -0.0663859 0.005)
(0.054569 -0.0663859 0.005)
(0.0763966 -0.0663859 0.005)
(0.0982241 -0.0663859 0.005)
(0.120052 -0.0663859 0.005)
(0.141879 -0.0663859 0.005)
(0.163707 -0.0663859 0.005)
(0.185535 -0.0663859 0.005)
(0.207362 -0.0663859 0.005)
(0.22919 -0.0663859 0.005)
(0.251017 -0.0663859 0.005)
(0.272845 -0.0663859 0.005)
(0.294672 -0.0663859 0.005)
(0.3165 -0.0663859 0.005)
(0.338328 -0.0663859 0.005)
(0.360155 -0.0663859 0.005)
(0.381983 -0.0663859 0.005)
(0.40381 -0.0663859 0.005)
(0.425638 -0.0663859 0.005)
(0.447466 -0.0663859 0.005)
(0.469293 -0.0663859 0.005)
(0.491121 -0.0663859 0.005)
(0.512948 -0.0663859 0.005)
(0.534776 -0.0663859 0.005)
(-0.535952 -0.0562149 0.005)
(-0.514076 -0.0562149 0.005)
(-0.4922 -0.0562149 0.005)
(-0.470325 -0.0562149 0.005)
(-0.448449 -0.0562149 0.005)
(-0.426574 -0.0562149 0.005)
(-0.404698 -0.0562149 0.005)
(-0.382823 -0.0562149 0.005)
(-0.360947 -0.0562149 0.005)
(-0.339071 -0.0562149 0.005)
(-0.317196 -0.0562149 0.005)
(-0.29532 -0.0562149 0.005)
(-0.273445 -0.0562149 0.005)
(-0.251569 -0.0562149 0.005)
(-0.229694 -0.0562149 0.005)
(-0.207818 -0.0562149 0.005)
(-0.185942 -0.0562149 0.005)
(-0.164067 -0.0562149 0.005)
(-0.142191 -0.0562149 0.005)
(-0.120316 -0.0562149 0.005)
(-0.0984401 -0.0562149 0.005)
(-0.0765645 -0.0562149 0.005)
(-0.0546889 -0.0562149 0.005)
(-0.0328134 -0.0562149 0.005)
(-0.0109378 -0.0562149 0.005)
(0.0109378 -0.0562149 0.005)
(0.0328134 -0.0562149 0.005)
(0.0546889 -0.0562149 0.005)
(0.0765645 -0.0562149 0.005)
(0.0984401 -0.0562149 0.005)
(0.120316 -0.0562149 0.005)
(0.142191 -0.0562149 0.005)
(0.164067 -0.0562149 0.005)
(0.185942 -0.0562149 0.005)
(0.207818 -0.0562149 0.005)
(0.229694 -0.0562149 0.005)
(0.251569 -0.0562149 0.005)
(0.273445 -0.0562149 0.005)
(0.29532 -0.0562149 0.005)
(0.317196 -0.0562149 0.005)
(0.339071 -0.0562149 0.005)
(0.360947 -0.0562149 0.005)
(0.382823 -0.0562149 0.005)
(0.404698 -0.0562149 0.005)
(0.426574 -0.0562149 0.005)
(0.448449 -0.0562149 0.005)
(0.470325 -0.0562149 0.005)
(0.4922 -0.0562149 0.005)
(0.514076 -0.0562149 0.005)
(0.535952 -0.0562149 0.005)
(-0.536941 -0.0460235 0.005)
(-0.515025 -0.0460235 0.005)
(-0.493109 -0.0460235 0.005)
(-0.471193 -0.0460235 0.005)
(-0.449277 -0.0460235 0.005)
(-0.427361 -0.0460235 0.005)
(-0.405445 -0.0460235 0.005)
(-0.38353 -0.0460235 0.005)
(-0.361614 -0.0460235 0.005)
(-0.339698 -0.0460235 0.005)
(-0.317782 -0.0460235 0.005)
(-0.295866 -0.0460235 0.005)
(-0.27395 -0.0460235 0.005)
(-0.252034 -0.0460235 0.005)
(-0.230118 -0.0460235 0.005)
(-0.208202 -0.0460235 0.005)
(-0.186286 -0.0460235 0.005)
(-0.16437 -0.0460235 0.005)
(-0.142454 -0.0460235 0.005)
(-0.120538 -0.0460235 0.005)
(-0.0986219 -0.0460235 0.005)
(-0.0767059 -0.0460235 0.005)
(-0.0547899 -0.0460235 0.005)
(-0.032874 -0.0460235 0.005)
(-0.010958 -0.0460235 0.005)
(0.010958 -0.0460235 0.005)
(0.032874 -0.0460235 0.005)
(0.0547899 -0.0460235 0.005)
(0.0767059 -0.0460235 0.005)
(0.0986219 -0.0460235 0.005)
(0.120538 -0.0460235 0.005)
(0.142454 -0.0460235 0.005)
(0.16437 -0.0460235 0.005)
(0.186286 -0.0460235 0.005)
(0.208202 -0.0460235 0.005)
(0.230118 -0.0460235 0.005)
(0.252034 -0.0460235 0.005)
(0.27395 -0.0460235 0.005)
(0.295866 -0.0460235 0.005)
(0.317782 -0.0460235 0.005)
(0.339698 -0.0460235 0.005)
(0.361614 -0.0460235 0.005)
(0.38353 -0.0460235 0.005)
(0.405445 -0.0460235 0.005)
(0.427361 -0.0460235 0.005)
(0.449277 -0.0460235 0.005)
(0.471193 -0.0460235 0.005)
(0.493109 -0.0460235 0.005)
(0.515025 -0.0460235 0.005)
(0.536941 -0.0460235 0.005)
(-0.53774 -0.0358147 0.005)
(-0.515791 -0.0358147 0.005)
(-0.493843 -0.0358147 0.005)
(-0.471894 -0.0358147 0.005)
(-0.449946 -0.0358147 0.005)
(-0.427997 -0.0358147 0.005)
(-0.406049 -0.0358147 0.005)
(-0.3841 -0.0358147 0.005)
(-0.362151 -0.0358147 0.005)
(-0.340203 -0.0358147 0.005)
(-0.318254 -0.0358147 0.005)
(-0.296306 -0.0358147 0.005)
(-0.274357 -0.0358147 0.005)
(-0.252409 -0.0358147 0.005)
(-0.23046 -0.0358147 0.005)
(-0.208511 -0.0358147 0.005)
(-0.186563 -0.0358147 0.005)
(-0.164614 -0.0358147 0.005)
(-0.142666 -0.0358147 0.005)
(-0.120717 -0.0358147 0.005)
(-0.0987686 -0.0358147 0.005)
(-0.07682 -0.0358147 0.005)
(-0.0548714 -0.0358147 0.005)
(-0.0329229 -0.0358147 0.005)
(-0.0109743 -0.0358147 0.005)
(0.0109743 -0.0358147 0.005)
(0.0329229 -0.0358147 0.005)
(0.0548714 -0.0358147 0.005)
(0.07682 -0.0358147 0.005)
(0.0987686 -0.0358147 0.005)
(0.120717 -0.0358147 0.005)
(0.142666 -0.0358147 0.005)
(0.164614 -0.0358147 0.005)
(0.186563 -0.0358147 0.005)
(0.208511 -0.0358147 0.005)
(0.23046 -0.0358147 0.005)
(0.252409 -0.0358147 0.005)
(0.274357 -0.0358147 0.005)
(0.296306 -0.0358147 0.005)
(0.318254 -0.0358147 0.005)
(0.340203 -0.0358147 0.005)
(0.362151 -0.0358147 0.005)
(0.3841 -0.0358147 0.005)
(0.406049 -0.0358147 0.005)
(0.427997 -0.0358147 0.005)
(0.449946 -0.0358147 0.005)
(0.471894 -0.0358147 0.005)
(0.493843 -0.0358147 0.005)
(0.515791 -0.0358147 0.005)
(0.53774 -0.0358147 0.005)
(-0.538343 -0.0255921 0.005)
(-0.51637 -0.0255921 0.005)
(-0.494397 -0.0255921 0.005)
(-0.472423 -0.0255921 0.005)
(-0.45045 -0.0255921 0.005)
(-0.428477 -0.0255921 0.005)
(-0.406504 -0.0255921 0.005)
(-0.384531 -0.0255921 0.005)
(-0.362557 -0.0255921 0.005)
(-0.340584 -0.0255921 0.005)
(-0.318611 -0.0255921 0.005)
(-0.296638 -0.0255921 0.005)
(-0.274665 -0.0255921 0.005)
(-0.252692 -0.0255921 0.005)
(-0.230718 -0.0255921 0.005)
(-0.208745 -0.0255921 0.005)
(-0.186772 -0.0255921 0.005)
(-0.164799 -0.0255921 0.005)
(-0.142826 -0.0255921 0.005)
(-0.120852 -0.0255921 0.005)
(-0.0988793 -0.0255921 0.005)
(-0.0769061 -0.0255921 0.005)
(-0.0549329 -0.0255921 0.005)
(-0.0329598 -0.0255921 0.005)
(-0.0109866 -0.0255921 0.005)
(0.0109866 -0.0255921 0.005)
(0.0329598 -0.0255921 0.005)
(0.0549329 -0.0255921 0.005)
(0.0769061 -0.0255921 0.005)
(0.0988793 -0.0255921 0.005)
(0.120852 -0.0255921 0.005)
(0.142826 -0.0255921 0.005)
(0.164799 -0.0255921 0.005)
(0.186772 -0.0255921 0.005)
(0.208745 -0.0255921 0.005)
(0.230718 -0.0255921 0.005)
(0.252692 -0.0255921 0.005)
(0.274665 -0.0255921 0.005)
(0.296638 -0.0255921 0.005)
(0.318611 -0.0255921 0.005)
(0.340584 -0.0255921 0.005)
(0.362557 -0.0255921 0.005)
(0.384531 -0.0255921 0.005)
(0.406504 -0.0255921 0.005)
(0.428477 -0.0255921 0.005)
(0.45045 -0.0255921 0.005)
(0.472423 -0.0255921 0.005)
(0.494397 -0.0255921 0.005)
(0.51637 -0.0255921 0.005)
(0.538343 -0.0255921 0.005)
(-0.538747 -0.0153594 0.005)
(-0.516757 -0.0153594 0.005)
(-0.494767 -0.0153594 0.005)
(-0.472778 -0.0153594 0.005)
(-0.450788 -0.0153594 0.005)
(-0.428798 -0.0153594 0.005)
(-0.406809 -0.0153594 0.005)
(-0.384819 -0.0153594 0.005)
(-0.362829 -0.0153594 0.005)
(-0.34084 -0.0153594 0.005)
(-0.31885 -0.0153594 0.005)
(-0.29686 -0.0153594 0.005)
(-0.274871 -0.0153594 0.005)
(-0.252881 -0.0153594 0.005)
(-0.230891 -0.0153594 0.005)
(-0.208902 -0.0153594 0.005)
(-0.186912 -0.0153594 0.005)
(-0.164922 -0.0153594 0.005)
(-0.142933 -0.0153594 0.005)
(-0.120943 -0.0153594 0.005)
(-0.0989535 -0.0153594 0.005)
(-0.0769638 -0.0153594 0.005)
(-0.0549742 -0.0153594 0.005)
(-0.0329845 -0.0153594 0.005)
(-0.0109948 -0.0153594 0.005)
(0.0109948 -0.0153594 0.005)
(0.0329845 -0.0153594 0.005)
(0.0549742 -0.0153594 0.005)
(0.0769638 -0.0153594 0.005)
(0.0989535 -0.0153594 0.005)
(0.120943 -0.0153594 0.005)
(0.142933 -0.0153594 0.005)
(0.164922 -0.0153594 0.005)
(0.186912 -0.0153594 0.005)
(0.208902 -0.0153594 0.005)
(0.230891 -0.0153594 0.005)
(0.252881 -0.0153594 0.005)
(0.274871 -0.0153594 0.005)
(0.29686 -0.0153594 0.005)
(0.31885 -0.0153594 0.005)
(0.34084 -0.0153594 0.005)
(0.362829 -0.0153594 0.005)
(0.384819 -0.0153594 0.005)
(0.406809 -0.0153594 0.005)
(0.428798 -0.0153594 0.005)
(0.450788 -0.0153594 0.005)
(0.472778 -0.0153594 0.005)
(0.494767 -0.0153594 0.005)
(0.516757 -0.0153594 0.005)
(0.538747 -0.0153594 0.005)
(-0.538949 -0.00512048 0.005)
(-0.516951 -0.00512048 0.005)
(-0.494953 -0.00512048 0.005)
(-0.472955 -0.00512048 0.005)
(-0.450958 -0.00512048 0.005)
(-0.42896 -0.00512048 0.005)
(-0.406962 -0.00512048 0.005)
(-0.384964 -0.00512048 0.005)
(-0.362966 -0.00512048 0.005)
(-0.340968 -0.00512048 0.005)
(-0.31897 -0.00512048 0.005)
(-0.296972 -0.00512048 0.005)
(-0.274974 -0.00512048 0.005)
(-0.252976 -0.00512048 0.005)
(-0.230978 -0.00512048 0.005)
(-0.20898 -0.00512048 0.005)
(-0.186982 -0.00512048 0.005)
(-0.164984 -0.00512048 0.005)
(-0.142987 -0.00512048 0.005)
(-0.120989 -0.00512048 0.005)
(-0.0989907 -0.00512048 0.005)
(-0.0769928 -0.00512048 0.005)
(-0.0549948 -0.00512048 0.005)
(-0.0329969 -0.00512048 0.005)
(-0.010999 -0.00512048 0.005)
(0.010999 -0.00512048 0.005)
(0.0329969 -0.00512048 0.005)
(0.0549948 -0.00512048 0.005)
(0.0769928 -0.00512048 0.005)
(0.0989907 -0.00512048 0.005)
(0.120989 -0.00512048 0.005)
(0.142987 -0.00512048 0.005)
(0.164984 -0.00512048 0.005)
(0.186982 -0.00512048 0.005)
(0.20898 -0.00512048 0.005)
(0.230978 -0.00512048 0.005)
(0.252976 -0.00512048 0.005)
(0.274974 -0.00512048 0.005)
(0.296972 -0.00512048 0.005)
(0.31897 -0.00512048 0.005)
(0.340968 -0.00512048 0.005)
(0.362966 -0.00512048 0.005)
(0.384964 -0.00512048 0.005)
(0.406962 -0.00512048 0.005)
(0.42896 -0.00512048 0.005)
(0.450958 -0.00512048 0.005)
(0.472955 -0.00512048 0.005)
(0.494953 -0.00512048 0.005)
(0.516951 -0.00512048 0.005)
(0.538949 -0.00512048 0.005)
(-0.538949 0.00512048 0.005)
(-0.516951 0.00512048 0.005)
(-0.494953 0.00512048 0.005)
(-0.472955 0.00512048 0.005)
(-0.450958 0.00512048 0.005)
(-0.42896 0.00512048 0.005)
(-0.406962 0.00512048 0.005)
(-0.384964 0.00512048 0.005)
(-0.362966 0.00512048 0.005)
(-0.340968 0.00512048 0.005)
(-0.31897 0.00512048 0.005)
(-0.296972 0.00512048 0.005)
(-0.274974 0.00512048 0.005)
(-0.252976 0.00512048 0.005)
(-0.230978 0.00512048 0.005)
(-0.20898 0.00512048 0.005)
(-0.186982 0.00512048 0.005)
(-0.164984 0.00512048 0.005)
(-0.142987 0.00512048 0.005)
(-0.120989 0.00512048 0.005)
(-0.0989907 0.00512048 0.005)
(-0.0769928 0.00512048 0.005)
(-0.0549948 0.00512048 0.005)
(-0.0329969 0.00512048 0.005)
(-0.010999 0.00512048 0.005)
(0.010999 0.00512048 0.005)
(0.0329969 0.00512048 0.005)
(0.0549948 0.00512048 0.005)
(0.0769928 0.00512048 0.005)
(0.0989907 0.00512048 0.005)
(0.120989 0.00512048 0.005)
(0.142987 0.00512048 0.005)
(0.164984 0.00512048 0.005)
(0.186982 0.00512048 0.005)
(0.20898 0.00512048 0.005)
(0.230978 0.00512048 0.005)
(0.252976 0.00512048 0.005)
(0.274974 0.00512048 0.005)
(0.296972 0.00512048 0.005)
(0.31897 0.00512048 0.005)
(0.340968 0.00512048 0.005)
(0.362966 0.00512048 0.005)
(0.384964 0.00512048 0.005)
(0.406962 0.00512048 0.005)
(0.42896 0.00512048 0.005)
(0.450958 0.00512048 0.005)
(0.472955 0.00512048 0.005)
(0.494953 0.00512048 0.005)
(0.516951 0.00512048 0.005)
(0.538949 0.00512048 0.005)
(-0.538747 0.0153594 0.005)
(-0.516757 0.0153594 0.005)
(-0.494767 0.0153594 0.005)
(-0.472778 0.0153594 0.005)
(-0.450788 0.0153594 0.005)
(-0.428798 0.0153594 0.005)
(-0.406809 0.0153594 0.005)
(-0.384819 0.0153594 0.005)
(-0.362829 0.0153594 0.005)
(-0.34084 0.0153594 0.005)
(-0.31885 0.0153594 0.005)
(-0.29686 0.0153594 0.005)
(-0.274871 0.0153594 0.005)
(-0.252881 0.0153594 0.005)
(-0.230891 0.0153594 0.005)
(-0.208902 0.0153594 0.005)
(-0.186912 0.0153594 0.005)
(-0.164922 0.0153594 0.005)
(-0.142933 0.0153594 0.005)
(-0.120943 0.0153594 0.005)
(-0.0989535 0.0153594 0.005)
(-0.0769638 0.0153594 0.005)
(-0.0549742 0.0153594 0.005)
(-0.0329845 0.0153594 0.005)
(-0.0109948 0.0153594 0.005)
(0.0109948 0.0153594 0.005)
(0.0329845 0.0153594 0.005)
(0.0549742 0.0153594 0.005)
(0.0769638 0.0153594 0.005)
(0.0989535 0.0153594 0.005)
(0.120943 0.0153594 0.005)
(0.142933 0.0153594 0.005)
(0.164922 0.0153594 0.005)
(0.186912 0.0153594 0.005)
(0.208902 0.0153594 0.005)
(0.230891 0.0153594 0.005)
(0.252881 0.0153594 0.005)
(0.274871 0.0153594 0.005)
(0.29686 0.0153594 0.005)
(0.31885 0.0153594 0.005)
(0.34084 0.0153594 0.005)
(0.362829 0.0153594 0.005)
(0.384819 0.0153594 0.005)
(0.406809 0.0153594 0.005)
(0.428798 0.0153594 0.005)
(0.450788 0.0153594 0.005)
(0.472778 0.0153594 0.005)
(0.494767 0.0153594 0.005)
(0.516757 0.0153594 0.005)
(0.538747 0.0153594 0.005)
(-0.538343 0.0255921 0.005)
(-0.51637 0.0255921 0.005)
(-0.494397 0.0255921 0.005)
(-0.472423 0.0255921 0.005)
(-0.45045 0.0255921 0.005)
(-0.428477 0.0255921 0.005)
(-0.406504 0.0255921 0.005)
(-0.384531 0.0255921 0.005)
(-0.362557 0.0255921 0.005)
(-0.340584 0.0255921 0.005)
(-0.318611 0.0255921 0.005)
(-0.296638 0.0255921 0.005)
(-0.274665 0.0255921 0.005)
(-0.252692 0.0255921 0.005)
(-0.230718 0.0255921 0.005)
(-0.208745 0.0255921 0.005)
(-0.186772 0.0255921 0.005)
(-0.164799 0.0255921 0.005)
(-0.142826 0.0255921 0.005)
(-0.120852 0.0255921 0.005)
(-0.0988793 0.0255921 0.005)
(-0.0769061 0.0255921 0.005)
(-0.0549329 0.0255921 0.005)
(-0.0329598 0.0255921 0.005)
(-0.0109866 0.0255921 0.005)
(0.0109866 0.0255921 0.005)
(0.0329598 0.0255921 0.005)
(0.0549329 0.0255921 0.005)
(0.0769061 0.0255921 0.005)
(0.0988793 0.0255921 0.005)
(0.120852 0.0255921 0.005)
(0.142826 0.0255921 0.005)
(0.164799 0.0255921 0.005)
(0.186772 0.0255921 0.005)
(0.208745 0.0255921 0.005)
(0.230718 0.0255921 0.005)
(0.252692 0.0255921 0.005)
(0.274665 0.0255921 0.005)
(0.296638 0.0255921 0.005)
(0.318611 0.0255921 0.005)
(0.340584 0.0255921 0.005)
(0.362557 0.0255921 0.005)
(0.384531 0.0255921 0.005)
(0.406504 0.0255921 0.005)
(0.428477 0.0255921 0.005)
(0.45045 0.0255921 0.005)
(0.472423 0.0255921 0.005)
(0.494397 0.0255921 0.005)
(0.51637 0.0255921 0.005)
(0.538343 0.0255921 0.005)
(-0.53774 0.0358147 0.005)
(-0.515791 0.0358147 0.005)
(-0.493843 0.0358147 0.005)
(-0.471894 0.0358147 0.005)
(-0.449946 0.0358147 0.005)
(-0.427997 0.0358147 0.005)
(-0.406049 0.0358147 0.005)
(-0.3841 0.0358147 0.005)
(-0.362151 0.0358147 0.005)
(-0.340203 0.0358147 0.005)
(-0.318254 0.0358147 0.005)
(-0.296306 0.0358147 0.005)
(-0.274357 0.0358147 0.005)
(-0.252409 0.0358147 0.005)
(-0.23046 0.0358147 0.005)
(-0.208511 0.0358147 0.005)
(-0.186563 0.0358147 0.005)
(-0.164614 0.0358147 0.005)
(-0.142666 0.0358147 0.005)
(-0.120717 0.0358147 0.005)
(-0.0987686 0.0358147 0.005)
(-0.07682 0.0358147 0.005)
(-0.0548714 0.0358147 0.005)
(-0.0329229 0.0358147 0.005)
(-0.0109743 0.0358147 0.005)
(0.0109743 0.0358147 0.005)
(0.0329229 0.0358147 0.005)
(0.0548714 0.0358147 0.005)
(0.07682 0.0358147 0.005)
(0.0987686 0.0358147 0.005)
(0.120717 0.0358147 0.005)
(0.142666 0.0358147 0.005)
(0.164614 0.0358147 0.005)
(0.186563 0.0358147 0.005)
(0.208511 0.0358147 0.005)
(0.23046 0.0358147 0.005)
(0.252409 0.0358147 0.005)
(0.274357 0.0358147 0.005)
(0.296306 0.0358147 0.005)
(0.318254 0.0358147 0.005)
(0.340203 0.0358147 0.005)
(0.362151 0.0358147 0.005)
(0.3841 0.0358147 0.005)
(0.406049 0.0358147 0.005)
(0.427997 0.0358147 0.005)
(0.449946 0.0358147 0.005)
(0.471894 0.0358147 0.005)
(0.493843 0.0358147 0.005)
(0.515791 0.0358147 0.005)
(0.53774 0.0358147 0.005)
(-0.536941 0.0460235 0.005)
(-0.515025 0.0460235 0.005)
(-0.493109 0.0460235 0.005)
(-0.471193 0.0460235 0.005)
(-0.449277 0.0460235 0.005)
(-0.427361 0.0460235 0.005)
(-0.405445 0.0460235 0.005)
(-0.38353 0.0460235 0.005)
(-0.361614 0.0460235 0.005)
(-0.339698 0.0460235 0.005)
(-0.317782 0.0460235 0.005)
(-0.295866 0.0460235 0.005)
(-0.27395 0.0460235 0.005)
(-0.252034 0.0460235 0.005)
(-0.230118 0.0460235 0.005)
(-0.208202 0.0460235 0.005)
(-0.186286 0.0460235 0.005)
(-0.16437 0.0460235 0.005)
(-0.142454 0.0460235 0.005)
(-0.120538 0.0460235 0.005)
(-0.0986219 0.0460235 0.005)
(-0.0767059 0.0460235 0.005)
(-0.0547899 0.0460235 0.005)
(-0.032874 0.0460235 0.005)
(-0.010958 0.0460235 0.005)
(0.010958 0.0460235 0.005)
(0.032874 0.0460235 0.005)
(0.0547899 0.0460235 0.005)
(0.0767059 0.0460235 0.005)
(0.0986219 0.0460235 0.005)
(0.120538 0.0460235 0.005)
(0.142454 0.0460235 0.005)
(0.16437 0.0460235 0.005)
(0.186286 0.0460235 0.005)
(0.208202 0.0460235 0.005)
(0.230118 0.0460235 0.005)
(0.252034 0.0460235 0.005)
(0.27395 0.0460235 0.005)
(0.295866 0.0460235 0.005)
(0.317782 0.0460235 0.005)
(0.339698 0.0460235 0.005)
(0.361614 0.0460235 0.005)
(0.38353 0.0460235 0.005)
(0.405445 0.0460235 0.005)
(0.427361 0.0460235 0.005)
(0.449277 0.0460235 0.005)
(0.471193 0.0460235 0.005)
(0.493109 0.0460235 0.005)
(0.515025 0.0460235 0.005)
(0.536941 0.0460235 0.005)
(-0.535952 0.0562149 0.005)
(-0.514076 0.0562149 0.005)
(-0.4922 0.0562149 0.005)
(-0.470325 0.0562149 0.005)
(-0.448449 0.0562149 0.005)
(-0.426574 0.0562149 0.005)
(-0.404698 0.0562149 0.005)
(-0.382823 0.0562149 0.005)
(-0.360947 0.0562149 0.005)
(-0.339071 0.0562149 0.005)
(-0.317196 0.0562149 0.005)
(-0.29532 0.0562149 0.005)
(-0.273445 0.0562149 0.005)
(-0.251569 0.0562149 0.005)
(-0.229694 0.0562149 0.005)
(-0.207818 0.0562149 0.005)
(-0.185942 0.0562149 0.005)
(-0.164067 0.0562149 0.005)
(-0.142191 0.0562149 0.005)
(-0.120316 0.0562149 0.005)
(-0.0984401 0.0562149 0.005)
(-0.0765645 0.0562149 0.005)
(-0.0546889 0.0562149 0.005)
(-0.0328134 0.0562149 0.005)
(-0.0109378 0.0562149 0.005)
(0.0109378 0.0562149 0.005)
(0.0328134 0.0562149 0.005)
(0.0546889 0.0562149 0.005)
(0.0765645 0.0562149 0.005)
(0.0984401 0.0562149 0.005)
(0.120316 0.0562149 0.005)
(0.142191 0.0562149 0.005)
(0.164067 0.0562149 0.005)
(0.185942 0.0562149 0.005)
(0.207818 0.0562149 0.005)
(0.229694 0.0562149 0.005)
(0.251569 0.0562149 0.005)
(0.273445 0.0562149 0.005)
(0.29532 0.0562149 0.005)
(0.317196 0.0562149 0.005)
(0.339071 0.0562149 0.005)
(0.360947 0.0562149 0.005)
(0.382823 0.0562149 0.005)
(0.404698 0.0562149 0.005)
(0.426574 0.0562149 0.005)
(0.448449 0.0562149 0.005)
(0.470325 0.0562149 0.005)
(0.4922 0.0562149 0.005)
(0.514076 0.0562149 0.005)
(0.535952 0.0562149 0.005)
(-0.534776 0.0663859 0.005)
(-0.512948 0.0663859 0.005)
(-0.491121 0.0663859 0.005)
(-0.469293 0.0663859 0.005)
(-0.447466 0.0663859 0.005)
(-0.425638 0.0663859 0.005)
(-0.40381 0.0663859 0.005)
(-0.381983 0.0663859 0.005)
(-0.360155 0.0663859 0.005)
(-0.338328 0.0663859 0.005)
(-0.3165 0.0663859 0.005)
(-0.294672 0.0663859 0.005)
(-0.272845 0.0663859 0.005)
(-0.251017 0.0663859 0.005)
(-0.22919 0.0663859 0.005)
(-0.207362 0.0663859 0.005)
(-0.185535 0.0663859 0.005)
(-0.163707 0.0663859 0.005)
(-0.141879 0.0663859 0.005)
(-0.120052 0.0663859 0.005)
(-0.0982241 0.0663859 0.005)
(-0.0763966 0.0663859 0.005)
(-0.054569 0.0663859 0.005)
(-0.0327414 0.0663859 0.005)
(-0.0109138 0.0663859 0.005)
(0.0109138 0.0663859 0.005)
(0.0327414 0.0663859 0.005)
(0.054569 0.0663859 0.005)
(0.0763966 0.0663859 0.005)
(0.0982241 0.0663859 0.005)
(0.120052 0.0663859 0.005)
(0.141879 0.0663859 0.005)
(0.163707 0.0663859 0.005)
(0.185535 0.0663859 0.005)
(0.207362 0.0663859 0.005)
(0.22919 0.0663859 0.005)
(0.251017 0.0663859 0.005)
(0.272845 0.0663859 0.005)
(0.294672 0.0663859 0.005)
(0.3165 0.0663859 0.005)
(0.338328 0.0663859 0.005)
(0.360155 0.0663859 0.005)
(0.381983 0.0663859 0.005)
(0.40381 0.0663859 0.005)
(0.425638 0.0663859 0.005)
(0.447466 0.0663859 0.005)
(0.469293 0.0663859 0.005)
(0.491121 0.0663859 0.005)
(0.512948 0.0663859 0.005)
(0.534776 0.0663859 0.005)
(-0.533421 0.0765337 0.005)
(-0.511649 0.0765337 0.005)
(-0.489876 0.0765337 0.005)
(-0.468104 0.0765337 0.005)
(-0.446332 0.0765337 0.005)
(-0.424559 0.0765337 0.005)
(-0.402787 0.0765337 0.005)
(-0.381015 0.0765337 0.005)
(-0.359243 0.0765337 0.005)
(-0.33747 0.0765337 0.005)
(-0.315698 0.0765337 0.005)
(-0.293926 0.0765337 0.005)
(-0.272153 0.0765337 0.005)
(-0.250381 0.0765337 0.005)
(-0.228609 0.0765337 0.005)
(-0.206837 0.0765337 0.005)
(-0.185064 0.0765337 0.005)
(-0.163292 0.0765337 0.005)
(-0.14152 0.0765337 0.005)
(-0.119748 0.0765337 0.005)
(-0.0979753 0.0765337 0.005)
(-0.076203 0.0765337 0.005)
(-0.0544307 0.0765337 0.005)
(-0.0326584 0.0765337 0.005)
(-0.0108861 0.0765337 0.005)
(0.0108861 0.0765337 0.005)
(0.0326584 0.0765337 0.005)
(0.0544307 0.0765337 0.005)
(0.076203 0.0765337 0.005)
(0.0979753 0.0765337 0.005)
(0.119748 0.0765337 0.005)
(0.14152 0.0765337 0.005)
(0.163292 0.0765337 0.005)
(0.185064 0.0765337 0.005)
(0.206837 0.0765337 0.005)
(0.228609 0.0765337 0.005)
(0.250381 0.0765337 0.005)
(0.272153 0.0765337 0.005)
(0.293926 0.0765337 0.005)
(0.315698 0.0765337 0.005)
(0.33747 0.0765337 0.005)
(0.359243 0.0765337 0.005)
(0.381015 0.0765337 0.005)
(0.402787 0.0765337 0.005)
(0.424559 0.0765337 0.005)
(0.446332 0.0765337 0.005)
(0.468104 0.0765337 0.005)
(0.489876 0.0765337 0.005)
(0.511649 0.0765337 0.005)
(0.533421 0.0765337 0.005)
(-0.531893 0.0866562 0.005)
(-0.510183 0.0866562 0.005)
(-0.488473 0.0866562 0.005)
(-0.466764 0.0866562 0.005)
(-0.445054 0.0866562 0.005)
(-0.423344 0.0866562 0.005)
(-0.401634 0.0866562 0.005)
(-0.379924 0.0866562 0.005)
(-0.358214 0.0866562 0.005)
(-0.336504 0.0866562 0.005)
(-0.314794 0.0866562 0.005)
(-0.293084 0.0866562 0.005)
(-0.271374 0.0866562 0.005)
(-0.249664 0.0866562 0.005)
(-0.227954 0.0866562 0.005)
(-0.206244 0.0866562 0.005)
(-0.184534 0.0866562 0.005)
(-0.162824 0.0866562 0.005)
(-0.141115 0.0866562 0.005)
(-0.119405 0.0866562 0.005)
(-0.0976947 0.0866562 0.005)
(-0.0759848 0.0866562 0.005)
(-0.0542748 0.0866562 0.005)
(-0.0325649 0.0866562 0.005)
(-0.010855 0.0866562 0.005)
(0.010855 0.0866562 0.005)
(0.0325649 0.0866562 0.005)
(0.0542748 0.0866562 0.005)
(0.0759848 0.0866562 0.005)
(0.0976947 0.0866562 0.005)
(0.119405 0.0866562 0.005)
(0.141115 0.0866562 0.005)
(0.162824 0.0866562 0.005)
(0.184534 0.0866562 0.005)
(0.206244 0.0866562 0.005)
(0.227954 0.0866562 0.005)
(0.249664 0.0866562 0.005)
(0.271374 0.0866562 0.005)
(0.293084 0.0866562 0.005)
(0.314794 0.0866562 0.005)
(0.336504 0.0866562 0.005)
(0.358214 0.0866562 0.005)
(0.379924 0.0866562 0.005)
(0.401634 0.0866562 0.005)
(0.423344 0.0866562 0.005)
(0.445054 0.0866562 0.005)
(0.466764 0.0866562 0.005)
(0.488473 0.0866562 0.005)
(0.510183 0.0866562 0.005)
(0.531893 0.0866562 0.005)
(-0.530201 0.0967514 0.005)
(-0.50856 0.0967514 0.005)
(-0.486919 0.0967514 0.005)
(-0.465279 0.0967514 0.005)
(-0.443638 0.0967514 0.005)
(-0.421997 0.0967514 0.005)
(-0.400356 0.0967514 0.005)
(-0.378715 0.0967514 0.005)
(-0.357074 0.0967514 0.005)
(-0.335433 0.0967514 0.005)
(-0.313793 0.0967514 0.005)
(-0.292152 0.0967514 0.005)
(-0.270511 0.0967514 0.005)
(-0.24887 0.0967514 0.005)
(-0.227229 0.0967514 0.005)
(-0.205588 0.0967514 0.005)
(-0.183947 0.0967514 0.005)
(-0.162306 0.0967514 0.005)
(-0.140666 0.0967514 0.005)
(-0.119025 0.0967514 0.005)
(-0.0973839 0.0967514 0.005)
(-0.075743 0.0967514 0.005)
(-0.0541022 0.0967514 0.005)
(-0.0324613 0.0967514 0.005)
(-0.0108204 0.0967514 0.005)
(0.0108204 0.0967514 0.005)
(0.0324613 0.0967514 0.005)
(0.0541022 0.0967514 0.005)
(0.075743 0.0967514 0.005)
(0.0973839 0.0967514 0.005)
(0.119025 0.0967514 0.005)
(0.140666 0.0967514 0.005)
(0.162306 0.0967514 0.005)
(0.183947 0.0967514 0.005)
(0.205588 0.0967514 0.005)
(0.227229 0.0967514 0.005)
(0.24887 0.0967514 0.005)
(0.270511 0.0967514 0.005)
(0.292152 0.0967514 0.005)
(0.313793 0.0967514 0.005)
(0.335433 0.0967514 0.005)
(0.357074 0.0967514 0.005)
(0.378715 0.0967514 0.005)
(0.400356 0.0967514 0.005)
(0.421997 0.0967514 0.005)
(0.443638 0.0967514 0.005)
(0.465279 0.0967514 0.005)
(0.486919 0.0967514 0.005)
(0.50856 0.0967514 0.005)
(0.530201 0.0967514 0.005)
(-0.528353 0.106818 0.005)
(-0.506787 0.106818 0.005)
(-0.485222 0.106818 0.005)
(-0.463657 0.106818 0.005)
(-0.442091 0.106818 0.005)
(-0.420526 0.106818 0.005)
(-0.39896 0.106818 0.005)
(-0.377395 0.106818 0.005)
(-0.355829 0.106818 0.005)
(-0.334264 0.106818 0.005)
(-0.312699 0.106818 0.005)
(-0.291133 0.106818 0.005)
(-0.269568 0.106818 0.005)
(-0.248002 0.106818 0.005)
(-0.226437 0.106818 0.005)
(-0.204871 0.106818 0.005)
(-0.183306 0.106818 0.005)
(-0.161741 0.106818 0.005)
(-0.140175 0.106818 0.005)
(-0.11861 0.106818 0.005)
(-0.0970444 0.106818 0.005)
(-0.075479 0.106818 0.005)
(-0.0539135 0.106818 0.005)
(-0.0323481 0.106818 0.005)
(-0.0107827 0.106818 0.005)
(0.0107827 0.106818 0.005)
(0.0323481 0.106818 0.005)
(0.0539135 0.106818 0.005)
(0.075479 0.106818 0.005)
(0.0970444 0.106818 0.005)
(0.11861 0.106818 0.005)
(0.140175 0.106818 0.005)
(0.161741 0.106818 0.005)
(0.183306 0.106818 0.005)
(0.204871 0.106818 0.005)
(0.226437 0.106818 0.005)
(0.248002 0.106818 0.005)
(0.269568 0.106818 0.005)
(0.291133 0.106818 0.005)
(0.312699 0.106818 0.005)
(0.334264 0.106818 0.005)
(0.355829 0.106818 0.005)
(0.377395 0.106818 0.005)
(0.39896 0.106818 0.005)
(0.420526 0.106818 0.005)
(0.442091 0.106818 0.005)
(0.463657 0.106818 0.005)
(0.485222 0.106818 0.005)
(0.506787 0.106818 0.005)
(0.528353 0.106818 0.005)
(-0.526357 0.116856 0.005)
(-0.504873 0.116856 0.005)
(-0.483389 0.116856 0.005)
(-0.461905 0.116856 0.005)
(-0.440421 0.116856 0.005)
(-0.418937 0.116856 0.005)
(-0.397453 0.116856 0.005)
(-0.375969 0.116856 0.005)
(-0.354485 0.116856 0.005)
(-0.333001 0.116856 0.005)
(-0.311517 0.116856 0.005)
(-0.290033 0.116856 0.005)
(-0.268549 0.116856 0.005)
(-0.247066 0.116856 0.005)
(-0.225582 0.116856 0.005)
(-0.204098 0.116856 0.005)
(-0.182614 0.116856 0.005)
(-0.16113 0.116856 0.005)
(-0.139646 0.116856 0.005)
(-0.118162 0.116856 0.005)
(-0.0966778 0.116856 0.005)
(-0.0751939 0.116856 0.005)
(-0.0537099 0.116856 0.005)
(-0.0322259 0.116856 0.005)
(-0.010742 0.116856 0.005)
(0.010742 0.116856 0.005)
(0.0322259 0.116856 0.005)
(0.0537099 0.116856 0.005)
(0.0751939 0.116856 0.005)
(0.0966778 0.116856 0.005)
(0.118162 0.116856 0.005)
(0.139646 0.116856 0.005)
(0.16113 0.116856 0.005)
(0.182614 0.116856 0.005)
(0.204098 0.116856 0.005)
(0.225582 0.116856 0.005)
(0.247066 0.116856 0.005)
(0.268549 0.116856 0.005)
(0.290033 0.116856 0.005)
(0.311517 0.116856 0.005)
(0.333001 0.116856 0.005)
(0.354485 0.116856 0.005)
(0.375969 0.116856 0.005)
(0.397453 0.116856 0.005)
(0.418937 0.116856 0.005)
(0.440421 0.116856 0.005)
(0.461905 0.116856 0.005)
(0.483389 0.116856 0.005)
(0.504873 0.116856 0.005)
(0.526357 0.116856 0.005)
(-0.524223 0.126864 0.005)
(-0.502826 0.126864 0.005)
(-0.481429 0.126864 0.005)
(-0.460033 0.126864 0.005)
(-0.438636 0.126864 0.005)
(-0.417239 0.126864 0.005)
(-0.395842 0.126864 0.005)
(-0.374445 0.126864 0.005)
(-0.353048 0.126864 0.005)
(-0.331651 0.126864 0.005)
(-0.310255 0.126864 0.005)
(-0.288858 0.126864 0.005)
(-0.267461 0.126864 0.005)
(-0.246064 0.126864 0.005)
(-0.224667 0.126864 0.005)
(-0.20327 0.126864 0.005)
(-0.181873 0.126864 0.005)
(-0.160476 0.126864 0.005)
(-0.13908 0.126864 0.005)
(-0.117683 0.126864 0.005)
(-0.0962859 0.126864 0.005)
(-0.074889 0.126864 0.005)
(-0.0534922 0.126864 0.005)
(-0.0320953 0.126864 0.005)
(-0.0106984 0.126864 0.005)
(0.0106984 0.126864 0.005)
(0.0320953 0.126864 0.005)
(0.0534922 0.126864 0.005)
(0.074889 0.126864 0.005)
(0.0962859 0.126864 0.005)
(0.117683 0.126864 0.005)
(0.13908 0.126864 0.005)
(0.160476 0.126864 0.005)
(0.181873 0.126864 0.005)
(0.20327 0.126864 0.005)
(0.224667 0.126864 0.005)
(0.246064 0.126864 0.005)
(0.267461 0.126864 0.005)
(0.288858 0.126864 0.005)
(0.310255 0.126864 0.005)
(0.331651 0.126864 0.005)
(0.353048 0.126864 0.005)
(0.374445 0.126864 0.005)
(0.395842 0.126864 0.005)
(0.417239 0.126864 0.005)
(0.438636 0.126864 0.005)
(0.460033 0.126864 0.005)
(0.481429 0.126864 0.005)
(0.502826 0.126864 0.005)
(0.524223 0.126864 0.005)
(-0.521961 0.136842 0.005)
(-0.500656 0.136842 0.005)
(-0.479352 0.136842 0.005)
(-0.458047 0.136842 0.005)
(-0.436743 0.136842 0.005)
(-0.415438 0.136842 0.005)
(-0.394134 0.136842 0.005)
(-0.372829 0.136842 0.005)
(-0.351525 0.136842 0.005)
(-0.33022 0.136842 0.005)
(-0.308916 0.136842 0.005)
(-0.287611 0.136842 0.005)
(-0.266307 0.136842 0.005)
(-0.245002 0.136842 0.005)
(-0.223698 0.136842 0.005)
(-0.202393 0.136842 0.005)
(-0.181088 0.136842 0.005)
(-0.159784 0.136842 0.005)
(-0.138479 0.136842 0.005)
(-0.117175 0.136842 0.005)
(-0.0958704 0.136842 0.005)
(-0.0745659 0.136842 0.005)
(-0.0532613 0.136842 0.005)
(-0.0319568 0.136842 0.005)
(-0.0106523 0.136842 0.005)
(0.0106523 0.136842 0.005)
(0.0319568 0.136842 0.005)
(0.0532613 0.136842 0.005)
(0.0745659 0.136842 0.005)
(0.0958704 0.136842 0.005)
(0.117175 0.136842 0.005)
(0.138479 0.136842 0.005)
(0.159784 0.136842 0.005)
(0.181088 0.136842 0.005)
(0.202393 0.136842 0.005)
(0.223698 0.136842 0.005)
(0.245002 0.136842 0.005)
(0.266307 0.136842 0.005)
(0.287611 0.136842 0.005)
(0.308916 0.136842 0.005)
(0.33022 0.136842 0.005)
(0.351525 0.136842 0.005)
(0.372829 0.136842 0.005)
(0.394134 0.136842 0.005)
(0.415438 0.136842 0.005)
(0.436743 0.136842 0.005)
(0.458047 0.136842 0.005)
(0.479352 0.136842 0.005)
(0.500656 0.136842 0.005)
(0.521961 0.136842 0.005)
(-0.51958 0.146792 0.005)
(-0.498373 0.146792 0.005)
(-0.477165 0.146792 0.005)
(-0.455958 0.146792 0.005)
(-0.434751 0.146792 0.005)
(-0.413543 0.146792 0.005)
(-0.392336 0.146792 0.005)
(-0.371129 0.146792 0.005)
(-0.349921 0.146792 0.005)
(-0.328714 0.146792 0.005)
(-0.307507 0.146792 0.005)
(-0.286299 0.146792 0.005)
(-0.265092 0.146792 0.005)
(-0.243885 0.146792 0.005)
(-0.222677 0.146792 0.005)
(-0.20147 0.146792 0.005)
(-0.180263 0.146792 0.005)
(-0.159055 0.146792 0.005)
(-0.137848 0.146792 0.005)
(-0.11664 0.146792 0.005)
(-0.0954331 0.146792 0.005)
(-0.0742257 0.146792 0.005)
(-0.0530184 0.146792 0.005)
(-0.031811 0.146792 0.005)
(-0.0106037 0.146792 0.005)
(0.0106037 0.146792 0.005)
(0.031811 0.146792 0.005)
(0.0530184 0.146792 0.005)
(0.0742257 0.146792 0.005)
(0.0954331 0.146792 0.005)
(0.11664 0.146792 0.005)
(0.137848 0.146792 0.005)
(0.159055 0.146792 0.005)
(0.180263 0.146792 0.005)
(0.20147 0.146792 0.005)
(0.222677 0.146792 0.005)
(0.243885 0.146792 0.005)
(0.265092 0.146792 0.005)
(0.286299 0.146792 0.005)
(0.307507 0.146792 0.005)
(0.328714 0.146792 0.005)
(0.349921 0.146792 0.005)
(0.371129 0.146792 0.005)
(0.392336 0.146792 0.005)
(0.413543 0.146792 0.005)
(0.434751 0.146792 0.005)
(0.455958 0.146792 0.005)
(0.477165 0.146792 0.005)
(0.498373 0.146792 0.005)
(0.51958 0.146792 0.005)
(-0.517091 0.156714 0.005)
(-0.495985 0.156714 0.005)
(-0.474879 0.156714 0.005)
(-0.453774 0.156714 0.005)
(-0.432668 0.156714 0.005)
(-0.411562 0.156714 0.005)
(-0.390456 0.156714 0.005)
(-0.369351 0.156714 0.005)
(-0.348245 0.156714 0.005)
(-0.327139 0.156714 0.005)
(-0.306033 0.156714 0.005)
(-0.284928 0.156714 0.005)
(-0.263822 0.156714 0.005)
(-0.242716 0.156714 0.005)
(-0.22161 0.156714 0.005)
(-0.200505 0.156714 0.005)
(-0.179399 0.156714 0.005)
(-0.158293 0.156714 0.005)
(-0.137187 0.156714 0.005)
(-0.116082 0.156714 0.005)
(-0.0949759 0.156714 0.005)
(-0.0738701 0.156714 0.005)
(-0.0527644 0.156714 0.005)
(-0.0316586 0.156714 0.005)
(-0.0105529 0.156714 0.005)
(0.0105529 0.156714 0.005)
(0.0316586 0.156714 0.005)
(0.0527644 0.156714 0.005)
(0.0738701 0.156714 0.005)
(0.0949759 0.156714 0.005)
(0.116082 0.156714 0.005)
(0.137187 0.156714 0.005)
(0.158293 0.156714 0.005)
(0.179399 0.156714 0.005)
(0.200505 0.156714 0.005)
(0.22161 0.156714 0.005)
(0.242716 0.156714 0.005)
(0.263822 0.156714 0.005)
(0.284928 0.156714 0.005)
(0.306033 0.156714 0.005)
(0.327139 0.156714 0.005)
(0.348245 0.156714 0.005)
(0.369351 0.156714 0.005)
(0.390456 0.156714 0.005)
(0.411562 0.156714 0.005)
(0.432668 0.156714 0.005)
(0.453774 0.156714 0.005)
(0.474879 0.156714 0.005)
(0.495985 0.156714 0.005)
(0.517091 0.156714 0.005)
(-0.514503 0.16661 0.005)
(-0.493503 0.16661 0.005)
(-0.472503 0.16661 0.005)
(-0.451503 0.16661 0.005)
(-0.430503 0.16661 0.005)
(-0.409503 0.16661 0.005)
(-0.388502 0.16661 0.005)
(-0.367502 0.16661 0.005)
(-0.346502 0.16661 0.005)
(-0.325502 0.16661 0.005)
(-0.304502 0.16661 0.005)
(-0.283502 0.16661 0.005)
(-0.262502 0.16661 0.005)
(-0.241502 0.16661 0.005)
(-0.220501 0.16661 0.005)
(-0.199501 0.16661 0.005)
(-0.178501 0.16661 0.005)
(-0.157501 0.16661 0.005)
(-0.136501 0.16661 0.005)
(-0.115501 0.16661 0.005)
(-0.0945006 0.16661 0.005)
(-0.0735005 0.16661 0.005)
(-0.0525003 0.16661 0.005)
(-0.0315002 0.16661 0.005)
(-0.0105001 0.16661 0.005)
(0.0105001 0.16661 0.005)
(0.0315002 0.16661 0.005)
(0.0525003 0.16661 0.005)
(0.0735005 0.16661 0.005)
(0.0945006 0.16661 0.005)
(0.115501 0.16661 0.005)
(0.136501 0.16661 0.005)
(0.157501 0.16661 0.005)
(0.178501 0.16661 0.005)
(0.199501 0.16661 0.005)
(0.220501 0.16661 0.005)
(0.241502 0.16661 0.005)
(0.262502 0.16661 0.005)
(0.283502 0.16661 0.005)
(0.304502 0.16661 0.005)
(0.325502 0.16661 0.005)
(0.346502 0.16661 0.005)
(0.367502 0.16661 0.005)
(0.388502 0.16661 0.005)
(0.409503 0.16661 0.005)
(0.430503 0.16661 0.005)
(0.451503 0.16661 0.005)
(0.472503 0.16661 0.005)
(0.493503 0.16661 0.005)
(0.514503 0.16661 0.005)
(-0.511828 0.176482 0.005)
(-0.490937 0.176482 0.005)
(-0.470046 0.176482 0.005)
(-0.449155 0.176482 0.005)
(-0.428264 0.176482 0.005)
(-0.407373 0.176482 0.005)
(-0.386482 0.176482 0.005)
(-0.365591 0.176482 0.005)
(-0.3447 0.176482 0.005)
(-0.323809 0.176482 0.005)
(-0.302918 0.176482 0.005)
(-0.282028 0.176482 0.005)
(-0.261137 0.176482 0.005)
(-0.240246 0.176482 0.005)
(-0.219355 0.176482 0.005)
(-0.198464 0.176482 0.005)
(-0.177573 0.176482 0.005)
(-0.156682 0.176482 0.005)
(-0.135791 0.176482 0.005)
(-0.1149 0.176482 0.005)
(-0.0940092 0.176482 0.005)
(-0.0731182 0.176482 0.005)
(-0.0522273 0.176482 0.005)
(-0.0313364 0.176482 0.005)
(-0.0104455 0.176482 0.005)
(0.0104455 0.176482 0.005)
(0.0313364 0.176482 0.005)
(0.0522273 0.176482 0.005)
(0.0731182 0.176482 0.005)
(0.0940092 0.176482 0.005)
(0.1149 0.176482 0.005)
(0.135791 0.176482 0.005)
(0.156682 0.176482 0.005)
(0.177573 0.176482 0.005)
(0.198464 0.176482 0.005)
(0.219355 0.176482 0.005)
(0.240246 0.176482 0.005)
(0.261137 0.176482 0.005)
(0.282028 0.176482 0.005)
(0.302918 0.176482 0.005)
(0.323809 0.176482 0.005)
(0.3447 0.176482 0.005)
(0.365591 0.176482 0.005)
(0.386482 0.176482 0.005)
(0.407373 0.176482 0.005)
(0.428264 0.176482 0.005)
(0.449155 0.176482 0.005)
(0.470046 0.176482 0.005)
(0.490937 0.176482 0.005)
(0.511828 0.176482 0.005)
(-0.509074 0.186331 0.005)
(-0.488296 0.186331 0.005)
(-0.467517 0.186331 0.005)
(-0.446739 0.186331 0.005)
(-0.42596 0.186331 0.005)
(-0.405182 0.186331 0.005)
(-0.384403 0.186331 0.005)
(-0.363625 0.186331 0.005)
(-0.342846 0.186331 0.005)
(-0.322068 0.186331 0.005)
(-0.301289 0.186331 0.005)
(-0.28051 0.186331 0.005)
(-0.259732 0.186331 0.005)
(-0.238953 0.186331 0.005)
(-0.218175 0.186331 0.005)
(-0.197396 0.186331 0.005)
(-0.176618 0.186331 0.005)
(-0.155839 0.186331 0.005)
(-0.135061 0.186331 0.005)
(-0.114282 0.186331 0.005)
(-0.0935035 0.186331 0.005)
(-0.0727249 0.186331 0.005)
(-0.0519464 0.186331 0.005)
(-0.0311678 0.186331 0.005)
(-0.0103893 0.186331 0.005)
(0.0103893 0.186331 0.005)
(0.0311678 0.186331 0.005)
(0.0519464 0.186331 0.005)
(0.0727249 0.186331 0.005)
(0.0935035 0.186331 0.005)
(0.114282 0.186331 0.005)
(0.135061 0.186331 0.005)
(0.155839 0.186331 0.005)
(0.176618 0.186331 0.005)
(0.197396 0.186331 0.005)
(0.218175 0.186331 0.005)
(0.238953 0.186331 0.005)
(0.259732 0.186331 0.005)
(0.28051 0.186331 0.005)
(0.301289 0.186331 0.005)
(0.322068 0.186331 0.005)
(0.342846 0.186331 0.005)
(0.363625 0.186331 0.005)
(0.384403 0.186331 0.005)
(0.405182 0.186331 0.005)
(0.42596 0.186331 0.005)
(0.446739 0.186331 0.005)
(0.467517 0.186331 0.005)
(0.488296 0.186331 0.005)
(0.509074 0.186331 0.005)
(-0.506254 0.19616 0.005)
(-0.485591 0.19616 0.005)
(-0.464927 0.19616 0.005)
(-0.444264 0.19616 0.005)
(-0.4236 0.19616 0.005)
(-0.402937 0.19616 0.005)
(-0.382273 0.19616 0.005)
(-0.36161 0.19616 0.005)
(-0.340947 0.19616 0.005)
(-0.320283 0.19616 0.005)
(-0.29962 0.19616 0.005)
(-0.278956 0.19616 0.005)
(-0.258293 0.19616 0.005)
(-0.237629 0.19616 0.005)
(-0.216966 0.19616 0.005)
(-0.196303 0.19616 0.005)
(-0.175639 0.19616 0.005)
(-0.154976 0.19616 0.005)
(-0.134312 0.19616 0.005)
(-0.113649 0.19616 0.005)
(-0.0929854 0.19616 0.005)
(-0.072322 0.19616 0.005)
(-0.0516586 0.19616 0.005)
(-0.0309951 0.19616 0.005)
(-0.0103317 0.19616 0.005)
(0.0103317 0.19616 0.005)
(0.0309951 0.19616 0.005)
(0.0516586 0.19616 0.005)
(0.072322 0.19616 0.005)
(0.0929854 0.19616 0.005)
(0.113649 0.19616 0.005)
(0.134312 0.19616 0.005)
(0.154976 0.19616 0.005)
(0.175639 0.19616 0.005)
(0.196303 0.19616 0.005)
(0.216966 0.19616 0.005)
(0.237629 0.19616 0.005)
(0.258293 0.19616 0.005)
(0.278956 0.19616 0.005)
(0.29962 0.19616 0.005)
(0.320283 0.19616 0.005)
(0.340947 0.19616 0.005)
(0.36161 0.19616 0.005)
(0.382273 0.19616 0.005)
(0.402937 0.19616 0.005)
(0.4236 0.19616 0.005)
(0.444264 0.19616 0.005)
(0.464927 0.19616 0.005)
(0.485591 0.19616 0.005)
(0.506254 0.19616 0.005)
(-0.503377 0.205972 0.005)
(-0.482831 0.205972 0.005)
(-0.462285 0.205972 0.005)
(-0.441739 0.205972 0.005)
(-0.421193 0.205972 0.005)
(-0.400647 0.205972 0.005)
(-0.380101 0.205972 0.005)
(-0.359555 0.205972 0.005)
(-0.339009 0.205972 0.005)
(-0.318463 0.205972 0.005)
(-0.297917 0.205972 0.005)
(-0.277371 0.205972 0.005)
(-0.256825 0.205972 0.005)
(-0.236279 0.205972 0.005)
(-0.215733 0.205972 0.005)
(-0.195187 0.205972 0.005)
(-0.174641 0.205972 0.005)
(-0.154095 0.205972 0.005)
(-0.133549 0.205972 0.005)
(-0.113003 0.205972 0.005)
(-0.0924569 0.205972 0.005)
(-0.0719109 0.205972 0.005)
(-0.051365 0.205972 0.005)
(-0.030819 0.205972 0.005)
(-0.010273 0.205972 0.005)
(0.010273 0.205972 0.005)
(0.030819 0.205972 0.005)
(0.051365 0.205972 0.005)
(0.0719109 0.205972 0.005)
(0.0924569 0.205972 0.005)
(0.113003 0.205972 0.005)
(0.133549 0.205972 0.005)
(0.154095 0.205972 0.005)
(0.174641 0.205972 0.005)
(0.195187 0.205972 0.005)
(0.215733 0.205972 0.005)
(0.236279 0.205972 0.005)
(0.256825 0.205972 0.005)
(0.277371 0.205972 0.005)
(0.297917 0.205972 0.005)
(0.318463 0.205972 0.005)
(0.339009 0.205972 0.005)
(0.359555 0.205972 0.005)
(0.380101 0.205972 0.005)
(0.400647 0.205972 0.005)
(0.421193 0.205972 0.005)
(0.441739 0.205972 0.005)
(0.462285 0.205972 0.005)
(0.482831 0.205972 0.005)
(0.503377 0.205972 0.005)
(-0.500453 0.21577 0.005)
(-0.480026 0.21577 0.005)
(-0.459599 0.21577 0.005)
(-0.439173 0.21577 0.005)
(-0.418746 0.21577 0.005)
(-0.398319 0.21577 0.005)
(-0.377893 0.21577 0.005)
(-0.357466 0.21577 0.005)
(-0.337039 0.21577 0.005)
(-0.316613 0.21577 0.005)
(-0.296186 0.21577 0.005)
(-0.27576 0.21577 0.005)
(-0.255333 0.21577 0.005)
(-0.234906 0.21577 0.005)
(-0.21448 0.21577 0.005)
(-0.194053 0.21577 0.005)
(-0.173626 0.21577 0.005)
(-0.1532 0.21577 0.005)
(-0.132773 0.21577 0.005)
(-0.112346 0.21577 0.005)
(-0.0919199 0.21577 0.005)
(-0.0714932 0.21577 0.005)
(-0.0510666 0.21577 0.005)
(-0.03064 0.21577 0.005)
(-0.0102133 0.21577 0.005)
(0.0102133 0.21577 0.005)
(0.03064 0.21577 0.005)
(0.0510666 0.21577 0.005)
(0.0714932 0.21577 0.005)
(0.0919199 0.21577 0.005)
(0.112346 0.21577 0.005)
(0.132773 0.21577 0.005)
(0.1532 0.21577 0.005)
(0.173626 0.21577 0.005)
(0.194053 0.21577 0.005)
(0.21448 0.21577 0.005)
(0.234906 0.21577 0.005)
(0.255333 0.21577 0.005)
(0.27576 0.21577 0.005)
(0.296186 0.21577 0.005)
(0.316613 0.21577 0.005)
(0.337039 0.21577 0.005)
(0.357466 0.21577 0.005)
(0.377893 0.21577 0.005)
(0.398319 0.21577 0.005)
(0.418746 0.21577 0.005)
(0.439173 0.21577 0.005)
(0.459599 0.21577 0.005)
(0.480026 0.21577 0.005)
(0.500453 0.21577 0.005)
(-0.497492 0.225557 0.005)
(-0.477187 0.225557 0.005)
(-0.456881 0.225557 0.005)
(-0.436575 0.225557 0.005)
(-0.416269 0.225557 0.005)
(-0.395963 0.225557 0.005)
(-0.375657 0.225557 0.005)
(-0.355352 0.225557 0.005)
(-0.335046 0.225557 0.005)
(-0.31474 0.225557 0.005)
(-0.294434 0.225557 0.005)
(-0.274128 0.225557 0.005)
(-0.253823 0.225557 0.005)
(-0.233517 0.225557 0.005)
(-0.213211 0.225557 0.005)
(-0.192905 0.225557 0.005)
(-0.172599 0.225557 0.005)
(-0.152294 0.225557 0.005)
(-0.131988 0.225557 0.005)
(-0.111682 0.225557 0.005)
(-0.0913761 0.225557 0.005)
(-0.0710703 0.225557 0.005)
(-0.0507645 0.225557 0.005)
(-0.0304587 0.225557 0.005)
(-0.0101529 0.225557 0.005)
(0.0101529 0.225557 0.005)
(0.0304587 0.225557 0.005)
(0.0507645 0.225557 0.005)
(0.0710703 0.225557 0.005)
(0.0913761 0.225557 0.005)
(0.111682 0.225557 0.005)
(0.131988 0.225557 0.005)
(0.152294 0.225557 0.005)
(0.172599 0.225557 0.005)
(0.192905 0.225557 0.005)
(0.213211 0.225557 0.005)
(0.233517 0.225557 0.005)
(0.253823 0.225557 0.005)
(0.274128 0.225557 0.005)
(0.294434 0.225557 0.005)
(0.31474 0.225557 0.005)
(0.335046 0.225557 0.005)
(0.355352 0.225557 0.005)
(0.375657 0.225557 0.005)
(0.395963 0.225557 0.005)
(0.416269 0.225557 0.005)
(0.436575 0.225557 0.005)
(0.456881 0.225557 0.005)
(0.477187 0.225557 0.005)
(0.497492 0.225557 0.005)
(-0.494506 0.235335 0.005)
(-0.474322 0.235335 0.005)
(-0.454138 0.235335 0.005)
(-0.433955 0.235335 0.005)
(-0.413771 0.235335 0.005)
(-0.393587 0.235335 0.005)
(-0.373403 0.235335 0.005)
(-0.353219 0.235335 0.005)
(-0.333035 0.235335 0.005)
(-0.312851 0.235335 0.005)
(-0.292667 0.235335 0.005)
(-0.272483 0.235335 0.005)
(-0.252299 0.235335 0.005)
(-0.232115 0.235335 0.005)
(-0.211931 0.235335 0.005)
(-0.191747 0.235335 0.005)
(-0.171563 0.235335 0.005)
(-0.151379 0.235335 0.005)
(-0.131196 0.235335 0.005)
(-0.111012 0.235335 0.005)
(-0.0908277 0.235335 0.005)
(-0.0706438 0.235335 0.005)
(-0.0504598 0.235335 0.005)
(-0.0302759 0.235335 0.005)
(-0.010092 0.235335 0.005)
(0.010092 0.235335 0.005)
(0.0302759 0.235335 0.005)
(0.0504598 0.235335 0.005)
(0.0706438 0.235335 0.005)
(0.0908277 0.235335 0.005)
(0.111012 0.235335 0.005)
(0.131196 0.235335 0.005)
(0.151379 0.235335 0.005)
(0.171563 0.235335 0.005)
(0.191747 0.235335 0.005)
(0.211931 0.235335 0.005)
(0.232115 0.235335 0.005)
(0.252299 0.235335 0.005)
(0.272483 0.235335 0.005)
(0.292667 0.235335 0.005)
(0.312851 0.235335 0.005)
(0.333035 0.235335 0.005)
(0.353219 0.235335 0.005)
(0.373403 0.235335 0.005)
(0.393587 0.235335 0.005)
(0.413771 0.235335 0.005)
(0.433955 0.235335 0.005)
(0.454138 0.235335 0.005)
(0.474322 0.235335 0.005)
(0.494506 0.235335 0.005)
(-0.491505 0.245109 0.005)
(-0.471443 0.245109 0.005)
(-0.451382 0.245109 0.005)
(-0.431321 0.245109 0.005)
(-0.411259 0.245109 0.005)
(-0.391198 0.245109 0.005)
(-0.371136 0.245109 0.005)
(-0.351075 0.245109 0.005)
(-0.331013 0.245109 0.005)
(-0.310952 0.245109 0.005)
(-0.290891 0.245109 0.005)
(-0.270829 0.245109 0.005)
(-0.250768 0.245109 0.005)
(-0.230706 0.245109 0.005)
(-0.210645 0.245109 0.005)
(-0.190584 0.245109 0.005)
(-0.170522 0.245109 0.005)
(-0.150461 0.245109 0.005)
(-0.130399 0.245109 0.005)
(-0.110338 0.245109 0.005)
(-0.0902764 0.245109 0.005)
(-0.070215 0.245109 0.005)
(-0.0501536 0.245109 0.005)
(-0.0300921 0.245109 0.005)
(-0.0100307 0.245109 0.005)
(0.0100307 0.245109 0.005)
(0.0300921 0.245109 0.005)
(0.0501536 0.245109 0.005)
(0.070215 0.245109 0.005)
(0.0902764 0.245109 0.005)
(0.110338 0.245109 0.005)
(0.130399 0.245109 0.005)
(0.150461 0.245109 0.005)
(0.170522 0.245109 0.005)
(0.190584 0.245109 0.005)
(0.210645 0.245109 0.005)
(0.230706 0.245109 0.005)
(0.250768 0.245109 0.005)
(0.270829 0.245109 0.005)
(0.290891 0.245109 0.005)
(0.310952 0.245109 0.005)
(0.331013 0.245109 0.005)
(0.351075 0.245109 0.005)
(0.371136 0.245109 0.005)
(0.391198 0.245109 0.005)
(0.411259 0.245109 0.005)
(0.431321 0.245109 0.005)
(0.451382 0.245109 0.005)
(0.471443 0.245109 0.005)
(0.491505 0.245109 0.005)
)
;

boundaryField
{
    left
    {
        type            calculated;
        value           nonuniform List<vector> 
50
(
(-0.501534 -0.245114 0.005)
(-0.504597 -0.23534 0.005)
(-0.507644 -0.225562 0.005)
(-0.510664 -0.215775 0.005)
(-0.513648 -0.205977 0.005)
(-0.516584 -0.196165 0.005)
(-0.519462 -0.186335 0.005)
(-0.522272 -0.176486 0.005)
(-0.525002 -0.166614 0.005)
(-0.527643 -0.156718 0.005)
(-0.530183 -0.146796 0.005)
(-0.532612 -0.136846 0.005)
(-0.534921 -0.126867 0.005)
(-0.537098 -0.116859 0.005)
(-0.539135 -0.106821 0.005)
(-0.541021 -0.0967542 0.005)
(-0.542748 -0.0866587 0.005)
(-0.544307 -0.076536 0.005)
(-0.545689 -0.0663879 0.005)
(-0.546889 -0.0562166 0.005)
(-0.547899 -0.0460249 0.005)
(-0.548714 -0.0358158 0.005)
(-0.549329 -0.0255929 0.005)
(-0.549742 -0.0153599 0.005)
(-0.549948 -0.00512064 0.005)
(-0.549948 0.00512064 0.005)
(-0.549742 0.0153599 0.005)
(-0.549329 0.0255929 0.005)
(-0.548714 0.0358158 0.005)
(-0.547899 0.0460249 0.005)
(-0.546889 0.0562166 0.005)
(-0.545689 0.0663879 0.005)
(-0.544307 0.076536 0.005)
(-0.542748 0.0866587 0.005)
(-0.541021 0.0967542 0.005)
(-0.539135 0.106821 0.005)
(-0.537098 0.116859 0.005)
(-0.534921 0.126867 0.005)
(-0.532612 0.136846 0.005)
(-0.530183 0.146796 0.005)
(-0.527643 0.156718 0.005)
(-0.525002 0.166614 0.005)
(-0.522272 0.176486 0.005)
(-0.519462 0.186335 0.005)
(-0.516584 0.196165 0.005)
(-0.513648 0.205977 0.005)
(-0.510664 0.215775 0.005)
(-0.507644 0.225562 0.005)
(-0.504597 0.23534 0.005)
(-0.501534 0.245114 0.005)
)
;
    }
    right
    {
        type            calculated;
        value           nonuniform List<vector> 
50
(
(0.501534 -0.245114 0.005)
(0.504597 -0.23534 0.005)
(0.507644 -0.225562 0.005)
(0.510664 -0.215775 0.005)
(0.513648 -0.205977 0.005)
(0.516584 -0.196165 0.005)
(0.519462 -0.186335 0.005)
(0.522272 -0.176486 0.005)
(0.525002 -0.166614 0.005)
(0.527643 -0.156718 0.005)
(0.530183 -0.146796 0.005)
(0.532612 -0.136846 0.005)
(0.534921 -0.126867 0.005)
(0.537098 -0.116859 0.005)
(0.539135 -0.106821 0.005)
(0.541021 -0.0967542 0.005)
(0.542748 -0.0866587 0.005)
(0.544307 -0.076536 0.005)
(0.545689 -0.0663879 0.005)
(0.546889 -0.0562166 0.005)
(0.547899 -0.0460249 0.005)
(0.548714 -0.0358158 0.005)
(0.549329 -0.0255929 0.005)
(0.549742 -0.0153599 0.005)
(0.549948 -0.00512064 0.005)
(0.549948 0.00512064 0.005)
(0.549742 0.0153599 0.005)
(0.549329 0.0255929 0.005)
(0.548714 0.0358158 0.005)
(0.547899 0.0460249 0.005)
(0.546889 0.0562166 0.005)
(0.545689 0.0663879 0.005)
(0.544307 0.076536 0.005)
(0.542748 0.0866587 0.005)
(0.541021 0.0967542 0.005)
(0.539135 0.106821 0.005)
(0.537098 0.116859 0.005)
(0.534921 0.126867 0.005)
(0.532612 0.136846 0.005)
(0.530183 0.146796 0.005)
(0.527643 0.156718 0.005)
(0.525002 0.166614 0.005)
(0.522272 0.176486 0.005)
(0.519462 0.186335 0.005)
(0.516584 0.196165 0.005)
(0.513648 0.205977 0.005)
(0.510664 0.215775 0.005)
(0.507644 0.225562 0.005)
(0.504597 0.23534 0.005)
(0.501534 0.245114 0.005)
)
;
    }
    up
    {
        type            calculated;
        value           nonuniform List<vector> 
50
(
(-0.49 0.25 0.005)
(-0.47 0.25 0.005)
(-0.45 0.25 0.005)
(-0.43 0.25 0.005)
(-0.41 0.25 0.005)
(-0.39 0.25 0.005)
(-0.37 0.25 0.005)
(-0.35 0.25 0.005)
(-0.33 0.25 0.005)
(-0.31 0.25 0.005)
(-0.29 0.25 0.005)
(-0.27 0.25 0.005)
(-0.25 0.25 0.005)
(-0.23 0.25 0.005)
(-0.21 0.25 0.005)
(-0.19 0.25 0.005)
(-0.17 0.25 0.005)
(-0.15 0.25 0.005)
(-0.13 0.25 0.005)
(-0.11 0.25 0.005)
(-0.09 0.25 0.005)
(-0.07 0.25 0.005)
(-0.05 0.25 0.005)
(-0.03 0.25 0.005)
(-0.01 0.25 0.005)
(0.01 0.25 0.005)
(0.03 0.25 0.005)
(0.05 0.25 0.005)
(0.07 0.25 0.005)
(0.09 0.25 0.005)
(0.11 0.25 0.005)
(0.13 0.25 0.005)
(0.15 0.25 0.005)
(0.17 0.25 0.005)
(0.19 0.25 0.005)
(0.21 0.25 0.005)
(0.23 0.25 0.005)
(0.25 0.25 0.005)
(0.27 0.25 0.005)
(0.29 0.25 0.005)
(0.31 0.25 0.005)
(0.33 0.25 0.005)
(0.35 0.25 0.005)
(0.37 0.25 0.005)
(0.39 0.25 0.005)
(0.41 0.25 0.005)
(0.43 0.25 0.005)
(0.45 0.25 0.005)
(0.47 0.25 0.005)
(0.49 0.25 0.005)
)
;
    }
    down
    {
        type            calculated;
        value           nonuniform List<vector> 
50
(
(-0.49 -0.25 0.005)
(-0.47 -0.25 0.005)
(-0.45 -0.25 0.005)
(-0.43 -0.25 0.005)
(-0.41 -0.25 0.005)
(-0.39 -0.25 0.005)
(-0.37 -0.25 0.005)
(-0.35 -0.25 0.005)
(-0.33 -0.25 0.005)
(-0.31 -0.25 0.005)
(-0.29 -0.25 0.005)
(-0.27 -0.25 0.005)
(-0.25 -0.25 0.005)
(-0.23 -0.25 0.005)
(-0.21 -0.25 0.005)
(-0.19 -0.25 0.005)
(-0.17 -0.25 0.005)
(-0.15 -0.25 0.005)
(-0.13 -0.25 0.005)
(-0.11 -0.25 0.005)
(-0.09 -0.25 0.005)
(-0.07 -0.25 0.005)
(-0.05 -0.25 0.005)
(-0.03 -0.25 0.005)
(-0.01 -0.25 0.005)
(0.01 -0.25 0.005)
(0.03 -0.25 0.005)
(0.05 -0.25 0.005)
(0.07 -0.25 0.005)
(0.09 -0.25 0.005)
(0.11 -0.25 0.005)
(0.13 -0.25 0.005)
(0.15 -0.25 0.005)
(0.17 -0.25 0.005)
(0.19 -0.25 0.005)
(0.21 -0.25 0.005)
(0.23 -0.25 0.005)
(0.25 -0.25 0.005)
(0.27 -0.25 0.005)
(0.29 -0.25 0.005)
(0.31 -0.25 0.005)
(0.33 -0.25 0.005)
(0.35 -0.25 0.005)
(0.37 -0.25 0.005)
(0.39 -0.25 0.005)
(0.41 -0.25 0.005)
(0.43 -0.25 0.005)
(0.45 -0.25 0.005)
(0.47 -0.25 0.005)
(0.49 -0.25 0.005)
)
;
    }
    frontAndBack
    {
        type            empty;
    }
}


// ************************************************************************* //
