/*--------------------------------*- C++ -*----------------------------------*\
  =========                 |
  \\      /  F ield         | OpenFOAM: The Open Source CFD Toolbox
   \\    /   O peration     | Website:  https://openfoam.org
    \\  /    A nd           | Version:  6
     \\/     M anipulation  |
\*---------------------------------------------------------------------------*/
FoamFile
{
    version     2.0;
    format      ascii;
    class       volScalarField;
    location    "0";
    object      V;
}
// * * * * * * * * * * * * * * * * * * * * * * * * * * * * * * * * * * * * * //

dimensions      [0 3 0 0 0 0 0];

internalField   nonuniform List<scalar> 
2500
(
4.62443e-06
4.62443e-06
4.62443e-06
4.62443e-06
4.62443e-06
4.62443e-06
4.62443e-06
4.62443e-06
4.62443e-06
4.62443e-06
4.62443e-06
4.62443e-06
4.62443e-06
4.62443e-06
4.62443e-06
4.62443e-06
4.62443e-06
4.62443e-06
4.62443e-06
4.62443e-06
4.62443e-06
4.62443e-06
4.62443e-06
4.62443e-06
4.62443e-06
4.62443e-06
4.62443e-06
4.62443e-06
4.62443e-06
4.62443e-06
4.62443e-06
4.62443e-06
4.62443e-06
4.62443e-06
4.62443e-06
4.62443e-06
4.62443e-06
4.62443e-06
4.62443e-06
4.62443e-06
4.62443e-06
4.62443e-06
4.62443e-06
4.62443e-06
4.62443e-06
4.62443e-06
4.62443e-06
4.62443e-06
4.62443e-06
4.62443e-06
4.62443e-06
4.62443e-06
4.62443e-06
4.62443e-06
4.62443e-06
4.62443e-06
4.62443e-06
4.62443e-06
4.62443e-06
4.62443e-06
4.62443e-06
4.62443e-06
4.62443e-06
4.62443e-06
4.62443e-06
4.62443e-06
4.62443e-06
4.62443e-06
4.62443e-06
4.62443e-06
4.62443e-06
4.62443e-06
4.62443e-06
4.62443e-06
4.62443e-06
4.62443e-06
4.62443e-06
4.62443e-06
4.62443e-06
4.62443e-06
4.62443e-06
4.62443e-06
4.62443e-06
4.62443e-06
4.62443e-06
4.62443e-06
4.62443e-06
4.62443e-06
4.62443e-06
4.62443e-06
4.62443e-06
4.62443e-06
4.62443e-06
4.62443e-06
4.62443e-06
4.62443e-06
4.62443e-06
4.62443e-06
4.62443e-06
4.62443e-06
4.62443e-06
4.62443e-06
4.62443e-06
4.62443e-06
4.62443e-06
4.62443e-06
4.62443e-06
4.62443e-06
4.62443e-06
4.62443e-06
4.62443e-06
4.62443e-06
4.62443e-06
4.62443e-06
4.62443e-06
4.62443e-06
4.62443e-06
4.62443e-06
4.62443e-06
4.62443e-06
4.62443e-06
4.62443e-06
4.62443e-06
4.62443e-06
4.62443e-06
4.62443e-06
4.62443e-06
4.62443e-06
4.62443e-06
4.62443e-06
4.62443e-06
4.62443e-06
4.62443e-06
4.62443e-06
4.62443e-06
4.62443e-06
4.62443e-06
4.62443e-06
4.62443e-06
4.62443e-06
4.62443e-06
4.62443e-06
4.62443e-06
4.62443e-06
4.62443e-06
4.62443e-06
4.62443e-06
4.62443e-06
4.62443e-06
4.62443e-06
4.62443e-06
4.62443e-06
4.62443e-06
4.62443e-06
4.62443e-06
4.62443e-06
4.62443e-06
4.62443e-06
4.62443e-06
4.62443e-06
4.62443e-06
4.62443e-06
4.62443e-06
4.62443e-06
4.62443e-06
4.62443e-06
4.62443e-06
4.62443e-06
4.62443e-06
4.62443e-06
4.62443e-06
4.62443e-06
4.62443e-06
4.62443e-06
4.62443e-06
4.62443e-06
4.62443e-06
4.62443e-06
4.62443e-06
4.62443e-06
4.62443e-06
4.62443e-06
4.62443e-06
4.62443e-06
4.62443e-06
4.62443e-06
4.62443e-06
4.62443e-06
4.62443e-06
4.62443e-06
4.62443e-06
4.62443e-06
4.62443e-06
4.62443e-06
4.62443e-06
4.62443e-06
4.62443e-06
4.62443e-06
4.62443e-06
4.62443e-06
4.62443e-06
4.62443e-06
4.62443e-06
4.62443e-06
4.62443e-06
4.62443e-06
4.62443e-06
4.62443e-06
4.62443e-06
4.62443e-06
4.62443e-06
4.62443e-06
4.62443e-06
4.62443e-06
4.62443e-06
4.62443e-06
4.62443e-06
4.62443e-06
4.62443e-06
4.62443e-06
4.62443e-06
4.62443e-06
4.62443e-06
4.62443e-06
4.62443e-06
4.62443e-06
4.62443e-06
4.62443e-06
4.62443e-06
4.62443e-06
4.62443e-06
4.62443e-06
4.62443e-06
4.62443e-06
4.62443e-06
4.62443e-06
4.62443e-06
4.62443e-06
4.62443e-06
4.62443e-06
4.62443e-06
4.62443e-06
4.62443e-06
4.62443e-06
4.62443e-06
4.62443e-06
4.62443e-06
4.62443e-06
4.62443e-06
4.62443e-06
4.62443e-06
4.62443e-06
4.62443e-06
4.62443e-06
4.62443e-06
4.62443e-06
4.62443e-06
4.62443e-06
4.62443e-06
4.62443e-06
4.62443e-06
4.62443e-06
4.62443e-06
4.62443e-06
4.62443e-06
4.62443e-06
4.62443e-06
4.62443e-06
4.62443e-06
4.62443e-06
4.62443e-06
4.62443e-06
4.62443e-06
4.62443e-06
4.62443e-06
4.62443e-06
4.62443e-06
4.62443e-06
4.62443e-06
4.62443e-06
4.62443e-06
4.62443e-06
4.62443e-06
4.62443e-06
4.62443e-06
4.62443e-06
4.62443e-06
4.62443e-06
4.62443e-06
4.62443e-06
4.62443e-06
4.62443e-06
4.62443e-06
4.62443e-06
4.62443e-06
4.62443e-06
4.62443e-06
4.62443e-06
4.62443e-06
4.62443e-06
4.62443e-06
4.62443e-06
4.62443e-06
4.62443e-06
4.62443e-06
4.62443e-06
4.62443e-06
4.62443e-06
4.62443e-06
4.62443e-06
4.62443e-06
4.62443e-06
4.62443e-06
4.62443e-06
4.62443e-06
4.62443e-06
4.62443e-06
4.62443e-06
4.62443e-06
4.62443e-06
4.62443e-06
4.62443e-06
4.62443e-06
4.62443e-06
4.62443e-06
4.62443e-06
4.62443e-06
4.62443e-06
4.62443e-06
4.62443e-06
4.62443e-06
4.62443e-06
4.62443e-06
4.62443e-06
4.62443e-06
4.62443e-06
4.62443e-06
4.62443e-06
4.62443e-06
4.62443e-06
4.62443e-06
4.62443e-06
4.62443e-06
4.62443e-06
4.62443e-06
4.62443e-06
4.62443e-06
4.62443e-06
4.62443e-06
4.62443e-06
4.62443e-06
4.62443e-06
4.62443e-06
4.62443e-06
4.62443e-06
4.62443e-06
4.62443e-06
4.62443e-06
4.62443e-06
4.62443e-06
4.62443e-06
4.62443e-06
4.62443e-06
4.62443e-06
4.62443e-06
4.62443e-06
4.62443e-06
4.62443e-06
4.62443e-06
4.62443e-06
4.62443e-06
4.62443e-06
4.62443e-06
4.62443e-06
4.62443e-06
4.62443e-06
4.62443e-06
4.62443e-06
4.62443e-06
4.62443e-06
4.62443e-06
4.62443e-06
4.62443e-06
4.62443e-06
4.62443e-06
4.62443e-06
4.62443e-06
4.62443e-06
4.62443e-06
4.62443e-06
4.62443e-06
4.62443e-06
4.62443e-06
4.62443e-06
4.62443e-06
4.62443e-06
4.62443e-06
4.62443e-06
4.62443e-06
4.62443e-06
4.62443e-06
4.62443e-06
4.62443e-06
4.62443e-06
4.62443e-06
4.62443e-06
4.62443e-06
4.62443e-06
4.62443e-06
4.62443e-06
4.62443e-06
4.62443e-06
4.62443e-06
4.62443e-06
4.62443e-06
4.62443e-06
4.62443e-06
4.62443e-06
4.62443e-06
4.62443e-06
4.62443e-06
4.62443e-06
4.62443e-06
4.62443e-06
4.62443e-06
4.62443e-06
4.62443e-06
4.62443e-06
4.62443e-06
4.62443e-06
4.62443e-06
4.62443e-06
4.62443e-06
4.62443e-06
4.62443e-06
4.62443e-06
4.62443e-06
4.62443e-06
4.62443e-06
4.62443e-06
4.62443e-06
4.62443e-06
4.62443e-06
4.62443e-06
4.62443e-06
4.62443e-06
4.62443e-06
4.62443e-06
4.62443e-06
4.62443e-06
4.62257e-06
4.62257e-06
4.62257e-06
4.62257e-06
4.62257e-06
4.62257e-06
4.62257e-06
4.62257e-06
4.62257e-06
4.62257e-06
4.62257e-06
4.62257e-06
4.62257e-06
4.62257e-06
4.62257e-06
4.62257e-06
4.62257e-06
4.62257e-06
4.62257e-06
4.62257e-06
4.62257e-06
4.62257e-06
4.62257e-06
4.62257e-06
4.62257e-06
4.62257e-06
4.62257e-06
4.62257e-06
4.62257e-06
4.62257e-06
4.62257e-06
4.62257e-06
4.62257e-06
4.62257e-06
4.62257e-06
4.62257e-06
4.62257e-06
4.62257e-06
4.62257e-06
4.62257e-06
4.62257e-06
4.62257e-06
4.62257e-06
4.62257e-06
4.62257e-06
4.62257e-06
4.62257e-06
4.62257e-06
4.62257e-06
4.62257e-06
4.47031e-06
4.47031e-06
4.47031e-06
4.47031e-06
4.47031e-06
4.47031e-06
4.47031e-06
4.47031e-06
4.47031e-06
4.47031e-06
4.47031e-06
4.47031e-06
4.47031e-06
4.47031e-06
4.47031e-06
4.47031e-06
4.47031e-06
4.47031e-06
4.47031e-06
4.47031e-06
4.47031e-06
4.47031e-06
4.47031e-06
4.47031e-06
4.47031e-06
4.47031e-06
4.47031e-06
4.47031e-06
4.47031e-06
4.47031e-06
4.47031e-06
4.47031e-06
4.47031e-06
4.47031e-06
4.47031e-06
4.47031e-06
4.47031e-06
4.47031e-06
4.47031e-06
4.47031e-06
4.47031e-06
4.47031e-06
4.47031e-06
4.47031e-06
4.47031e-06
4.47031e-06
4.47031e-06
4.47031e-06
4.47031e-06
4.47031e-06
3.0696e-06
3.0696e-06
3.0696e-06
3.0696e-06
3.0696e-06
3.0696e-06
3.0696e-06
3.0696e-06
3.0696e-06
3.0696e-06
3.0696e-06
3.0696e-06
3.0696e-06
3.0696e-06
3.0696e-06
3.0696e-06
3.0696e-06
3.0696e-06
3.0696e-06
3.0696e-06
3.0696e-06
3.0696e-06
3.0696e-06
3.0696e-06
3.0696e-06
3.0696e-06
3.0696e-06
3.0696e-06
3.0696e-06
3.0696e-06
3.0696e-06
3.0696e-06
3.0696e-06
3.0696e-06
3.0696e-06
3.0696e-06
3.0696e-06
3.0696e-06
3.0696e-06
3.0696e-06
3.0696e-06
3.0696e-06
3.0696e-06
3.0696e-06
3.0696e-06
3.0696e-06
3.0696e-06
3.0696e-06
3.0696e-06
3.0696e-06
3.09243e-06
3.09243e-06
3.09243e-06
3.09243e-06
3.09243e-06
3.09243e-06
3.09243e-06
3.09243e-06
3.09243e-06
3.09243e-06
3.09243e-06
3.09243e-06
3.09243e-06
3.09243e-06
3.09243e-06
3.09243e-06
3.09243e-06
3.09243e-06
3.09243e-06
3.09243e-06
3.09243e-06
3.09243e-06
3.09243e-06
3.09243e-06
3.09243e-06
3.09243e-06
3.09243e-06
3.09243e-06
3.09243e-06
3.09243e-06
3.09243e-06
3.09243e-06
3.09243e-06
3.09243e-06
3.09243e-06
3.09243e-06
3.09243e-06
3.09243e-06
3.09243e-06
3.09243e-06
3.09243e-06
3.09243e-06
3.09243e-06
3.09243e-06
3.09243e-06
3.09243e-06
3.09243e-06
3.09243e-06
3.09243e-06
3.09243e-06
3.23005e-06
3.23005e-06
3.23005e-06
3.23005e-06
3.23005e-06
3.23005e-06
3.23005e-06
3.23005e-06
3.23005e-06
3.23005e-06
3.23005e-06
3.23005e-06
3.23005e-06
3.23005e-06
3.23005e-06
3.23005e-06
3.23005e-06
3.23005e-06
3.23005e-06
3.23005e-06
3.23005e-06
3.23005e-06
3.23005e-06
3.23005e-06
3.23005e-06
3.23005e-06
3.23005e-06
3.23005e-06
3.23005e-06
3.23005e-06
3.23005e-06
3.23005e-06
3.23005e-06
3.23005e-06
3.23005e-06
3.23005e-06
3.23005e-06
3.23005e-06
3.23005e-06
3.23005e-06
3.23005e-06
3.23005e-06
3.23005e-06
3.23005e-06
3.23005e-06
3.23005e-06
3.23005e-06
3.23005e-06
3.23005e-06
3.23005e-06
3.38757e-06
3.38757e-06
3.38757e-06
3.38757e-06
3.38757e-06
3.38757e-06
3.38757e-06
3.38757e-06
3.38757e-06
3.38757e-06
3.38757e-06
3.38757e-06
3.38757e-06
3.38757e-06
3.38757e-06
3.38757e-06
3.38757e-06
3.38757e-06
3.38757e-06
3.38757e-06
3.38757e-06
3.38757e-06
3.38757e-06
3.38757e-06
3.38757e-06
3.38757e-06
3.38757e-06
3.38757e-06
3.38757e-06
3.38757e-06
3.38757e-06
3.38757e-06
3.38757e-06
3.38757e-06
3.38757e-06
3.38757e-06
3.38757e-06
3.38757e-06
3.38757e-06
3.38757e-06
3.38757e-06
3.38757e-06
3.38757e-06
3.38757e-06
3.38757e-06
3.38757e-06
3.38757e-06
3.38757e-06
3.38757e-06
3.38757e-06
3.58946e-06
3.58946e-06
3.58946e-06
3.58946e-06
3.58946e-06
3.58946e-06
3.58946e-06
3.58946e-06
3.58946e-06
3.58946e-06
3.58946e-06
3.58946e-06
3.58946e-06
3.58946e-06
3.58946e-06
3.58946e-06
3.58946e-06
3.58946e-06
3.58946e-06
3.58946e-06
3.58946e-06
3.58946e-06
3.58946e-06
3.58946e-06
3.58946e-06
3.58946e-06
3.58946e-06
3.58946e-06
3.58946e-06
3.58946e-06
3.58946e-06
3.58946e-06
3.58946e-06
3.58946e-06
3.58946e-06
3.58946e-06
3.58946e-06
3.58946e-06
3.58946e-06
3.58946e-06
3.58946e-06
3.58946e-06
3.58946e-06
3.58946e-06
3.58946e-06
3.58946e-06
3.58946e-06
3.58946e-06
3.58946e-06
3.58946e-06
3.79735e-06
3.79735e-06
3.79735e-06
3.79735e-06
3.79735e-06
3.79735e-06
3.79735e-06
3.79735e-06
3.79735e-06
3.79735e-06
3.79735e-06
3.79735e-06
3.79735e-06
3.79735e-06
3.79735e-06
3.79735e-06
3.79735e-06
3.79735e-06
3.79735e-06
3.79735e-06
3.79735e-06
3.79735e-06
3.79735e-06
3.79735e-06
3.79735e-06
3.79735e-06
3.79735e-06
3.79735e-06
3.79735e-06
3.79735e-06
3.79735e-06
3.79735e-06
3.79735e-06
3.79735e-06
3.79735e-06
3.79735e-06
3.79735e-06
3.79735e-06
3.79735e-06
3.79735e-06
3.79735e-06
3.79735e-06
3.79735e-06
3.79735e-06
3.79735e-06
3.79735e-06
3.79735e-06
3.79735e-06
3.79735e-06
3.79735e-06
4.03434e-06
4.03434e-06
4.03434e-06
4.03434e-06
4.03434e-06
4.03434e-06
4.03434e-06
4.03434e-06
4.03434e-06
4.03434e-06
4.03434e-06
4.03434e-06
4.03434e-06
4.03434e-06
4.03434e-06
4.03434e-06
4.03434e-06
4.03434e-06
4.03434e-06
4.03434e-06
4.03434e-06
4.03434e-06
4.03434e-06
4.03434e-06
4.03434e-06
4.03434e-06
4.03434e-06
4.03434e-06
4.03434e-06
4.03434e-06
4.03434e-06
4.03434e-06
4.03434e-06
4.03434e-06
4.03434e-06
4.03434e-06
4.03434e-06
4.03434e-06
4.03434e-06
4.03434e-06
4.03434e-06
4.03434e-06
4.03434e-06
4.03434e-06
4.03434e-06
4.03434e-06
4.03434e-06
4.03434e-06
4.03434e-06
4.03434e-06
4.30893e-06
4.30893e-06
4.30893e-06
4.30893e-06
4.30893e-06
4.30893e-06
4.30893e-06
4.30893e-06
4.30893e-06
4.30893e-06
4.30893e-06
4.30893e-06
4.30893e-06
4.30893e-06
4.30893e-06
4.30893e-06
4.30893e-06
4.30893e-06
4.30893e-06
4.30893e-06
4.30893e-06
4.30893e-06
4.30893e-06
4.30893e-06
4.30893e-06
4.30893e-06
4.30893e-06
4.30893e-06
4.30893e-06
4.30893e-06
4.30893e-06
4.30893e-06
4.30893e-06
4.30893e-06
4.30893e-06
4.30893e-06
4.30893e-06
4.30893e-06
4.30893e-06
4.30893e-06
4.30893e-06
4.30893e-06
4.30893e-06
4.30893e-06
4.30893e-06
4.30893e-06
4.30893e-06
4.30893e-06
4.30893e-06
4.30893e-06
4.62963e-06
4.62963e-06
4.62963e-06
4.62963e-06
4.62963e-06
4.62963e-06
4.62963e-06
4.62963e-06
4.62963e-06
4.62963e-06
4.62963e-06
4.62963e-06
4.62963e-06
4.62963e-06
4.62963e-06
4.62963e-06
4.62963e-06
4.62963e-06
4.62963e-06
4.62963e-06
4.62963e-06
4.62963e-06
4.62963e-06
4.62963e-06
4.62963e-06
4.62963e-06
4.62963e-06
4.62963e-06
4.62963e-06
4.62963e-06
4.62963e-06
4.62963e-06
4.62963e-06
4.62963e-06
4.62963e-06
4.62963e-06
4.62963e-06
4.62963e-06
4.62963e-06
4.62963e-06
4.62963e-06
4.62963e-06
4.62963e-06
4.62963e-06
4.62963e-06
4.62963e-06
4.62963e-06
4.62963e-06
4.62963e-06
4.62963e-06
5.00091e-06
5.00091e-06
5.00091e-06
5.00091e-06
5.00091e-06
5.00091e-06
5.00091e-06
5.00091e-06
5.00091e-06
5.00091e-06
5.00091e-06
5.00091e-06
5.00091e-06
5.00091e-06
5.00091e-06
5.00091e-06
5.00091e-06
5.00091e-06
5.00091e-06
5.00091e-06
5.00091e-06
5.00091e-06
5.00091e-06
5.00091e-06
5.00091e-06
5.00091e-06
5.00091e-06
5.00091e-06
5.00091e-06
5.00091e-06
5.00091e-06
5.00091e-06
5.00091e-06
5.00091e-06
5.00091e-06
5.00091e-06
5.00091e-06
5.00091e-06
5.00091e-06
5.00091e-06
5.00091e-06
5.00091e-06
5.00091e-06
5.00091e-06
5.00091e-06
5.00091e-06
5.00091e-06
5.00091e-06
5.00091e-06
5.00091e-06
5.41483e-06
5.41483e-06
5.41483e-06
5.41483e-06
5.41483e-06
5.41483e-06
5.41483e-06
5.41483e-06
5.41483e-06
5.41483e-06
5.41483e-06
5.41483e-06
5.41483e-06
5.41483e-06
5.41483e-06
5.41483e-06
5.41483e-06
5.41483e-06
5.41483e-06
5.41483e-06
5.41483e-06
5.41483e-06
5.41483e-06
5.41483e-06
5.41483e-06
5.41483e-06
5.41483e-06
5.41483e-06
5.41483e-06
5.41483e-06
5.41483e-06
5.41483e-06
5.41483e-06
5.41483e-06
5.41483e-06
5.41483e-06
5.41483e-06
5.41483e-06
5.41483e-06
5.41483e-06
5.41483e-06
5.41483e-06
5.41483e-06
5.41483e-06
5.41483e-06
5.41483e-06
5.41483e-06
5.41483e-06
5.41483e-06
5.41483e-06
5.83833e-06
5.83833e-06
5.83833e-06
5.83833e-06
5.83833e-06
5.83833e-06
5.83833e-06
5.83833e-06
5.83833e-06
5.83833e-06
5.83833e-06
5.83833e-06
5.83833e-06
5.83833e-06
5.83833e-06
5.83833e-06
5.83833e-06
5.83833e-06
5.83833e-06
5.83833e-06
5.83833e-06
5.83833e-06
5.83833e-06
5.83833e-06
5.83833e-06
5.83833e-06
5.83833e-06
5.83833e-06
5.83833e-06
5.83833e-06
5.83833e-06
5.83833e-06
5.83833e-06
5.83833e-06
5.83833e-06
5.83833e-06
5.83833e-06
5.83833e-06
5.83833e-06
5.83833e-06
5.83833e-06
5.83833e-06
5.83833e-06
5.83833e-06
5.83833e-06
5.83833e-06
5.83833e-06
5.83833e-06
5.83833e-06
5.83833e-06
6.20382e-06
6.20382e-06
6.20382e-06
6.20382e-06
6.20382e-06
6.20382e-06
6.20382e-06
6.20382e-06
6.20382e-06
6.20382e-06
6.20382e-06
6.20382e-06
6.20382e-06
6.20382e-06
6.20382e-06
6.20382e-06
6.20382e-06
6.20382e-06
6.20382e-06
6.20382e-06
6.20382e-06
6.20382e-06
6.20382e-06
6.20382e-06
6.20382e-06
6.20382e-06
6.20382e-06
6.20382e-06
6.20382e-06
6.20382e-06
6.20382e-06
6.20382e-06
6.20382e-06
6.20382e-06
6.20382e-06
6.20382e-06
6.20382e-06
6.20382e-06
6.20382e-06
6.20382e-06
6.20382e-06
6.20382e-06
6.20382e-06
6.20382e-06
6.20382e-06
6.20382e-06
6.20382e-06
6.20382e-06
6.20382e-06
6.20382e-06
6.42101e-06
6.42101e-06
6.42101e-06
6.42101e-06
6.42101e-06
6.42101e-06
6.42101e-06
6.42101e-06
6.42101e-06
6.42101e-06
6.42101e-06
6.42101e-06
6.42101e-06
6.42101e-06
6.42101e-06
6.42101e-06
6.42101e-06
6.42101e-06
6.42101e-06
6.42101e-06
6.42101e-06
6.42101e-06
6.42101e-06
6.42101e-06
6.42101e-06
6.42101e-06
6.42101e-06
6.42101e-06
6.42101e-06
6.42101e-06
6.42101e-06
6.42101e-06
6.42101e-06
6.42101e-06
6.42101e-06
6.42101e-06
6.42101e-06
6.42101e-06
6.42101e-06
6.42101e-06
6.42101e-06
6.42101e-06
6.42101e-06
6.42101e-06
6.42101e-06
6.42101e-06
6.42101e-06
6.42101e-06
6.42101e-06
6.42101e-06
6.42101e-06
6.42101e-06
6.42101e-06
6.42101e-06
6.42101e-06
6.42101e-06
6.42101e-06
6.42101e-06
6.42101e-06
6.42101e-06
6.42101e-06
6.42101e-06
6.42101e-06
6.42101e-06
6.42101e-06
6.42101e-06
6.42101e-06
6.42101e-06
6.42101e-06
6.42101e-06
6.42101e-06
6.42101e-06
6.42101e-06
6.42101e-06
6.42101e-06
6.42101e-06
6.42101e-06
6.42101e-06
6.42101e-06
6.42101e-06
6.42101e-06
6.42101e-06
6.42101e-06
6.42101e-06
6.42101e-06
6.42101e-06
6.42101e-06
6.42101e-06
6.42101e-06
6.42101e-06
6.42101e-06
6.42101e-06
6.42101e-06
6.42101e-06
6.42101e-06
6.42101e-06
6.42101e-06
6.42101e-06
6.42101e-06
6.42101e-06
6.20382e-06
6.20382e-06
6.20382e-06
6.20382e-06
6.20382e-06
6.20382e-06
6.20382e-06
6.20382e-06
6.20382e-06
6.20382e-06
6.20382e-06
6.20382e-06
6.20382e-06
6.20382e-06
6.20382e-06
6.20382e-06
6.20382e-06
6.20382e-06
6.20382e-06
6.20382e-06
6.20382e-06
6.20382e-06
6.20382e-06
6.20382e-06
6.20382e-06
6.20382e-06
6.20382e-06
6.20382e-06
6.20382e-06
6.20382e-06
6.20382e-06
6.20382e-06
6.20382e-06
6.20382e-06
6.20382e-06
6.20382e-06
6.20382e-06
6.20382e-06
6.20382e-06
6.20382e-06
6.20382e-06
6.20382e-06
6.20382e-06
6.20382e-06
6.20382e-06
6.20382e-06
6.20382e-06
6.20382e-06
6.20382e-06
6.20382e-06
5.83833e-06
5.83833e-06
5.83833e-06
5.83833e-06
5.83833e-06
5.83833e-06
5.83833e-06
5.83833e-06
5.83833e-06
5.83833e-06
5.83833e-06
5.83833e-06
5.83833e-06
5.83833e-06
5.83833e-06
5.83833e-06
5.83833e-06
5.83833e-06
5.83833e-06
5.83833e-06
5.83833e-06
5.83833e-06
5.83833e-06
5.83833e-06
5.83833e-06
5.83833e-06
5.83833e-06
5.83833e-06
5.83833e-06
5.83833e-06
5.83833e-06
5.83833e-06
5.83833e-06
5.83833e-06
5.83833e-06
5.83833e-06
5.83833e-06
5.83833e-06
5.83833e-06
5.83833e-06
5.83833e-06
5.83833e-06
5.83833e-06
5.83833e-06
5.83833e-06
5.83833e-06
5.83833e-06
5.83833e-06
5.83833e-06
5.83833e-06
5.41483e-06
5.41483e-06
5.41483e-06
5.41483e-06
5.41483e-06
5.41483e-06
5.41483e-06
5.41483e-06
5.41483e-06
5.41483e-06
5.41483e-06
5.41483e-06
5.41483e-06
5.41483e-06
5.41483e-06
5.41483e-06
5.41483e-06
5.41483e-06
5.41483e-06
5.41483e-06
5.41483e-06
5.41483e-06
5.41483e-06
5.41483e-06
5.41483e-06
5.41483e-06
5.41483e-06
5.41483e-06
5.41483e-06
5.41483e-06
5.41483e-06
5.41483e-06
5.41483e-06
5.41483e-06
5.41483e-06
5.41483e-06
5.41483e-06
5.41483e-06
5.41483e-06
5.41483e-06
5.41483e-06
5.41483e-06
5.41483e-06
5.41483e-06
5.41483e-06
5.41483e-06
5.41483e-06
5.41483e-06
5.41483e-06
5.41483e-06
5.00091e-06
5.00091e-06
5.00091e-06
5.00091e-06
5.00091e-06
5.00091e-06
5.00091e-06
5.00091e-06
5.00091e-06
5.00091e-06
5.00091e-06
5.00091e-06
5.00091e-06
5.00091e-06
5.00091e-06
5.00091e-06
5.00091e-06
5.00091e-06
5.00091e-06
5.00091e-06
5.00091e-06
5.00091e-06
5.00091e-06
5.00091e-06
5.00091e-06
5.00091e-06
5.00091e-06
5.00091e-06
5.00091e-06
5.00091e-06
5.00091e-06
5.00091e-06
5.00091e-06
5.00091e-06
5.00091e-06
5.00091e-06
5.00091e-06
5.00091e-06
5.00091e-06
5.00091e-06
5.00091e-06
5.00091e-06
5.00091e-06
5.00091e-06
5.00091e-06
5.00091e-06
5.00091e-06
5.00091e-06
5.00091e-06
5.00091e-06
4.62963e-06
4.62963e-06
4.62963e-06
4.62963e-06
4.62963e-06
4.62963e-06
4.62963e-06
4.62963e-06
4.62963e-06
4.62963e-06
4.62963e-06
4.62963e-06
4.62963e-06
4.62963e-06
4.62963e-06
4.62963e-06
4.62963e-06
4.62963e-06
4.62963e-06
4.62963e-06
4.62963e-06
4.62963e-06
4.62963e-06
4.62963e-06
4.62963e-06
4.62963e-06
4.62963e-06
4.62963e-06
4.62963e-06
4.62963e-06
4.62963e-06
4.62963e-06
4.62963e-06
4.62963e-06
4.62963e-06
4.62963e-06
4.62963e-06
4.62963e-06
4.62963e-06
4.62963e-06
4.62963e-06
4.62963e-06
4.62963e-06
4.62963e-06
4.62963e-06
4.62963e-06
4.62963e-06
4.62963e-06
4.62963e-06
4.62963e-06
4.30893e-06
4.30893e-06
4.30893e-06
4.30893e-06
4.30893e-06
4.30893e-06
4.30893e-06
4.30893e-06
4.30893e-06
4.30893e-06
4.30893e-06
4.30893e-06
4.30893e-06
4.30893e-06
4.30893e-06
4.30893e-06
4.30893e-06
4.30893e-06
4.30893e-06
4.30893e-06
4.30893e-06
4.30893e-06
4.30893e-06
4.30893e-06
4.30893e-06
4.30893e-06
4.30893e-06
4.30893e-06
4.30893e-06
4.30893e-06
4.30893e-06
4.30893e-06
4.30893e-06
4.30893e-06
4.30893e-06
4.30893e-06
4.30893e-06
4.30893e-06
4.30893e-06
4.30893e-06
4.30893e-06
4.30893e-06
4.30893e-06
4.30893e-06
4.30893e-06
4.30893e-06
4.30893e-06
4.30893e-06
4.30893e-06
4.30893e-06
4.03434e-06
4.03434e-06
4.03434e-06
4.03434e-06
4.03434e-06
4.03434e-06
4.03434e-06
4.03434e-06
4.03434e-06
4.03434e-06
4.03434e-06
4.03434e-06
4.03434e-06
4.03434e-06
4.03434e-06
4.03434e-06
4.03434e-06
4.03434e-06
4.03434e-06
4.03434e-06
4.03434e-06
4.03434e-06
4.03434e-06
4.03434e-06
4.03434e-06
4.03434e-06
4.03434e-06
4.03434e-06
4.03434e-06
4.03434e-06
4.03434e-06
4.03434e-06
4.03434e-06
4.03434e-06
4.03434e-06
4.03434e-06
4.03434e-06
4.03434e-06
4.03434e-06
4.03434e-06
4.03434e-06
4.03434e-06
4.03434e-06
4.03434e-06
4.03434e-06
4.03434e-06
4.03434e-06
4.03434e-06
4.03434e-06
4.03434e-06
3.79735e-06
3.79735e-06
3.79735e-06
3.79735e-06
3.79735e-06
3.79735e-06
3.79735e-06
3.79735e-06
3.79735e-06
3.79735e-06
3.79735e-06
3.79735e-06
3.79735e-06
3.79735e-06
3.79735e-06
3.79735e-06
3.79735e-06
3.79735e-06
3.79735e-06
3.79735e-06
3.79735e-06
3.79735e-06
3.79735e-06
3.79735e-06
3.79735e-06
3.79735e-06
3.79735e-06
3.79735e-06
3.79735e-06
3.79735e-06
3.79735e-06
3.79735e-06
3.79735e-06
3.79735e-06
3.79735e-06
3.79735e-06
3.79735e-06
3.79735e-06
3.79735e-06
3.79735e-06
3.79735e-06
3.79735e-06
3.79735e-06
3.79735e-06
3.79735e-06
3.79735e-06
3.79735e-06
3.79735e-06
3.79735e-06
3.79735e-06
3.58946e-06
3.58946e-06
3.58946e-06
3.58946e-06
3.58946e-06
3.58946e-06
3.58946e-06
3.58946e-06
3.58946e-06
3.58946e-06
3.58946e-06
3.58946e-06
3.58946e-06
3.58946e-06
3.58946e-06
3.58946e-06
3.58946e-06
3.58946e-06
3.58946e-06
3.58946e-06
3.58946e-06
3.58946e-06
3.58946e-06
3.58946e-06
3.58946e-06
3.58946e-06
3.58946e-06
3.58946e-06
3.58946e-06
3.58946e-06
3.58946e-06
3.58946e-06
3.58946e-06
3.58946e-06
3.58946e-06
3.58946e-06
3.58946e-06
3.58946e-06
3.58946e-06
3.58946e-06
3.58946e-06
3.58946e-06
3.58946e-06
3.58946e-06
3.58946e-06
3.58946e-06
3.58946e-06
3.58946e-06
3.58946e-06
3.58946e-06
3.38757e-06
3.38757e-06
3.38757e-06
3.38757e-06
3.38757e-06
3.38757e-06
3.38757e-06
3.38757e-06
3.38757e-06
3.38757e-06
3.38757e-06
3.38757e-06
3.38757e-06
3.38757e-06
3.38757e-06
3.38757e-06
3.38757e-06
3.38757e-06
3.38757e-06
3.38757e-06
3.38757e-06
3.38757e-06
3.38757e-06
3.38757e-06
3.38757e-06
3.38757e-06
3.38757e-06
3.38757e-06
3.38757e-06
3.38757e-06
3.38757e-06
3.38757e-06
3.38757e-06
3.38757e-06
3.38757e-06
3.38757e-06
3.38757e-06
3.38757e-06
3.38757e-06
3.38757e-06
3.38757e-06
3.38757e-06
3.38757e-06
3.38757e-06
3.38757e-06
3.38757e-06
3.38757e-06
3.38757e-06
3.38757e-06
3.38757e-06
3.23005e-06
3.23005e-06
3.23005e-06
3.23005e-06
3.23005e-06
3.23005e-06
3.23005e-06
3.23005e-06
3.23005e-06
3.23005e-06
3.23005e-06
3.23005e-06
3.23005e-06
3.23005e-06
3.23005e-06
3.23005e-06
3.23005e-06
3.23005e-06
3.23005e-06
3.23005e-06
3.23005e-06
3.23005e-06
3.23005e-06
3.23005e-06
3.23005e-06
3.23005e-06
3.23005e-06
3.23005e-06
3.23005e-06
3.23005e-06
3.23005e-06
3.23005e-06
3.23005e-06
3.23005e-06
3.23005e-06
3.23005e-06
3.23005e-06
3.23005e-06
3.23005e-06
3.23005e-06
3.23005e-06
3.23005e-06
3.23005e-06
3.23005e-06
3.23005e-06
3.23005e-06
3.23005e-06
3.23005e-06
3.23005e-06
3.23005e-06
3.09243e-06
3.09243e-06
3.09243e-06
3.09243e-06
3.09243e-06
3.09243e-06
3.09243e-06
3.09243e-06
3.09243e-06
3.09243e-06
3.09243e-06
3.09243e-06
3.09243e-06
3.09243e-06
3.09243e-06
3.09243e-06
3.09243e-06
3.09243e-06
3.09243e-06
3.09243e-06
3.09243e-06
3.09243e-06
3.09243e-06
3.09243e-06
3.09243e-06
3.09243e-06
3.09243e-06
3.09243e-06
3.09243e-06
3.09243e-06
3.09243e-06
3.09243e-06
3.09243e-06
3.09243e-06
3.09243e-06
3.09243e-06
3.09243e-06
3.09243e-06
3.09243e-06
3.09243e-06
3.09243e-06
3.09243e-06
3.09243e-06
3.09243e-06
3.09243e-06
3.09243e-06
3.09243e-06
3.09243e-06
3.09243e-06
3.09243e-06
3.0696e-06
3.0696e-06
3.0696e-06
3.0696e-06
3.0696e-06
3.0696e-06
3.0696e-06
3.0696e-06
3.0696e-06
3.0696e-06
3.0696e-06
3.0696e-06
3.0696e-06
3.0696e-06
3.0696e-06
3.0696e-06
3.0696e-06
3.0696e-06
3.0696e-06
3.0696e-06
3.0696e-06
3.0696e-06
3.0696e-06
3.0696e-06
3.0696e-06
3.0696e-06
3.0696e-06
3.0696e-06
3.0696e-06
3.0696e-06
3.0696e-06
3.0696e-06
3.0696e-06
3.0696e-06
3.0696e-06
3.0696e-06
3.0696e-06
3.0696e-06
3.0696e-06
3.0696e-06
3.0696e-06
3.0696e-06
3.0696e-06
3.0696e-06
3.0696e-06
3.0696e-06
3.0696e-06
3.0696e-06
3.0696e-06
3.0696e-06
4.47031e-06
4.47031e-06
4.47031e-06
4.47031e-06
4.47031e-06
4.47031e-06
4.47031e-06
4.47031e-06
4.47031e-06
4.47031e-06
4.47031e-06
4.47031e-06
4.47031e-06
4.47031e-06
4.47031e-06
4.47031e-06
4.47031e-06
4.47031e-06
4.47031e-06
4.47031e-06
4.47031e-06
4.47031e-06
4.47031e-06
4.47031e-06
4.47031e-06
4.47031e-06
4.47031e-06
4.47031e-06
4.47031e-06
4.47031e-06
4.47031e-06
4.47031e-06
4.47031e-06
4.47031e-06
4.47031e-06
4.47031e-06
4.47031e-06
4.47031e-06
4.47031e-06
4.47031e-06
4.47031e-06
4.47031e-06
4.47031e-06
4.47031e-06
4.47031e-06
4.47031e-06
4.47031e-06
4.47031e-06
4.47031e-06
4.47031e-06
4.62257e-06
4.62257e-06
4.62257e-06
4.62257e-06
4.62257e-06
4.62257e-06
4.62257e-06
4.62257e-06
4.62257e-06
4.62257e-06
4.62257e-06
4.62257e-06
4.62257e-06
4.62257e-06
4.62257e-06
4.62257e-06
4.62257e-06
4.62257e-06
4.62257e-06
4.62257e-06
4.62257e-06
4.62257e-06
4.62257e-06
4.62257e-06
4.62257e-06
4.62257e-06
4.62257e-06
4.62257e-06
4.62257e-06
4.62257e-06
4.62257e-06
4.62257e-06
4.62257e-06
4.62257e-06
4.62257e-06
4.62257e-06
4.62257e-06
4.62257e-06
4.62257e-06
4.62257e-06
4.62257e-06
4.62257e-06
4.62257e-06
4.62257e-06
4.62257e-06
4.62257e-06
4.62257e-06
4.62257e-06
4.62257e-06
4.62257e-06
4.62443e-06
4.62443e-06
4.62443e-06
4.62443e-06
4.62443e-06
4.62443e-06
4.62443e-06
4.62443e-06
4.62443e-06
4.62443e-06
4.62443e-06
4.62443e-06
4.62443e-06
4.62443e-06
4.62443e-06
4.62443e-06
4.62443e-06
4.62443e-06
4.62443e-06
4.62443e-06
4.62443e-06
4.62443e-06
4.62443e-06
4.62443e-06
4.62443e-06
4.62443e-06
4.62443e-06
4.62443e-06
4.62443e-06
4.62443e-06
4.62443e-06
4.62443e-06
4.62443e-06
4.62443e-06
4.62443e-06
4.62443e-06
4.62443e-06
4.62443e-06
4.62443e-06
4.62443e-06
4.62443e-06
4.62443e-06
4.62443e-06
4.62443e-06
4.62443e-06
4.62443e-06
4.62443e-06
4.62443e-06
4.62443e-06
4.62443e-06
4.62443e-06
4.62443e-06
4.62443e-06
4.62443e-06
4.62443e-06
4.62443e-06
4.62443e-06
4.62443e-06
4.62443e-06
4.62443e-06
4.62443e-06
4.62443e-06
4.62443e-06
4.62443e-06
4.62443e-06
4.62443e-06
4.62443e-06
4.62443e-06
4.62443e-06
4.62443e-06
4.62443e-06
4.62443e-06
4.62443e-06
4.62443e-06
4.62443e-06
4.62443e-06
4.62443e-06
4.62443e-06
4.62443e-06
4.62443e-06
4.62443e-06
4.62443e-06
4.62443e-06
4.62443e-06
4.62443e-06
4.62443e-06
4.62443e-06
4.62443e-06
4.62443e-06
4.62443e-06
4.62443e-06
4.62443e-06
4.62443e-06
4.62443e-06
4.62443e-06
4.62443e-06
4.62443e-06
4.62443e-06
4.62443e-06
4.62443e-06
4.62443e-06
4.62443e-06
4.62443e-06
4.62443e-06
4.62443e-06
4.62443e-06
4.62443e-06
4.62443e-06
4.62443e-06
4.62443e-06
4.62443e-06
4.62443e-06
4.62443e-06
4.62443e-06
4.62443e-06
4.62443e-06
4.62443e-06
4.62443e-06
4.62443e-06
4.62443e-06
4.62443e-06
4.62443e-06
4.62443e-06
4.62443e-06
4.62443e-06
4.62443e-06
4.62443e-06
4.62443e-06
4.62443e-06
4.62443e-06
4.62443e-06
4.62443e-06
4.62443e-06
4.62443e-06
4.62443e-06
4.62443e-06
4.62443e-06
4.62443e-06
4.62443e-06
4.62443e-06
4.62443e-06
4.62443e-06
4.62443e-06
4.62443e-06
4.62443e-06
4.62443e-06
4.62443e-06
4.62443e-06
4.62443e-06
4.62443e-06
4.62443e-06
4.62443e-06
4.62443e-06
4.62443e-06
4.62443e-06
4.62443e-06
4.62443e-06
4.62443e-06
4.62443e-06
4.62443e-06
4.62443e-06
4.62443e-06
4.62443e-06
4.62443e-06
4.62443e-06
4.62443e-06
4.62443e-06
4.62443e-06
4.62443e-06
4.62443e-06
4.62443e-06
4.62443e-06
4.62443e-06
4.62443e-06
4.62443e-06
4.62443e-06
4.62443e-06
4.62443e-06
4.62443e-06
4.62443e-06
4.62443e-06
4.62443e-06
4.62443e-06
4.62443e-06
4.62443e-06
4.62443e-06
4.62443e-06
4.62443e-06
4.62443e-06
4.62443e-06
4.62443e-06
4.62443e-06
4.62443e-06
4.62443e-06
4.62443e-06
4.62443e-06
4.62443e-06
4.62443e-06
4.62443e-06
4.62443e-06
4.62443e-06
4.62443e-06
4.62443e-06
4.62443e-06
4.62443e-06
4.62443e-06
4.62443e-06
4.62443e-06
4.62443e-06
4.62443e-06
4.62443e-06
4.62443e-06
4.62443e-06
4.62443e-06
4.62443e-06
4.62443e-06
4.62443e-06
4.62443e-06
4.62443e-06
4.62443e-06
4.62443e-06
4.62443e-06
4.62443e-06
4.62443e-06
4.62443e-06
4.62443e-06
4.62443e-06
4.62443e-06
4.62443e-06
4.62443e-06
4.62443e-06
4.62443e-06
4.62443e-06
4.62443e-06
4.62443e-06
4.62443e-06
4.62443e-06
4.62443e-06
4.62443e-06
4.62443e-06
4.62443e-06
4.62443e-06
4.62443e-06
4.62443e-06
4.62443e-06
4.62443e-06
4.62443e-06
4.62443e-06
4.62443e-06
4.62443e-06
4.62443e-06
4.62443e-06
4.62443e-06
4.62443e-06
4.62443e-06
4.62443e-06
4.62443e-06
4.62443e-06
4.62443e-06
4.62443e-06
4.62443e-06
4.62443e-06
4.62443e-06
4.62443e-06
4.62443e-06
4.62443e-06
4.62443e-06
4.62443e-06
4.62443e-06
4.62443e-06
4.62443e-06
4.62443e-06
4.62443e-06
4.62443e-06
4.62443e-06
4.62443e-06
4.62443e-06
4.62443e-06
4.62443e-06
4.62443e-06
4.62443e-06
4.62443e-06
4.62443e-06
4.62443e-06
4.62443e-06
4.62443e-06
4.62443e-06
4.62443e-06
4.62443e-06
4.62443e-06
4.62443e-06
4.62443e-06
4.62443e-06
4.62443e-06
4.62443e-06
4.62443e-06
4.62443e-06
4.62443e-06
4.62443e-06
4.62443e-06
4.62443e-06
4.62443e-06
4.62443e-06
4.62443e-06
4.62443e-06
4.62443e-06
4.62443e-06
4.62443e-06
4.62443e-06
4.62443e-06
4.62443e-06
4.62443e-06
4.62443e-06
4.62443e-06
4.62443e-06
4.62443e-06
4.62443e-06
4.62443e-06
4.62443e-06
4.62443e-06
4.62443e-06
4.62443e-06
4.62443e-06
4.62443e-06
4.62443e-06
4.62443e-06
4.62443e-06
4.62443e-06
4.62443e-06
4.62443e-06
4.62443e-06
4.62443e-06
4.62443e-06
4.62443e-06
4.62443e-06
4.62443e-06
4.62443e-06
4.62443e-06
4.62443e-06
4.62443e-06
4.62443e-06
4.62443e-06
4.62443e-06
4.62443e-06
4.62443e-06
4.62443e-06
4.62443e-06
4.62443e-06
4.62443e-06
4.62443e-06
4.62443e-06
4.62443e-06
4.62443e-06
4.62443e-06
4.62443e-06
4.62443e-06
4.62443e-06
4.62443e-06
4.62443e-06
4.62443e-06
4.62443e-06
4.62443e-06
4.62443e-06
4.62443e-06
4.62443e-06
4.62443e-06
4.62443e-06
4.62443e-06
4.62443e-06
4.62443e-06
4.62443e-06
4.62443e-06
4.62443e-06
4.62443e-06
4.62443e-06
4.62443e-06
4.62443e-06
4.62443e-06
4.62443e-06
4.62443e-06
4.62443e-06
4.62443e-06
4.62443e-06
4.62443e-06
4.62443e-06
4.62443e-06
4.62443e-06
4.62443e-06
4.62443e-06
4.62443e-06
4.62443e-06
4.62443e-06
4.62443e-06
4.62443e-06
4.62443e-06
4.62443e-06
4.62443e-06
4.62443e-06
4.62443e-06
4.62443e-06
4.62443e-06
4.62443e-06
4.62443e-06
4.62443e-06
4.62443e-06
4.62443e-06
4.62443e-06
4.62443e-06
4.62443e-06
4.62443e-06
4.62443e-06
4.62443e-06
4.62443e-06
4.62443e-06
4.62443e-06
4.62443e-06
4.62443e-06
4.62443e-06
4.62443e-06
4.62443e-06
4.62443e-06
4.62443e-06
4.62443e-06
4.62443e-06
4.62443e-06
4.62443e-06
4.62443e-06
4.62443e-06
4.62443e-06
4.62443e-06
4.62443e-06
4.62443e-06
4.62443e-06
4.62443e-06
4.62443e-06
4.62443e-06
4.62443e-06
4.62443e-06
4.62443e-06
4.62443e-06
4.62443e-06
4.62443e-06
4.62443e-06
4.62443e-06
4.62443e-06
4.62443e-06
4.62443e-06
4.62443e-06
4.62443e-06
4.62443e-06
)
;

boundaryField
{
    left
    {
        type            calculated;
        value           uniform 0;
    }
    right
    {
        type            calculated;
        value           uniform 0;
    }
    up
    {
        type            calculated;
        value           uniform 0;
    }
    down
    {
        type            calculated;
        value           uniform 0;
    }
    frontAndBack
    {
        type            empty;
    }
}


// ************************************************************************* //
