/*--------------------------------*- C++ -*----------------------------------*\
  =========                 |
  \\      /  F ield         | OpenFOAM: The Open Source CFD Toolbox
   \\    /   O peration     | Website:  https://openfoam.org
    \\  /    A nd           | Version:  6
     \\/     M anipulation  |
\*---------------------------------------------------------------------------*/
FoamFile
{
    version     2.0;
    format      ascii;
    class       surfaceScalarField;
    location    "3200";
    object      phi;
}
// * * * * * * * * * * * * * * * * * * * * * * * * * * * * * * * * * * * * * //

dimensions      [0 3 -1 0 0 0 0];

internalField   nonuniform List<scalar> 
4900
(
4.3472e-05
0.000156528
3.13918e-05
0.00021208
1.95542e-05
0.000211838
1.24771e-05
0.000207077
8.31412e-06
0.000204163
5.8144e-06
0.0002025
4.2614e-06
0.000201553
3.24286e-06
0.000201019
2.53728e-06
0.000200706
2.02629e-06
0.000200511
1.64314e-06
0.000200383
1.34775e-06
0.000200295
1.11478e-06
0.000200233
9.27418e-07
0.000200187
7.74052e-07
0.000200153
6.46407e-07
0.000200128
5.38416e-07
0.000200108
4.45527e-07
0.000200093
3.64261e-07
0.000200081
2.91904e-07
0.000200072
2.26299e-07
0.000200066
1.65686e-07
0.000200061
1.08595e-07
0.000200057
5.37506e-08
0.000200055
-8.98859e-17
0.000200054
-5.37506e-08
0.000200054
-1.08595e-07
0.000200055
-1.65686e-07
0.000200057
-2.26299e-07
0.000200061
-2.91904e-07
0.000200066
-3.64261e-07
0.000200072
-4.45527e-07
0.000200081
-5.38416e-07
0.000200093
-6.46407e-07
0.000200108
-7.74052e-07
0.000200128
-9.27418e-07
0.000200153
-1.11478e-06
0.000200187
-1.34775e-06
0.000200233
-1.64314e-06
0.000200295
-2.02629e-06
0.000200383
-2.53728e-06
0.000200511
-3.24286e-06
0.000200706
-4.2614e-06
0.000201019
-5.8144e-06
0.000201553
-8.31412e-06
0.0002025
-1.24771e-05
0.000204163
-1.95542e-05
0.000207077
-3.13918e-05
0.000211838
-4.3472e-05
0.00021208
0.000156528
4.33113e-05
0.000113217
5.31887e-05
0.000202203
4.39829e-05
0.000221043
3.22866e-05
0.000218773
2.32134e-05
0.000213236
1.69355e-05
0.000208778
1.26651e-05
0.000205823
9.71516e-06
0.000203969
7.62112e-06
0.0002028
6.08938e-06
0.000202043
4.93685e-06
0.000201536
4.04777e-06
0.000201184
3.34686e-06
0.000200934
2.78354e-06
0.000200751
2.32275e-06
0.000200614
1.93943e-06
0.000200511
1.61525e-06
0.000200432
1.33649e-06
0.000200372
1.09266e-06
0.000200325
8.75587e-07
0.000200289
6.78785e-07
0.000200262
4.96972e-07
0.000200242
3.25727e-07
0.000200228
1.61223e-07
0.000200219
-1.75321e-16
0.000200215
-1.61223e-07
0.000200215
-3.25727e-07
0.000200219
-4.96972e-07
0.000200228
-6.78785e-07
0.000200242
-8.75587e-07
0.000200262
-1.09266e-06
0.000200289
-1.33649e-06
0.000200325
-1.61525e-06
0.000200372
-1.93943e-06
0.000200432
-2.32275e-06
0.000200511
-2.78354e-06
0.000200614
-3.34686e-06
0.000200751
-4.04777e-06
0.000200934
-4.93685e-06
0.000201184
-6.08938e-06
0.000201536
-7.62112e-06
0.000202043
-9.71516e-06
0.0002028
-1.26651e-05
0.000203969
-1.69355e-05
0.000205823
-2.32134e-05
0.000208778
-3.22866e-05
0.000213236
-4.39829e-05
0.000218773
-5.31887e-05
0.000221043
-4.33113e-05
0.000202203
0.000113217
2.84676e-05
8.47491e-05
4.84743e-05
0.000182196
4.98012e-05
0.000219716
4.22068e-05
0.000226368
3.31996e-05
0.000222243
2.5563e-05
0.000216414
1.97345e-05
0.000211652
1.54236e-05
0.000208279
1.22351e-05
0.000205988
9.844e-06
0.000204434
8.01733e-06
0.000203362
6.59464e-06
0.000202607
5.46588e-06
0.000202063
4.55459e-06
0.000201662
3.80656e-06
0.000201362
3.18254e-06
0.000201135
2.65352e-06
0.000200961
2.19764e-06
0.000200828
1.79812e-06
0.000200725
1.44184e-06
0.000200646
1.11835e-06
0.000200586
8.19131e-07
0.000200542
5.37032e-07
0.00020051
2.65856e-07
0.000200491
-2.02168e-16
0.000200481
-2.65856e-07
0.000200481
-5.37032e-07
0.000200491
-8.19131e-07
0.00020051
-1.11835e-06
0.000200542
-1.44184e-06
0.000200586
-1.79812e-06
0.000200646
-2.19764e-06
0.000200725
-2.65352e-06
0.000200828
-3.18254e-06
0.000200961
-3.80656e-06
0.000201135
-4.55459e-06
0.000201362
-5.46588e-06
0.000201662
-6.59464e-06
0.000202063
-8.01733e-06
0.000202607
-9.844e-06
0.000203362
-1.22351e-05
0.000204434
-1.54236e-05
0.000205988
-1.97345e-05
0.000208279
-2.5563e-05
0.000211652
-3.31996e-05
0.000216414
-4.22068e-05
0.000222243
-4.98012e-05
0.000226368
-4.84743e-05
0.000219716
-2.84676e-05
0.000182196
8.47491e-05
1.7619e-05
6.71301e-05
3.82114e-05
0.000161604
4.6649e-05
0.000211279
4.47452e-05
0.000228272
3.82791e-05
0.00022871
3.11286e-05
0.000223565
2.48886e-05
0.000217892
1.98977e-05
0.00021327
1.60228e-05
0.000209863
1.30253e-05
0.000207431
1.06876e-05
0.0002057
8.84076e-06
0.000204454
7.36021e-06
0.000203543
6.15534e-06
0.000202867
5.15994e-06
0.000202358
4.32506e-06
0.00020197
3.61393e-06
0.000201672
2.99854e-06
0.000201443
2.4572e-06
0.000201266
1.97283e-06
0.00020113
1.53177e-06
0.000201027
1.12281e-06
0.000200951
7.36536e-07
0.000200897
3.6474e-07
0.000200862
-1.41646e-16
0.000200846
-3.6474e-07
0.000200846
-7.36536e-07
0.000200862
-1.12281e-06
0.000200897
-1.53177e-06
0.000200951
-1.97283e-06
0.000201027
-2.4572e-06
0.00020113
-2.99854e-06
0.000201266
-3.61393e-06
0.000201443
-4.32506e-06
0.000201672
-5.15994e-06
0.00020197
-6.15534e-06
0.000202358
-7.36021e-06
0.000202867
-8.84076e-06
0.000203543
-1.06876e-05
0.000204454
-1.30253e-05
0.0002057
-1.60228e-05
0.000207431
-1.98977e-05
0.000209863
-2.48886e-05
0.00021327
-3.11286e-05
0.000217892
-3.82791e-05
0.000223565
-4.47452e-05
0.00022871
-4.6649e-05
0.000228272
-3.82114e-05
0.000211279
-1.7619e-05
0.000161604
6.71301e-05
1.11077e-05
5.60224e-05
2.86329e-05
0.000144079
4.01103e-05
0.000199801
4.28016e-05
0.00022558
3.95763e-05
0.000231935
3.3962e-05
0.000229179
2.81515e-05
0.000223703
2.30546e-05
0.000218367
1.88721e-05
0.000214046
1.55218e-05
0.000210782
1.28482e-05
0.000208374
1.07016e-05
0.000206601
8.95989e-06
0.000205285
7.52885e-06
0.000204298
6.33703e-06
0.000203549
5.3303e-06
0.000202977
4.46731e-06
0.000202535
3.71616e-06
0.000202194
3.0519e-06
0.00020193
2.45474e-06
0.000201727
1.90871e-06
0.000201573
1.40068e-06
0.000201459
9.19531e-07
0.000201378
4.55576e-07
0.000201326
-4.63226e-18
0.000201301
-4.55576e-07
0.000201301
-9.19531e-07
0.000201326
-1.40068e-06
0.000201378
-1.90871e-06
0.000201459
-2.45474e-06
0.000201573
-3.0519e-06
0.000201727
-3.71616e-06
0.00020193
-4.46731e-06
0.000202194
-5.3303e-06
0.000202535
-6.33703e-06
0.000202977
-7.52885e-06
0.000203549
-8.95989e-06
0.000204298
-1.07016e-05
0.000205285
-1.28482e-05
0.000206601
-1.55218e-05
0.000208374
-1.88721e-05
0.000210782
-2.30546e-05
0.000214046
-2.81515e-05
0.000218367
-3.3962e-05
0.000223703
-3.95763e-05
0.000229179
-4.28016e-05
0.000231935
-4.01103e-05
0.00022558
-2.86329e-05
0.000199801
-1.11077e-05
0.000144079
5.60224e-05
7.18835e-06
4.88341e-05
2.09598e-05
0.000130307
3.27765e-05
0.000187985
3.83536e-05
0.000220003
3.81238e-05
0.000232165
3.45088e-05
0.000232794
2.96968e-05
0.000228515
2.49518e-05
0.000223112
2.07886e-05
0.000218209
1.73145e-05
0.000214256
1.44687e-05
0.00021122
1.21431e-05
0.000208926
1.02315e-05
0.000207196
8.64459e-06
0.000205885
7.3111e-06
0.000204883
6.17556e-06
0.000204112
5.19481e-06
0.000203516
4.33513e-06
0.000203054
3.56992e-06
0.000202695
2.8779e-06
0.000202419
2.24185e-06
0.000202209
1.64746e-06
0.000202053
1.08262e-06
0.000201943
5.36697e-07
0.000201872
2.40015e-16
0.000201838
-5.36697e-07
0.000201838
-1.08262e-06
0.000201872
-1.64746e-06
0.000201943
-2.24185e-06
0.000202053
-2.8779e-06
0.000202209
-3.56992e-06
0.000202419
-4.33513e-06
0.000202695
-5.19481e-06
0.000203054
-6.17556e-06
0.000203516
-7.3111e-06
0.000204112
-8.64459e-06
0.000204883
-1.02315e-05
0.000205885
-1.21431e-05
0.000207196
-1.44687e-05
0.000208926
-1.73145e-05
0.00021122
-2.07886e-05
0.000214256
-2.49518e-05
0.000218209
-2.96968e-05
0.000223112
-3.45088e-05
0.000228515
-3.81238e-05
0.000232794
-3.83536e-05
0.000232165
-3.27765e-05
0.000220003
-2.09598e-05
0.000187985
-7.18835e-06
0.000130307
4.88341e-05
4.70533e-06
4.41288e-05
1.5148e-05
0.000119864
2.59051e-05
0.000177228
3.28232e-05
0.000213085
3.48728e-05
0.000230115
3.32592e-05
0.000234407
2.97498e-05
0.000232024
2.56917e-05
0.00022717
2.18199e-05
0.000222081
1.8424e-05
0.000217652
1.55546e-05
0.000214089
1.31618e-05
0.000211319
1.11667e-05
0.000209191
9.49193e-06
0.00020756
8.07104e-06
0.000206304
6.85025e-06
0.000205333
5.78688e-06
0.000204579
4.84719e-06
0.000203993
4.00432e-06
0.000203538
3.23673e-06
0.000203187
2.52682e-06
0.000202919
1.85998e-06
0.00020272
1.22372e-06
0.000202579
6.07074e-07
0.000202489
5.4722e-16
0.000202445
-6.07074e-07
0.000202445
-1.22372e-06
0.000202489
-1.85998e-06
0.000202579
-2.52682e-06
0.00020272
-3.23673e-06
0.000202919
-4.00432e-06
0.000203187
-4.84719e-06
0.000203538
-5.78688e-06
0.000203993
-6.85025e-06
0.000204579
-8.07104e-06
0.000205333
-9.49193e-06
0.000206304
-1.11667e-05
0.00020756
-1.31618e-05
0.000209191
-1.55546e-05
0.000211319
-1.8424e-05
0.000214089
-2.18199e-05
0.000217652
-2.56917e-05
0.000222081
-2.97498e-05
0.00022717
-3.32592e-05
0.000232024
-3.48728e-05
0.000234407
-3.28232e-05
0.000230115
-2.59051e-05
0.000213085
-1.5148e-05
0.000177228
-4.70533e-06
0.000119864
4.41288e-05
2.8836e-06
4.12452e-05
1.05791e-05
0.000112169
1.97799e-05
0.000168027
2.7026e-05
0.000205839
3.06028e-05
0.000226538
3.07313e-05
0.000234279
2.85996e-05
0.000234156
2.54275e-05
0.000230342
2.20498e-05
0.000225458
1.8899e-05
0.000220802
1.61353e-05
0.000216853
1.37754e-05
0.000213679
1.17757e-05
0.000211191
1.00762e-05
0.000209259
8.61904e-06
0.000207761
7.35467e-06
0.000206597
6.24275e-06
0.000205691
5.251e-06
0.000204985
4.3536e-06
0.000204436
3.52973e-06
0.000204011
2.76234e-06
0.000203686
2.03719e-06
0.000203445
1.34212e-06
0.000203274
6.66343e-07
0.000203165
9.83441e-16
0.000203111
-6.66343e-07
0.000203111
-1.34212e-06
0.000203165
-2.03719e-06
0.000203274
-2.76234e-06
0.000203445
-3.52973e-06
0.000203686
-4.3536e-06
0.000204011
-5.251e-06
0.000204436
-6.24275e-06
0.000204985
-7.35467e-06
0.000205691
-8.61904e-06
0.000206597
-1.00762e-05
0.000207761
-1.17757e-05
0.000209259
-1.37754e-05
0.000211191
-1.61353e-05
0.000213679
-1.8899e-05
0.000216853
-2.20498e-05
0.000220802
-2.54275e-05
0.000225458
-2.85996e-05
0.000230342
-3.07313e-05
0.000234156
-3.06028e-05
0.000234279
-2.7026e-05
0.000226538
-1.97799e-05
0.000205839
-1.05791e-05
0.000168027
-2.8836e-06
0.000112169
4.12452e-05
1.32837e-06
3.99168e-05
6.54271e-06
0.000106955
1.41253e-05
0.000160444
2.12219e-05
0.000198743
2.57892e-05
0.000221971
2.73515e-05
0.000232717
2.65407e-05
0.000234966
2.43416e-05
0.000232541
2.15902e-05
0.00022821
1.88114e-05
0.000223581
1.62602e-05
0.000219404
1.40193e-05
0.00021592
1.20845e-05
0.000213126
1.04168e-05
0.000210927
8.96942e-06
0.000209208
7.69927e-06
0.000207867
6.56995e-06
0.000206821
5.55194e-06
0.000206003
4.62152e-06
0.000205366
3.75949e-06
0.000204873
2.95012e-06
0.000204496
2.18023e-06
0.000204215
1.43847e-06
0.000204016
7.14811e-07
0.000203888
1.4941e-15
0.000203826
-7.14811e-07
0.000203826
-1.43847e-06
0.000203888
-2.18023e-06
0.000204016
-2.95012e-06
0.000204215
-3.75949e-06
0.000204496
-4.62152e-06
0.000204873
-5.55194e-06
0.000205366
-6.56995e-06
0.000206003
-7.69927e-06
0.000206821
-8.96942e-06
0.000207867
-1.04168e-05
0.000209208
-1.20845e-05
0.000210927
-1.40193e-05
0.000213126
-1.62602e-05
0.00021592
-1.88114e-05
0.000219404
-2.15902e-05
0.000223581
-2.43416e-05
0.00022821
-2.65407e-05
0.000232541
-2.73515e-05
0.000234966
-2.57892e-05
0.000232717
-2.12219e-05
0.000221971
-1.41253e-05
0.000198743
-6.54271e-06
0.000160444
-1.32837e-06
0.000106955
3.99168e-05
-2.31752e-06
4.22343e-05
-5.27017e-08
0.00010469
5.92188e-06
0.00015447
1.2547e-05
0.000192117
1.76059e-05
0.000216912
2.02285e-05
0.000230094
2.06202e-05
0.000234575
1.95e-05
0.000233662
1.7615e-05
0.000230095
1.55042e-05
0.000225692
1.3469e-05
0.000221439
1.16367e-05
0.000217752
1.00351e-05
0.000214728
8.64665e-06
0.000212315
7.43908e-06
0.000210416
6.379e-06
0.000208928
5.43716e-06
0.000207762
4.58936e-06
0.000206851
3.81595e-06
0.00020614
3.10095e-06
0.000205588
2.43113e-06
0.000205166
1.79532e-06
0.000204851
1.18386e-06
0.000204627
5.88085e-07
0.000204484
1.74034e-15
0.000204414
-5.88085e-07
0.000204414
-1.18386e-06
0.000204484
-1.79532e-06
0.000204627
-2.43113e-06
0.000204851
-3.10095e-06
0.000205166
-3.81595e-06
0.000205588
-4.58936e-06
0.00020614
-5.43716e-06
0.000206851
-6.379e-06
0.000207762
-7.43908e-06
0.000208928
-8.64665e-06
0.000210416
-1.00351e-05
0.000212315
-1.16367e-05
0.000214728
-1.3469e-05
0.000217752
-1.55042e-05
0.000221439
-1.7615e-05
0.000225692
-1.95e-05
0.000230095
-2.06202e-05
0.000233662
-2.02285e-05
0.000234575
-1.76059e-05
0.000230094
-1.2547e-05
0.000216912
-5.92188e-06
0.000192117
5.27017e-08
0.00015447
2.31752e-06
0.00010469
4.22343e-05
1.02377e-05
3.19966e-05
2.68447e-05
8.80827e-05
4.33499e-05
0.000137964
5.65119e-05
0.000178955
6.48126e-05
0.000208611
6.81137e-05
0.000226793
6.73508e-05
0.000235338
6.39389e-05
0.000237074
5.92009e-05
0.000234833
5.40652e-05
0.000230828
4.90386e-05
0.000226466
4.43235e-05
0.000222467
3.99541e-05
0.000219097
3.58935e-05
0.000216376
3.20855e-05
0.000214224
2.84766e-05
0.000212536
2.50228e-05
0.000211216
2.16891e-05
0.000210185
1.84484e-05
0.00020938
1.52793e-05
0.000208757
1.21647e-05
0.00020828
9.09062e-06
0.000207925
6.0452e-06
0.000207673
3.01813e-06
0.000207511
1.99426e-15
0.000207432
-3.01813e-06
0.000207432
-6.0452e-06
0.000207511
-9.09062e-06
0.000207673
-1.21647e-05
0.000207925
-1.52793e-05
0.00020828
-1.84484e-05
0.000208757
-2.16891e-05
0.00020938
-2.50228e-05
0.000210185
-2.84766e-05
0.000211216
-3.20855e-05
0.000212536
-3.58935e-05
0.000214224
-3.99541e-05
0.000216376
-4.43235e-05
0.000219097
-4.90386e-05
0.000222467
-5.40652e-05
0.000226466
-5.92009e-05
0.000230828
-6.39389e-05
0.000234833
-6.73508e-05
0.000237074
-6.81137e-05
0.000235338
-6.48126e-05
0.000226793
-5.65119e-05
0.000208611
-4.33499e-05
0.000178955
-2.68447e-05
0.000137964
-1.02377e-05
8.80827e-05
3.19966e-05
2.63524e-05
5.64415e-06
6.52236e-05
4.92115e-05
0.000101976
0.000101212
0.000130562
0.000150369
0.000148701
0.000190472
0.000156609
0.000218886
0.000156145
0.000235801
0.000149915
0.000243304
0.000140437
0.000244311
0.000129627
0.000241637
0.00011866
0.000237432
0.000108097
0.000233031
9.81067e-05
0.000229087
8.86652e-05
0.000225817
7.96794e-05
0.00022321
7.10487e-05
0.000221167
6.26873e-05
0.000219578
5.4528e-05
0.000218344
4.652e-05
0.000217388
3.86248e-05
0.000216652
3.08132e-05
0.000216092
2.3062e-05
0.000215676
1.53528e-05
0.000215382
7.66999e-06
0.000215194
1.53692e-15
0.000215102
-7.66999e-06
0.000215102
-1.53528e-05
0.000215194
-2.3062e-05
0.000215382
-3.08132e-05
0.000215676
-3.86248e-05
0.000216092
-4.652e-05
0.000216652
-5.4528e-05
0.000217388
-6.26873e-05
0.000218344
-7.10487e-05
0.000219578
-7.96794e-05
0.000221167
-8.86652e-05
0.00022321
-9.81067e-05
0.000225817
-0.000108097
0.000229087
-0.00011866
0.000233031
-0.000129627
0.000237432
-0.000140437
0.000241637
-0.000149915
0.000244311
-0.000156145
0.000243304
-0.000156609
0.000235801
-0.000148701
0.000218886
-0.000130562
0.000190472
-0.000101976
0.000150369
-6.52236e-05
0.000101212
-2.63524e-05
4.92115e-05
5.64415e-06
7.85734e-06
-2.21319e-06
3.56561e-05
2.14128e-05
7.24986e-05
6.43696e-05
0.00010779
0.000115077
0.000135046
0.000163216
0.000151719
0.000202213
0.000158162
0.000229358
0.000156455
0.000245011
0.000149304
0.000251462
0.000139201
0.00025174
0.00012797
0.000248664
0.000116684
0.000244316
0.000105832
0.00023994
9.55387e-05
0.00023611
8.57623e-05
0.000232986
7.64051e-05
0.000230524
6.73688e-05
0.000228614
5.85724e-05
0.00022714
4.99539e-05
0.000226007
4.14664e-05
0.000225139
3.30748e-05
0.000224483
2.47521e-05
0.000223999
1.64768e-05
0.000223657
8.23125e-06
0.000223439
1.53243e-15
0.000223334
-8.23125e-06
0.000223334
-1.64768e-05
0.000223439
-2.47521e-05
0.000223657
-3.30748e-05
0.000223999
-4.14664e-05
0.000224483
-4.99539e-05
0.000225139
-5.85724e-05
0.000226007
-6.73688e-05
0.00022714
-7.64051e-05
0.000228614
-8.57623e-05
0.000230524
-9.55387e-05
0.000232986
-0.000105832
0.00023611
-0.000116684
0.00023994
-0.00012797
0.000244316
-0.000139201
0.000248664
-0.000149304
0.00025174
-0.000156455
0.000251462
-0.000158162
0.000245011
-0.000151719
0.000229358
-0.000135046
0.000202213
-0.00010779
0.000163216
-7.24986e-05
0.000115077
-3.56561e-05
6.43696e-05
-7.85734e-06
2.14128e-05
-2.21319e-06
9.80141e-07
-3.19333e-06
1.47608e-05
7.63215e-06
4.12898e-05
3.78406e-05
7.35817e-05
8.27854e-05
0.000103795
0.000133003
0.000126576
0.000179432
0.000139801
0.000216133
0.000143964
0.000240848
0.000141093
0.000254333
0.000133683
0.000259149
0.000123933
0.000258414
0.000113382
0.000254868
0.000102889
0.000250432
9.28149e-05
0.000246184
8.32293e-05
0.000242572
7.40757e-05
0.000239678
6.52638e-05
0.000237426
5.6709e-05
0.000235695
4.8344e-05
0.000234372
4.01177e-05
0.000233366
3.19922e-05
0.000232609
2.39383e-05
0.000232053
1.59336e-05
0.000231662
7.95943e-06
0.000231414
1.44981e-15
0.000231293
-7.95943e-06
0.000231293
-1.59336e-05
0.000231414
-2.39383e-05
0.000231662
-3.19922e-05
0.000232053
-4.01177e-05
0.000232609
-4.8344e-05
0.000233366
-5.6709e-05
0.000234372
-6.52638e-05
0.000235695
-7.40757e-05
0.000237426
-8.32293e-05
0.000239678
-9.28149e-05
0.000242572
-0.000102889
0.000246184
-0.000113382
0.000250432
-0.000123933
0.000254868
-0.000133683
0.000258414
-0.000141093
0.000259149
-0.000143964
0.000254333
-0.000139801
0.000240848
-0.000126576
0.000216133
-0.000103795
0.000179432
-7.35817e-05
0.000133003
-4.12898e-05
8.27854e-05
-1.47608e-05
3.78406e-05
-9.80141e-07
7.63215e-06
-3.19333e-06
-7.38256e-08
-3.1195e-06
6.43325e-06
1.12507e-06
2.36082e-05
2.06656e-05
4.96846e-05
5.6709e-05
7.88431e-05
0.000103845
0.000104824
0.000153451
0.000123412
0.000197545
0.000133157
0.000231103
0.000134864
0.000252626
0.000130586
0.000263428
0.000122636
0.000266363
0.000112933
0.00026457
0.000102741
0.000260625
9.2716e-05
0.000256209
8.30981e-05
0.000252189
7.39063e-05
0.00024887
6.50733e-05
0.000246259
5.65162e-05
0.000244252
4.8163e-05
0.000242725
3.99581e-05
0.000241571
3.18597e-05
0.000240707
2.38366e-05
0.000240076
1.58648e-05
0.000239634
7.92479e-06
0.000239354
1.39259e-15
0.000239218
-7.92479e-06
0.000239218
-1.58648e-05
0.000239354
-2.38366e-05
0.000239634
-3.18597e-05
0.000240076
-3.99581e-05
0.000240707
-4.8163e-05
0.000241571
-5.65162e-05
0.000242725
-6.50733e-05
0.000244252
-7.39063e-05
0.000246259
-8.30981e-05
0.00024887
-9.2716e-05
0.000252189
-0.000102741
0.000256209
-0.000112933
0.000260625
-0.000122636
0.00026457
-0.000130586
0.000266363
-0.000134864
0.000263428
-0.000133157
0.000252626
-0.000123412
0.000231103
-0.000104824
0.000197545
-7.88431e-05
0.000153451
-4.96846e-05
0.000103845
-2.36082e-05
5.6709e-05
-6.43325e-06
2.06656e-05
7.38256e-08
1.12507e-06
-3.1195e-06
-2.17633e-07
-2.90187e-06
2.84724e-06
-1.9398e-06
1.32989e-05
1.02139e-05
3.25143e-05
3.74936e-05
5.77918e-05
7.8567e-05
8.39171e-05
0.000127326
0.000105789
0.000175673
0.00012026
0.000216632
0.000126604
0.000246282
0.000125967
0.000264065
0.000120404
0.000271926
0.000112014
0.000272961
0.00010241
0.000270228
9.2582e-05
0.000266038
8.2994e-05
0.000261777
7.37842e-05
0.00025808
6.49335e-05
0.00025511
5.63715e-05
0.000252814
4.80255e-05
0.000251071
3.9836e-05
0.00024976
3.17582e-05
0.000248785
2.37588e-05
0.000248075
1.58122e-05
0.00024758
7.89832e-06
0.000247268
1.33296e-15
0.000247116
-7.89832e-06
0.000247116
-1.58122e-05
0.000247268
-2.37588e-05
0.00024758
-3.17582e-05
0.000248075
-3.9836e-05
0.000248785
-4.80255e-05
0.00024976
-5.63715e-05
0.000251071
-6.49335e-05
0.000252814
-7.37842e-05
0.00025511
-8.2994e-05
0.00025808
-9.2582e-05
0.000261777
-0.00010241
0.000266038
-0.000112014
0.000270228
-0.000120404
0.000272961
-0.000125967
0.000271926
-0.000126604
0.000264065
-0.00012026
0.000246282
-0.000105789
0.000216632
-8.39171e-05
0.000175673
-5.77918e-05
0.000127326
-3.25143e-05
7.8567e-05
-1.32989e-05
3.74936e-05
-2.84724e-06
1.02139e-05
2.17633e-07
-1.9398e-06
-2.90187e-06
-1.18734e-07
-2.78314e-06
1.41814e-06
-3.47667e-06
7.6063e-06
4.02579e-06
2.08657e-05
2.42342e-05
4.09566e-05
5.84761e-05
6.46633e-05
0.00010362
8.73247e-05
0.000153011
0.000104897
0.00019906
0.000115259
0.00023592
0.000118379
0.000260946
0.000115675
0.00027463
0.000109127
0.000279509
0.00010055
0.000278805
9.12277e-05
0.00027536
8.18789e-05
0.000271126
7.28002e-05
0.000267158
6.40504e-05
0.00026386
5.55881e-05
0.000261277
4.73471e-05
0.000259312
3.92674e-05
0.00025784
3.13022e-05
0.00025675
2.34164e-05
0.000255961
1.5584e-05
0.000255413
7.7842e-06
0.000255067
1.18652e-15
0.0002549
-7.7842e-06
0.0002549
-1.5584e-05
0.000255067
-2.34164e-05
0.000255413
-3.13022e-05
0.000255961
-3.92674e-05
0.00025675
-4.73471e-05
0.00025784
-5.55881e-05
0.000259312
-6.40504e-05
0.000261277
-7.28002e-05
0.00026386
-8.18789e-05
0.000267158
-9.12277e-05
0.000271126
-0.00010055
0.00027536
-0.000109127
0.000278805
-0.000115675
0.000279509
-0.000118379
0.00027463
-0.000115259
0.000260946
-0.000104897
0.00023592
-8.73247e-05
0.00019906
-6.46633e-05
0.000153011
-4.09566e-05
0.00010362
-2.08657e-05
5.84761e-05
-7.6063e-06
2.42342e-05
-1.41814e-06
4.02579e-06
1.18734e-07
-3.47667e-06
-2.78314e-06
-4.99056e-09
-2.77815e-06
9.2138e-07
-4.40305e-06
4.67989e-06
2.67282e-07
1.35799e-05
1.53343e-05
2.86888e-05
4.33671e-05
4.86859e-05
8.36225e-05
7.01417e-05
0.000131555
8.90201e-05
0.000180182
0.0001023
0.00022264
0.000108808
0.000254438
0.000109096
0.000274342
0.000104741
0.000283864
9.75527e-05
0.000285993
8.902e-05
0.000283892
8.01022e-05
0.000280044
7.12801e-05
0.00027598
6.27191e-05
0.000272421
5.44259e-05
0.00026957
4.63512e-05
0.000267387
3.84382e-05
0.000265753
3.064e-05
0.000264549
2.29208e-05
0.00026368
1.52541e-05
0.000263079
7.61946e-06
0.000262702
1.0398e-15
0.00026252
-7.61946e-06
0.00026252
-1.52541e-05
0.000262702
-2.29208e-05
0.000263079
-3.064e-05
0.00026368
-3.84382e-05
0.000264549
-4.63512e-05
0.000265753
-5.44259e-05
0.000267387
-6.27191e-05
0.00026957
-7.12801e-05
0.000272421
-8.01022e-05
0.00027598
-8.902e-05
0.000280044
-9.75527e-05
0.000283892
-0.000104741
0.000285993
-0.000109096
0.000283864
-0.000108808
0.000274342
-0.0001023
0.000254438
-8.90201e-05
0.00022264
-7.01417e-05
0.000180182
-4.86859e-05
0.000131555
-2.86888e-05
8.36225e-05
-1.35799e-05
4.33671e-05
-4.67989e-06
1.53343e-05
-9.2138e-07
2.67282e-07
4.99058e-09
-4.40305e-06
-2.77815e-06
5.21578e-08
-2.8303e-06
7.38657e-07
-5.08954e-06
3.17087e-06
-2.16493e-06
9.13731e-06
9.36781e-06
2.0116e-05
3.23884e-05
3.60894e-05
6.76491e-05
5.50352e-05
0.00011261
7.35915e-05
0.000161625
8.84636e-05
0.000207768
9.76248e-05
0.000245277
0.000100722
0.000271245
9.87247e-05
0.00028586
9.32215e-05
0.000291497
8.57642e-05
0.00029135
7.74984e-05
0.00028831
6.90896e-05
0.000284389
6.08301e-05
0.00028068
5.27945e-05
0.000277605
4.49624e-05
0.000275219
3.72867e-05
0.000273429
2.97226e-05
0.000272113
2.22352e-05
0.000271167
1.47983e-05
0.000270516
7.39197e-06
0.000270108
9.30056e-16
0.000269912
-7.39197e-06
0.000269912
-1.47983e-05
0.000270108
-2.22352e-05
0.000270516
-2.97226e-05
0.000271167
-3.72867e-05
0.000272113
-4.49624e-05
0.000273429
-5.27945e-05
0.000275219
-6.08301e-05
0.000277605
-6.90896e-05
0.00028068
-7.74984e-05
0.000284389
-8.57642e-05
0.00028831
-9.32215e-05
0.00029135
-9.87247e-05
0.000291497
-0.000100722
0.00028586
-9.76248e-05
0.000271245
-8.84636e-05
0.000245277
-7.35915e-05
0.000207768
-5.50352e-05
0.000161625
-3.60894e-05
0.00011261
-2.0116e-05
6.76491e-05
-9.13731e-06
3.23884e-05
-3.17087e-06
9.36781e-06
-7.38657e-07
-2.16493e-06
-5.21578e-08
-5.08954e-06
-2.8303e-06
6.32149e-08
-2.89352e-06
6.32271e-07
-5.6586e-06
2.32427e-06
-3.85693e-06
6.37804e-06
5.31404e-06
1.41868e-05
2.45797e-05
2.6412e-05
5.54239e-05
4.22047e-05
9.68171e-05
5.91833e-05
0.000144647
7.43241e-05
0.000192627
8.51697e-05
0.000234432
9.0607e-05
0.000265808
9.09167e-05
0.000285551
8.72859e-05
0.000295127
8.11669e-05
0.000297469
7.3797e-05
0.00029568
6.59949e-05
0.000292191
5.81854e-05
0.00028849
5.05268e-05
0.000285264
4.30406e-05
0.000282705
3.56973e-05
0.000280772
2.84585e-05
0.000279351
2.12913e-05
0.000278334
1.41711e-05
0.000277637
7.07896e-06
0.0002772
8.10331e-16
0.000276991
-7.07896e-06
0.000276991
-1.41711e-05
0.0002772
-2.12913e-05
0.000277637
-2.84585e-05
0.000278334
-3.56973e-05
0.000279351
-4.30406e-05
0.000280772
-5.05268e-05
0.000282705
-5.81854e-05
0.000285264
-6.59949e-05
0.00028849
-7.3797e-05
0.000292191
-8.11669e-05
0.00029568
-8.72859e-05
0.000297469
-9.09167e-05
0.000295127
-9.0607e-05
0.000285551
-8.51697e-05
0.000265808
-7.43241e-05
0.000234432
-5.91833e-05
0.000192627
-4.22047e-05
0.000144647
-2.6412e-05
9.68171e-05
-1.41868e-05
5.54239e-05
-6.37804e-06
2.45797e-05
-2.32427e-06
5.31404e-06
-6.32271e-07
-3.85693e-06
-6.32149e-08
-5.6586e-06
-2.89352e-06
5.04697e-08
-2.94399e-06
5.27858e-07
-6.13599e-06
1.757e-06
-5.08607e-06
4.53211e-06
2.53892e-06
9.96391e-06
1.91479e-05
1.89385e-05
4.64492e-05
3.13997e-05
8.43559e-05
4.59459e-05
0.0001301
6.01759e-05
0.000178397
7.16313e-05
0.000222976
7.87112e-05
0.000258728
8.10561e-05
0.000283206
7.93456e-05
0.000296838
7.47789e-05
0.000302035
6.85622e-05
0.000301897
6.16039e-05
0.00029915
5.44442e-05
0.000295649
4.73312e-05
0.000292377
4.034e-05
0.000289696
3.34672e-05
0.000287645
2.66858e-05
0.000286133
1.99681e-05
0.000285052
1.32919e-05
0.000284313
6.6402e-06
0.000283852
6.9004e-16
0.000283631
-6.6402e-06
0.000283631
-1.32919e-05
0.000283852
-1.99681e-05
0.000284313
-2.66858e-05
0.000285052
-3.34672e-05
0.000286133
-4.034e-05
0.000287645
-4.73312e-05
0.000289696
-5.44442e-05
0.000292377
-6.16039e-05
0.000295649
-6.85622e-05
0.00029915
-7.47789e-05
0.000301897
-7.93456e-05
0.000302035
-8.10561e-05
0.000296838
-7.87112e-05
0.000283206
-7.16313e-05
0.000258728
-6.01759e-05
0.000222976
-4.59459e-05
0.000178397
-3.13997e-05
0.0001301
-1.89385e-05
8.43559e-05
-9.96391e-06
4.64492e-05
-4.53211e-06
1.91479e-05
-1.757e-06
2.53892e-06
-5.27857e-07
-5.08607e-06
-5.04697e-08
-6.13599e-06
-2.94399e-06
2.83139e-08
-2.9723e-06
4.02951e-07
-6.51063e-06
1.2743e-06
-5.95743e-06
3.11019e-06
7.03042e-07
6.70416e-06
1.55539e-05
1.29053e-05
4.02481e-05
2.20947e-05
7.51665e-05
3.36754e-05
0.00011852
4.60122e-05
0.00016606
5.6992e-05
0.000211996
6.48506e-05
0.000250869
6.87484e-05
0.000279308
6.88432e-05
0.000296743
6.59646e-05
0.000304914
6.11567e-05
0.000306704
5.5325e-05
0.000304981
4.90808e-05
0.000301893
4.27526e-05
0.000298705
3.64742e-05
0.000295975
3.02766e-05
0.000293842
2.415e-05
0.000292259
1.8075e-05
0.000291127
1.20336e-05
0.000290354
6.01223e-06
0.000289873
6.69075e-16
0.000289643
-6.01223e-06
0.000289643
-1.20336e-05
0.000289873
-1.8075e-05
0.000290354
-2.415e-05
0.000291127
-3.02766e-05
0.000292259
-3.64742e-05
0.000293842
-4.27526e-05
0.000295975
-4.90808e-05
0.000298705
-5.5325e-05
0.000301893
-6.11567e-05
0.000304981
-6.59646e-05
0.000306704
-6.88432e-05
0.000304914
-6.87484e-05
0.000296743
-6.48506e-05
0.000279308
-5.6992e-05
0.000250869
-4.60122e-05
0.000211996
-3.36754e-05
0.00016606
-2.20947e-05
0.00011852
-1.29053e-05
7.51665e-05
-6.70416e-06
4.02481e-05
-3.11019e-06
1.55539e-05
-1.2743e-06
7.03042e-07
-4.02951e-07
-5.95743e-06
-2.83139e-08
-6.51063e-06
-2.9723e-06
5.72025e-09
-2.97802e-06
2.50311e-07
-6.75522e-06
7.69603e-07
-6.47672e-06
1.79814e-06
-3.25492e-07
3.84753e-06
1.35045e-05
7.61365e-06
3.6482e-05
1.36585e-05
6.91216e-05
2.19578e-05
0.00011022
3.16252e-05
0.000156393
4.11096e-05
0.000202512
4.87905e-05
0.000243188
5.35778e-05
0.000274521
5.5184e-05
0.000295137
5.40141e-05
0.000306084
5.08352e-05
0.000309883
4.644e-05
0.000309376
4.14411e-05
0.000306892
3.62164e-05
0.00030393
3.09522e-05
0.000301239
2.57176e-05
0.000299077
2.05252e-05
0.000297452
1.53676e-05
0.000296285
1.02337e-05
0.000295488
5.11364e-06
0.000294994
7.92394e-16
0.000294757
-5.11364e-06
0.000294757
-1.02337e-05
0.000294994
-1.53676e-05
0.000295488
-2.05252e-05
0.000296285
-2.57176e-05
0.000297452
-3.09522e-05
0.000299077
-3.62164e-05
0.000301239
-4.14411e-05
0.00030393
-4.644e-05
0.000306892
-5.08352e-05
0.000309376
-5.40141e-05
0.000309883
-5.5184e-05
0.000306084
-5.35778e-05
0.000295137
-4.87905e-05
0.000274521
-4.11096e-05
0.000243188
-3.16252e-05
0.000202512
-2.19578e-05
0.000156393
-1.36585e-05
0.00011022
-7.61365e-06
6.91216e-05
-3.84753e-06
3.6482e-05
-1.79814e-06
1.35045e-05
-7.69603e-07
-3.25492e-07
-2.50311e-07
-6.47672e-06
-5.72024e-09
-6.75522e-06
-2.97802e-06
-1.15045e-08
-2.96652e-06
6.73541e-08
-6.83407e-06
1.82489e-07
-6.59185e-06
3.99006e-07
-5.4201e-07
1.00398e-06
1.28995e-05
2.51754e-06
3.49685e-05
5.53567e-06
6.61035e-05
1.03995e-05
0.000105357
1.68568e-05
0.000149935
2.39983e-05
0.000195371
3.05747e-05
0.000236612
3.54865e-05
0.000269609
3.81464e-05
0.000292477
3.85539e-05
0.000305677
3.71274e-05
0.00031131
3.44457e-05
0.000312058
3.10377e-05
0.0003103
2.72793e-05
0.000307688
2.33883e-05
0.00030513
1.9467e-05
0.000302998
1.55521e-05
0.000301367
1.16512e-05
0.000300186
7.76174e-06
0.000299378
3.87927e-06
0.000298876
1.0796e-15
0.000298636
-3.87927e-06
0.000298636
-7.76174e-06
0.000298876
-1.16512e-05
0.000299378
-1.55521e-05
0.000300186
-1.9467e-05
0.000301367
-2.33883e-05
0.000302998
-2.72793e-05
0.00030513
-3.10377e-05
0.000307688
-3.44457e-05
0.0003103
-3.71274e-05
0.000312058
-3.85539e-05
0.00031131
-3.81464e-05
0.000305677
-3.54865e-05
0.000292477
-3.05747e-05
0.000269609
-2.39983e-05
0.000236612
-1.68568e-05
0.000195371
-1.03995e-05
0.000149935
-5.53567e-06
0.000105357
-2.51754e-06
6.61035e-05
-1.00398e-06
3.49685e-05
-3.99006e-07
1.28995e-05
-1.82489e-07
-5.4201e-07
-6.7354e-08
-6.59185e-06
1.15045e-08
-6.83407e-06
-2.96652e-06
-2.27044e-08
-2.94381e-06
-1.47888e-07
-6.70889e-06
-5.132e-07
-6.22654e-06
-1.1811e-06
1.25887e-07
-2.02797e-06
1.37464e-05
-2.67717e-06
3.56176e-05
-2.5528e-06
6.59791e-05
-1.09478e-06
0.000103899
1.92966e-06
0.000146911
6.2144e-06
0.000191086
1.09856e-05
0.00023184
1.53201e-05
0.000265274
1.84979e-05
0.000289299
2.01971e-05
0.000303977
2.04822e-05
0.000311025
1.96565e-05
0.000312884
1.80909e-05
0.000311866
1.61018e-05
0.000309677
1.39041e-05
0.000307328
1.16188e-05
0.000305283
9.30285e-06
0.000303683
6.9784e-06
0.00030251
4.65234e-06
0.000301704
2.32616e-06
0.000301202
1.63311e-15
0.000300962
-2.32616e-06
0.000300962
-4.65234e-06
0.000301202
-6.9784e-06
0.000301704
-9.30285e-06
0.00030251
-1.16188e-05
0.000303683
-1.39041e-05
0.000305283
-1.61018e-05
0.000307328
-1.80909e-05
0.000309677
-1.96565e-05
0.000311866
-2.04822e-05
0.000312884
-2.01971e-05
0.000311025
-1.84979e-05
0.000303977
-1.53201e-05
0.000289299
-1.09856e-05
0.000265274
-6.2144e-06
0.00023184
-1.92966e-06
0.000191086
1.09478e-06
0.000146911
2.5528e-06
0.000103899
2.67717e-06
6.59791e-05
2.02797e-06
3.56176e-05
1.1811e-06
1.37464e-05
5.132e-07
1.25887e-07
1.47888e-07
-6.22654e-06
2.27045e-08
-6.70889e-06
-2.94381e-06
-3.53462e-08
-2.90847e-06
-3.99683e-07
-6.34455e-06
-1.31287e-06
-5.31335e-06
-2.9352e-06
1.74821e-06
-5.24948e-06
1.60607e-05
-7.96308e-06
3.83312e-05
-1.05084e-05
6.85244e-05
-1.21842e-05
0.000105574
-1.24178e-05
0.000147144
-1.10336e-05
0.000189702
-8.34957e-06
0.000229156
-5.02852e-06
0.000261953
-1.79193e-06
0.000286063
8.29799e-07
0.000301356
2.6041e-06
0.000309251
3.55973e-06
0.000311928
3.87506e-06
0.000311551
3.7641e-06
0.000309788
3.40508e-06
0.000307687
2.91709e-06
0.000305771
2.36746e-06
0.000304232
1.78947e-06
0.000303088
1.19819e-06
0.000302295
6.00456e-07
0.0003018
2.4437e-15
0.000301563
-6.00456e-07
0.000301563
-1.19819e-06
0.0003018
-1.78947e-06
0.000302295
-2.36746e-06
0.000303088
-2.91709e-06
0.000304232
-3.40508e-06
0.000305771
-3.7641e-06
0.000307687
-3.87506e-06
0.000309788
-3.55973e-06
0.000311551
-2.6041e-06
0.000311928
-8.29799e-07
0.000309251
1.79193e-06
0.000301356
5.02852e-06
0.000286063
8.34957e-06
0.000261953
1.10336e-05
0.000229156
1.24178e-05
0.000189702
1.21842e-05
0.000147144
1.05084e-05
0.000105574
7.96308e-06
6.85244e-05
5.24948e-06
3.83312e-05
2.9352e-06
1.60607e-05
1.31287e-06
1.74821e-06
3.99683e-07
-5.31335e-06
3.53462e-08
-6.34455e-06
-2.90847e-06
-6.16608e-08
-2.84681e-06
-6.93376e-07
-5.71284e-06
-2.19251e-06
-3.81421e-06
-4.79289e-06
4.34859e-06
-8.53198e-06
1.97998e-05
-1.31362e-05
4.29354e-05
-1.80039e-05
7.33922e-05
-2.23187e-05
0.000109889
-2.52815e-05
0.000150107
-2.63897e-05
0.00019081
-2.56163e-05
0.000228383
-2.33813e-05
0.000259718
-2.03417e-05
0.000283023
-1.71352e-05
0.000298149
-1.42021e-05
0.000306317
-1.17365e-05
0.000309462
-9.73962e-06
0.000309554
-8.11181e-06
0.00030816
-6.73143e-06
0.000306306
-5.49843e-06
0.000304538
-4.34626e-06
0.00030308
-3.23647e-06
0.000301978
-2.14862e-06
0.000301207
-1.07193e-06
0.000300723
3.51089e-15
0.000300491
1.07193e-06
0.000300491
2.14862e-06
0.000300723
3.23647e-06
0.000301207
4.34626e-06
0.000301978
5.49843e-06
0.00030308
6.73143e-06
0.000304538
8.11181e-06
0.000306306
9.73962e-06
0.00030816
1.17365e-05
0.000309554
1.42021e-05
0.000309462
1.71352e-05
0.000306317
2.03417e-05
0.000298149
2.33813e-05
0.000283023
2.56163e-05
0.000259718
2.63897e-05
0.000228383
2.52815e-05
0.00019081
2.23187e-05
0.000150107
1.80039e-05
0.000109889
1.31362e-05
7.33922e-05
8.53198e-06
4.29354e-05
4.79289e-06
1.97998e-05
2.19251e-06
4.34859e-06
6.93376e-07
-3.81421e-06
6.16608e-08
-5.71284e-06
-2.84681e-06
-1.10006e-07
-2.7368e-06
-1.03091e-06
-4.79194e-06
-3.12944e-06
-1.71568e-06
-6.69164e-06
7.91079e-06
-1.17632e-05
2.48713e-05
-1.80288e-05
4.9201e-05
-2.48059e-05
8.01693e-05
-3.11664e-05
0.00011625
-3.61649e-05
0.000155106
-3.91113e-05
0.000193756
-3.97744e-05
0.000229046
-3.841e-05
0.000258354
-3.56059e-05
0.000280219
-3.204e-05
0.000294583
-2.8273e-05
0.000302551
-2.46498e-05
0.000305839
-2.13086e-05
0.000306213
-1.82494e-05
0.000305101
-1.54091e-05
0.000303466
-1.27149e-05
0.000301844
-1.01087e-05
0.000300474
-7.55255e-06
0.000299422
-5.02358e-06
0.000298678
-2.50876e-06
0.000298208
4.74689e-15
0.000297982
2.50876e-06
0.000297982
5.02358e-06
0.000298208
7.55255e-06
0.000298678
1.01087e-05
0.000299422
1.27149e-05
0.000300474
1.54091e-05
0.000301844
1.82494e-05
0.000303466
2.13086e-05
0.000305101
2.46498e-05
0.000306213
2.8273e-05
0.000305839
3.204e-05
0.000302551
3.56059e-05
0.000294583
3.841e-05
0.000280219
3.97744e-05
0.000258354
3.91113e-05
0.000229046
3.61649e-05
0.000193756
3.11664e-05
0.000155106
2.48059e-05
0.00011625
1.80288e-05
8.01693e-05
1.17632e-05
4.9201e-05
6.69164e-06
2.48713e-05
3.12944e-06
7.91079e-06
1.03091e-06
-1.71568e-06
1.10006e-07
-4.79194e-06
-2.7368e-06
-1.81582e-07
-2.55522e-06
-1.41209e-06
-3.56143e-06
-4.12245e-06
9.94678e-07
-8.63281e-06
1.24212e-05
-1.49533e-05
3.11918e-05
-2.26696e-05
5.69174e-05
-3.09752e-05
8.84748e-05
-3.88296e-05
0.000124104
-4.51995e-05
0.000161476
-4.93167e-05
0.000197873
-5.08692e-05
0.000230599
-5.00382e-05
0.000257523
-4.73685e-05
0.000277549
-4.35456e-05
0.00029076
-3.91865e-05
0.000298191
-3.47214e-05
0.000301374
-3.03772e-05
0.000301868
-2.62263e-05
0.00030095
-2.22546e-05
0.000299494
-1.84163e-05
0.000298006
-1.46653e-05
0.000296723
-1.09669e-05
0.000295724
-7.2984e-06
0.00029501
-3.64577e-06
0.000294556
6.01289e-15
0.000294336
3.64577e-06
0.000294336
7.2984e-06
0.000294556
1.09669e-05
0.00029501
1.46653e-05
0.000295724
1.84163e-05
0.000296723
2.22546e-05
0.000298006
2.62263e-05
0.000299494
3.03772e-05
0.00030095
3.47214e-05
0.000301868
3.91865e-05
0.000301374
4.35456e-05
0.000298191
4.73685e-05
0.00029076
5.00382e-05
0.000277549
5.08692e-05
0.000257523
4.93167e-05
0.000230599
4.51995e-05
0.000197873
3.88296e-05
0.000161476
3.09752e-05
0.000124104
2.26696e-05
8.84748e-05
1.49533e-05
5.69174e-05
8.63281e-06
3.11918e-05
4.12245e-06
1.24212e-05
1.41209e-06
9.94678e-07
1.81582e-07
-3.56143e-06
-2.55522e-06
-2.7373e-07
-2.28149e-06
-1.84056e-06
-1.99459e-06
-5.20169e-06
4.35581e-06
-1.06937e-05
1.79132e-05
-1.82406e-05
3.87386e-05
-2.7268e-05
6.59449e-05
-3.68071e-05
9.80139e-05
-4.57107e-05
0.000133008
-5.29073e-05
0.000168672
-5.76347e-05
0.000202601
-5.9593e-05
0.000232557
-5.89615e-05
0.000256891
-5.62731e-05
0.000274861
-5.2209e-05
0.000286696
-4.74029e-05
0.000293385
-4.23226e-05
0.000296294
-3.7243e-05
0.000296789
-3.22825e-05
0.00029599
-2.74623e-05
0.000294674
-2.27591e-05
0.000293303
-1.81384e-05
0.000292102
-1.35702e-05
0.000291156
-9.03306e-06
0.000290473
-4.51284e-06
0.000290036
7.37641e-15
0.000289823
4.51284e-06
0.000289823
9.03306e-06
0.000290036
1.35702e-05
0.000290473
1.81384e-05
0.000291156
2.27591e-05
0.000292102
2.74623e-05
0.000293303
3.22825e-05
0.000294674
3.7243e-05
0.00029599
4.23226e-05
0.000296789
4.74029e-05
0.000296294
5.2209e-05
0.000293385
5.62731e-05
0.000286696
5.89615e-05
0.000274861
5.9593e-05
0.000256891
5.76347e-05
0.000232557
5.29073e-05
0.000202601
4.57107e-05
0.000168672
3.68071e-05
0.000133008
2.7268e-05
9.80139e-05
1.82406e-05
6.59449e-05
1.06937e-05
3.87386e-05
5.20169e-06
1.79132e-05
1.84056e-06
4.35581e-06
2.7373e-07
-1.99459e-06
-2.28149e-06
-3.83068e-07
-1.89842e-06
-2.32934e-06
-4.83252e-08
-6.43253e-06
8.459e-06
-1.30179e-05
2.44986e-05
-2.18491e-05
4.75698e-05
-3.21199e-05
7.62157e-05
-4.26705e-05
0.000108564
-5.22679e-05
0.000142605
-5.98573e-05
0.000176262
-6.4751e-05
0.000207495
-6.67278e-05
0.000234534
-6.60142e-05
0.000256178
-6.31543e-05
0.000272001
-5.88209e-05
0.000282363
-5.36406e-05
0.000288205
-4.80874e-05
0.000290741
-4.24553e-05
0.000291157
-3.68872e-05
0.000290422
-3.14271e-05
0.000289214
-2.60682e-05
0.000287944
-2.0786e-05
0.00028682
-1.55551e-05
0.000285925
-1.03557e-05
0.000285273
-5.17396e-06
0.000284854
8.75946e-15
0.000284649
5.17396e-06
0.000284649
1.03557e-05
0.000284854
1.55551e-05
0.000285273
2.0786e-05
0.000285925
2.60682e-05
0.00028682
3.14271e-05
0.000287944
3.68872e-05
0.000289214
4.24553e-05
0.000290422
4.80874e-05
0.000291157
5.36406e-05
0.000290741
5.88209e-05
0.000288205
6.31543e-05
0.000282363
6.60142e-05
0.000272001
6.67278e-05
0.000256178
6.4751e-05
0.000234534
5.98573e-05
0.000207495
5.22679e-05
0.000176262
4.26705e-05
0.000142605
3.21199e-05
0.000108564
2.18491e-05
7.62157e-05
1.30179e-05
4.75698e-05
6.43253e-06
2.44986e-05
2.32934e-06
8.459e-06
3.83068e-07
-4.83252e-08
-1.89842e-06
-5.05978e-07
-1.39244e-06
-2.90956e-06
2.35526e-06
-7.93089e-06
1.34803e-05
-1.58193e-05
3.2387e-05
-2.60608e-05
5.78113e-05
-3.75384e-05
8.76933e-05
-4.88968e-05
0.000119923
-5.88661e-05
0.000152574
-6.64756e-05
0.000183871
-7.1173e-05
0.000212192
-7.2861e-05
0.000236222
-7.18409e-05
0.000255158
-6.86784e-05
0.000268839
-6.40336e-05
0.000277718
-5.85106e-05
0.000282682
-5.25693e-05
0.000284799
-4.65029e-05
0.00028509
-4.04638e-05
0.000284383
-3.45084e-05
0.000283259
-2.86412e-05
0.000282077
-2.2845e-05
0.000281024
-1.70988e-05
0.000280178
-1.13843e-05
0.000279559
-5.68807e-06
0.000279158
1.00956e-14
0.000278961
5.68807e-06
0.000278961
1.13843e-05
0.000279158
1.70988e-05
0.000279559
2.2845e-05
0.000280178
2.86412e-05
0.000281024
3.45084e-05
0.000282077
4.04638e-05
0.000283259
4.65029e-05
0.000284383
5.25693e-05
0.00028509
5.85106e-05
0.000284799
6.40336e-05
0.000282682
6.86784e-05
0.000277718
7.18409e-05
0.000268839
7.2861e-05
0.000255158
7.1173e-05
0.000236222
6.64756e-05
0.000212192
5.88661e-05
0.000183871
4.88968e-05
0.000152574
3.75384e-05
0.000119923
2.60608e-05
8.76933e-05
1.58193e-05
5.78113e-05
7.93089e-06
3.2387e-05
2.90956e-06
1.34803e-05
5.05978e-07
2.35526e-06
-1.39244e-06
-6.41758e-07
-7.50685e-07
-3.6551e-06
5.3686e-06
-9.90424e-06
1.97295e-05
-1.94105e-05
4.18933e-05
-3.12123e-05
6.96131e-05
-4.38213e-05
0.000100302
-5.57328e-05
0.000131834
-6.57291e-05
0.000162571
-7.30029e-05
0.000191145
-7.71895e-05
0.000216379
-7.83403e-05
0.000237373
-7.68395e-05
0.000253657
-7.32723e-05
0.000265271
-6.82776e-05
0.000272723
-6.24257e-05
0.00027683
-5.6149e-05
0.000278523
-4.97269e-05
0.000278668
-4.33101e-05
0.000277966
-3.69604e-05
0.000276909
-3.06888e-05
0.000275805
-2.44837e-05
0.000274819
-1.83273e-05
0.000274022
-1.22028e-05
0.000273434
-6.09711e-06
0.000273052
1.14498e-14
0.000272864
6.09711e-06
0.000272864
1.22028e-05
0.000273052
1.83273e-05
0.000273434
2.44837e-05
0.000274022
3.06888e-05
0.000274819
3.69604e-05
0.000275805
4.33101e-05
0.000276909
4.97269e-05
0.000277966
5.6149e-05
0.000278668
6.24257e-05
0.000278523
6.82776e-05
0.00027683
7.32723e-05
0.000272723
7.68395e-05
0.000265271
7.83403e-05
0.000253657
7.71895e-05
0.000237373
7.30029e-05
0.000216379
6.57291e-05
0.000191145
5.57328e-05
0.000162571
4.38213e-05
0.000131834
3.12123e-05
0.000100302
1.94105e-05
6.96131e-05
9.90424e-06
4.18933e-05
3.6551e-06
1.97295e-05
6.41758e-07
5.3686e-06
-7.50685e-07
-8.09858e-07
5.91725e-08
-4.74509e-06
9.30384e-06
-1.27255e-05
2.77099e-05
-2.42408e-05
5.34085e-05
-3.76871e-05
8.30594e-05
-5.12206e-05
0.000113836
-6.33152e-05
0.000143929
-7.29338e-05
0.000172189
-7.95138e-05
0.000197725
-8.29103e-05
0.000219775
-8.33254e-05
0.000237788
-8.12155e-05
0.000251547
-7.71724e-05
0.000261228
-7.18029e-05
0.000267354
-6.56334e-05
0.000270661
-5.90594e-05
0.000271949
-5.23383e-05
0.000271947
-4.56121e-05
0.00027124
-3.89424e-05
0.000270239
-3.23437e-05
0.000269206
-2.5808e-05
0.000268283
-1.93199e-05
0.000267534
-1.28641e-05
0.000266979
-6.42755e-06
0.000266615
1.27411e-14
0.000266437
6.42755e-06
0.000266437
1.28641e-05
0.000266615
1.93199e-05
0.000266979
2.5808e-05
0.000267534
3.23437e-05
0.000268283
3.89424e-05
0.000269206
4.56121e-05
0.000270239
5.23383e-05
0.00027124
5.90594e-05
0.000271947
6.56334e-05
0.000271949
7.18029e-05
0.000270661
7.71724e-05
0.000267354
8.12155e-05
0.000261228
8.33254e-05
0.000251547
8.29103e-05
0.000237788
7.95138e-05
0.000219775
7.29338e-05
0.000197725
6.33152e-05
0.000172189
5.12206e-05
0.000143929
3.76871e-05
0.000113836
2.42408e-05
8.30594e-05
1.27255e-05
5.34085e-05
4.74509e-06
2.77099e-05
8.09858e-07
9.30384e-06
5.91725e-08
-1.10851e-06
1.16768e-06
-6.59145e-06
1.47868e-05
-1.7031e-05
3.81495e-05
-3.0906e-05
6.72834e-05
-4.58631e-05
9.80166e-05
-5.98809e-05
0.000127853
-7.16343e-05
0.000155682
-8.04105e-05
0.000180965
-8.59468e-05
0.000203261
-8.8317e-05
0.000222145
-8.78507e-05
0.000237322
-8.50498e-05
0.000248746
-8.04927e-05
0.000256671
-7.47414e-05
0.000261602
-6.82705e-05
0.00026419
-6.14332e-05
0.000265111
-5.44595e-05
0.000264973
-4.74787e-05
0.000264259
-4.05485e-05
0.000263309
-3.36845e-05
0.000262342
-2.68808e-05
0.000261479
-2.01239e-05
0.000260777
-1.33996e-05
0.000260254
-6.69513e-06
0.000259911
1.40273e-14
0.000259741
6.69513e-06
0.000259741
1.33996e-05
0.000259911
2.01239e-05
0.000260254
2.68808e-05
0.000260777
3.36845e-05
0.000261479
4.05485e-05
0.000262342
4.74787e-05
0.000263309
5.44595e-05
0.000264259
6.14332e-05
0.000264973
6.82705e-05
0.000265111
7.47414e-05
0.00026419
8.04927e-05
0.000261602
8.50498e-05
0.000256671
8.78507e-05
0.000248746
8.8317e-05
0.000237322
8.59468e-05
0.000222145
8.04105e-05
0.000203261
7.16343e-05
0.000180965
5.98809e-05
0.000155682
4.58631e-05
0.000127853
3.0906e-05
9.80166e-05
1.7031e-05
6.72834e-05
6.59145e-06
3.81495e-05
1.10851e-06
1.47868e-05
1.16768e-06
-1.83955e-06
3.00724e-06
-9.95067e-06
2.28979e-05
-2.36084e-05
5.18072e-05
-3.97931e-05
8.34681e-05
-5.56241e-05
0.000113848
-6.9315e-05
0.000141544
-8.00151e-05
0.000166383
-8.74348e-05
0.000188385
-9.16062e-05
0.000207433
-9.27776e-05
0.000223317
-9.13567e-05
0.000235901
-8.78527e-05
0.000245242
-8.28064e-05
0.000251625
-7.67207e-05
0.000255517
-7.00117e-05
0.000257481
-6.29857e-05
0.000258085
-5.58426e-05
0.00025783
-4.86956e-05
0.000257112
-4.15965e-05
0.00025621
-3.45601e-05
0.000255306
-2.75817e-05
0.000254501
-2.06494e-05
0.000253845
-1.37496e-05
0.000253354
-6.86997e-06
0.000253031
1.51602e-14
0.000252871
6.86997e-06
0.000252871
1.37496e-05
0.000253031
2.06494e-05
0.000253354
2.75817e-05
0.000253845
3.45601e-05
0.000254501
4.15965e-05
0.000255306
4.86956e-05
0.00025621
5.58426e-05
0.000257112
6.29857e-05
0.00025783
7.00117e-05
0.000258085
7.67207e-05
0.000257481
8.28064e-05
0.000255517
8.78527e-05
0.000251625
9.13567e-05
0.000245242
9.27776e-05
0.000235901
9.16062e-05
0.000223317
8.74348e-05
0.000207433
8.00151e-05
0.000188385
6.9315e-05
0.000166383
5.56241e-05
0.000141544
3.97931e-05
0.000113848
2.36084e-05
8.34681e-05
9.95067e-06
5.18072e-05
1.83955e-06
2.28979e-05
3.00724e-06
-3.60321e-06
6.61045e-06
-1.61217e-05
3.54164e-05
-3.36088e-05
6.92943e-05
-5.1541e-05
0.0001014
-6.72711e-05
0.000129578
-7.97763e-05
0.00015405
-8.88472e-05
0.000175453
-9.45901e-05
0.000194128
-9.72497e-05
0.000210092
-9.71719e-05
0.000223239
-9.4789e-05
0.000233518
-9.05868e-05
0.00024104
-8.50547e-05
0.000246093
-7.86344e-05
0.000249096
-7.1685e-05
0.000250531
-6.44692e-05
0.000250869
-5.71581e-05
0.000250519
-4.98494e-05
0.000249803
-4.25883e-05
0.000248949
-3.53878e-05
0.000248105
-2.8244e-05
0.000247357
-2.11457e-05
0.000246746
-1.40801e-05
0.000246289
-7.03511e-06
0.000245986
1.60631e-14
0.000245836
7.03511e-06
0.000245836
1.40801e-05
0.000245986
2.11457e-05
0.000246289
2.8244e-05
0.000246746
3.53878e-05
0.000247357
4.25883e-05
0.000248105
4.98494e-05
0.000248949
5.71581e-05
0.000249803
6.44692e-05
0.000250519
7.1685e-05
0.000250869
7.86344e-05
0.000250531
8.50547e-05
0.000249096
9.05868e-05
0.000246093
9.4789e-05
0.00024104
9.71719e-05
0.000233518
9.72497e-05
0.000223239
9.45901e-05
0.000210092
8.88472e-05
0.000194128
7.97763e-05
0.000175453
6.72711e-05
0.00015405
5.1541e-05
0.000129578
3.36088e-05
0.0001014
1.61217e-05
6.92943e-05
3.60321e-06
3.54164e-05
6.61045e-06
-9.4883e-06
1.60988e-05
-2.95521e-05
5.54802e-05
-5.09598e-05
9.0702e-05
-6.94553e-05
0.000119896
-8.39496e-05
0.000144072
-9.45554e-05
0.000164655
-0.000101636
0.000182534
-0.000105539
0.000198031
-0.000106599
0.000211153
-0.000105186
0.000221826
-0.000101722
0.000230053
-9.6656e-05
0.000235974
-9.04305e-05
0.000239867
-8.34363e-05
0.000242102
-7.59879e-05
0.000243083
-6.83141e-05
0.000243195
-6.05644e-05
0.00024277
-5.28245e-05
0.000242063
-4.51347e-05
0.000241259
-3.75066e-05
0.000240477
-2.99363e-05
0.000239787
-2.24129e-05
0.000239223
-1.49238e-05
0.0002388
-7.45659e-06
0.000238519
1.70869e-14
0.00023838
7.45659e-06
0.00023838
1.49238e-05
0.000238519
2.24129e-05
0.0002388
2.99363e-05
0.000239223
3.75066e-05
0.000239787
4.51347e-05
0.000240477
5.28245e-05
0.000241259
6.05644e-05
0.000242063
6.83141e-05
0.00024277
7.59879e-05
0.000243195
8.34363e-05
0.000243083
9.04305e-05
0.000242102
9.6656e-05
0.000239867
0.000101722
0.000235974
0.000105186
0.000230053
0.000106599
0.000221826
0.000105539
0.000211153
0.000101636
0.000198031
9.45554e-05
0.000182534
8.39496e-05
0.000164655
6.94553e-05
0.000144072
5.09598e-05
0.000119896
2.95521e-05
9.0702e-05
9.4883e-06
5.54802e-05
1.60988e-05
-2.12762e-05
3.7375e-05
-4.5161e-05
7.9365e-05
-6.43171e-05
0.000109858
-7.86892e-05
0.000134268
-8.91019e-05
0.000154485
-9.62345e-05
0.000171788
-0.000100524
0.000186823
-0.000102276
0.000199783
-0.000101774
0.000210651
-9.93344e-05
0.000219387
-9.53116e-05
0.00022603
-9.00744e-05
0.000230737
-8.39731e-05
0.000233766
-7.73106e-05
0.00023544
-7.03258e-05
0.000236098
-6.31895e-05
0.000236059
-5.60121e-05
0.000235592
-4.88556e-05
0.000234907
-4.17482e-05
0.000234152
-3.46967e-05
0.000233426
-2.76965e-05
0.000232787
-2.07376e-05
0.000232264
-1.3809e-05
0.000231871
-6.89982e-06
0.00023161
1.85019e-14
0.00023148
6.89982e-06
0.00023148
1.3809e-05
0.00023161
2.07376e-05
0.000231871
2.76965e-05
0.000232264
3.46967e-05
0.000232787
4.17482e-05
0.000233426
4.88556e-05
0.000234152
5.60121e-05
0.000234907
6.31895e-05
0.000235592
7.03258e-05
0.000236059
7.73106e-05
0.000236098
8.39731e-05
0.00023544
9.00744e-05
0.000233766
9.53116e-05
0.000230737
9.93344e-05
0.00022603
0.000101774
0.000219387
0.000102276
0.000210651
0.000100524
0.000199783
9.62345e-05
0.000186823
8.91019e-05
0.000171788
7.86892e-05
0.000154485
6.43171e-05
0.000134268
4.5161e-05
0.000109858
2.12762e-05
7.9365e-05
3.7375e-05
1.14e-06
3.6235e-05
-4.2275e-07
8.09278e-05
-3.43343e-06
0.000112869
-6.81464e-06
0.000137649
-1.00001e-05
0.00015767
-1.26063e-05
0.000174394
-1.4437e-05
0.000188654
-1.546e-05
0.000200806
-1.57558e-05
0.000210947
-1.54673e-05
0.000219098
-1.47574e-05
0.00022532
-1.37795e-05
0.000229759
-1.26594e-05
0.000232646
-1.14877e-05
0.000234268
-1.0321e-05
0.000234931
-9.18734e-06
0.000234926
-8.09464e-06
0.0002345
-7.03897e-06
0.000233851
-6.01099e-06
0.000233124
-5.00049e-06
0.000232415
-3.99893e-06
0.000231785
-3.00037e-06
0.000231266
-2.00154e-06
0.000230872
-1.00131e-06
0.00023061
2.8401e-14
0.000230479
1.00131e-06
0.000230479
2.00154e-06
0.00023061
3.00037e-06
0.000230872
3.99893e-06
0.000231266
5.00049e-06
0.000231785
6.01099e-06
0.000232415
7.03897e-06
0.000233124
8.09464e-06
0.000233851
9.18734e-06
0.0002345
1.0321e-05
0.000234926
1.14877e-05
0.000234931
1.26594e-05
0.000234268
1.37795e-05
0.000232646
1.47574e-05
0.000229759
1.54673e-05
0.00022532
1.57558e-05
0.000219098
1.546e-05
0.000210947
1.4437e-05
0.000200806
1.26063e-05
0.000188654
1.00001e-05
0.000174394
6.81464e-06
0.00015767
3.43343e-06
0.000137649
4.2275e-07
0.000112869
-1.14e-06
8.09278e-05
3.6235e-05
9.13981e-06
2.70952e-05
1.81344e-05
7.19332e-05
2.3732e-05
0.000107271
2.6538e-05
0.000134843
2.75149e-05
0.000156693
2.7461e-05
0.000174448
2.69161e-05
0.000189199
2.61734e-05
0.000201548
2.53473e-05
0.000211773
2.44499e-05
0.000219996
2.3451e-05
0.000226319
2.2317e-05
0.000230893
2.10285e-05
0.000233934
1.95865e-05
0.00023571
1.80082e-05
0.00023651
1.63218e-05
0.000236612
1.45586e-05
0.000236263
1.2748e-05
0.000235661
1.09143e-05
0.000234957
9.07491e-06
0.000234255
7.24059e-06
0.000233619
5.41649e-06
0.00023309
3.60345e-06
0.000232685
1.79929e-06
0.000232414
3.03272e-14
0.000232278
-1.79929e-06
0.000232278
-3.60345e-06
0.000232414
-5.41649e-06
0.000232685
-7.24059e-06
0.00023309
-9.07491e-06
0.000233619
-1.09143e-05
0.000234255
-1.2748e-05
0.000234957
-1.45586e-05
0.000235661
-1.63218e-05
0.000236263
-1.80082e-05
0.000236612
-1.95865e-05
0.00023651
-2.10285e-05
0.00023571
-2.2317e-05
0.000233934
-2.3451e-05
0.000230893
-2.44499e-05
0.000226319
-2.53473e-05
0.000219996
-2.61734e-05
0.000211773
-2.69161e-05
0.000201548
-2.7461e-05
0.000189199
-2.75149e-05
0.000174448
-2.6538e-05
0.000156693
-2.3732e-05
0.000134843
-1.81344e-05
0.000107271
-9.13981e-06
7.19332e-05
2.70952e-05
3.70989e-06
2.33853e-05
1.01436e-05
6.54995e-05
1.5867e-05
0.000101548
1.97411e-05
0.000130969
2.18683e-05
0.000154566
2.27471e-05
0.000173569
2.2875e-05
0.000189071
2.25989e-05
0.000201824
2.21057e-05
0.000212266
2.14672e-05
0.000220634
2.06937e-05
0.000227093
1.97742e-05
0.000231813
1.87001e-05
0.000235008
1.74749e-05
0.000236935
1.61145e-05
0.00023787
1.4644e-05
0.000238082
1.3092e-05
0.000237815
1.14859e-05
0.000237267
9.84927e-06
0.000236594
8.19949e-06
0.000235904
6.54823e-06
0.000235271
4.90184e-06
0.000234736
3.26253e-06
0.000234325
1.62947e-06
0.000234047
3.02297e-14
0.000233907
-1.62947e-06
0.000233907
-3.26253e-06
0.000234047
-4.90184e-06
0.000234325
-6.54823e-06
0.000234736
-8.19949e-06
0.000235271
-9.84927e-06
0.000235904
-1.14859e-05
0.000236594
-1.3092e-05
0.000237267
-1.4644e-05
0.000237815
-1.61145e-05
0.000238082
-1.74749e-05
0.00023787
-1.87001e-05
0.000236935
-1.97742e-05
0.000235008
-2.06937e-05
0.000231813
-2.14672e-05
0.000227093
-2.21057e-05
0.000220634
-2.25989e-05
0.000212266
-2.2875e-05
0.000201824
-2.27471e-05
0.000189071
-2.18683e-05
0.000173569
-1.97411e-05
0.000154566
-1.5867e-05
0.000130969
-1.01436e-05
0.000101548
-3.70989e-06
6.54995e-05
2.33853e-05
2.16383e-06
2.12214e-05
6.74813e-06
6.09152e-05
1.1826e-05
9.64698e-05
1.60507e-05
0.000126744
1.89489e-05
0.000151668
2.06255e-05
0.000171893
2.1404e-05
0.000188292
2.15987e-05
0.00020163
2.1425e-05
0.00021244
2.09986e-05
0.00022106
2.03677e-05
0.000227723
1.95481e-05
0.000232632
1.85476e-05
0.000236009
1.73791e-05
0.000238104
1.60633e-05
0.000239186
1.46274e-05
0.000239518
1.31011e-05
0.000239341
1.15127e-05
0.000238856
9.88614e-06
0.000238221
8.23999e-06
0.000237551
6.58693e-06
0.000236924
4.93448e-06
0.000236389
3.28597e-06
0.000235973
1.64169e-06
0.000235691
2.94733e-14
0.000235549
-1.64169e-06
0.000235549
-3.28597e-06
0.000235691
-4.93448e-06
0.000235973
-6.58693e-06
0.000236389
-8.23999e-06
0.000236924
-9.88614e-06
0.000237551
-1.15127e-05
0.000238221
-1.31011e-05
0.000238856
-1.46274e-05
0.000239341
-1.60633e-05
0.000239518
-1.73791e-05
0.000239186
-1.85476e-05
0.000238104
-1.95481e-05
0.000236009
-2.03677e-05
0.000232632
-2.09986e-05
0.000227723
-2.1425e-05
0.00022106
-2.15987e-05
0.00021244
-2.1404e-05
0.00020163
-2.06255e-05
0.000188292
-1.89489e-05
0.000171893
-1.60507e-05
0.000151668
-1.1826e-05
0.000126744
-6.74813e-06
9.64698e-05
-2.16383e-06
6.09152e-05
2.12214e-05
1.42125e-06
1.98002e-05
4.79582e-06
5.75406e-05
9.04632e-06
9.22193e-05
1.31031e-05
0.000122688
1.63153e-05
0.000148456
1.8506e-05
0.000169702
1.97978e-05
0.000187001
2.04141e-05
0.000201014
2.05555e-05
0.000212298
2.03562e-05
0.00022126
1.98901e-05
0.000228189
1.91941e-05
0.000233328
1.82901e-05
0.000236913
1.71986e-05
0.000239196
1.59447e-05
0.00024044
1.45577e-05
0.000240905
1.30685e-05
0.00024083
1.15066e-05
0.000240418
9.89738e-06
0.00023983
8.26064e-06
0.000239187
6.61063e-06
0.000238574
4.95632e-06
0.000238043
3.30241e-06
0.000237627
1.65047e-06
0.000237343
2.87231e-14
0.0002372
-1.65047e-06
0.0002372
-3.30241e-06
0.000237343
-4.95632e-06
0.000237627
-6.61063e-06
0.000238043
-8.26064e-06
0.000238574
-9.89738e-06
0.000239187
-1.15066e-05
0.00023983
-1.30685e-05
0.000240418
-1.45577e-05
0.00024083
-1.59447e-05
0.000240905
-1.71986e-05
0.00024044
-1.82901e-05
0.000239196
-1.91941e-05
0.000236913
-1.98901e-05
0.000233328
-2.03562e-05
0.000228189
-2.05555e-05
0.00022126
-2.04141e-05
0.000212298
-1.97978e-05
0.000201014
-1.8506e-05
0.000187001
-1.63153e-05
0.000169702
-1.31031e-05
0.000148456
-9.04632e-06
0.000122688
-4.79582e-06
9.22193e-05
-1.42125e-06
5.75406e-05
1.98002e-05
1.00151e-06
1.87987e-05
3.60795e-06
5.49342e-05
7.16065e-06
8.86666e-05
1.08723e-05
0.000118976
1.41176e-05
0.00014521
1.65839e-05
0.000167236
1.8237e-05
0.000185348
1.91968e-05
0.000200054
1.9621e-05
0.000211874
1.96401e-05
0.000221241
1.93405e-05
0.000228489
1.87738e-05
0.000233895
1.79731e-05
0.000237714
1.69659e-05
0.000240203
1.5781e-05
0.000241625
1.44495e-05
0.000242237
1.30036e-05
0.000242276
1.14739e-05
0.000241947
9.88694e-06
0.000241417
8.2641e-06
0.00024081
6.62114e-06
0.000240217
4.96859e-06
0.000239695
3.31263e-06
0.000239283
1.65618e-06
0.000239
2.77467e-14
0.000238856
-1.65618e-06
0.000238856
-3.31263e-06
0.000239
-4.96859e-06
0.000239283
-6.62114e-06
0.000239695
-8.2641e-06
0.000240217
-9.88694e-06
0.00024081
-1.14739e-05
0.000241417
-1.30036e-05
0.000241947
-1.44495e-05
0.000242276
-1.5781e-05
0.000242237
-1.69659e-05
0.000241625
-1.79731e-05
0.000240203
-1.87738e-05
0.000237714
-1.93405e-05
0.000233895
-1.96401e-05
0.000228489
-1.9621e-05
0.000221241
-1.91968e-05
0.000211874
-1.8237e-05
0.000200054
-1.65839e-05
0.000185348
-1.41176e-05
0.000167236
-1.08723e-05
0.00014521
-7.16065e-06
0.000118976
-3.60795e-06
8.86666e-05
-1.00151e-06
5.49342e-05
1.87987e-05
7.70636e-07
1.8028e-05
2.87647e-06
5.28284e-05
5.88763e-06
8.56554e-05
9.22767e-06
0.000115636
1.23605e-05
0.000142078
1.49341e-05
0.000164662
1.68162e-05
0.000183466
1.80364e-05
0.000198834
1.86989e-05
0.000211212
1.89152e-05
0.000221024
1.87728e-05
0.000228631
1.83314e-05
0.000234336
1.76326e-05
0.000238412
1.67095e-05
0.000241126
1.55942e-05
0.00024274
1.43197e-05
0.000243511
1.2919e-05
0.000243677
1.14238e-05
0.000243443
9.86169e-06
0.000242979
8.25538e-06
0.000242417
6.62208e-06
0.00024185
4.97382e-06
0.000241344
3.31823e-06
0.000240938
1.6596e-06
0.000240658
2.66935e-14
0.000240515
-1.6596e-06
0.000240515
-3.31823e-06
0.000240658
-4.97382e-06
0.000240938
-6.62208e-06
0.000241344
-8.25538e-06
0.00024185
-9.86169e-06
0.000242417
-1.14238e-05
0.000242979
-1.2919e-05
0.000243443
-1.43197e-05
0.000243677
-1.55942e-05
0.000243511
-1.67095e-05
0.00024274
-1.76326e-05
0.000241126
-1.83314e-05
0.000238412
-1.87728e-05
0.000234336
-1.89152e-05
0.000228631
-1.86989e-05
0.000221024
-1.80364e-05
0.000211212
-1.68162e-05
0.000198834
-1.49341e-05
0.000183466
-1.23605e-05
0.000164662
-9.22767e-06
0.000142078
-5.88763e-06
0.000115636
-2.87647e-06
8.56554e-05
-7.70636e-07
5.28284e-05
1.8028e-05
6.56016e-07
1.7372e-05
2.44595e-06
5.10384e-05
5.05444e-06
8.30469e-05
8.05319e-06
0.000112637
1.10059e-05
0.000139125
1.35751e-05
0.000162093
1.55791e-05
0.000181462
1.69807e-05
0.000197432
1.78323e-05
0.00021036
1.82182e-05
0.000220638
1.82178e-05
0.000228632
1.78933e-05
0.000234661
1.7291e-05
0.000239015
1.64485e-05
0.000241968
1.54007e-05
0.000243788
1.41818e-05
0.00024473
1.28261e-05
0.000245032
1.13656e-05
0.000244903
9.82907e-06
0.000244516
8.24032e-06
0.000244005
6.61788e-06
0.000243472
4.97518e-06
0.000242986
3.32125e-06
0.000242592
1.66174e-06
0.000242318
2.58356e-14
0.000242177
-1.66174e-06
0.000242177
-3.32125e-06
0.000242318
-4.97518e-06
0.000242592
-6.61788e-06
0.000242986
-8.24032e-06
0.000243472
-9.82907e-06
0.000244005
-1.13656e-05
0.000244516
-1.28261e-05
0.000244903
-1.41818e-05
0.000245032
-1.54007e-05
0.00024473
-1.64485e-05
0.000243788
-1.7291e-05
0.000241968
-1.78933e-05
0.000239015
-1.82178e-05
0.000234661
-1.82182e-05
0.000228632
-1.78323e-05
0.000220638
-1.69807e-05
0.00021036
-1.55791e-05
0.000197432
-1.35751e-05
0.000181462
-1.10059e-05
0.000162093
-8.05319e-06
0.000139125
-5.05444e-06
0.000112637
-2.44595e-06
8.30469e-05
-6.56016e-07
5.10384e-05
1.7372e-05
6.21922e-07
1.67501e-05
2.23559e-06
4.94248e-05
4.55766e-06
8.07249e-05
7.2622e-06
0.000109933
1.00089e-05
0.000136378
1.25019e-05
0.0001596
1.45454e-05
0.000179418
1.6059e-05
0.000195918
1.70509e-05
0.000209368
1.75754e-05
0.000220114
1.76986e-05
0.000228509
1.74792e-05
0.00023488
1.69656e-05
0.000239528
1.6198e-05
0.000242736
1.52134e-05
0.000244773
1.40471e-05
0.000245896
1.27341e-05
0.000246345
1.13072e-05
0.00024633
9.79556e-06
0.000246027
8.22415e-06
0.000245577
6.61263e-06
0.000245084
4.97569e-06
0.000244623
3.32369e-06
0.000244244
1.66358e-06
0.000243978
2.51549e-14
0.000243841
-1.66358e-06
0.000243841
-3.32369e-06
0.000243978
-4.97569e-06
0.000244244
-6.61263e-06
0.000244623
-8.22415e-06
0.000245084
-9.79556e-06
0.000245577
-1.13072e-05
0.000246027
-1.27341e-05
0.00024633
-1.40471e-05
0.000246345
-1.52134e-05
0.000245896
-1.6198e-05
0.000244773
-1.69656e-05
0.000242736
-1.74792e-05
0.000239528
-1.76986e-05
0.00023488
-1.75754e-05
0.000228509
-1.70509e-05
0.000220114
-1.6059e-05
0.000209368
-1.45454e-05
0.000195918
-1.25019e-05
0.000179418
-1.00089e-05
0.0001596
-7.2622e-06
0.000136378
-4.55766e-06
0.000109933
-2.23559e-06
8.07249e-05
-6.21922e-07
4.94248e-05
1.67501e-05
6.84087e-07
1.6066e-05
2.23285e-06
4.7876e-05
4.34354e-06
7.86142e-05
6.78482e-06
0.000107491
9.31154e-06
0.000133851
1.16816e-05
0.00015723
1.37062e-05
0.000177393
1.52786e-05
0.000194346
1.6371e-05
0.000208276
1.70077e-05
0.000219477
1.72371e-05
0.000228279
1.71111e-05
0.000235006
1.66771e-05
0.000239962
1.59769e-05
0.000243436
1.50489e-05
0.000245701
1.39299e-05
0.000247015
1.26553e-05
0.00024762
1.12583e-05
0.000247727
9.76901e-06
0.000247516
8.21297e-06
0.000247133
6.61087e-06
0.000246686
4.97853e-06
0.000246256
3.32753e-06
0.000245895
1.66604e-06
0.000245639
2.4771e-14
0.000245507
-1.66604e-06
0.000245507
-3.32753e-06
0.000245639
-4.97853e-06
0.000245895
-6.61087e-06
0.000246256
-8.21297e-06
0.000246686
-9.76901e-06
0.000247133
-1.12583e-05
0.000247516
-1.26553e-05
0.000247727
-1.39299e-05
0.00024762
-1.50489e-05
0.000247015
-1.59769e-05
0.000245701
-1.66771e-05
0.000243436
-1.71111e-05
0.000239962
-1.72371e-05
0.000235006
-1.70077e-05
0.000228279
-1.6371e-05
0.000219477
-1.52786e-05
0.000208276
-1.37062e-05
0.000194346
-1.16816e-05
0.000177393
-9.31154e-06
0.00015723
-6.78482e-06
0.000133851
-4.34354e-06
0.000107491
-2.23285e-06
7.86142e-05
-6.84087e-07
4.7876e-05
1.6066e-05
9.62819e-07
2.53107e-06
4.46021e-06
6.63771e-06
8.90014e-06
1.10678e-05
1.29822e-05
1.45337e-05
1.56703e-05
1.63874e-05
1.67099e-05
1.66756e-05
1.63258e-05
1.57005e-05
1.4838e-05
1.37754e-05
1.25482e-05
1.11896e-05
9.7297e-06
8.19466e-06
6.60603e-06
4.98086e-06
3.33211e-06
1.66943e-06
2.44673e-14
-1.66943e-06
-3.33211e-06
-4.98086e-06
-6.60603e-06
-8.19466e-06
-9.7297e-06
-1.11896e-05
-1.25482e-05
-1.37754e-05
-1.4838e-05
-1.57005e-05
-1.63258e-05
-1.66756e-05
-1.67099e-05
-1.63874e-05
-1.56703e-05
-1.45337e-05
-1.29822e-05
-1.10678e-05
-8.90014e-06
-6.63771e-06
-4.46021e-06
-2.53107e-06
-9.62819e-07
)
;

boundaryField
{
    left
    {
        type            calculated;
        value           uniform 0;
    }
    right
    {
        type            calculated;
        value           uniform 0;
    }
    up
    {
        type            calculated;
        value           nonuniform List<scalar> 
50
(
1.51032e-05
4.63078e-05
7.6685e-05
0.000105314
0.000131589
0.000155062
0.000175479
0.000192794
0.000207139
0.00021876
0.000227957
0.00023504
0.000240312
0.000244061
0.000246563
0.000248078
0.000248847
0.000249086
0.000248976
0.000248668
0.000248275
0.000247881
0.000247544
0.000247302
0.000247176
0.000247176
0.000247302
0.000247544
0.000247881
0.000248275
0.000248668
0.000248976
0.000249086
0.000248847
0.000248078
0.000246563
0.000244061
0.000240312
0.00023504
0.000227957
0.00021876
0.000207139
0.000192794
0.000175479
0.000155062
0.000131589
0.000105314
7.6685e-05
4.63078e-05
1.51032e-05
)
;
    }
    down
    {
        type            calculated;
        value           nonuniform List<scalar> 
50
(
-0.0002
-0.0002
-0.0002
-0.0002
-0.0002
-0.0002
-0.0002
-0.0002
-0.0002
-0.0002
-0.0002
-0.0002
-0.0002
-0.0002
-0.0002
-0.0002
-0.0002
-0.0002
-0.0002
-0.0002
-0.0002
-0.0002
-0.0002
-0.0002
-0.0002
-0.0002
-0.0002
-0.0002
-0.0002
-0.0002
-0.0002
-0.0002
-0.0002
-0.0002
-0.0002
-0.0002
-0.0002
-0.0002
-0.0002
-0.0002
-0.0002
-0.0002
-0.0002
-0.0002
-0.0002
-0.0002
-0.0002
-0.0002
-0.0002
-0.0002
)
;
    }
    frontAndBack
    {
        type            empty;
        value           nonuniform 0();
    }
}


// ************************************************************************* //
