/*--------------------------------*- C++ -*----------------------------------*\
  =========                 |
  \\      /  F ield         | OpenFOAM: The Open Source CFD Toolbox
   \\    /   O peration     | Website:  https://openfoam.org
    \\  /    A nd           | Version:  6
     \\/     M anipulation  |
\*---------------------------------------------------------------------------*/
FoamFile
{
    version     2.0;
    format      ascii;
    class       volVectorField;
    location    "3200";
    object      U;
}
// * * * * * * * * * * * * * * * * * * * * * * * * * * * * * * * * * * * * * //

dimensions      [0 1 -1 0 0 0 0];

internalField   nonuniform List<vector> 
2500
(
(0.0867336 0.786808 0)
(0.169899 1.02491 0)
(0.118361 1.01949 0)
(0.0683512 1.00789 0)
(0.0433638 1.00392 0)
(0.0297712 1.00218 0)
(0.0213953 1.00128 0)
(0.0159986 1.00082 0)
(0.0123598 1.00057 0)
(0.00978058 1.00041 0)
(0.00787674 1.00031 0)
(0.00642735 1.00024 0)
(0.00529626 1.00019 0)
(0.00439498 1.00016 0)
(0.0036635 1.00013 0)
(0.00305966 1.00011 0)
(0.00255294 1.00009 0)
(0.00212067 1.00008 0)
(0.00174571 1.00007 0)
(0.0014148 1.00006 0)
(0.0011175 1.00006 0)
(0.000845406 1.00005 0)
(0.000591602 1.00005 0)
(0.000350184 1.00005 0)
(0.000115944 1.00005 0)
(-0.000115944 1.00005 0)
(-0.000350184 1.00005 0)
(-0.000591602 1.00005 0)
(-0.000845406 1.00005 0)
(-0.0011175 1.00006 0)
(-0.0014148 1.00006 0)
(-0.00174571 1.00007 0)
(-0.00212067 1.00008 0)
(-0.00255294 1.00009 0)
(-0.00305966 1.00011 0)
(-0.0036635 1.00013 0)
(-0.00439498 1.00016 0)
(-0.00529626 1.00019 0)
(-0.00642735 1.00024 0)
(-0.00787674 1.00031 0)
(-0.00978058 1.00041 0)
(-0.0123598 1.00057 0)
(-0.0159986 1.00082 0)
(-0.0213953 1.00128 0)
(-0.0297712 1.00218 0)
(-0.0433638 1.00392 0)
(-0.0683512 1.00789 0)
(-0.118361 1.01949 0)
(-0.169899 1.02491 0)
(-0.0867336 0.786808 0)
(0.0926868 0.64798 0)
(0.24447 1.04592 0)
(0.221887 1.08919 0)
(0.162032 1.06326 0)
(0.116425 1.03949 0)
(0.0845364 1.02443 0)
(0.0625176 1.01552 0)
(0.0474256 1.01032 0)
(0.0368646 1.00719 0)
(0.0292378 1.00522 0)
(0.0235644 1.00391 0)
(0.0192327 1.00302 0)
(0.0158491 1.00238 0)
(0.0131524 1.00191 0)
(0.010964 1.00157 0)
(0.00915743 1.0013 0)
(0.00764143 1.0011 0)
(0.00634812 1.00095 0)
(0.00522613 1.00083 0)
(0.00423581 1.00074 0)
(0.00334594 1.00067 0)
(0.00253141 1.00062 0)
(0.00177152 1.00058 0)
(0.00104865 1.00056 0)
(0.000347207 1.00055 0)
(-0.000347207 1.00055 0)
(-0.00104865 1.00056 0)
(-0.00177152 1.00058 0)
(-0.00253141 1.00062 0)
(-0.00334594 1.00067 0)
(-0.00423581 1.00074 0)
(-0.00522613 1.00083 0)
(-0.00634812 1.00095 0)
(-0.00764143 1.0011 0)
(-0.00915743 1.0013 0)
(-0.010964 1.00157 0)
(-0.0131524 1.00191 0)
(-0.0158491 1.00238 0)
(-0.0192327 1.00302 0)
(-0.0235644 1.00391 0)
(-0.0292378 1.00522 0)
(-0.0368646 1.00719 0)
(-0.0474256 1.01032 0)
(-0.0625176 1.01552 0)
(-0.0845364 1.02443 0)
(-0.116425 1.03949 0)
(-0.162032 1.06326 0)
(-0.221887 1.08919 0)
(-0.24447 1.04592 0)
(-0.0926868 0.64798 0)
(0.0482257 0.498367 0)
(0.19485 0.97283 0)
(0.227905 1.11382 0)
(0.201685 1.11851 0)
(0.161762 1.08942 0)
(0.125024 1.06159 0)
(0.0961095 1.04183 0)
(0.074649 1.02891 0)
(0.0588455 1.02056 0)
(0.047074 1.01508 0)
(0.038152 1.01137 0)
(0.0312593 1.00878 0)
(0.0258333 1.00693 0)
(0.0214853 1.00558 0)
(0.0179423 1.00456 0)
(0.0150083 1.0038 0)
(0.0125394 1.00322 0)
(0.0104282 1.00277 0)
(0.00859283 1.00242 0)
(0.00696977 1.00216 0)
(0.00550892 1.00195 0)
(0.00416985 1.00181 0)
(0.00291917 1.0017 0)
(0.0017284 1.00163 0)
(0.000572343 1.0016 0)
(-0.000572343 1.0016 0)
(-0.0017284 1.00163 0)
(-0.00291917 1.0017 0)
(-0.00416985 1.00181 0)
(-0.00550892 1.00195 0)
(-0.00696977 1.00216 0)
(-0.00859283 1.00242 0)
(-0.0104282 1.00277 0)
(-0.0125394 1.00322 0)
(-0.0150083 1.0038 0)
(-0.0179423 1.00456 0)
(-0.0214853 1.00558 0)
(-0.0258333 1.00693 0)
(-0.0312593 1.00878 0)
(-0.038152 1.01137 0)
(-0.047074 1.01508 0)
(-0.0588455 1.02056 0)
(-0.074649 1.02891 0)
(-0.0961095 1.04183 0)
(-0.125024 1.06159 0)
(-0.161762 1.08942 0)
(-0.201685 1.11851 0)
(-0.227905 1.11382 0)
(-0.19485 0.97283 0)
(-0.0482257 0.498367 0)
(0.0214979 0.374316 0)
(0.134541 0.859398 0)
(0.197375 1.0846 0)
(0.204826 1.14381 0)
(0.181447 1.13136 0)
(0.149386 1.10119 0)
(0.119688 1.0737 0)
(0.0954822 1.05319 0)
(0.0765947 1.03885 0)
(0.0620055 1.02894 0)
(0.0506818 1.02203 0)
(0.0417896 1.01713 0)
(0.0347067 1.01358 0)
(0.0289806 1.01096 0)
(0.0242816 1.00899 0)
(0.0203674 1.0075 0)
(0.0170571 1.00636 0)
(0.0142137 1.00548 0)
(0.0117319 1.0048 0)
(0.00952932 1.00428 0)
(0.00754065 1.00388 0)
(0.0057129 1.00359 0)
(0.00400209 1.00339 0)
(0.00237063 1.00326 0)
(0.000785182 1.00319 0)
(-0.000785182 1.00319 0)
(-0.00237063 1.00326 0)
(-0.00400209 1.00339 0)
(-0.0057129 1.00359 0)
(-0.00754065 1.00388 0)
(-0.00952932 1.00428 0)
(-0.0117319 1.0048 0)
(-0.0142137 1.00548 0)
(-0.0170571 1.00636 0)
(-0.0203674 1.0075 0)
(-0.0242816 1.00899 0)
(-0.0289806 1.01096 0)
(-0.0347067 1.01358 0)
(-0.0417896 1.01713 0)
(-0.0506818 1.02203 0)
(-0.0620055 1.02894 0)
(-0.0765947 1.03885 0)
(-0.0954822 1.05319 0)
(-0.119688 1.0737 0)
(-0.149386 1.10119 0)
(-0.181447 1.13136 0)
(-0.204826 1.14381 0)
(-0.197375 1.0846 0)
(-0.134541 0.859398 0)
(-0.0214979 0.374316 0)
(0.0109356 0.30217 0)
(0.089858 0.759306 0)
(0.158419 1.02944 0)
(0.187665 1.13954 0)
(0.182267 1.15585 0)
(0.159887 1.13426 0)
(0.133676 1.10493 0)
(0.109679 1.07922 0)
(0.0896561 1.05954 0)
(0.0735433 1.04518 0)
(0.0607008 1.03482 0)
(0.0504304 1.0273 0)
(0.0421403 1.02177 0)
(0.0353682 1.01765 0)
(0.0297629 1.01454 0)
(0.025059 1.01216 0)
(0.0210542 1.01034 0)
(0.0175934 1.00893 0)
(0.0145559 1.00784 0)
(0.0118467 1.00701 0)
(0.00938966 1.00637 0)
(0.00712286 1.0059 0)
(0.00499456 1.00557 0)
(0.00296038 1.00536 0)
(0.000980822 1.00526 0)
(-0.000980822 1.00526 0)
(-0.00296038 1.00536 0)
(-0.00499456 1.00557 0)
(-0.00712286 1.0059 0)
(-0.00938966 1.00637 0)
(-0.0118467 1.00701 0)
(-0.0145559 1.00784 0)
(-0.0175934 1.00893 0)
(-0.0210542 1.01034 0)
(-0.025059 1.01216 0)
(-0.0297629 1.01454 0)
(-0.0353682 1.01765 0)
(-0.0421403 1.02177 0)
(-0.0504304 1.0273 0)
(-0.0607008 1.03482 0)
(-0.0735433 1.04518 0)
(-0.0896561 1.05954 0)
(-0.109679 1.07922 0)
(-0.133676 1.10493 0)
(-0.159887 1.13426 0)
(-0.182267 1.15585 0)
(-0.187665 1.13954 0)
(-0.158419 1.02944 0)
(-0.089858 0.759306 0)
(-0.0109356 0.30217 0)
(0.00607438 0.259073 0)
(0.0599899 0.681733 0)
(0.121873 0.968778 0)
(0.161243 1.11647 0)
(0.170458 1.16358 0)
(0.159211 1.1575 0)
(0.139113 1.13201 0)
(0.11761 1.10434 0)
(0.0981149 1.0808 0)
(0.081636 1.06253 0)
(0.0680913 1.04882 0)
(0.0570375 1.03863 0)
(0.0479859 1.03102 0)
(0.0405092 1.02528 0)
(0.0342628 1.02092 0)
(0.0289768 1.01757 0)
(0.0244416 1.01499 0)
(0.0204939 1.01299 0)
(0.0170056 1.01144 0)
(0.0138748 1.01025 0)
(0.0110197 1.00935 0)
(0.00837286 1.00868 0)
(0.00587811 1.0082 0)
(0.00348685 1.0079 0)
(0.0011557 1.00775 0)
(-0.0011557 1.00775 0)
(-0.00348685 1.0079 0)
(-0.00587811 1.0082 0)
(-0.00837286 1.00868 0)
(-0.0110197 1.00935 0)
(-0.0138748 1.01025 0)
(-0.0170056 1.01144 0)
(-0.0204939 1.01299 0)
(-0.0244416 1.01499 0)
(-0.0289768 1.01757 0)
(-0.0342628 1.02092 0)
(-0.0405092 1.02528 0)
(-0.0479859 1.03102 0)
(-0.0570375 1.03863 0)
(-0.0680913 1.04882 0)
(-0.081636 1.06253 0)
(-0.0981149 1.0808 0)
(-0.11761 1.10434 0)
(-0.139113 1.13201 0)
(-0.159211 1.1575 0)
(-0.170458 1.16358 0)
(-0.161243 1.11647 0)
(-0.121873 0.968778 0)
(-0.0599899 0.681733 0)
(-0.00607438 0.259073 0)
(0.00327144 0.23053 0)
(0.0401868 0.622154 0)
(0.0913573 0.911445 0)
(0.132638 1.08365 0)
(0.151408 1.15802 0)
(0.150248 1.17034 0)
(0.137327 1.15303 0)
(0.119872 1.12668 0)
(0.102249 1.10119 0)
(0.0864113 1.07994 0)
(0.0728999 1.06329 0)
(0.0616093 1.05056 0)
(0.0522143 1.04089 0)
(0.0443604 1.03352 0)
(0.0377328 1.02787 0)
(0.0320732 1.02352 0)
(0.0271755 1.02014 0)
(0.0228769 1.01753 0)
(0.0190483 1.01549 0)
(0.0155869 1.01393 0)
(0.0124093 1.01273 0)
(0.00944669 1.01185 0)
(0.00664141 1.01122 0)
(0.00394334 1.01082 0)
(0.00130762 1.01062 0)
(-0.00130762 1.01062 0)
(-0.00394334 1.01082 0)
(-0.00664141 1.01122 0)
(-0.00944669 1.01185 0)
(-0.0124093 1.01273 0)
(-0.0155869 1.01393 0)
(-0.0190483 1.01549 0)
(-0.0228769 1.01753 0)
(-0.0271755 1.02014 0)
(-0.0320732 1.02352 0)
(-0.0377328 1.02787 0)
(-0.0443604 1.03352 0)
(-0.0522143 1.04089 0)
(-0.0616093 1.05056 0)
(-0.0728999 1.06329 0)
(-0.0864113 1.07994 0)
(-0.102249 1.10119 0)
(-0.119872 1.12668 0)
(-0.137327 1.15303 0)
(-0.150248 1.17034 0)
(-0.151408 1.15802 0)
(-0.132638 1.08365 0)
(-0.0913573 0.911445 0)
(-0.0401868 0.622154 0)
(-0.00327144 0.23053 0)
(0.00115472 0.211672 0)
(0.0257528 0.577337 0)
(0.0662023 0.861404 0)
(0.105025 1.04748 0)
(0.128979 1.14323 0)
(0.13581 1.17372 0)
(0.129951 1.16715 0)
(0.117328 1.14494 0)
(0.102518 1.11952 0)
(0.0881311 1.09649 0)
(0.075284 1.07752 0)
(0.0642417 1.06256 0)
(0.0548822 1.05097 0)
(0.0469528 1.04203 0)
(0.0401878 1.03513 0)
(0.0343528 1.02978 0)
(0.0292544 1.02562 0)
(0.0247373 1.02239 0)
(0.0206777 1.01987 0)
(0.0169763 1.01793 0)
(0.0135524 1.01644 0)
(0.0103393 1.01534 0)
(0.00728068 1.01456 0)
(0.00432753 1.01406 0)
(0.00143578 1.01382 0)
(-0.00143578 1.01382 0)
(-0.00432753 1.01406 0)
(-0.00728068 1.01456 0)
(-0.0103393 1.01534 0)
(-0.0135524 1.01644 0)
(-0.0169763 1.01793 0)
(-0.0206777 1.01987 0)
(-0.0247373 1.02239 0)
(-0.0292544 1.02562 0)
(-0.0343528 1.02978 0)
(-0.0401878 1.03513 0)
(-0.0469528 1.04203 0)
(-0.0548822 1.05097 0)
(-0.0642417 1.06256 0)
(-0.075284 1.07752 0)
(-0.0881311 1.09649 0)
(-0.102518 1.11952 0)
(-0.117328 1.14494 0)
(-0.129951 1.16715 0)
(-0.13581 1.17372 0)
(-0.128979 1.14323 0)
(-0.105025 1.04748 0)
(-0.0662023 0.861404 0)
(-0.0257528 0.577337 0)
(-0.00115472 0.211672 0)
(-2.08513e-05 0.198038 0)
(0.0130583 0.541995 0)
(0.0438843 0.817002 0)
(0.078705 1.00966 0)
(0.105146 1.12146 0)
(0.118007 1.16877 0)
(0.118534 1.17435 0)
(0.110953 1.15854 0)
(0.099513 1.13514 0)
(0.0871666 1.11161 0)
(0.0754923 1.09106 0)
(0.0651109 1.07427 0)
(0.0561187 1.06096 0)
(0.0483824 1.05057 0)
(0.0416989 1.04248 0)
(0.0358678 1.03619 0)
(0.0307162 1.03129 0)
(0.0261025 1.02746 0)
(0.021913 1.02448 0)
(0.0180564 1.02217 0)
(0.0144582 1.02041 0)
(0.0110567 1.0191 0)
(0.00779966 1.01817 0)
(0.00464145 1.01758 0)
(0.00154084 1.01729 0)
(-0.00154084 1.01729 0)
(-0.00464145 1.01758 0)
(-0.00779966 1.01817 0)
(-0.0110567 1.0191 0)
(-0.0144582 1.02041 0)
(-0.0180564 1.02217 0)
(-0.021913 1.02448 0)
(-0.0261025 1.02746 0)
(-0.0307162 1.03129 0)
(-0.0358678 1.03619 0)
(-0.0416989 1.04248 0)
(-0.0483824 1.05057 0)
(-0.0561187 1.06096 0)
(-0.0651109 1.07427 0)
(-0.0754923 1.09106 0)
(-0.0871666 1.11161 0)
(-0.099513 1.13514 0)
(-0.110953 1.15854 0)
(-0.118534 1.17435 0)
(-0.118007 1.16877 0)
(-0.105146 1.12146 0)
(-0.078705 1.00966 0)
(-0.0438843 0.817002 0)
(-0.0130583 0.541995 0)
(2.08513e-05 0.198038 0)
(-0.00563371 0.210821 -9.19647e-20)
(-0.00155721 0.533413 2.10814e-19)
(0.0231714 0.789806 -2.08903e-19)
(0.0555462 0.978712 1.01603e-19)
(0.0833901 1.0984 0)
(0.100227 1.15807 5.87352e-20)
(0.105492 1.17481 -5.83027e-20)
(0.10211 1.16639 0)
(0.0938504 1.14658 -6.55001e-20)
(0.0837234 1.12393 1.33601e-19)
(0.0735523 1.10279 -6.81038e-20)
(0.0641885 1.0848 0)
(0.0558898 1.0702 -7.11134e-20)
(0.0486235 1.05862 -1.78483e-22)
(0.0422491 1.04954 7.20809e-20)
(0.0366068 1.04244 0)
(0.0315521 1.03688 -3.62539e-20)
(0.0269646 1.03254 3.63573e-20)
(0.0227469 1.02916 0)
(0.0188201 1.02654 0)
(0.0151202 1.02453 1.81455e-20)
(0.0115934 1.02304 -2.88254e-23)
(0.00819427 1.02198 -9.09562e-21)
(0.00488256 1.0213 -4.54584e-21)
(0.00162192 1.02097 -4.54405e-21)
(-0.00162192 1.02097 -4.54405e-21)
(-0.00488256 1.0213 -4.54584e-21)
(-0.00819427 1.02198 -9.09562e-21)
(-0.0115934 1.02304 -2.88254e-23)
(-0.0151202 1.02453 1.81455e-20)
(-0.0188201 1.02654 0)
(-0.0227469 1.02916 0)
(-0.0269646 1.03254 3.63573e-20)
(-0.0315521 1.03688 -3.62539e-20)
(-0.0366068 1.04244 0)
(-0.0422491 1.04954 7.20809e-20)
(-0.0486235 1.05862 -1.78483e-22)
(-0.0558898 1.0702 -7.11134e-20)
(-0.0641885 1.0848 0)
(-0.0735523 1.10279 -6.81038e-20)
(-0.0837234 1.12393 1.33601e-19)
(-0.0938504 1.14658 -6.55001e-20)
(-0.10211 1.16639 0)
(-0.105492 1.17481 -5.83027e-20)
(-0.100227 1.15807 5.87352e-20)
(-0.0833901 1.0984 0)
(-0.0555462 0.978712 1.01603e-19)
(-0.0231714 0.789806 -2.08903e-19)
(0.00155721 0.533413 2.10814e-19)
(0.00563371 0.210821 -9.19647e-20)
(-0.0412865 0.221546 0)
(-0.0404591 0.529913 -7.18861e-19)
(-0.0132199 0.772421 6.41851e-19)
(0.0244576 0.957496 -7.88964e-19)
(0.058122 1.08236 7.47249e-19)
(0.081179 1.15116 -8.20391e-19)
(0.0922783 1.17633 -3.3114e-20)
(0.0934845 1.17346 8.48538e-19)
(0.0883669 1.15628 0)
(0.080261 1.13423 0)
(0.0714128 1.11261 0)
(0.0629696 1.09373 1.00263e-18)
(0.0553418 1.07818 -1.01487e-18)
(0.0485663 1.06573 0)
(0.0425385 1.05591 0)
(0.0371248 1.04821 0)
(0.0322034 1.04216 0)
(0.027674 1.03743 0)
(0.0234556 1.03373 0)
(0.0194831 1.03086 0)
(0.0157031 1.02866 0)
(0.0120707 1.02702 0)
(0.00854744 1.02585 0)
(0.00509925 1.0251 0)
(0.00169492 1.02474 0)
(-0.00169492 1.02474 0)
(-0.00509925 1.0251 0)
(-0.00854744 1.02585 0)
(-0.0120707 1.02702 0)
(-0.0157031 1.02866 0)
(-0.0194831 1.03086 0)
(-0.0234556 1.03373 0)
(-0.027674 1.03743 0)
(-0.0322034 1.04216 0)
(-0.0371248 1.04821 0)
(-0.0425385 1.05591 0)
(-0.0485663 1.06573 0)
(-0.0553418 1.07818 -1.01487e-18)
(-0.0629696 1.09373 1.00263e-18)
(-0.0714128 1.11261 0)
(-0.080261 1.13423 0)
(-0.0883669 1.15628 0)
(-0.0934845 1.17346 8.48538e-19)
(-0.0922783 1.17633 -3.3114e-20)
(-0.081179 1.15116 -8.20391e-19)
(-0.058122 1.08236 7.47249e-19)
(-0.0244576 0.957496 -7.88964e-19)
(0.0132199 0.772421 6.41851e-19)
(0.0404591 0.529913 -7.18861e-19)
(0.0412865 0.221546 0)
(-0.0437577 0.082502 0)
(-0.0679379 0.340352 0)
(-0.0590799 0.599025 0)
(-0.0274866 0.820925 -7.70183e-19)
(0.010341 0.988166 1.68367e-18)
(0.043311 1.09715 1.83845e-19)
(0.0661816 1.15454 -2.35633e-18)
(0.0780202 1.17313 1.26419e-18)
(0.080746 1.16731 1.47546e-18)
(0.0774968 1.14938 -3.08489e-18)
(0.0712156 1.12778 3.26542e-18)
(0.0639404 1.10716 2.27923e-20)
(0.0567637 1.08947 -1.77148e-18)
(0.0501179 1.07509 0)
(0.0440852 1.0637 9.46695e-19)
(0.0386068 1.05477 -1.93892e-18)
(0.0335884 1.04781 1.98258e-18)
(0.0289394 1.04237 -2.02305e-18)
(0.024584 1.03815 1.03114e-18)
(0.0204603 1.03488 0)
(0.0165174 1.03238 5.32485e-19)
(0.0127131 1.03052 -5.4139e-19)
(0.0090111 1.02921 -2.74402e-19)
(0.00537931 1.02836 1.39299e-19)
(0.00178857 1.02795 1.41057e-19)
(-0.00178857 1.02795 1.41057e-19)
(-0.00537931 1.02836 1.39299e-19)
(-0.0090111 1.02921 -2.74402e-19)
(-0.0127131 1.03052 -5.4139e-19)
(-0.0165174 1.03238 5.32485e-19)
(-0.0204603 1.03488 0)
(-0.024584 1.03815 1.03114e-18)
(-0.0289394 1.04237 -2.02305e-18)
(-0.0335884 1.04781 1.98258e-18)
(-0.0386068 1.05477 -1.93892e-18)
(-0.0440852 1.0637 9.46695e-19)
(-0.0501179 1.07509 0)
(-0.0567637 1.08947 -1.77148e-18)
(-0.0639404 1.10716 2.27923e-20)
(-0.0712156 1.12778 3.26542e-18)
(-0.0774968 1.14938 -3.08489e-18)
(-0.080746 1.16731 1.47546e-18)
(-0.0780202 1.17313 1.26419e-18)
(-0.0661816 1.15454 -2.35633e-18)
(-0.043311 1.09715 1.83845e-19)
(-0.010341 0.988166 1.68367e-18)
(0.0274866 0.820925 -7.70183e-19)
(0.0590799 0.599025 0)
(0.0679379 0.340352 0)
(0.0437577 0.082502 0)
(-0.0181245 -0.00432842 0)
(-0.0556107 0.14873 0)
(-0.0732337 0.380046 0)
(-0.0613507 0.624473 7.41721e-19)
(-0.0305173 0.837867 -6.9066e-19)
(0.00541016 0.998317 -9.72304e-19)
(0.0365933 1.10126 9.51623e-19)
(0.0581921 1.15379 0)
(0.0694818 1.16915 1.29207e-18)
(0.0723834 1.16169 -1.32255e-18)
(0.0698209 1.14335 0)
(0.0644526 1.12212 0)
(0.0580929 1.1023 0)
(0.0517125 1.08555 0)
(0.0457025 1.07211 0)
(0.0401489 1.06157 8.92767e-19)
(0.0350147 1.05339 1.05926e-21)
(0.0302296 1.04706 1.05191e-22)
(0.0257247 1.04217 -9.53939e-19)
(0.0214414 1.03842 0)
(0.0173307 1.03557 -4.93952e-19)
(0.0133522 1.03346 5.02438e-19)
(0.00947098 1.03197 2.54846e-19)
(0.0056566 1.03102 -2.58673e-19)
(0.00188121 1.03056 0)
(-0.00188121 1.03056 0)
(-0.0056566 1.03102 -2.58673e-19)
(-0.00947098 1.03197 2.54846e-19)
(-0.0133522 1.03346 5.02438e-19)
(-0.0173307 1.03557 -4.93952e-19)
(-0.0214414 1.03842 0)
(-0.0257247 1.04217 -9.53939e-19)
(-0.0302296 1.04706 1.05191e-22)
(-0.0350147 1.05339 1.05926e-21)
(-0.0401489 1.06157 8.92767e-19)
(-0.0457025 1.07211 0)
(-0.0517125 1.08555 0)
(-0.0580929 1.1023 0)
(-0.0644526 1.12212 0)
(-0.0698209 1.14335 0)
(-0.0723834 1.16169 -1.32255e-18)
(-0.0694818 1.16915 1.29207e-18)
(-0.0581921 1.15379 0)
(-0.0365933 1.10126 9.51623e-19)
(-0.00541016 0.998317 -9.72304e-19)
(0.0305173 0.837867 -6.9066e-19)
(0.0613507 0.624473 7.41721e-19)
(0.0732337 0.380046 0)
(0.0556107 0.14873 0)
(0.0181245 -0.00432842 0)
(-0.00214811 -0.0157537 0)
(-0.0329239 0.0520583 0)
(-0.0646879 0.216865 0)
(-0.0740283 0.440083 0)
(-0.0583361 0.671095 -9.82999e-19)
(-0.0276144 0.870676 9.18236e-19)
(0.00629172 1.01826 0)
(0.0348589 1.11015 0)
(0.0540732 1.15428 -1.24519e-18)
(0.0637304 1.16428 1.26272e-18)
(0.0659079 1.15422 0)
(0.0633678 1.13532 -1.49793e-18)
(0.0584647 1.11475 3.10924e-18)
(0.0527327 1.09615 -1.61208e-18)
(0.046961 1.08075 0)
(0.0414561 1.06856 0)
(0.0362829 1.0591 0)
(0.0314129 1.05182 0)
(0.0267942 1.04624 9.27286e-19)
(0.022376 1.04199 -1.41607e-18)
(0.0181147 1.03878 4.79985e-19)
(0.0139735 1.03641 4.87065e-19)
(0.00992073 1.03475 -4.94409e-19)
(0.00592879 1.03369 -1.25222e-19)
(0.00197232 1.03317 1.26864e-19)
(-0.00197232 1.03317 1.26864e-19)
(-0.00592879 1.03369 -1.25222e-19)
(-0.00992073 1.03475 -4.94409e-19)
(-0.0139735 1.03641 4.87065e-19)
(-0.0181147 1.03878 4.79985e-19)
(-0.022376 1.04199 -1.41607e-18)
(-0.0267942 1.04624 9.27286e-19)
(-0.0314129 1.05182 0)
(-0.0362829 1.0591 0)
(-0.0414561 1.06856 0)
(-0.046961 1.08075 0)
(-0.0527327 1.09615 -1.61208e-18)
(-0.0584647 1.11475 3.10924e-18)
(-0.0633678 1.13532 -1.49793e-18)
(-0.0659079 1.15422 0)
(-0.0637304 1.16428 1.26272e-18)
(-0.0540732 1.15428 -1.24519e-18)
(-0.0348589 1.11015 0)
(-0.00629172 1.01826 0)
(0.0276144 0.870676 9.18236e-19)
(0.0583361 0.671095 -9.82999e-19)
(0.0740283 0.440083 0)
(0.0646879 0.216865 0)
(0.0329239 0.0520583 0)
(0.00214811 -0.0157537 0)
(0.00480855 -0.0142373 -1.93634e-18)
(-0.0121131 0.0138952 -1.0585e-18)
(-0.0451301 0.118693 2.07194e-18)
(-0.0692657 0.297095 9.8919e-20)
(-0.0710173 0.515599 1.07338e-19)
(-0.051896 0.732122 -2.10521e-18)
(-0.0214304 0.9137 -9.12953e-20)
(0.0100737 1.04362 1.08565e-18)
(0.0354677 1.12062 1.23068e-18)
(0.0517744 1.15401 6.76208e-20)
(0.0593944 1.15762 -2.70126e-18)
(0.0605441 1.14484 1.41009e-18)
(0.0577844 1.1257 0)
(0.0531401 1.10627 0)
(0.0478545 1.08931 -8.21859e-19)
(0.0425331 1.07557 8.41126e-19)
(0.0373981 1.06486 0)
(0.0324922 1.05663 0)
(0.0277931 1.05036 9.04143e-19)
(0.0232637 1.0456 -9.20202e-19)
(0.0188684 1.04203 4.67508e-19)
(0.0145759 1.03942 -2.77821e-22)
(0.0103595 1.03758 -7.22164e-19)
(0.00619531 1.03642 1.22018e-19)
(0.0020617 1.03586 1.23492e-19)
(-0.0020617 1.03586 1.23492e-19)
(-0.00619531 1.03642 1.22018e-19)
(-0.0103595 1.03758 -7.22164e-19)
(-0.0145759 1.03942 -2.77821e-22)
(-0.0188684 1.04203 4.67508e-19)
(-0.0232637 1.0456 -9.20202e-19)
(-0.0277931 1.05036 9.04143e-19)
(-0.0324922 1.05663 0)
(-0.0373981 1.06486 0)
(-0.0425331 1.07557 8.41126e-19)
(-0.0478545 1.08931 -8.21859e-19)
(-0.0531401 1.10627 0)
(-0.0577844 1.1257 0)
(-0.0605441 1.14484 1.41009e-18)
(-0.0593944 1.15762 -2.70126e-18)
(-0.0517744 1.15401 6.76208e-20)
(-0.0354677 1.12062 1.23068e-18)
(-0.0100737 1.04362 1.08565e-18)
(0.0214304 0.9137 -9.12953e-20)
(0.051896 0.732122 -2.10521e-18)
(0.0710173 0.515599 1.07338e-19)
(0.0692657 0.297095 9.8919e-20)
(0.0451301 0.118693 2.07194e-18)
(0.0121131 0.0138952 -1.0585e-18)
(-0.00480855 -0.0142373 1.93634e-18)
(0.0075385 -0.0129882 -2.4278e-18)
(0.00248947 -0.00401479 2.66412e-18)
(-0.0241695 0.0599651 -1.34627e-18)
(-0.0541777 0.192986 -2.47039e-18)
(-0.0700667 0.382462 2.39307e-18)
(-0.0650482 0.595994 -1.1299e-18)
(-0.043049 0.797153 0)
(-0.0132338 0.958857 -1.21061e-18)
(0.0154487 1.06913 2.41727e-18)
(0.0373014 1.12993 -1.23155e-18)
(0.0504661 1.15213 0)
(0.0559274 1.14955 0)
(0.0559688 1.13454 0)
(0.0528952 1.1157 7.74833e-19)
(0.0483852 1.09778 8.36651e-21)
(0.0434023 1.08269 -8.20649e-19)
(0.0383872 1.07075 8.47154e-19)
(0.0334914 1.06155 -8.64061e-19)
(0.0287409 1.05457 0)
(0.0241198 1.04931 -4.48943e-19)
(0.0196035 1.04538 4.5625e-19)
(0.0151683 1.04251 -4.62776e-19)
(0.0107932 1.04051 4.69415e-19)
(0.00645973 1.03924 0)
(0.00215053 1.03863 0)
(-0.00215053 1.03863 0)
(-0.00645973 1.03924 0)
(-0.0107932 1.04051 4.69415e-19)
(-0.0151683 1.04251 -4.62776e-19)
(-0.0196035 1.04538 4.5625e-19)
(-0.0241198 1.04931 -4.48943e-19)
(-0.0287409 1.05457 0)
(-0.0334914 1.06155 -8.64061e-19)
(-0.0383872 1.07075 8.47154e-19)
(-0.0434023 1.08269 -8.20649e-19)
(-0.0483852 1.09778 8.36651e-21)
(-0.0528952 1.1157 7.74833e-19)
(-0.0559688 1.13454 0)
(-0.0559274 1.14955 0)
(-0.0504661 1.15213 0)
(-0.0373014 1.12993 -1.23155e-18)
(-0.0154487 1.06913 2.41727e-18)
(0.0132338 0.958857 -1.21061e-18)
(0.043049 0.797153 0)
(0.0650482 0.595994 -1.1299e-18)
(0.0700667 0.382462 2.39307e-18)
(0.0541777 0.192986 -2.47039e-18)
(0.0241695 0.0599651 -1.34627e-18)
(-0.00248947 -0.00401479 2.66412e-18)
(-0.0075385 -0.0129882 2.4278e-18)
(0.00833009 -0.0118549 0)
(0.0110331 -0.0123515 0)
(-0.00723656 0.0259763 -1.5358e-18)
(-0.0360984 0.121933 -5.37298e-21)
(-0.0600179 0.277395 1.37971e-18)
(-0.0675472 0.473811 1.36641e-18)
(-0.0564269 0.679561 6.21269e-20)
(-0.0322455 0.862932 -1.22694e-18)
(-0.00371088 1.00271 0)
(0.0216577 1.09209 1.31144e-18)
(0.0396942 1.13646 4.83704e-20)
(0.0496454 1.14801 -2.77546e-18)
(0.0529816 1.14016 1.43369e-18)
(0.0519471 1.12379 -7.60884e-19)
(0.0485333 1.10585 7.78535e-19)
(0.0440702 1.08979 8.09872e-19)
(0.0392674 1.07673 -8.26887e-19)
(0.0344289 1.06658 0)
(0.0296532 1.05889 0)
(0.0249564 1.05311 0)
(0.0203291 1.04882 0)
(0.015757 1.04571 0)
(0.0112264 1.04354 0)
(0.00672458 1.04218 -1.1604e-19)
(0.00223963 1.04151 1.17456e-19)
(-0.00223963 1.04151 1.17456e-19)
(-0.00672458 1.04218 -1.1604e-19)
(-0.0112264 1.04354 0)
(-0.015757 1.04571 0)
(-0.0203291 1.04882 0)
(-0.0249564 1.05311 0)
(-0.0296532 1.05889 0)
(-0.0344289 1.06658 0)
(-0.0392674 1.07673 -8.26887e-19)
(-0.0440702 1.08979 8.09872e-19)
(-0.0485333 1.10585 7.78535e-19)
(-0.0519471 1.12379 -7.60884e-19)
(-0.0529816 1.14016 1.43369e-18)
(-0.0496454 1.14801 -2.77546e-18)
(-0.0396942 1.13646 4.83704e-20)
(-0.0216577 1.09209 1.31144e-18)
(0.00371088 1.00271 0)
(0.0322455 0.862932 -1.22694e-18)
(0.0564269 0.679561 6.21269e-20)
(0.0675472 0.473811 1.36641e-18)
(0.0600179 0.277395 1.37971e-18)
(0.0360984 0.121933 -5.37298e-21)
(0.00723656 0.0259763 -1.5358e-18)
(-0.0110331 -0.0123515 0)
(-0.00833009 -0.0118549 0)
(0.00826347 -0.0112567 0)
(0.0153712 -0.016424 0)
(0.00439544 0.00663407 0)
(-0.0198767 0.0756719 0)
(-0.0461709 0.199776 0)
(-0.0623421 0.372244 0)
(-0.0616892 0.57049 -1.46545e-18)
(-0.0453537 0.764122 2.74995e-18)
(-0.019991 0.926402 -1.31553e-18)
(0.00644821 1.04234 -1.35457e-18)
(0.0280263 1.11042 1.33295e-18)
(0.042115 1.13914 0)
(0.0489472 1.14145 0)
(0.0503157 1.12972 0)
(0.0483062 1.11304 0)
(0.0445561 1.09662 -7.96644e-19)
(0.0400659 1.08268 8.12834e-19)
(0.0353312 1.07167 0)
(0.0305515 1.06328 0)
(0.0257893 1.057 0)
(0.0210564 1.05236 -4.36782e-19)
(0.0163499 1.04901 4.42992e-19)
(0.011664 1.04669 0)
(0.00699261 1.04523 0)
(0.00232988 1.04452 0)
(-0.00232988 1.04452 0)
(-0.00699261 1.04523 0)
(-0.011664 1.04669 0)
(-0.0163499 1.04901 4.42992e-19)
(-0.0210564 1.05236 -4.36782e-19)
(-0.0257893 1.057 0)
(-0.0305515 1.06328 0)
(-0.0353312 1.07167 0)
(-0.0400659 1.08268 8.12834e-19)
(-0.0445561 1.09662 -7.96644e-19)
(-0.0483062 1.11304 0)
(-0.0503157 1.12972 0)
(-0.0489472 1.14145 0)
(-0.042115 1.13914 0)
(-0.0280263 1.11042 1.33295e-18)
(-0.00644821 1.04234 -1.35457e-18)
(0.019991 0.926402 -1.31553e-18)
(0.0453537 0.764122 2.74995e-18)
(0.0616892 0.57049 -1.46545e-18)
(0.0623421 0.372244 0)
(0.0461709 0.199776 0)
(0.0198767 0.0756719 0)
(-0.00439544 0.00663407 0)
(-0.0153712 -0.016424 0)
(-0.00826347 -0.0112567 0)
(0.00780665 -0.0110719 0)
(0.0170626 -0.018932 0)
(0.0114277 -0.00487429 0)
(-0.0074808 0.0458657 -1.95281e-18)
(-0.0324602 0.14461 1.86124e-18)
(-0.0530557 0.292356 0)
(-0.0606009 0.475748 1.64321e-18)
(-0.0524235 0.66964 3.55119e-20)
(-0.0321853 0.846046 -1.43174e-18)
(-0.00693359 0.984029 -1.42481e-18)
(0.0165254 1.0751 1.38493e-18)
(0.0339496 1.12269 0)
(0.0441424 1.13766 0)
(0.0481051 1.1328 0)
(0.0477507 1.11888 0)
(0.044899 1.10292 0)
(0.0408236 1.08848 0)
(0.036237 1.07676 0)
(0.0314682 1.06774 0)
(0.0266434 1.06099 4.22893e-19)
(0.0218034 1.05602 -4.29026e-19)
(0.0169592 1.05244 0)
(0.0121139 1.04997 -2.19591e-19)
(0.00726833 1.04843 1.11176e-19)
(0.00242274 1.04768 1.12312e-19)
(-0.00242274 1.04768 1.12312e-19)
(-0.00726833 1.04843 1.11176e-19)
(-0.0121139 1.04997 -2.19591e-19)
(-0.0169592 1.05244 0)
(-0.0218034 1.05602 -4.29026e-19)
(-0.0266434 1.06099 4.22893e-19)
(-0.0314682 1.06774 0)
(-0.036237 1.07676 0)
(-0.0408236 1.08848 0)
(-0.044899 1.10292 0)
(-0.0477507 1.11888 0)
(-0.0481051 1.1328 0)
(-0.0441424 1.13766 0)
(-0.0339496 1.12269 0)
(-0.0165254 1.0751 1.38493e-18)
(0.00693359 0.984029 -1.42481e-18)
(0.0321853 0.846046 -1.43174e-18)
(0.0524235 0.66964 3.55119e-20)
(0.0606009 0.475748 1.64321e-18)
(0.0530557 0.292356 0)
(0.0324602 0.14461 1.86124e-18)
(0.0074808 0.0458657 -1.95281e-18)
(-0.0114277 -0.00487429 0)
(-0.0170626 -0.018932 0)
(-0.00780665 -0.0110719 0)
(0.00709922 -0.0110445 3.9048e-18)
(0.0170192 -0.0208184 0)
(0.0148924 -0.0122604 2.23697e-18)
(0.000785366 0.0264199 -4.04091e-20)
(-0.021087 0.106196 -2.10771e-18)
(-0.042739 0.232008 1.98076e-18)
(-0.0555215 0.397703 -1.81587e-18)
(-0.0543561 0.584733 0)
(-0.0399273 0.767262 -1.59761e-18)
(-0.0175004 0.921359 -2.12433e-20)
(0.00620557 1.03274 1.46106e-18)
(0.0258824 1.0993 0)
(0.038983 1.12854 0)
(0.045514 1.13249 7.517e-19)
(0.0469615 1.1229 -7.63184e-19)
(0.0451596 1.10841 7.819e-19)
(0.0415925 1.09401 -1.59253e-18)
(0.0371932 1.08181 8.1019e-19)
(0.0324425 1.07226 0)
(0.027549 1.06508 0)
(0.022592 1.05981 0)
(0.0176002 1.05603 0)
(0.012586 1.05343 -2.15454e-19)
(0.00755718 1.05181 2.17909e-19)
(0.00251996 1.05103 0)
(-0.00251996 1.05103 0)
(-0.00755718 1.05181 2.17909e-19)
(-0.012586 1.05343 -2.15454e-19)
(-0.0176002 1.05603 0)
(-0.022592 1.05981 0)
(-0.027549 1.06508 0)
(-0.0324425 1.07226 0)
(-0.0371932 1.08181 8.1019e-19)
(-0.0415925 1.09401 -1.59253e-18)
(-0.0451596 1.10841 7.819e-19)
(-0.0469615 1.1229 -7.63184e-19)
(-0.045514 1.13249 7.517e-19)
(-0.038983 1.12854 0)
(-0.0258824 1.0993 0)
(-0.00620557 1.03274 1.46106e-18)
(0.0175004 0.921359 -2.12433e-20)
(0.0399273 0.767262 -1.59761e-18)
(0.0543561 0.584733 0)
(0.0555215 0.397703 -1.81587e-18)
(0.042739 0.232008 1.98076e-18)
(0.021087 0.106196 -2.10771e-18)
(-0.000785365 0.0264199 -4.04091e-20)
(-0.0148924 -0.0122604 2.23697e-18)
(-0.0170192 -0.0208184 0)
(-0.00709922 -0.0110445 -3.9048e-18)
(0.00617144 -0.0110281 -6.38715e-18)
(0.0157055 -0.0223259 5.07232e-18)
(0.0156079 -0.0172989 -2.52893e-18)
(0.00528112 0.0135313 0)
(-0.0129725 0.0798274 2.34585e-18)
(-0.0334754 0.18794 -2.20635e-18)
(-0.0486934 0.336355 0)
(-0.0525853 0.512569 -1.89981e-18)
(-0.0435356 0.694758 3.49413e-18)
(-0.0247424 0.858747 1.10812e-20)
(-0.00209556 0.986369 -1.5604e-18)
(0.0186847 1.07042 0)
(0.0340029 1.11443 -7.58457e-19)
(0.0428481 1.12858 7.60433e-19)
(0.0460997 1.12476 -7.69967e-19)
(0.0454308 1.11281 7.81593e-19)
(0.0424398 1.09909 7.91883e-19)
(0.0382552 1.08676 -8.04455e-19)
(0.0335199 1.07684 4.06167e-19)
(0.0285413 1.06932 -8.22466e-19)
(0.0234479 1.06378 8.30942e-19)
(0.0182903 1.05982 -4.19941e-19)
(0.0130914 1.05711 2.11597e-19)
(0.00786532 1.05542 -2.13839e-19)
(0.00262348 1.05461 0)
(-0.00262348 1.05461 0)
(-0.00786532 1.05542 -2.13839e-19)
(-0.0130914 1.05711 2.11597e-19)
(-0.0182903 1.05982 -4.19941e-19)
(-0.0234479 1.06378 8.30942e-19)
(-0.0285413 1.06932 -8.22466e-19)
(-0.0335199 1.07684 4.06167e-19)
(-0.0382552 1.08676 -8.04455e-19)
(-0.0424398 1.09909 7.91883e-19)
(-0.0454308 1.11281 7.81593e-19)
(-0.0460997 1.12476 -7.69967e-19)
(-0.0428481 1.12858 7.60433e-19)
(-0.0340029 1.11443 -7.58457e-19)
(-0.0186847 1.07042 0)
(0.00209556 0.986369 -1.5604e-18)
(0.0247424 0.858747 1.10812e-20)
(0.0435356 0.694758 3.49413e-18)
(0.0525853 0.512569 -1.89981e-18)
(0.0486934 0.336355 0)
(0.0334754 0.18794 -2.20635e-18)
(0.0129725 0.0798274 2.34585e-18)
(-0.00528112 0.0135313 0)
(-0.0156079 -0.0172989 -2.52893e-18)
(-0.0157055 -0.0223259 5.07232e-18)
(-0.00617144 -0.0110281 2.17134e-18)
(0.00503894 -0.0109698 0)
(0.0133557 -0.023491 0)
(0.0141297 -0.0207826 0)
(0.00652717 0.00503947 0)
(-0.00828296 0.0622004 -2.6002e-18)
(-0.026427 0.157053 2.4567e-18)
(-0.0418541 0.290542 0)
(-0.0486244 0.454721 0)
(-0.0437489 0.632186 0)
(-0.0285771 0.800457 0)
(-0.00777923 0.939559 0)
(0.0130925 1.03835 0)
(0.02982 1.09635 0)
(0.0405224 1.12127 0)
(0.0454087 1.12429 0)
(0.045852 1.11589 0)
(0.0434537 1.10357 0)
(0.039487 1.09153 0)
(0.0347498 1.08147 0)
(0.0296577 1.0737 0)
(0.0243978 1.06797 0)
(0.0190477 1.06387 2.06134e-19)
(0.0136415 1.06107 -2.08218e-19)
(0.00819885 1.05932 0)
(0.00273524 1.05849 0)
(-0.00273524 1.05849 0)
(-0.00819885 1.05932 0)
(-0.0136415 1.06107 -2.08218e-19)
(-0.0190477 1.06387 2.06134e-19)
(-0.0243978 1.06797 0)
(-0.0296577 1.0737 0)
(-0.0347498 1.08147 0)
(-0.039487 1.09153 0)
(-0.0434537 1.10357 0)
(-0.045852 1.11589 0)
(-0.0454087 1.12429 0)
(-0.0405224 1.12127 0)
(-0.02982 1.09635 0)
(-0.0130925 1.03835 0)
(0.00777923 0.939559 0)
(0.0285771 0.800457 0)
(0.0437489 0.632186 0)
(0.0486244 0.454721 0)
(0.0418541 0.290542 0)
(0.026427 0.157053 2.4567e-18)
(0.00828296 0.0622004 -2.6002e-18)
(-0.00652717 0.00503947 0)
(-0.0141297 -0.0207826 0)
(-0.0133557 -0.023491 0)
(-0.00503894 -0.0109698 0)
(0.00373235 -0.0108647 0)
(0.0101269 -0.0242802 0)
(0.0108605 -0.022993 0)
(0.00505959 -0.000135564 0)
(-0.0067565 0.0512867 0)
(-0.0220071 0.136991 0)
(-0.0360723 0.258846 2.53119e-18)
(-0.0437145 0.411796 -2.31559e-18)
(-0.0414239 0.582264 0)
(-0.0292117 0.750407 0)
(-0.0104909 0.8962 0)
(0.00974346 1.00603 0)
(0.0270805 1.07609 0)
(0.0390366 1.11133 0)
(0.0452121 1.12166 0)
(0.0466121 1.11757 7.89979e-19)
(0.0447434 1.10733 -7.98555e-19)
(0.0409567 1.09605 0)
(0.0361786 1.08612 0)
(0.0309307 1.07826 0)
(0.025464 1.0724 0)
(0.0198866 1.0682 0)
(0.0142446 1.06534 0)
(0.0085621 1.06356 0)
(0.00285655 1.06271 0)
(-0.00285655 1.06271 0)
(-0.0085621 1.06356 0)
(-0.0142446 1.06534 0)
(-0.0198866 1.0682 0)
(-0.025464 1.0724 0)
(-0.0309307 1.07826 0)
(-0.0361786 1.08612 0)
(-0.0409567 1.09605 0)
(-0.0447434 1.10733 -7.98555e-19)
(-0.0466121 1.11757 7.89979e-19)
(-0.0452121 1.12166 0)
(-0.0390366 1.11133 0)
(-0.0270805 1.07609 0)
(-0.00974346 1.00603 0)
(0.0104909 0.8962 0)
(0.0292117 0.750407 0)
(0.0414239 0.582264 0)
(0.0437145 0.411796 -2.31559e-18)
(0.0360723 0.258846 2.53119e-18)
(0.0220071 0.136991 0)
(0.0067565 0.0512867 0)
(-0.00505959 -0.000135563 0)
(-0.0108605 -0.022993 0)
(-0.0101269 -0.0242802 0)
(-0.00373235 -0.0108647 0)
(0.00230216 -0.0107355 -2.71285e-18)
(0.0062055 -0.0246254 0)
(0.00621005 -0.0239231 0)
(0.00149712 -0.0023704 0)
(-0.00779572 0.046073 0)
(-0.0199886 0.126273 0)
(-0.0316775 0.240075 1.3798e-18)
(-0.0385666 0.383884 -2.53908e-18)
(-0.0372432 0.546882 1.05448e-21)
(-0.0269598 0.711943 1.06577e-18)
(-0.0100835 0.860159 9.71755e-19)
(0.00911145 0.976927 -1.57775e-20)
(0.0263644 1.05608 -8.75008e-19)
(0.0388979 1.10017 0)
(0.0458661 1.11747 0)
(0.0479227 1.11801 3.99557e-19)
(0.04642 1.11035 -4.0247e-19)
(0.0427193 1.10026 3.96055e-19)
(0.0378335 1.09075 -3.99642e-19)
(0.032374 1.08298 0)
(0.0266528 1.07709 0)
(0.020809 1.07285 -1.98944e-19)
(0.0149006 1.06996 1.00465e-19)
(0.0089543 1.06816 5.03146e-20)
(0.00298704 1.0673 5.04131e-20)
(-0.00298704 1.0673 5.04131e-20)
(-0.0089543 1.06816 5.03146e-20)
(-0.0149006 1.06996 1.00465e-19)
(-0.020809 1.07285 -1.98944e-19)
(-0.0266528 1.07709 0)
(-0.032374 1.08298 0)
(-0.0378335 1.09075 -3.99642e-19)
(-0.0427193 1.10026 3.96055e-19)
(-0.04642 1.11035 -4.0247e-19)
(-0.0479227 1.11801 3.99557e-19)
(-0.0458661 1.11747 0)
(-0.0388979 1.10017 0)
(-0.0263644 1.05608 -8.75008e-19)
(-0.00911145 0.976927 -1.57775e-20)
(0.0100835 0.860159 9.71755e-19)
(0.0269598 0.711943 1.06577e-18)
(0.0372432 0.546882 1.05448e-21)
(0.0385666 0.383884 -2.53908e-18)
(0.0316775 0.240075 1.3798e-18)
(0.0199886 0.126273 0)
(0.00779572 0.046073 0)
(-0.00149712 -0.0023704 0)
(-0.00621005 -0.0239231 0)
(-0.0062055 -0.0246254 0)
(-0.00230216 -0.0107355 2.71285e-18)
(0.000811792 -0.0106151 7.09925e-19)
(0.00187221 -0.024435 -8.38728e-19)
(0.00074004 -0.0234015 8.39163e-19)
(-0.00331506 -0.00160896 0)
(-0.0104143 0.0462491 8.17288e-19)
(-0.0195259 0.124142 2.29244e-21)
(-0.0282304 0.233354 -7.28047e-19)
(-0.0332016 0.370693 0)
(-0.0314897 0.526996 0)
(-0.0220682 0.687406 0)
(-0.00657204 0.83466 2.59524e-19)
(0.0114307 0.954345 -2.45353e-19)
(0.0280434 1.0391 0)
(0.0404759 1.08967 0)
(0.0476463 1.1128 2.06872e-19)
(0.0499419 1.11768 -2.06597e-19)
(0.0485477 1.11277 0)
(0.0447826 1.10416 0)
(0.0396969 1.09534 0)
(0.0339626 1.08784 0)
(0.0279399 1.08203 0)
(0.0217945 1.07781 0)
(0.0155942 1.07491 0)
(0.00936599 1.07311 0)
(0.00312351 1.07225 0)
(-0.00312351 1.07225 0)
(-0.00936599 1.07311 0)
(-0.0155942 1.07491 0)
(-0.0217945 1.07781 0)
(-0.0279399 1.08203 0)
(-0.0339626 1.08784 0)
(-0.0396969 1.09534 0)
(-0.0447826 1.10416 0)
(-0.0485477 1.11277 0)
(-0.0499419 1.11768 -2.06597e-19)
(-0.0476463 1.1128 2.06872e-19)
(-0.0404759 1.08967 0)
(-0.0280434 1.0391 0)
(-0.0114307 0.954345 -2.45353e-19)
(0.00657204 0.83466 2.59524e-19)
(0.0220682 0.687406 0)
(0.0314897 0.526996 0)
(0.0332016 0.370693 0)
(0.0282304 0.233354 -7.28047e-19)
(0.0195259 0.124142 2.29244e-21)
(0.0104143 0.0462491 8.17288e-19)
(0.00331506 -0.00160896 0)
(-0.00074004 -0.0234015 8.39163e-19)
(-0.00187221 -0.024435 -8.38728e-19)
(-0.000811792 -0.0106151 -7.09925e-19)
(-0.000671401 -0.0105193 7.22003e-19)
(-0.002482 -0.0235965 -8.58813e-19)
(-0.00477779 -0.0211846 0)
(-0.00823646 0.00240473 0)
(-0.013221 0.0518599 0)
(-0.0192281 0.130225 7.96348e-19)
(-0.0246388 0.237918 -7.42655e-19)
(-0.027006 0.371465 6.87719e-19)
(-0.0239935 0.52242 -6.35587e-19)
(-0.0146362 0.67757 0)
(-0.000119506 0.821437 0)
(0.0166103 0.940572 0)
(0.0321291 1.02742 2.30713e-19)
(0.043837 1.08168 -2.26565e-19)
(0.0506062 1.10888 0)
(0.0526733 1.11726 0)
(0.0510807 1.11489 0)
(0.0470716 1.10785 9.83225e-20)
(0.0416864 1.09988 -1.43937e-21)
(0.035621 1.09278 -9.75516e-20)
(0.0292631 1.08715 0)
(0.0227958 1.08299 4.7712e-20)
(0.0162923 1.08013 -4.78055e-20)
(0.00977771 1.07834 0)
(0.00325953 1.07749 0)
(-0.00325953 1.07749 0)
(-0.00977771 1.07834 0)
(-0.0162923 1.08013 -4.78055e-20)
(-0.0227958 1.08299 4.7712e-20)
(-0.0292631 1.08715 0)
(-0.035621 1.09278 -9.75516e-20)
(-0.0416864 1.09988 -1.43937e-21)
(-0.0470716 1.10785 9.83225e-20)
(-0.0510807 1.11489 0)
(-0.0526733 1.11726 0)
(-0.0506062 1.10888 0)
(-0.043837 1.08168 -2.26565e-19)
(-0.0321291 1.02742 2.30713e-19)
(-0.0166103 0.940572 0)
(0.000119506 0.821437 0)
(0.0146362 0.67757 0)
(0.0239935 0.52242 -6.35587e-19)
(0.027006 0.371465 6.87719e-19)
(0.0246388 0.237918 -7.42655e-19)
(0.0192281 0.130225 7.96348e-19)
(0.013221 0.0518599 0)
(0.00823646 0.00240473 0)
(0.00477779 -0.0211846 0)
(0.002482 -0.0235965 -8.58813e-19)
(0.000671401 -0.0105193 7.22003e-19)
(-0.00207211 -0.0104188 2.85328e-18)
(-0.00638982 -0.0219786 0)
(-0.00943543 -0.0170341 0)
(-0.0119516 0.00993403 0)
(-0.0146194 0.0629966 0)
(-0.0174498 0.144184 0)
(-0.0195017 0.25283 -1.48473e-18)
(-0.0190642 0.384769 1.37375e-18)
(-0.0143977 0.531697 1.24572e-18)
(-0.00475553 0.681504 -1.16075e-18)
(0.0089239 0.820362 -1.03646e-18)
(0.0242202 0.93623 3.5638e-20)
(0.0382276 1.02211 9.28975e-19)
(0.0486677 1.07738 0)
(0.0545067 1.10671 0)
(0.0559231 1.11746 -3.9455e-19)
(0.0538484 1.11709 3.96005e-19)
(0.0494325 1.11147 -3.80082e-19)
(0.0436676 1.10437 3.82039e-19)
(0.0372377 1.09774 0)
(0.0305352 1.09234 0)
(0.0237487 1.0883 1.84344e-19)
(0.0169517 1.08548 -9.29076e-20)
(0.0101644 1.08372 -4.62208e-20)
(0.00338693 1.08287 -4.60271e-20)
(-0.00338693 1.08287 -4.60271e-20)
(-0.0101644 1.08372 -4.62208e-20)
(-0.0169517 1.08548 -9.29076e-20)
(-0.0237487 1.0883 1.84344e-19)
(-0.0305352 1.09234 0)
(-0.0372377 1.09774 0)
(-0.0436676 1.10437 3.82039e-19)
(-0.0494325 1.11147 -3.80082e-19)
(-0.0538484 1.11709 3.96005e-19)
(-0.0559231 1.11746 -3.9455e-19)
(-0.0545067 1.10671 0)
(-0.0486677 1.07738 0)
(-0.0382276 1.02211 9.28975e-19)
(-0.0242202 0.93623 3.5638e-20)
(-0.0089239 0.820362 -1.03646e-18)
(0.00475553 0.681504 -1.16075e-18)
(0.0143977 0.531697 1.24572e-18)
(0.0190642 0.384769 1.37375e-18)
(0.0195017 0.25283 -1.48473e-18)
(0.0174498 0.144184 0)
(0.0146194 0.0629966 0)
(0.0119516 0.00993403 0)
(0.00943543 -0.0170341 0)
(0.00638982 -0.0219786 0)
(0.00207211 -0.0104188 -2.85328e-18)
(-0.00329285 -0.010237 -2.78637e-18)
(-0.00936658 -0.0194341 -3.29646e-20)
(-0.0123394 -0.0107417 -2.71328e-20)
(-0.013219 0.0211744 6.83558e-18)
(-0.0131596 0.0796626 1.67063e-20)
(-0.0127429 0.165575 5.99915e-21)
(-0.011618 0.276972 -2.91929e-18)
(-0.0086348 0.408773 0)
(-0.00251448 0.552529 0)
(0.00727771 0.696943 0)
(0.0199574 0.829709 -9.99966e-19)
(0.0335494 0.940375 9.60172e-19)
(0.0456631 1.02296 -8.57345e-19)
(0.0544037 1.07701 8.45402e-19)
(0.0589123 1.1067 7.77019e-19)
(0.059367 1.11865 -7.78465e-19)
(0.0566077 1.11964 0)
(0.0516783 1.11515 0)
(0.0454943 1.10884 -3.58968e-19)
(0.0386998 1.10268 7.17771e-19)
(0.0316717 1.09754 -3.5856e-19)
(0.0245927 1.09362 -1.76891e-19)
(0.017532 1.09086 1.77769e-19)
(0.0105033 1.08913 0)
(0.00349832 1.08829 0)
(-0.00349832 1.08829 0)
(-0.0105033 1.08913 0)
(-0.017532 1.09086 1.77769e-19)
(-0.0245927 1.09362 -1.76891e-19)
(-0.0316717 1.09754 -3.5856e-19)
(-0.0386998 1.10268 7.17771e-19)
(-0.0454943 1.10884 -3.58968e-19)
(-0.0516783 1.11515 0)
(-0.0566077 1.11964 0)
(-0.059367 1.11865 -7.78465e-19)
(-0.0589123 1.1067 7.77019e-19)
(-0.0544037 1.07701 8.45402e-19)
(-0.0456631 1.02296 -8.57345e-19)
(-0.0335494 0.940375 9.60172e-19)
(-0.0199574 0.829709 -9.99966e-19)
(-0.00727771 0.696943 0)
(0.00251448 0.552529 0)
(0.0086348 0.408773 0)
(0.011618 0.276972 -2.91929e-18)
(0.0127429 0.165575 5.99915e-21)
(0.0131596 0.0796626 1.67063e-20)
(0.013219 0.0211744 6.83558e-18)
(0.0123394 -0.0107417 -2.71328e-20)
(0.00936658 -0.0194341 -3.29646e-20)
(0.00329285 -0.010237 -2.78637e-18)
(-0.00421104 -0.0098715 0)
(-0.0109556 -0.0157981 0)
(-0.0127172 -0.00209538 0)
(-0.0110466 0.0363187 0)
(-0.00779297 0.101858 3.21961e-18)
(-0.00418323 0.193957 -3.04119e-18)
(-0.000346365 0.309233 0)
(0.0045258 0.441614 0)
(0.0114621 0.582456 0)
(0.020896 0.721211 0)
(0.0321901 0.847051 0)
(0.0437542 0.951182 0)
(0.05367 1.02885 0)
(0.0604264 1.08008 0)
(0.0633635 1.10877 0)
(0.0626811 1.12091 0)
(0.0591343 1.12263 0)
(0.0536519 1.11895 0)
(0.0470543 1.11328 0)
(0.0399262 1.10755 0)
(0.0326144 1.10265 0)
(0.0252878 1.09887 -1.69736e-19)
(0.0180075 1.09617 1.70881e-19)
(0.01078 1.09447 0)
(0.00358908 1.09364 0)
(-0.00358908 1.09364 0)
(-0.01078 1.09447 0)
(-0.0180075 1.09617 1.70881e-19)
(-0.0252878 1.09887 -1.69736e-19)
(-0.0326144 1.10265 0)
(-0.0399262 1.10755 0)
(-0.0470543 1.11328 0)
(-0.0536519 1.11895 0)
(-0.0591343 1.12263 0)
(-0.0626811 1.12091 0)
(-0.0633635 1.10877 0)
(-0.0604264 1.08008 0)
(-0.05367 1.02885 0)
(-0.0437542 0.951182 0)
(-0.0321901 0.847051 0)
(-0.020896 0.721211 0)
(-0.0114621 0.582456 0)
(-0.0045258 0.441614 0)
(0.000346365 0.309233 0)
(0.00418323 0.193957 -3.04119e-18)
(0.00779297 0.101858 3.21961e-18)
(0.0110466 0.0363187 0)
(0.0127172 -0.00209538 0)
(0.0109556 -0.0157981 0)
(0.00421104 -0.0098715 0)
(-0.00468761 -0.0092153 7.79867e-18)
(-0.0107291 -0.0108768 -6.45855e-18)
(-0.00991487 0.00919656 3.27284e-18)
(-0.00470847 0.0556973 0)
(0.00208294 0.129766 -3.11072e-18)
(0.00856479 0.229104 2.94062e-18)
(0.0143265 0.348761 0)
(0.0201175 0.481738 2.43388e-18)
(0.0269638 0.619346 -4.48107e-18)
(0.0353407 0.751891 9.79677e-20)
(0.0447823 0.870057 1.89694e-18)
(0.0540292 0.966726 0)
(0.0615644 1.03843 7.72217e-19)
(0.0662124 1.08576 -7.65905e-19)
(0.0674926 1.1125 7.02592e-19)
(0.0656238 1.12409 -7.0638e-19)
(0.0612756 1.12605 -6.6946e-19)
(0.0552578 1.12288 6.76226e-19)
(0.0482867 1.1177 -3.2781e-19)
(0.0408772 1.11233 6.57492e-19)
(0.0333374 1.10766 -6.55287e-19)
(0.0258173 1.104 3.28693e-19)
(0.0183681 1.10138 -1.6339e-19)
(0.0109892 1.0997 1.64618e-19)
(0.00365759 1.09889 0)
(-0.00365759 1.09889 0)
(-0.0109892 1.0997 1.64618e-19)
(-0.0183681 1.10138 -1.6339e-19)
(-0.0258173 1.104 3.28693e-19)
(-0.0333374 1.10766 -6.55287e-19)
(-0.0408772 1.11233 6.57492e-19)
(-0.0482867 1.1177 -3.2781e-19)
(-0.0552578 1.12288 6.76226e-19)
(-0.0612756 1.12605 -6.6946e-19)
(-0.0656238 1.12409 -7.0638e-19)
(-0.0674926 1.1125 7.02592e-19)
(-0.0662124 1.08576 -7.65905e-19)
(-0.0615644 1.03843 7.72217e-19)
(-0.0540292 0.966726 0)
(-0.0447823 0.870057 1.89694e-18)
(-0.0353407 0.751891 9.79677e-20)
(-0.0269638 0.619346 -4.48107e-18)
(-0.0201175 0.481738 2.43388e-18)
(-0.0143265 0.348761 0)
(-0.00856479 0.229104 2.94062e-18)
(-0.00208294 0.129766 -3.11072e-18)
(0.00470847 0.0556973 0)
(0.00991487 0.00919656 3.27284e-18)
(0.0107291 -0.0108768 -6.45855e-18)
(0.00468761 -0.0092153 -2.56951e-18)
(-0.00457025 -0.00816433 -5.0565e-18)
(-0.00824638 -0.00441864 0)
(-0.00332605 0.0236017 -3.22318e-18)
(0.0063191 0.0799244 -2.59705e-21)
(0.016677 0.163898 3.00988e-18)
(0.0253111 0.271116 0)
(0.0318747 0.395038 0)
(0.0374046 0.527981 0)
(0.0431626 0.661522 2.0527e-18)
(0.049778 0.787044 -1.06098e-19)
(0.0569598 0.896818 -1.78419e-18)
(0.0637106 0.985366 0)
(0.0688243 1.05046 0)
(0.0713868 1.09325 -6.91535e-19)
(0.0710545 1.11744 6.93087e-19)
(0.0680488 1.128 -6.49366e-19)
(0.0629521 1.12982 1.29418e-18)
(0.0564564 1.12691 -6.45549e-19)
(0.0491735 1.12209 0)
(0.0415456 1.11702 0)
(0.0338387 1.11256 0)
(0.0261816 1.10902 0)
(0.0186149 1.10646 1.57333e-19)
(0.0111319 1.10481 -1.58684e-19)
(0.00370423 1.10401 0)
(-0.00370423 1.10401 0)
(-0.0111319 1.10481 -1.58684e-19)
(-0.0186149 1.10646 1.57333e-19)
(-0.0261816 1.10902 0)
(-0.0338387 1.11256 0)
(-0.0415456 1.11702 0)
(-0.0491735 1.12209 0)
(-0.0564564 1.12691 -6.45549e-19)
(-0.0629521 1.12982 1.29418e-18)
(-0.0680488 1.128 -6.49366e-19)
(-0.0710545 1.11744 6.93087e-19)
(-0.0713868 1.09325 -6.91535e-19)
(-0.0688243 1.05046 0)
(-0.0637106 0.985366 0)
(-0.0569598 0.896818 -1.78419e-18)
(-0.049778 0.787044 -1.06098e-19)
(-0.0431626 0.661522 2.0527e-18)
(-0.0374046 0.527981 0)
(-0.0318747 0.395038 0)
(-0.0253111 0.271116 0)
(-0.016677 0.163898 3.00988e-18)
(-0.0063191 0.0799244 -2.59705e-21)
(0.00332605 0.0236017 -3.22318e-18)
(0.00824638 -0.00441864 0)
(0.00457025 -0.00816433 5.0565e-18)
(-0.00368311 -0.00661998 0)
(-0.00299218 0.0039366 0)
(0.0076636 0.041888 0)
(0.0223671 0.110029 3.0299e-18)
(0.0357934 0.205145 -2.89654e-18)
(0.0453626 0.320371 0)
(0.0513119 0.447762 -2.35699e-18)
(0.0553311 0.579418 1.14472e-19)
(0.0590847 0.707631 2.01231e-18)
(0.0633858 0.825131 1.71327e-18)
(0.0680671 0.925831 -1.66208e-18)
(0.0723013 1.00581 0)
(0.0750946 1.06395 0)
(0.0757151 1.10187 0)
(0.0739095 1.1232 0)
(0.0698844 1.1324 0)
(0.0641356 1.13384 0)
(0.0572438 1.13103 0)
(0.0497221 1.12646 0)
(0.0419423 1.12165 -3.00614e-19)
(0.0341288 1.11737 3.04138e-19)
(0.0263893 1.11394 0)
(0.0187543 1.11144 1.51776e-19)
(0.011212 1.10983 -7.68417e-20)
(0.00373034 1.10904 -7.7037e-20)
(-0.00373034 1.10904 -7.7037e-20)
(-0.011212 1.10983 -7.68417e-20)
(-0.0187543 1.11144 1.51776e-19)
(-0.0263893 1.11394 0)
(-0.0341288 1.11737 3.04138e-19)
(-0.0419423 1.12165 -3.00614e-19)
(-0.0497221 1.12646 0)
(-0.0572438 1.13103 0)
(-0.0641356 1.13384 0)
(-0.0698844 1.1324 0)
(-0.0739095 1.1232 0)
(-0.0757151 1.10187 0)
(-0.0750946 1.06395 0)
(-0.0723013 1.00581 0)
(-0.0680671 0.925831 -1.66208e-18)
(-0.0633858 0.825131 1.71327e-18)
(-0.0590847 0.707631 2.01231e-18)
(-0.0553311 0.579418 1.14472e-19)
(-0.0513119 0.447762 -2.35699e-18)
(-0.0453626 0.320371 0)
(-0.0357934 0.205145 -2.89654e-18)
(-0.0223671 0.110029 3.0299e-18)
(-0.0076636 0.041888 0)
(0.00299218 0.0039366 0)
(0.00368311 -0.00661998 0)
(-0.0017974 -0.0044889 0)
(0.00568753 0.0147782 0)
(0.0236552 0.0653275 0)
(0.0434432 0.147582 0)
(0.0586881 0.254734 0)
(0.0674605 0.377334 0)
(0.0712293 0.506596 2.15988e-18)
(0.0726169 0.635116 -3.98462e-18)
(0.0737107 0.756425 1.84923e-18)
(0.0754204 0.864831 1.5715e-18)
(0.0775925 0.955877 -1.53438e-18)
(0.0794646 1.02704 0)
(0.0801641 1.07812 0)
(0.0790749 1.11109 0)
(0.0759967 1.12942 0)
(0.0711103 1.13713 5.8832e-19)
(0.0648297 1.13803 -5.95794e-19)
(0.0576354 1.13521 0)
(0.0499514 1.13082 0)
(0.0420853 1.12621 0)
(0.034223 1.1221 2.90212e-19)
(0.0264521 1.11878 -2.93646e-19)
(0.0187945 1.11635 0)
(0.0112343 1.11476 0)
(0.00373747 1.11399 0)
(-0.00373747 1.11399 0)
(-0.0112343 1.11476 0)
(-0.0187945 1.11635 0)
(-0.0264521 1.11878 -2.93646e-19)
(-0.034223 1.1221 2.90212e-19)
(-0.0420853 1.12621 0)
(-0.0499514 1.13082 0)
(-0.0576354 1.13521 0)
(-0.0648297 1.13803 -5.95794e-19)
(-0.0711103 1.13713 5.8832e-19)
(-0.0759967 1.12942 0)
(-0.0790749 1.11109 0)
(-0.0801641 1.07812 0)
(-0.0794646 1.02704 0)
(-0.0775925 0.955877 -1.53438e-18)
(-0.0754204 0.864831 1.5715e-18)
(-0.0737107 0.756425 1.84923e-18)
(-0.0726169 0.635116 -3.98462e-18)
(-0.0712293 0.506596 2.15988e-18)
(-0.0674605 0.377334 0)
(-0.0586881 0.254734 0)
(-0.0434432 0.147582 0)
(-0.0236552 0.0653275 0)
(-0.00568753 0.0147782 0)
(0.0017974 -0.0044889 0)
(0.0014318 -0.00165067 0)
(0.0186118 0.0292049 0)
(0.0450539 0.0960184 2.93621e-18)
(0.0689108 0.194765 -1.12074e-19)
(0.0838157 0.314018 -2.5842e-18)
(0.0897029 0.442225 0)
(0.089864 0.570853 -1.94125e-18)
(0.0878885 0.693892 1.85903e-18)
(0.0860947 0.806583 0)
(0.0852902 0.904908 -1.43026e-18)
(0.0851944 0.985909 1.40527e-18)
(0.085017 1.04823 1.25204e-18)
(0.0839431 1.09236 -1.25012e-18)
(0.0814308 1.12049 5.80131e-19)
(0.0773122 1.13585 -5.85468e-19)
(0.0717401 1.14203 -5.60598e-19)
(0.065057 1.14233 5.6842e-19)
(0.0576566 1.13942 -5.55473e-19)
(0.0498855 1.13516 5.63582e-19)
(0.0419953 1.13073 0)
(0.0341375 1.12677 0)
(0.0263822 1.12356 0)
(0.0187437 1.12119 0)
(0.0112036 1.11964 7.15783e-20)
(0.0037272 1.11888 -7.22951e-20)
(-0.0037272 1.11888 -7.22951e-20)
(-0.0112036 1.11964 7.15783e-20)
(-0.0187437 1.12119 0)
(-0.0263822 1.12356 0)
(-0.0341375 1.12677 0)
(-0.0419953 1.13073 0)
(-0.0498855 1.13516 5.63582e-19)
(-0.0576566 1.13942 -5.55473e-19)
(-0.065057 1.14233 5.6842e-19)
(-0.0717401 1.14203 -5.60598e-19)
(-0.0773122 1.13585 -5.85468e-19)
(-0.0814308 1.12049 5.80131e-19)
(-0.0839431 1.09236 -1.25012e-18)
(-0.085017 1.04823 1.25204e-18)
(-0.0851944 0.985909 1.40527e-18)
(-0.0852902 0.904908 -1.43026e-18)
(-0.0860947 0.806583 0)
(-0.0878885 0.693892 1.85903e-18)
(-0.089864 0.570853 -1.94125e-18)
(-0.0897029 0.442225 0)
(-0.0838157 0.314018 -2.5842e-18)
(-0.0689108 0.194765 -1.12074e-19)
(-0.0450539 0.0960184 2.93621e-18)
(-0.0186118 0.0292049 0)
(-0.0014318 -0.00165067 0)
(0.0065888 0.00225203 4.92563e-18)
(0.036673 0.0494481 -5.9596e-18)
(0.0715991 0.13727 3.04215e-18)
(0.096967 0.254237 5.11352e-18)
(0.108577 0.38402 -4.53411e-18)
(0.109589 0.514563 2.07864e-18)
(0.105299 0.63919 0)
(0.0998931 0.754158 1.53344e-18)
(0.0955211 0.856638 -2.88879e-18)
(0.0926399 0.944168 1.3704e-18)
(0.0907279 1.01502 0)
(0.0889223 1.06871 0)
(0.0864444 1.10621 0)
(0.0828142 1.12975 -5.46672e-19)
(0.0778924 1.14228 1.4276e-20)
(0.0718105 1.14698 5.46015e-19)
(0.0648517 1.14668 -5.32772e-19)
(0.057338 1.14364 5.41082e-19)
(0.0495507 1.13948 0)
(0.0416935 1.13521 2.68918e-19)
(0.0338887 1.1314 -2.72724e-19)
(0.0261914 1.1283 2.72735e-19)
(0.0186098 1.126 -2.76115e-19)
(0.0111245 1.12449 0)
(0.003701 1.12374 0)
(-0.003701 1.12374 0)
(-0.0111245 1.12449 0)
(-0.0186098 1.126 -2.76115e-19)
(-0.0261914 1.1283 2.72735e-19)
(-0.0338887 1.1314 -2.72724e-19)
(-0.0416935 1.13521 2.68918e-19)
(-0.0495507 1.13948 0)
(-0.057338 1.14364 5.41082e-19)
(-0.0648517 1.14668 -5.32772e-19)
(-0.0718105 1.14698 5.46015e-19)
(-0.0778924 1.14228 1.4276e-20)
(-0.0828142 1.12975 -5.46672e-19)
(-0.0864444 1.10621 0)
(-0.0889223 1.06871 0)
(-0.0907279 1.01502 0)
(-0.0926399 0.944168 1.3704e-18)
(-0.0955211 0.856638 -2.88879e-18)
(-0.0998931 0.754158 1.53344e-18)
(-0.105299 0.63919 0)
(-0.109589 0.514563 2.07864e-18)
(-0.108577 0.38402 -4.53411e-18)
(-0.096967 0.254237 5.11352e-18)
(-0.0715991 0.13727 3.04215e-18)
(-0.036673 0.0494481 -5.9596e-18)
(-0.0065888 0.00225203 -4.92563e-18)
(0.0145441 0.00858729 4.93971e-18)
(0.0603071 0.0795621 2.82631e-18)
(0.101369 0.193452 -5.21988e-18)
(0.123995 0.328176 2.16009e-19)
(0.129278 0.464327 1.82624e-19)
(0.12434 0.592373 3.44258e-18)
(0.115843 0.709205 -1.15237e-19)
(0.107778 0.813749 -1.43314e-18)
(0.101655 0.904907 -1.24345e-18)
(0.0974041 0.981406 1.22731e-18)
(0.0942459 1.04238 1.11443e-18)
(0.0912707 1.08794 -1.11484e-18)
(0.087759 1.11929 0)
(0.083304 1.13861 0)
(0.0778025 1.14856 5.11757e-19)
(0.0713746 1.15189 -5.19521e-19)
(0.0642578 1.15101 0)
(0.0567158 1.14785 0)
(0.0489761 1.14378 -5.15797e-19)
(0.041203 1.13966 5.23824e-19)
(0.0334942 1.13599 -2.61906e-19)
(0.0258923 1.133 1.30281e-21)
(0.0184014 1.13076 4.01012e-19)
(0.0110017 1.1293 -6.7617e-20)
(0.00366045 1.12857 -6.80796e-20)
(-0.00366045 1.12857 -6.80796e-20)
(-0.0110017 1.1293 -6.7617e-20)
(-0.0184014 1.13076 4.01012e-19)
(-0.0258923 1.133 1.30281e-21)
(-0.0334942 1.13599 -2.61906e-19)
(-0.041203 1.13966 5.23824e-19)
(-0.0489761 1.14378 -5.15797e-19)
(-0.0567158 1.14785 0)
(-0.0642578 1.15101 0)
(-0.0713746 1.15189 -5.19521e-19)
(-0.0778025 1.14856 5.11757e-19)
(-0.083304 1.13861 0)
(-0.087759 1.11929 0)
(-0.0912707 1.08794 -1.11484e-18)
(-0.0942459 1.04238 1.11443e-18)
(-0.0974041 0.981406 1.22731e-18)
(-0.101655 0.904907 -1.24345e-18)
(-0.107778 0.813749 -1.43314e-18)
(-0.115843 0.709205 -1.15237e-19)
(-0.12434 0.592373 3.44258e-18)
(-0.129278 0.464327 1.82624e-19)
(-0.123995 0.328176 2.16009e-19)
(-0.101369 0.193452 -5.21988e-18)
(-0.0603071 0.0795621 2.82631e-18)
(-0.0145441 0.00858729 -4.93971e-18)
(0.0264702 0.0193188 0)
(0.0882801 0.125137 0)
(0.129777 0.268524 0)
(0.144712 0.416188 0)
(0.142017 0.551658 1.53681e-18)
(0.131858 0.671647 -1.48207e-18)
(0.120708 0.777414 0)
(0.111459 0.870091 0)
(0.104694 0.94966 1.10252e-18)
(0.0998493 1.01552 -1.09494e-18)
(0.0959939 1.06732 0)
(0.0922607 1.10549 9.97548e-19)
(0.0880378 1.13135 -1.98913e-18)
(0.0830115 1.14693 9.94895e-19)
(0.0771244 1.15459 0)
(0.0704937 1.1567 0)
(0.0633221 1.15531 0)
(0.0558263 1.15204 0)
(0.0481904 1.14805 -4.97153e-19)
(0.0405459 1.14408 7.56106e-19)
(0.0329704 1.14055 -2.54747e-19)
(0.0254968 1.13767 -2.55946e-19)
(0.0181262 1.13551 2.59391e-19)
(0.0108397 1.13409 6.53455e-20)
(0.00360699 1.13338 -6.60913e-20)
(-0.00360699 1.13338 -6.60913e-20)
(-0.0108397 1.13409 6.53455e-20)
(-0.0181262 1.13551 2.59391e-19)
(-0.0254968 1.13767 -2.55946e-19)
(-0.0329704 1.14055 -2.54747e-19)
(-0.0405459 1.14408 7.56106e-19)
(-0.0481904 1.14805 -4.97153e-19)
(-0.0558263 1.15204 0)
(-0.0633221 1.15531 0)
(-0.0704937 1.1567 0)
(-0.0771244 1.15459 0)
(-0.0830115 1.14693 9.94895e-19)
(-0.0880378 1.13135 -1.98913e-18)
(-0.0922607 1.10549 9.97548e-19)
(-0.0959939 1.06732 0)
(-0.0998493 1.01552 -1.09494e-18)
(-0.104694 0.94966 1.10252e-18)
(-0.111459 0.870091 0)
(-0.120708 0.777414 0)
(-0.131858 0.671647 -1.48207e-18)
(-0.142017 0.551658 1.53681e-18)
(-0.144712 0.416188 0)
(-0.129777 0.268524 0)
(-0.0882801 0.125137 0)
(-0.0264702 0.0193188 0)
(0.0454314 0.043143 0)
(0.116351 0.202721 0)
(0.149514 0.370347 0)
(0.153408 0.51879 -1.37574e-18)
(0.144136 0.644017 1.32779e-18)
(0.131653 0.750666 0)
(0.120387 0.843101 0)
(0.111672 0.923272 0)
(0.105307 0.9914 -9.82864e-19)
(0.100487 1.04713 9.82588e-19)
(0.0963296 1.09037 0)
(0.0921244 1.12175 0)
(0.087417 1.1426 0)
(0.0820039 1.15479 0)
(0.0758787 1.16039 0)
(0.0691598 1.1614 -4.63865e-19)
(0.0620215 1.15955 4.43743e-21)
(0.0546404 1.1562 3.74074e-21)
(0.0471633 1.1523 4.82138e-19)
(0.0396941 1.14847 0)
(0.0322933 1.14509 2.45393e-19)
(0.0249856 1.14233 -2.49251e-19)
(0.0177703 1.14026 -1.2572e-19)
(0.01063 1.13888 1.27419e-19)
(0.00353778 1.1382 0)
(-0.00353778 1.1382 0)
(-0.01063 1.13888 1.27419e-19)
(-0.0177703 1.14026 -1.2572e-19)
(-0.0249856 1.14233 -2.49251e-19)
(-0.0322933 1.14509 2.45393e-19)
(-0.0396941 1.14847 0)
(-0.0471633 1.1523 4.82138e-19)
(-0.0546404 1.1562 3.74074e-21)
(-0.0620215 1.15955 4.43743e-21)
(-0.0691598 1.1614 -4.63865e-19)
(-0.0758787 1.16039 0)
(-0.0820039 1.15479 0)
(-0.087417 1.1426 0)
(-0.0921244 1.12175 0)
(-0.0963296 1.09037 0)
(-0.100487 1.04713 9.82588e-19)
(-0.105307 0.9914 -9.82864e-19)
(-0.111672 0.923272 0)
(-0.120387 0.843101 0)
(-0.131653 0.750666 0)
(-0.144136 0.644017 1.32779e-18)
(-0.153408 0.51879 -1.37574e-18)
(-0.149514 0.370347 0)
(-0.116351 0.202721 0)
(-0.0454314 0.043143 0)
(0.072262 0.122882 3.55365e-18)
(0.134181 0.333269 -4.20369e-18)
(0.151287 0.500061 0)
(0.146928 0.631357 1.14386e-18)
(0.136521 0.737861 -2.18884e-18)
(0.125824 0.828119 2.09826e-20)
(0.116775 0.906407 2.02387e-18)
(0.109735 0.974033 -9.94686e-19)
(0.104293 1.03095 -9.50314e-19)
(0.0997708 1.0769 1.88436e-18)
(0.0955135 1.11199 -1.85742e-18)
(0.0910298 1.13698 1.61532e-20)
(0.0860296 1.15316 1.83666e-18)
(0.0804068 1.16222 -9.25983e-19)
(0.074193 1.16593 -4.60867e-19)
(0.0675026 1.16595 9.34784e-19)
(0.0604828 1.16371 -9.45132e-19)
(0.0532768 1.1603 9.56585e-19)
(0.0460014 1.15652 -4.85445e-19)
(0.0387388 1.15288 0)
(0.0315369 1.14967 -2.47882e-19)
(0.0244156 1.14705 5.0266e-19)
(0.0173738 1.14508 -1.27522e-19)
(0.0103965 1.14378 -6.44332e-20)
(0.00346067 1.14313 -6.5066e-20)
(-0.00346067 1.14313 -6.5066e-20)
(-0.0103965 1.14378 -6.44332e-20)
(-0.0173738 1.14508 -1.27522e-19)
(-0.0244156 1.14705 5.0266e-19)
(-0.0315369 1.14967 -2.47882e-19)
(-0.0387388 1.15288 0)
(-0.0460014 1.15652 -4.85445e-19)
(-0.0532768 1.1603 9.56585e-19)
(-0.0604828 1.16371 -9.45132e-19)
(-0.0675026 1.16595 9.34784e-19)
(-0.074193 1.16593 -4.60867e-19)
(-0.0804068 1.16222 -9.25983e-19)
(-0.0860296 1.15316 1.83666e-18)
(-0.0910298 1.13698 1.61532e-20)
(-0.0955135 1.11199 -1.85742e-18)
(-0.0997708 1.0769 1.88436e-18)
(-0.104293 1.03095 -9.50314e-19)
(-0.109735 0.974033 -9.94686e-19)
(-0.116775 0.906407 2.02387e-18)
(-0.125824 0.828119 2.09826e-20)
(-0.136521 0.737861 -2.18884e-18)
(-0.146928 0.631357 1.14386e-18)
(-0.151287 0.500061 0)
(-0.134181 0.333269 -4.20369e-18)
(-0.072262 0.122882 3.55365e-18)
(0.0585259 0.220696 0)
(0.106265 0.437335 3.33299e-19)
(0.123834 0.583469 -3.14025e-19)
(0.126334 0.697895 4.08186e-19)
(0.123045 0.792588 -3.92672e-19)
(0.117496 0.873607 4.48044e-19)
(0.111644 0.94386 1.85974e-20)
(0.106394 1.00425 -4.45788e-19)
(0.101866 1.05475 0)
(0.09778 1.09525 0)
(0.0937434 1.12599 0)
(0.0894151 1.14772 -4.6981e-19)
(0.0845759 1.16167 4.68866e-19)
(0.0791406 1.16933 0)
(0.0731346 1.17226 0)
(0.0666552 1.17194 0)
(0.0598323 1.16962 0)
(0.0527966 1.16626 0)
(0.0456596 1.16258 0)
(0.0385033 1.15903 0)
(0.0313797 1.1559 0)
(0.0243142 1.15333 0)
(0.0173118 1.15139 0)
(0.0103633 1.1501 0)
(0.00345029 1.14946 0)
(-0.00345029 1.14946 0)
(-0.0103633 1.1501 0)
(-0.0173118 1.15139 0)
(-0.0243142 1.15333 0)
(-0.0313797 1.1559 0)
(-0.0385033 1.15903 0)
(-0.0456596 1.16258 0)
(-0.0527966 1.16626 0)
(-0.0598323 1.16962 0)
(-0.0666552 1.17194 0)
(-0.0731346 1.17226 0)
(-0.0791406 1.16933 0)
(-0.0845759 1.16167 4.68866e-19)
(-0.0894151 1.14772 -4.6981e-19)
(-0.0937434 1.12599 0)
(-0.09778 1.09525 0)
(-0.101866 1.05475 0)
(-0.106394 1.00425 -4.45788e-19)
(-0.111644 0.94386 1.85974e-20)
(-0.117496 0.873607 4.48044e-19)
(-0.123045 0.792588 -3.92672e-19)
(-0.126334 0.697895 4.08186e-19)
(-0.123834 0.583469 -3.14025e-19)
(-0.106265 0.437335 3.33299e-19)
(-0.0585259 0.220696 0)
(0.0143783 0.163877 1.34588e-20)
(0.057602 0.39168 -4.2568e-20)
(0.08538 0.559636 6.15568e-20)
(0.100718 0.688972 -3.42785e-20)
(0.106989 0.792074 0)
(0.107695 0.876968 -2.42179e-20)
(0.105665 0.948473 2.36649e-20)
(0.102616 1.00893 0)
(0.0993098 1.0592 2.60874e-20)
(0.0959147 1.09962 -5.21561e-20)
(0.0923136 1.13057 2.61485e-20)
(0.0883134 1.15277 0)
(0.0837612 1.16734 2.68504e-20)
(0.0785912 1.17565 1.22482e-22)
(0.0728253 1.17919 -2.69914e-20)
(0.0665508 1.17935 0)
(0.0598886 1.17736 1.36023e-20)
(0.0529658 1.17422 -1.36525e-20)
(0.0458951 1.17063 1.36617e-20)
(0.0387642 1.1671 -1.37152e-20)
(0.0316326 1.16393 -6.85766e-21)
(0.0245338 1.16132 1.09861e-23)
(0.0174801 1.15932 3.45193e-21)
(0.0104686 1.15799 1.72867e-21)
(0.00348609 1.15732 1.73127e-21)
(-0.00348609 1.15732 1.73127e-21)
(-0.0104686 1.15799 1.72867e-21)
(-0.0174801 1.15932 3.45193e-21)
(-0.0245338 1.16132 1.09861e-23)
(-0.0316326 1.16393 -6.85766e-21)
(-0.0387642 1.1671 -1.37152e-20)
(-0.0458951 1.17063 1.36617e-20)
(-0.0529658 1.17422 -1.36525e-20)
(-0.0598886 1.17736 1.36023e-20)
(-0.0665508 1.17935 0)
(-0.0728253 1.17919 -2.69914e-20)
(-0.0785912 1.17565 1.22482e-22)
(-0.0837612 1.16734 2.68504e-20)
(-0.0883134 1.15277 0)
(-0.0923136 1.13057 2.61485e-20)
(-0.0959147 1.09962 -5.21561e-20)
(-0.0993098 1.0592 2.60874e-20)
(-0.102616 1.00893 0)
(-0.105665 0.948473 2.36649e-20)
(-0.107695 0.876968 -2.42179e-20)
(-0.106989 0.792074 0)
(-0.100718 0.688972 -3.42785e-20)
(-0.08538 0.559636 6.15568e-20)
(-0.057602 0.39168 -4.2568e-20)
(-0.0143783 0.163877 1.34588e-20)
(0.00294648 0.120537 0)
(0.0305593 0.338065 0)
(0.0579691 0.519211 0)
(0.0790397 0.663636 0)
(0.0916424 0.778063 0)
(0.0975355 0.870109 0)
(0.0992217 0.945653 0)
(0.098613 1.0083 0)
(0.0968235 1.05991 0)
(0.0943469 1.10139 0)
(0.091306 1.13339 0)
(0.0876641 1.15668 0)
(0.083361 1.17232 0)
(0.0783805 1.18162 0)
(0.0727673 1.18598 0)
(0.0666162 1.18677 0)
(0.0600491 1.18523 0)
(0.0531919 1.18235 0)
(0.0461574 1.1789 0)
(0.0390349 1.17541 0)
(0.0318871 1.17222 0)
(0.0247519 1.16956 0)
(0.0176465 1.16751 0)
(0.0105726 1.16613 0)
(0.00352145 1.16544 0)
(-0.00352145 1.16544 0)
(-0.0105726 1.16613 0)
(-0.0176465 1.16751 0)
(-0.0247519 1.16956 0)
(-0.0318871 1.17222 0)
(-0.0390349 1.17541 0)
(-0.0461574 1.1789 0)
(-0.0531919 1.18235 0)
(-0.0600491 1.18523 0)
(-0.0666162 1.18677 0)
(-0.0727673 1.18598 0)
(-0.0783805 1.18162 0)
(-0.083361 1.17232 0)
(-0.0876641 1.15668 0)
(-0.091306 1.13339 0)
(-0.0943469 1.10139 0)
(-0.0968235 1.05991 0)
(-0.098613 1.0083 0)
(-0.0992217 0.945653 0)
(-0.0975355 0.870109 0)
(-0.0916424 0.778063 0)
(-0.0790396 0.663636 0)
(-0.0579691 0.519211 0)
(-0.0305593 0.338065 0)
(-0.00294648 0.120537 0)
(0.0017857 0.109497 0)
(0.0181265 0.313094 0)
(0.0404981 0.493054 0)
(0.0616579 0.643499 0)
(0.077204 0.765534 0)
(0.0867625 0.863859 0)
(0.0916666 0.943602 0)
(0.0934665 1.00873 0)
(0.0933354 1.06178 0)
(0.0919589 1.10421 0)
(0.0896481 1.13701 0)
(0.0865061 1.1611 0)
(0.0825636 1.17755 0)
(0.0778572 1.18763 0)
(0.0724596 1.19268 0)
(0.0664784 1.19405 0)
(0.0600413 1.19293 0)
(0.0532774 1.19034 0)
(0.0463021 1.18706 0)
(0.0392084 1.18365 0)
(0.0320635 1.18049 0)
(0.0249101 1.17781 0)
(0.0177706 1.17574 0)
(0.0106514 1.17433 0)
(0.00354842 1.17363 0)
(-0.00354842 1.17363 0)
(-0.0106514 1.17433 0)
(-0.0177706 1.17574 0)
(-0.0249101 1.17781 0)
(-0.0320635 1.18049 0)
(-0.0392084 1.18365 0)
(-0.0463021 1.18706 0)
(-0.0532774 1.19034 0)
(-0.0600413 1.19293 0)
(-0.0664784 1.19405 0)
(-0.0724596 1.19268 0)
(-0.0778572 1.18763 0)
(-0.0825636 1.17755 0)
(-0.0865061 1.1611 0)
(-0.0896481 1.13701 0)
(-0.0919589 1.10421 0)
(-0.0933354 1.06178 0)
(-0.0934665 1.00873 0)
(-0.0916666 0.943602 0)
(-0.0867625 0.863859 0)
(-0.077204 0.765534 0)
(-0.0616579 0.643499 0)
(-0.0404981 0.493054 0)
(-0.0181265 0.313094 0)
(-0.0017857 0.109497 0)
(0.00105871 0.102159 0)
(0.0120595 0.295344 0)
(0.0295698 0.471133 0)
(0.0485993 0.623532 0)
(0.0647686 0.750746 0)
(0.076411 0.854666 0)
(0.0836954 0.938933 0)
(0.0875621 1.00721 0)
(0.0890112 1.06231 0)
(0.0887766 1.10614 0)
(0.0872845 1.14003 0)
(0.0847455 1.16508 0)
(0.0812659 1.18244 0)
(0.0769276 1.19335 0)
(0.0718268 1.19914 0)
(0.0660833 1.20112 0)
(0.059831 1.20047 0)
(0.0532037 1.19822 0)
(0.046322 1.19515 0)
(0.0392846 1.19186 0)
(0.0321652 1.18875 0)
(0.025013 1.18608 0)
(0.0178563 1.18399 0)
(0.0107076 1.18258 0)
(0.00356797 1.18186 0)
(-0.00356797 1.18186 0)
(-0.0107076 1.18258 0)
(-0.0178563 1.18399 0)
(-0.025013 1.18608 0)
(-0.0321652 1.18875 0)
(-0.0392846 1.19186 0)
(-0.046322 1.19515 0)
(-0.0532037 1.19822 0)
(-0.059831 1.20047 0)
(-0.0660833 1.20112 0)
(-0.0718268 1.19914 0)
(-0.0769276 1.19335 0)
(-0.0812659 1.18244 0)
(-0.0847455 1.16508 0)
(-0.0872845 1.14003 0)
(-0.0887766 1.10614 0)
(-0.0890112 1.06231 0)
(-0.0875621 1.00721 0)
(-0.0836954 0.938933 0)
(-0.076411 0.854666 0)
(-0.0647686 0.750746 0)
(-0.0485993 0.623532 0)
(-0.0295698 0.471133 0)
(-0.0120595 0.295344 0)
(-0.00105871 0.102159 0)
(0.000605355 0.0962263 0)
(0.00868852 0.280591 0)
(0.0226428 0.45162 0)
(0.0392264 0.603859 0)
(0.0548204 0.73425 0)
(0.0673309 0.842714 0)
(0.0761488 0.931364 0)
(0.0816165 1.00316 0)
(0.0844379 1.06085 0)
(0.0852762 1.10658 0)
(0.0845979 1.14195 0)
(0.0826828 1.16825 0)
(0.079696 1.18672 0)
(0.0757576 1.19861 0)
(0.0709854 1.20525 0)
(0.0655094 1.20793 0)
(0.0594694 1.20782 0)
(0.0530039 1.20595 0)
(0.0462384 1.20314 0)
(0.0392777 1.20001 0)
(0.0322019 1.19698 0)
(0.0250671 1.19435 0)
(0.0179083 1.19227 0)
(0.010744 1.19085 0)
(0.00358095 1.19013 0)
(-0.00358095 1.19013 0)
(-0.010744 1.19085 0)
(-0.0179083 1.19227 0)
(-0.0250671 1.19435 0)
(-0.0322019 1.19698 0)
(-0.0392777 1.20001 0)
(-0.0462384 1.20314 0)
(-0.0530039 1.20595 0)
(-0.0594694 1.20782 0)
(-0.0655094 1.20793 0)
(-0.0709854 1.20525 0)
(-0.0757576 1.19861 0)
(-0.079696 1.18672 0)
(-0.0826828 1.16825 0)
(-0.0845979 1.14195 0)
(-0.0852762 1.10658 0)
(-0.0844379 1.06085 0)
(-0.0816165 1.00316 0)
(-0.0761488 0.931364 0)
(-0.0673309 0.842714 0)
(-0.0548204 0.73425 0)
(-0.0392264 0.603859 0)
(-0.0226428 0.45162 0)
(-0.00868852 0.280591 0)
(-0.000605355 0.0962263 0)
(0.00043282 0.091862 0)
(0.00675632 0.268908 0)
(0.0182252 0.435215 0)
(0.0326381 0.586073 0)
(0.0471676 0.718025 0)
(0.0597689 0.829802 0)
(0.0694343 0.922254 0)
(0.0760428 0.997501 0)
(0.0799792 1.05799 0)
(0.0817648 1.1059 0)
(0.0818445 1.14299 0)
(0.0805296 1.17073 0)
(0.0780258 1.19044 0)
(0.0744845 1.20343 0)
(0.070042 1.211 0)
(0.0648383 1.21444 0)
(0.0590181 1.21494 0)
(0.0527239 1.21352 0)
(0.0460854 1.21102 0)
(0.0392125 1.20809 0)
(0.0321917 1.20518 0)
(0.0250854 1.20261 0)
(0.0179352 1.20056 0)
(0.0107656 1.19914 0)
(0.00358902 1.19843 0)
(-0.00358902 1.19843 0)
(-0.0107656 1.19914 0)
(-0.0179352 1.20056 0)
(-0.0250854 1.20261 0)
(-0.0321917 1.20518 0)
(-0.0392125 1.20809 0)
(-0.0460854 1.21102 0)
(-0.0527239 1.21352 0)
(-0.0590181 1.21494 0)
(-0.0648383 1.21444 0)
(-0.070042 1.211 0)
(-0.0744845 1.20343 0)
(-0.0780258 1.19044 0)
(-0.0805296 1.17073 0)
(-0.0818445 1.14299 0)
(-0.0817648 1.1059 0)
(-0.0799792 1.05799 0)
(-0.0760428 0.997501 0)
(-0.0694343 0.922254 0)
(-0.0597689 0.829802 0)
(-0.0471676 0.718025 0)
(-0.0326381 0.586073 0)
(-0.0182252 0.435215 0)
(-0.00675632 0.268908 0)
(-0.00043282 0.091862 0)
(0.000389619 0.0884097 0)
(0.00573371 0.259375 0)
(0.0155073 0.421344 0)
(0.0281499 0.570298 0)
(0.0414858 0.702771 0)
(0.0537212 0.81684 0)
(0.0637187 0.912423 0)
(0.0710557 0.990853 0)
(0.0758373 1.05414 0)
(0.078415 1.10435 0)
(0.0791689 1.14333 0)
(0.0784082 1.17263 0)
(0.0763599 1.19368 0)
(0.0731976 1.20783 0)
(0.069073 1.2164 0)
(0.0641343 1.22067 0)
(0.0585308 1.22182 0)
(0.0524077 1.2209 0)
(0.0458985 1.21876 0)
(0.0391176 1.21607 0)
(0.0321567 1.21331 0)
(0.0250844 1.21082 0)
(0.0179482 1.20882 0)
(0.0107788 1.20743 0)
(0.00359433 1.20672 0)
(-0.00359433 1.20672 0)
(-0.0107788 1.20743 0)
(-0.0179482 1.20882 0)
(-0.0250844 1.21082 0)
(-0.0321567 1.21331 0)
(-0.0391176 1.21607 0)
(-0.0458985 1.21876 0)
(-0.0524077 1.2209 0)
(-0.0585308 1.22182 0)
(-0.0641343 1.22067 0)
(-0.069073 1.2164 0)
(-0.0731976 1.20783 0)
(-0.0763599 1.19368 0)
(-0.0784082 1.17263 0)
(-0.0791689 1.14333 0)
(-0.078415 1.10435 0)
(-0.0758373 1.05414 0)
(-0.0710557 0.990853 0)
(-0.0637187 0.912423 0)
(-0.0537212 0.81684 0)
(-0.0414858 0.702771 0)
(-0.0281499 0.570298 0)
(-0.0155073 0.421344 0)
(-0.00573371 0.259375 0)
(-0.000389619 0.0884097 0)
(0.000405533 0.0853228 0)
(0.00536965 0.251055 0)
(0.0140482 0.409194 0)
(0.0253052 0.556141 0)
(0.0374781 0.688532 0)
(0.0490946 0.804124 0)
(0.0590549 0.902211 0)
(0.0667751 0.983474 0)
(0.0721453 1.04946 0)
(0.0753494 1.10203 0)
(0.0766778 1.14299 0)
(0.0764106 1.17398 0)
(0.0747782 1.19648 0)
(0.0719667 1.21187 0)
(0.0681387 1.2215 0)
(0.0634494 1.22666 0)
(0.0580514 1.22853 0)
(0.0520925 1.22817 0)
(0.0457086 1.22643 0)
(0.0390179 1.22402 0)
(0.0321167 1.22145 0)
(0.025079 1.21908 0)
(0.017958 1.21714 0)
(0.0107901 1.21579 0)
(0.003599 1.21509 0)
(-0.003599 1.21509 0)
(-0.0107901 1.21579 0)
(-0.017958 1.21714 0)
(-0.025079 1.21908 0)
(-0.0321167 1.22145 0)
(-0.0390179 1.22402 0)
(-0.0457086 1.22643 0)
(-0.0520925 1.22817 0)
(-0.0580514 1.22853 0)
(-0.0634494 1.22666 0)
(-0.0681387 1.2215 0)
(-0.0719667 1.21187 0)
(-0.0747782 1.19648 0)
(-0.0764106 1.17398 0)
(-0.0766778 1.14299 0)
(-0.0753494 1.10203 0)
(-0.0721453 1.04946 0)
(-0.0667751 0.983474 0)
(-0.0590549 0.902211 0)
(-0.0490946 0.804124 0)
(-0.0374781 0.688532 0)
(-0.0253052 0.556141 0)
(-0.0140482 0.409194 0)
(-0.00536965 0.251055 0)
(-0.000405533 0.0853228 0)
(0.000557978 0.0818942 0)
(0.00569108 0.242991 0)
(0.0136888 0.398039 0)
(0.0238058 0.543297 0)
(0.0348482 0.67545 0)
(0.0456915 0.792127 0)
(0.0553612 0.892235 0)
(0.0632073 0.975957 0)
(0.0689613 1.04442 0)
(0.0726515 1.09925 0)
(0.0744645 1.14217 0)
(0.0746322 1.17483 0)
(0.0733729 1.19875 0)
(0.0708773 1.21537 0)
(0.0673162 1.22606 0)
(0.0628506 1.23209 0)
(0.0576371 1.23468 0)
(0.0518254 1.23486 0)
(0.0455539 1.23355 0)
(0.0389436 1.23144 0)
(0.0320948 1.22907 0)
(0.0250861 1.22683 0)
(0.0179758 1.22497 0)
(0.0108057 1.22366 0)
(0.00360498 1.22298 0)
(-0.00360498 1.22298 0)
(-0.0108057 1.22366 0)
(-0.0179758 1.22497 0)
(-0.0250861 1.22683 0)
(-0.0320948 1.22907 0)
(-0.0389436 1.23144 0)
(-0.0455539 1.23355 0)
(-0.0518254 1.23486 0)
(-0.0576371 1.23468 0)
(-0.0628506 1.23209 0)
(-0.0673162 1.22606 0)
(-0.0708773 1.21537 0)
(-0.0733729 1.19875 0)
(-0.0746322 1.17483 0)
(-0.0744645 1.14217 0)
(-0.0726515 1.09925 0)
(-0.0689613 1.04442 0)
(-0.0632073 0.975957 0)
(-0.0553612 0.892235 0)
(-0.0456915 0.792127 0)
(-0.0348482 0.67545 0)
(-0.0238058 0.543297 0)
(-0.0136888 0.398039 0)
(-0.00569108 0.242991 0)
(-0.000557978 0.0818942 0)
(0.00145665 0.0772934 0)
(0.00710052 0.233765 0)
(0.0147116 0.385779 0)
(0.0237845 0.529049 0)
(0.0336002 0.660428 0)
(0.0433831 0.777649 0)
(0.0523668 0.879458 0)
(0.0599496 0.965661 0)
(0.0657864 1.03696 0)
(0.069775 1.09463 0)
(0.071982 1.1402 0)
(0.0725585 1.17524 0)
(0.0716825 1.20126 0)
(0.0695308 1.21971 0)
(0.0662727 1.23197 0)
(0.0620705 1.23933 0)
(0.0570814 1.243 0)
(0.0514549 1.24404 0)
(0.0453294 1.24338 0)
(0.0388273 1.24175 0)
(0.0320519 1.23972 0)
(0.0250864 1.23771 0)
(0.017995 1.23599 0)
(0.0108255 1.23476 0)
(0.00361314 1.23413 0)
(-0.00361314 1.23413 0)
(-0.0108255 1.23476 0)
(-0.017995 1.23599 0)
(-0.0250864 1.23771 0)
(-0.0320519 1.23972 0)
(-0.0388273 1.24175 0)
(-0.0453294 1.24338 0)
(-0.0514549 1.24404 0)
(-0.0570814 1.243 0)
(-0.0620705 1.23933 0)
(-0.0662727 1.23197 0)
(-0.0695308 1.21971 0)
(-0.0716825 1.20126 0)
(-0.0725585 1.17524 0)
(-0.071982 1.1402 0)
(-0.069775 1.09463 0)
(-0.0657864 1.03696 0)
(-0.0599496 0.965661 0)
(-0.0523668 0.879458 0)
(-0.0433831 0.777649 0)
(-0.0336002 0.660428 0)
(-0.0237845 0.529049 0)
(-0.0147116 0.385779 0)
(-0.00710052 0.233765 0)
(-0.00145665 0.0772934 0)
)
;

boundaryField
{
    left
    {
        type            noSlip;
    }
    right
    {
        type            noSlip;
    }
    up
    {
        type            zeroGradient;
    }
    down
    {
        type            fixedValue;
        value           uniform (0 1 0);
    }
    frontAndBack
    {
        type            empty;
    }
}


// ************************************************************************* //
