/*--------------------------------*- C++ -*----------------------------------*\
  =========                 |
  \\      /  F ield         | OpenFOAM: The Open Source CFD Toolbox
   \\    /   O peration     | Website:  https://openfoam.org
    \\  /    A nd           | Version:  6
     \\/     M anipulation  |
\*---------------------------------------------------------------------------*/
FoamFile
{
    version     2.0;
    format      ascii;
    class       volVectorField;
    location    "3200";
    object      C;
}
// * * * * * * * * * * * * * * * * * * * * * * * * * * * * * * * * * * * * * //

dimensions      [0 1 0 0 0 0 0];

internalField   nonuniform List<vector> 
2500
(
(-0.488498 -0.245119 0.005)
(-0.46856 -0.245119 0.005)
(-0.448621 -0.245119 0.005)
(-0.428682 -0.245119 0.005)
(-0.408743 -0.245119 0.005)
(-0.388805 -0.245119 0.005)
(-0.368866 -0.245119 0.005)
(-0.348927 -0.245119 0.005)
(-0.328989 -0.245119 0.005)
(-0.30905 -0.245119 0.005)
(-0.289111 -0.245119 0.005)
(-0.269172 -0.245119 0.005)
(-0.249234 -0.245119 0.005)
(-0.229295 -0.245119 0.005)
(-0.209356 -0.245119 0.005)
(-0.189418 -0.245119 0.005)
(-0.169479 -0.245119 0.005)
(-0.14954 -0.245119 0.005)
(-0.129602 -0.245119 0.005)
(-0.109663 -0.245119 0.005)
(-0.0897242 -0.245119 0.005)
(-0.0697855 -0.245119 0.005)
(-0.0498468 -0.245119 0.005)
(-0.0299081 -0.245119 0.005)
(-0.00996935 -0.245119 0.005)
(0.00996935 -0.245119 0.005)
(0.0299081 -0.245119 0.005)
(0.0498468 -0.245119 0.005)
(0.0697855 -0.245119 0.005)
(0.0897242 -0.245119 0.005)
(0.109663 -0.245119 0.005)
(0.129602 -0.245119 0.005)
(0.14954 -0.245119 0.005)
(0.169479 -0.245119 0.005)
(0.189418 -0.245119 0.005)
(0.209356 -0.245119 0.005)
(0.229295 -0.245119 0.005)
(0.249234 -0.245119 0.005)
(0.269172 -0.245119 0.005)
(0.289111 -0.245119 0.005)
(0.30905 -0.245119 0.005)
(0.328989 -0.245119 0.005)
(0.348927 -0.245119 0.005)
(0.368866 -0.245119 0.005)
(0.388805 -0.245119 0.005)
(0.408743 -0.245119 0.005)
(0.428682 -0.245119 0.005)
(0.448621 -0.245119 0.005)
(0.46856 -0.245119 0.005)
(0.488498 -0.245119 0.005)
(-0.485497 -0.235345 0.005)
(-0.46568 -0.235345 0.005)
(-0.445864 -0.235345 0.005)
(-0.426048 -0.235345 0.005)
(-0.406232 -0.235345 0.005)
(-0.386416 -0.235345 0.005)
(-0.3666 -0.235345 0.005)
(-0.346783 -0.235345 0.005)
(-0.326967 -0.235345 0.005)
(-0.307151 -0.235345 0.005)
(-0.287335 -0.235345 0.005)
(-0.267519 -0.235345 0.005)
(-0.247702 -0.235345 0.005)
(-0.227886 -0.235345 0.005)
(-0.20807 -0.235345 0.005)
(-0.188254 -0.235345 0.005)
(-0.168438 -0.235345 0.005)
(-0.148621 -0.235345 0.005)
(-0.128805 -0.235345 0.005)
(-0.108989 -0.235345 0.005)
(-0.0891729 -0.235345 0.005)
(-0.0693567 -0.235345 0.005)
(-0.0495405 -0.235345 0.005)
(-0.0297243 -0.235345 0.005)
(-0.0099081 -0.235345 0.005)
(0.0099081 -0.235345 0.005)
(0.0297243 -0.235345 0.005)
(0.0495405 -0.235345 0.005)
(0.0693567 -0.235345 0.005)
(0.0891729 -0.235345 0.005)
(0.108989 -0.235345 0.005)
(0.128805 -0.235345 0.005)
(0.148621 -0.235345 0.005)
(0.168438 -0.235345 0.005)
(0.188254 -0.235345 0.005)
(0.20807 -0.235345 0.005)
(0.227886 -0.235345 0.005)
(0.247702 -0.235345 0.005)
(0.267519 -0.235345 0.005)
(0.287335 -0.235345 0.005)
(0.307151 -0.235345 0.005)
(0.326967 -0.235345 0.005)
(0.346783 -0.235345 0.005)
(0.3666 -0.235345 0.005)
(0.386416 -0.235345 0.005)
(0.406232 -0.235345 0.005)
(0.426048 -0.235345 0.005)
(0.445864 -0.235345 0.005)
(0.46568 -0.235345 0.005)
(0.485497 -0.235345 0.005)
(-0.482511 -0.225567 0.005)
(-0.462816 -0.225567 0.005)
(-0.443122 -0.225567 0.005)
(-0.423428 -0.225567 0.005)
(-0.403733 -0.225567 0.005)
(-0.384039 -0.225567 0.005)
(-0.364345 -0.225567 0.005)
(-0.34465 -0.225567 0.005)
(-0.324956 -0.225567 0.005)
(-0.305262 -0.225567 0.005)
(-0.285568 -0.225567 0.005)
(-0.265873 -0.225567 0.005)
(-0.246179 -0.225567 0.005)
(-0.226485 -0.225567 0.005)
(-0.20679 -0.225567 0.005)
(-0.187096 -0.225567 0.005)
(-0.167402 -0.225567 0.005)
(-0.147707 -0.225567 0.005)
(-0.128013 -0.225567 0.005)
(-0.108319 -0.225567 0.005)
(-0.0886244 -0.225567 0.005)
(-0.0689301 -0.225567 0.005)
(-0.0492358 -0.225567 0.005)
(-0.0295415 -0.225567 0.005)
(-0.00984716 -0.225567 0.005)
(0.00984716 -0.225567 0.005)
(0.0295415 -0.225567 0.005)
(0.0492358 -0.225567 0.005)
(0.0689301 -0.225567 0.005)
(0.0886244 -0.225567 0.005)
(0.108319 -0.225567 0.005)
(0.128013 -0.225567 0.005)
(0.147707 -0.225567 0.005)
(0.167402 -0.225567 0.005)
(0.187096 -0.225567 0.005)
(0.20679 -0.225567 0.005)
(0.226485 -0.225567 0.005)
(0.246179 -0.225567 0.005)
(0.265873 -0.225567 0.005)
(0.285568 -0.225567 0.005)
(0.305262 -0.225567 0.005)
(0.324956 -0.225567 0.005)
(0.34465 -0.225567 0.005)
(0.364345 -0.225567 0.005)
(0.384039 -0.225567 0.005)
(0.403733 -0.225567 0.005)
(0.423428 -0.225567 0.005)
(0.443122 -0.225567 0.005)
(0.462816 -0.225567 0.005)
(0.482511 -0.225567 0.005)
(-0.47955 -0.21578 0.005)
(-0.459977 -0.21578 0.005)
(-0.440403 -0.21578 0.005)
(-0.42083 -0.21578 0.005)
(-0.401256 -0.21578 0.005)
(-0.381683 -0.21578 0.005)
(-0.36211 -0.21578 0.005)
(-0.342536 -0.21578 0.005)
(-0.322963 -0.21578 0.005)
(-0.303389 -0.21578 0.005)
(-0.283816 -0.21578 0.005)
(-0.264242 -0.21578 0.005)
(-0.244669 -0.21578 0.005)
(-0.225095 -0.21578 0.005)
(-0.205522 -0.21578 0.005)
(-0.185948 -0.21578 0.005)
(-0.166375 -0.21578 0.005)
(-0.146801 -0.21578 0.005)
(-0.127228 -0.21578 0.005)
(-0.107654 -0.21578 0.005)
(-0.0880807 -0.21578 0.005)
(-0.0685072 -0.21578 0.005)
(-0.0489337 -0.21578 0.005)
(-0.0293602 -0.21578 0.005)
(-0.00978674 -0.21578 0.005)
(0.00978674 -0.21578 0.005)
(0.0293602 -0.21578 0.005)
(0.0489337 -0.21578 0.005)
(0.0685072 -0.21578 0.005)
(0.0880807 -0.21578 0.005)
(0.107654 -0.21578 0.005)
(0.127228 -0.21578 0.005)
(0.146801 -0.21578 0.005)
(0.166375 -0.21578 0.005)
(0.185948 -0.21578 0.005)
(0.205522 -0.21578 0.005)
(0.225095 -0.21578 0.005)
(0.244669 -0.21578 0.005)
(0.264242 -0.21578 0.005)
(0.283816 -0.21578 0.005)
(0.303389 -0.21578 0.005)
(0.322963 -0.21578 0.005)
(0.342536 -0.21578 0.005)
(0.36211 -0.21578 0.005)
(0.381683 -0.21578 0.005)
(0.401256 -0.21578 0.005)
(0.42083 -0.21578 0.005)
(0.440403 -0.21578 0.005)
(0.459977 -0.21578 0.005)
(0.47955 -0.21578 0.005)
(-0.476626 -0.205982 0.005)
(-0.457172 -0.205982 0.005)
(-0.437718 -0.205982 0.005)
(-0.418264 -0.205982 0.005)
(-0.39881 -0.205982 0.005)
(-0.379356 -0.205982 0.005)
(-0.359902 -0.205982 0.005)
(-0.340447 -0.205982 0.005)
(-0.320993 -0.205982 0.005)
(-0.301539 -0.205982 0.005)
(-0.282085 -0.205982 0.005)
(-0.262631 -0.205982 0.005)
(-0.243177 -0.205982 0.005)
(-0.223723 -0.205982 0.005)
(-0.204268 -0.205982 0.005)
(-0.184814 -0.205982 0.005)
(-0.16536 -0.205982 0.005)
(-0.145906 -0.205982 0.005)
(-0.126452 -0.205982 0.005)
(-0.106998 -0.205982 0.005)
(-0.0875436 -0.205982 0.005)
(-0.0680895 -0.205982 0.005)
(-0.0486353 -0.205982 0.005)
(-0.0291812 -0.205982 0.005)
(-0.00972707 -0.205982 0.005)
(0.00972707 -0.205982 0.005)
(0.0291812 -0.205982 0.005)
(0.0486353 -0.205982 0.005)
(0.0680895 -0.205982 0.005)
(0.0875436 -0.205982 0.005)
(0.106998 -0.205982 0.005)
(0.126452 -0.205982 0.005)
(0.145906 -0.205982 0.005)
(0.16536 -0.205982 0.005)
(0.184814 -0.205982 0.005)
(0.204268 -0.205982 0.005)
(0.223723 -0.205982 0.005)
(0.243177 -0.205982 0.005)
(0.262631 -0.205982 0.005)
(0.282085 -0.205982 0.005)
(0.301539 -0.205982 0.005)
(0.320993 -0.205982 0.005)
(0.340447 -0.205982 0.005)
(0.359902 -0.205982 0.005)
(0.379356 -0.205982 0.005)
(0.39881 -0.205982 0.005)
(0.418264 -0.205982 0.005)
(0.437718 -0.205982 0.005)
(0.457172 -0.205982 0.005)
(0.476626 -0.205982 0.005)
(-0.473749 -0.19617 0.005)
(-0.454412 -0.19617 0.005)
(-0.435075 -0.19617 0.005)
(-0.415739 -0.19617 0.005)
(-0.396402 -0.19617 0.005)
(-0.377065 -0.19617 0.005)
(-0.357729 -0.19617 0.005)
(-0.338392 -0.19617 0.005)
(-0.319055 -0.19617 0.005)
(-0.299719 -0.19617 0.005)
(-0.280382 -0.19617 0.005)
(-0.261045 -0.19617 0.005)
(-0.241709 -0.19617 0.005)
(-0.222372 -0.19617 0.005)
(-0.203035 -0.19617 0.005)
(-0.183699 -0.19617 0.005)
(-0.164362 -0.19617 0.005)
(-0.145025 -0.19617 0.005)
(-0.125688 -0.19617 0.005)
(-0.106352 -0.19617 0.005)
(-0.0870151 -0.19617 0.005)
(-0.0676784 -0.19617 0.005)
(-0.0483417 -0.19617 0.005)
(-0.029005 -0.19617 0.005)
(-0.00966834 -0.19617 0.005)
(0.00966834 -0.19617 0.005)
(0.029005 -0.19617 0.005)
(0.0483417 -0.19617 0.005)
(0.0676784 -0.19617 0.005)
(0.0870151 -0.19617 0.005)
(0.106352 -0.19617 0.005)
(0.125688 -0.19617 0.005)
(0.145025 -0.19617 0.005)
(0.164362 -0.19617 0.005)
(0.183699 -0.19617 0.005)
(0.203035 -0.19617 0.005)
(0.222372 -0.19617 0.005)
(0.241709 -0.19617 0.005)
(0.261045 -0.19617 0.005)
(0.280382 -0.19617 0.005)
(0.299719 -0.19617 0.005)
(0.319055 -0.19617 0.005)
(0.338392 -0.19617 0.005)
(0.357729 -0.19617 0.005)
(0.377065 -0.19617 0.005)
(0.396402 -0.19617 0.005)
(0.415739 -0.19617 0.005)
(0.435075 -0.19617 0.005)
(0.454412 -0.19617 0.005)
(0.473749 -0.19617 0.005)
(-0.470928 -0.18634 0.005)
(-0.451707 -0.18634 0.005)
(-0.432485 -0.18634 0.005)
(-0.413264 -0.18634 0.005)
(-0.394042 -0.18634 0.005)
(-0.37482 -0.18634 0.005)
(-0.355599 -0.18634 0.005)
(-0.336377 -0.18634 0.005)
(-0.317156 -0.18634 0.005)
(-0.297934 -0.18634 0.005)
(-0.278713 -0.18634 0.005)
(-0.259491 -0.18634 0.005)
(-0.240269 -0.18634 0.005)
(-0.221048 -0.18634 0.005)
(-0.201826 -0.18634 0.005)
(-0.182605 -0.18634 0.005)
(-0.163383 -0.18634 0.005)
(-0.144162 -0.18634 0.005)
(-0.12494 -0.18634 0.005)
(-0.105719 -0.18634 0.005)
(-0.086497 -0.18634 0.005)
(-0.0672755 -0.18634 0.005)
(-0.0480539 -0.18634 0.005)
(-0.0288323 -0.18634 0.005)
(-0.00961078 -0.18634 0.005)
(0.00961078 -0.18634 0.005)
(0.0288323 -0.18634 0.005)
(0.0480539 -0.18634 0.005)
(0.0672755 -0.18634 0.005)
(0.086497 -0.18634 0.005)
(0.105719 -0.18634 0.005)
(0.12494 -0.18634 0.005)
(0.144162 -0.18634 0.005)
(0.163383 -0.18634 0.005)
(0.182605 -0.18634 0.005)
(0.201826 -0.18634 0.005)
(0.221048 -0.18634 0.005)
(0.240269 -0.18634 0.005)
(0.259491 -0.18634 0.005)
(0.278713 -0.18634 0.005)
(0.297934 -0.18634 0.005)
(0.317156 -0.18634 0.005)
(0.336377 -0.18634 0.005)
(0.355599 -0.18634 0.005)
(0.37482 -0.18634 0.005)
(0.394042 -0.18634 0.005)
(0.413264 -0.18634 0.005)
(0.432485 -0.18634 0.005)
(0.451707 -0.18634 0.005)
(0.470928 -0.18634 0.005)
(-0.468175 -0.176491 0.005)
(-0.449066 -0.176491 0.005)
(-0.429956 -0.176491 0.005)
(-0.410847 -0.176491 0.005)
(-0.391738 -0.176491 0.005)
(-0.372629 -0.176491 0.005)
(-0.35352 -0.176491 0.005)
(-0.334411 -0.176491 0.005)
(-0.315301 -0.176491 0.005)
(-0.296192 -0.176491 0.005)
(-0.277083 -0.176491 0.005)
(-0.257974 -0.176491 0.005)
(-0.238865 -0.176491 0.005)
(-0.219756 -0.176491 0.005)
(-0.200646 -0.176491 0.005)
(-0.181537 -0.176491 0.005)
(-0.162428 -0.176491 0.005)
(-0.143319 -0.176491 0.005)
(-0.12421 -0.176491 0.005)
(-0.1051 -0.176491 0.005)
(-0.0859913 -0.176491 0.005)
(-0.0668821 -0.176491 0.005)
(-0.0477729 -0.176491 0.005)
(-0.0286638 -0.176491 0.005)
(-0.00955459 -0.176491 0.005)
(0.00955459 -0.176491 0.005)
(0.0286638 -0.176491 0.005)
(0.0477729 -0.176491 0.005)
(0.0668821 -0.176491 0.005)
(0.0859913 -0.176491 0.005)
(0.1051 -0.176491 0.005)
(0.12421 -0.176491 0.005)
(0.143319 -0.176491 0.005)
(0.162428 -0.176491 0.005)
(0.181537 -0.176491 0.005)
(0.200646 -0.176491 0.005)
(0.219756 -0.176491 0.005)
(0.238865 -0.176491 0.005)
(0.257974 -0.176491 0.005)
(0.277083 -0.176491 0.005)
(0.296192 -0.176491 0.005)
(0.315301 -0.176491 0.005)
(0.334411 -0.176491 0.005)
(0.35352 -0.176491 0.005)
(0.372629 -0.176491 0.005)
(0.391738 -0.176491 0.005)
(0.410847 -0.176491 0.005)
(0.429956 -0.176491 0.005)
(0.449066 -0.176491 0.005)
(0.468175 -0.176491 0.005)
(-0.465499 -0.166619 0.005)
(-0.446499 -0.166619 0.005)
(-0.427499 -0.166619 0.005)
(-0.408499 -0.166619 0.005)
(-0.389499 -0.166619 0.005)
(-0.370499 -0.166619 0.005)
(-0.351499 -0.166619 0.005)
(-0.332499 -0.166619 0.005)
(-0.313499 -0.166619 0.005)
(-0.294499 -0.166619 0.005)
(-0.275499 -0.166619 0.005)
(-0.2565 -0.166619 0.005)
(-0.2375 -0.166619 0.005)
(-0.2185 -0.166619 0.005)
(-0.1995 -0.166619 0.005)
(-0.1805 -0.166619 0.005)
(-0.1615 -0.166619 0.005)
(-0.1425 -0.166619 0.005)
(-0.1235 -0.166619 0.005)
(-0.1045 -0.166619 0.005)
(-0.0854998 -0.166619 0.005)
(-0.0664999 -0.166619 0.005)
(-0.0474999 -0.166619 0.005)
(-0.0284999 -0.166619 0.005)
(-0.00949998 -0.166619 0.005)
(0.00949998 -0.166619 0.005)
(0.0284999 -0.166619 0.005)
(0.0474999 -0.166619 0.005)
(0.0664999 -0.166619 0.005)
(0.0854998 -0.166619 0.005)
(0.1045 -0.166619 0.005)
(0.1235 -0.166619 0.005)
(0.1425 -0.166619 0.005)
(0.1615 -0.166619 0.005)
(0.1805 -0.166619 0.005)
(0.1995 -0.166619 0.005)
(0.2185 -0.166619 0.005)
(0.2375 -0.166619 0.005)
(0.2565 -0.166619 0.005)
(0.275499 -0.166619 0.005)
(0.294499 -0.166619 0.005)
(0.313499 -0.166619 0.005)
(0.332499 -0.166619 0.005)
(0.351499 -0.166619 0.005)
(0.370499 -0.166619 0.005)
(0.389499 -0.166619 0.005)
(0.408499 -0.166619 0.005)
(0.427499 -0.166619 0.005)
(0.446499 -0.166619 0.005)
(0.465499 -0.166619 0.005)
(-0.462911 -0.156723 0.005)
(-0.444017 -0.156723 0.005)
(-0.425123 -0.156723 0.005)
(-0.406228 -0.156723 0.005)
(-0.387334 -0.156723 0.005)
(-0.36844 -0.156723 0.005)
(-0.349545 -0.156723 0.005)
(-0.330651 -0.156723 0.005)
(-0.311757 -0.156723 0.005)
(-0.292862 -0.156723 0.005)
(-0.273968 -0.156723 0.005)
(-0.255074 -0.156723 0.005)
(-0.236179 -0.156723 0.005)
(-0.217285 -0.156723 0.005)
(-0.198391 -0.156723 0.005)
(-0.179496 -0.156723 0.005)
(-0.160602 -0.156723 0.005)
(-0.141708 -0.156723 0.005)
(-0.122813 -0.156723 0.005)
(-0.103919 -0.156723 0.005)
(-0.0850245 -0.156723 0.005)
(-0.0661302 -0.156723 0.005)
(-0.0472359 -0.156723 0.005)
(-0.0283415 -0.156723 0.005)
(-0.00944717 -0.156723 0.005)
(0.00944717 -0.156723 0.005)
(0.0283415 -0.156723 0.005)
(0.0472359 -0.156723 0.005)
(0.0661302 -0.156723 0.005)
(0.0850245 -0.156723 0.005)
(0.103919 -0.156723 0.005)
(0.122813 -0.156723 0.005)
(0.141708 -0.156723 0.005)
(0.160602 -0.156723 0.005)
(0.179496 -0.156723 0.005)
(0.198391 -0.156723 0.005)
(0.217285 -0.156723 0.005)
(0.236179 -0.156723 0.005)
(0.255074 -0.156723 0.005)
(0.273968 -0.156723 0.005)
(0.292862 -0.156723 0.005)
(0.311757 -0.156723 0.005)
(0.330651 -0.156723 0.005)
(0.349545 -0.156723 0.005)
(0.36844 -0.156723 0.005)
(0.387334 -0.156723 0.005)
(0.406228 -0.156723 0.005)
(0.425123 -0.156723 0.005)
(0.444017 -0.156723 0.005)
(0.462911 -0.156723 0.005)
(-0.460422 -0.1468 0.005)
(-0.441629 -0.1468 0.005)
(-0.422836 -0.1468 0.005)
(-0.404044 -0.1468 0.005)
(-0.385251 -0.1468 0.005)
(-0.366458 -0.1468 0.005)
(-0.347665 -0.1468 0.005)
(-0.328873 -0.1468 0.005)
(-0.31008 -0.1468 0.005)
(-0.291287 -0.1468 0.005)
(-0.272495 -0.1468 0.005)
(-0.253702 -0.1468 0.005)
(-0.234909 -0.1468 0.005)
(-0.216116 -0.1468 0.005)
(-0.197324 -0.1468 0.005)
(-0.178531 -0.1468 0.005)
(-0.159738 -0.1468 0.005)
(-0.140945 -0.1468 0.005)
(-0.122153 -0.1468 0.005)
(-0.10336 -0.1468 0.005)
(-0.0845673 -0.1468 0.005)
(-0.0657746 -0.1468 0.005)
(-0.0469818 -0.1468 0.005)
(-0.0281891 -0.1468 0.005)
(-0.00939636 -0.1468 0.005)
(0.00939636 -0.1468 0.005)
(0.0281891 -0.1468 0.005)
(0.0469818 -0.1468 0.005)
(0.0657746 -0.1468 0.005)
(0.0845673 -0.1468 0.005)
(0.10336 -0.1468 0.005)
(0.122153 -0.1468 0.005)
(0.140945 -0.1468 0.005)
(0.159738 -0.1468 0.005)
(0.178531 -0.1468 0.005)
(0.197324 -0.1468 0.005)
(0.216116 -0.1468 0.005)
(0.234909 -0.1468 0.005)
(0.253702 -0.1468 0.005)
(0.272495 -0.1468 0.005)
(0.291287 -0.1468 0.005)
(0.31008 -0.1468 0.005)
(0.328873 -0.1468 0.005)
(0.347665 -0.1468 0.005)
(0.366458 -0.1468 0.005)
(0.385251 -0.1468 0.005)
(0.404044 -0.1468 0.005)
(0.422836 -0.1468 0.005)
(0.441629 -0.1468 0.005)
(0.460422 -0.1468 0.005)
(-0.458041 -0.13685 0.005)
(-0.439345 -0.13685 0.005)
(-0.42065 -0.13685 0.005)
(-0.401954 -0.13685 0.005)
(-0.383259 -0.13685 0.005)
(-0.364563 -0.13685 0.005)
(-0.345868 -0.13685 0.005)
(-0.327172 -0.13685 0.005)
(-0.308477 -0.13685 0.005)
(-0.289781 -0.13685 0.005)
(-0.271085 -0.13685 0.005)
(-0.25239 -0.13685 0.005)
(-0.233694 -0.13685 0.005)
(-0.214999 -0.13685 0.005)
(-0.196303 -0.13685 0.005)
(-0.177608 -0.13685 0.005)
(-0.158912 -0.13685 0.005)
(-0.140217 -0.13685 0.005)
(-0.121521 -0.13685 0.005)
(-0.102826 -0.13685 0.005)
(-0.08413 -0.13685 0.005)
(-0.0654344 -0.13685 0.005)
(-0.0467389 -0.13685 0.005)
(-0.0280433 -0.13685 0.005)
(-0.00934777 -0.13685 0.005)
(0.00934777 -0.13685 0.005)
(0.0280433 -0.13685 0.005)
(0.0467389 -0.13685 0.005)
(0.0654344 -0.13685 0.005)
(0.08413 -0.13685 0.005)
(0.102826 -0.13685 0.005)
(0.121521 -0.13685 0.005)
(0.140217 -0.13685 0.005)
(0.158912 -0.13685 0.005)
(0.177608 -0.13685 0.005)
(0.196303 -0.13685 0.005)
(0.214999 -0.13685 0.005)
(0.233694 -0.13685 0.005)
(0.25239 -0.13685 0.005)
(0.271085 -0.13685 0.005)
(0.289781 -0.13685 0.005)
(0.308477 -0.13685 0.005)
(0.327172 -0.13685 0.005)
(0.345868 -0.13685 0.005)
(0.364563 -0.13685 0.005)
(0.383259 -0.13685 0.005)
(0.401954 -0.13685 0.005)
(0.42065 -0.13685 0.005)
(0.439345 -0.13685 0.005)
(0.458041 -0.13685 0.005)
(-0.455778 -0.126871 0.005)
(-0.437175 -0.126871 0.005)
(-0.418572 -0.126871 0.005)
(-0.399969 -0.126871 0.005)
(-0.381366 -0.126871 0.005)
(-0.362762 -0.126871 0.005)
(-0.344159 -0.126871 0.005)
(-0.325556 -0.126871 0.005)
(-0.306953 -0.126871 0.005)
(-0.28835 -0.126871 0.005)
(-0.269746 -0.126871 0.005)
(-0.251143 -0.126871 0.005)
(-0.23254 -0.126871 0.005)
(-0.213937 -0.126871 0.005)
(-0.195334 -0.126871 0.005)
(-0.17673 -0.126871 0.005)
(-0.158127 -0.126871 0.005)
(-0.139524 -0.126871 0.005)
(-0.120921 -0.126871 0.005)
(-0.102318 -0.126871 0.005)
(-0.0837144 -0.126871 0.005)
(-0.0651112 -0.126871 0.005)
(-0.046508 -0.126871 0.005)
(-0.0279048 -0.126871 0.005)
(-0.0093016 -0.126871 0.005)
(0.0093016 -0.126871 0.005)
(0.0279048 -0.126871 0.005)
(0.046508 -0.126871 0.005)
(0.0651112 -0.126871 0.005)
(0.0837144 -0.126871 0.005)
(0.102318 -0.126871 0.005)
(0.120921 -0.126871 0.005)
(0.139524 -0.126871 0.005)
(0.158127 -0.126871 0.005)
(0.17673 -0.126871 0.005)
(0.195334 -0.126871 0.005)
(0.213937 -0.126871 0.005)
(0.23254 -0.126871 0.005)
(0.251143 -0.126871 0.005)
(0.269746 -0.126871 0.005)
(0.28835 -0.126871 0.005)
(0.306953 -0.126871 0.005)
(0.325556 -0.126871 0.005)
(0.344159 -0.126871 0.005)
(0.362762 -0.126871 0.005)
(0.381366 -0.126871 0.005)
(0.399969 -0.126871 0.005)
(0.418572 -0.126871 0.005)
(0.437175 -0.126871 0.005)
(0.455778 -0.126871 0.005)
(-0.453644 -0.116863 0.005)
(-0.435128 -0.116863 0.005)
(-0.416612 -0.116863 0.005)
(-0.398096 -0.116863 0.005)
(-0.37958 -0.116863 0.005)
(-0.361064 -0.116863 0.005)
(-0.342548 -0.116863 0.005)
(-0.324032 -0.116863 0.005)
(-0.305516 -0.116863 0.005)
(-0.287 -0.116863 0.005)
(-0.268483 -0.116863 0.005)
(-0.249967 -0.116863 0.005)
(-0.231451 -0.116863 0.005)
(-0.212935 -0.116863 0.005)
(-0.194419 -0.116863 0.005)
(-0.175903 -0.116863 0.005)
(-0.157387 -0.116863 0.005)
(-0.138871 -0.116863 0.005)
(-0.120355 -0.116863 0.005)
(-0.101839 -0.116863 0.005)
(-0.0833224 -0.116863 0.005)
(-0.0648063 -0.116863 0.005)
(-0.0462902 -0.116863 0.005)
(-0.0277741 -0.116863 0.005)
(-0.00925805 -0.116863 0.005)
(0.00925805 -0.116863 0.005)
(0.0277741 -0.116863 0.005)
(0.0462902 -0.116863 0.005)
(0.0648063 -0.116863 0.005)
(0.0833224 -0.116863 0.005)
(0.101839 -0.116863 0.005)
(0.120355 -0.116863 0.005)
(0.138871 -0.116863 0.005)
(0.157387 -0.116863 0.005)
(0.175903 -0.116863 0.005)
(0.194419 -0.116863 0.005)
(0.212935 -0.116863 0.005)
(0.231451 -0.116863 0.005)
(0.249967 -0.116863 0.005)
(0.268483 -0.116863 0.005)
(0.287 -0.116863 0.005)
(0.305516 -0.116863 0.005)
(0.324032 -0.116863 0.005)
(0.342548 -0.116863 0.005)
(0.361064 -0.116863 0.005)
(0.37958 -0.116863 0.005)
(0.398096 -0.116863 0.005)
(0.416612 -0.116863 0.005)
(0.435128 -0.116863 0.005)
(0.453644 -0.116863 0.005)
(-0.451649 -0.106825 0.005)
(-0.433214 -0.106825 0.005)
(-0.414779 -0.106825 0.005)
(-0.396345 -0.106825 0.005)
(-0.37791 -0.106825 0.005)
(-0.359475 -0.106825 0.005)
(-0.341041 -0.106825 0.005)
(-0.322606 -0.106825 0.005)
(-0.304171 -0.106825 0.005)
(-0.285737 -0.106825 0.005)
(-0.267302 -0.106825 0.005)
(-0.248868 -0.106825 0.005)
(-0.230433 -0.106825 0.005)
(-0.211998 -0.106825 0.005)
(-0.193564 -0.106825 0.005)
(-0.175129 -0.106825 0.005)
(-0.156694 -0.106825 0.005)
(-0.13826 -0.106825 0.005)
(-0.119825 -0.106825 0.005)
(-0.10139 -0.106825 0.005)
(-0.0829558 -0.106825 0.005)
(-0.0645212 -0.106825 0.005)
(-0.0460866 -0.106825 0.005)
(-0.0276519 -0.106825 0.005)
(-0.00921732 -0.106825 0.005)
(0.00921732 -0.106825 0.005)
(0.0276519 -0.106825 0.005)
(0.0460866 -0.106825 0.005)
(0.0645212 -0.106825 0.005)
(0.0829558 -0.106825 0.005)
(0.10139 -0.106825 0.005)
(0.119825 -0.106825 0.005)
(0.13826 -0.106825 0.005)
(0.156694 -0.106825 0.005)
(0.175129 -0.106825 0.005)
(0.193564 -0.106825 0.005)
(0.211998 -0.106825 0.005)
(0.230433 -0.106825 0.005)
(0.248868 -0.106825 0.005)
(0.267302 -0.106825 0.005)
(0.285737 -0.106825 0.005)
(0.304171 -0.106825 0.005)
(0.322606 -0.106825 0.005)
(0.341041 -0.106825 0.005)
(0.359475 -0.106825 0.005)
(0.37791 -0.106825 0.005)
(0.396345 -0.106825 0.005)
(0.414779 -0.106825 0.005)
(0.433214 -0.106825 0.005)
(0.451649 -0.106825 0.005)
(-0.4498 -0.0967575 0.005)
(-0.431441 -0.0967575 0.005)
(-0.413082 -0.0967575 0.005)
(-0.394722 -0.0967575 0.005)
(-0.376363 -0.0967575 0.005)
(-0.358004 -0.0967575 0.005)
(-0.339645 -0.0967575 0.005)
(-0.321286 -0.0967575 0.005)
(-0.302926 -0.0967575 0.005)
(-0.284567 -0.0967575 0.005)
(-0.266208 -0.0967575 0.005)
(-0.247849 -0.0967575 0.005)
(-0.22949 -0.0967575 0.005)
(-0.211131 -0.0967575 0.005)
(-0.192771 -0.0967575 0.005)
(-0.174412 -0.0967575 0.005)
(-0.156053 -0.0967575 0.005)
(-0.137694 -0.0967575 0.005)
(-0.119335 -0.0967575 0.005)
(-0.100975 -0.0967575 0.005)
(-0.0826163 -0.0967575 0.005)
(-0.0642571 -0.0967575 0.005)
(-0.045898 -0.0967575 0.005)
(-0.0275388 -0.0967575 0.005)
(-0.00917959 -0.0967575 0.005)
(0.00917959 -0.0967575 0.005)
(0.0275388 -0.0967575 0.005)
(0.045898 -0.0967575 0.005)
(0.0642571 -0.0967575 0.005)
(0.0826163 -0.0967575 0.005)
(0.100975 -0.0967575 0.005)
(0.119335 -0.0967575 0.005)
(0.137694 -0.0967575 0.005)
(0.156053 -0.0967575 0.005)
(0.174412 -0.0967575 0.005)
(0.192771 -0.0967575 0.005)
(0.211131 -0.0967575 0.005)
(0.22949 -0.0967575 0.005)
(0.247849 -0.0967575 0.005)
(0.266208 -0.0967575 0.005)
(0.284567 -0.0967575 0.005)
(0.302926 -0.0967575 0.005)
(0.321286 -0.0967575 0.005)
(0.339645 -0.0967575 0.005)
(0.358004 -0.0967575 0.005)
(0.376363 -0.0967575 0.005)
(0.394722 -0.0967575 0.005)
(0.413082 -0.0967575 0.005)
(0.431441 -0.0967575 0.005)
(0.4498 -0.0967575 0.005)
(-0.448108 -0.0866618 0.005)
(-0.429817 -0.0866618 0.005)
(-0.411527 -0.0866618 0.005)
(-0.393237 -0.0866618 0.005)
(-0.374947 -0.0866618 0.005)
(-0.356657 -0.0866618 0.005)
(-0.338367 -0.0866618 0.005)
(-0.320077 -0.0866618 0.005)
(-0.301787 -0.0866618 0.005)
(-0.283497 -0.0866618 0.005)
(-0.265207 -0.0866618 0.005)
(-0.246916 -0.0866618 0.005)
(-0.228626 -0.0866618 0.005)
(-0.210336 -0.0866618 0.005)
(-0.192046 -0.0866618 0.005)
(-0.173756 -0.0866618 0.005)
(-0.155466 -0.0866618 0.005)
(-0.137176 -0.0866618 0.005)
(-0.118886 -0.0866618 0.005)
(-0.100596 -0.0866618 0.005)
(-0.0823055 -0.0866618 0.005)
(-0.0640154 -0.0866618 0.005)
(-0.0457253 -0.0866618 0.005)
(-0.0274352 -0.0866618 0.005)
(-0.00914505 -0.0866618 0.005)
(0.00914505 -0.0866618 0.005)
(0.0274352 -0.0866618 0.005)
(0.0457253 -0.0866618 0.005)
(0.0640154 -0.0866618 0.005)
(0.0823055 -0.0866618 0.005)
(0.100596 -0.0866618 0.005)
(0.118886 -0.0866618 0.005)
(0.137176 -0.0866618 0.005)
(0.155466 -0.0866618 0.005)
(0.173756 -0.0866618 0.005)
(0.192046 -0.0866618 0.005)
(0.210336 -0.0866618 0.005)
(0.228626 -0.0866618 0.005)
(0.246916 -0.0866618 0.005)
(0.265207 -0.0866618 0.005)
(0.283497 -0.0866618 0.005)
(0.301787 -0.0866618 0.005)
(0.320077 -0.0866618 0.005)
(0.338367 -0.0866618 0.005)
(0.356657 -0.0866618 0.005)
(0.374947 -0.0866618 0.005)
(0.393237 -0.0866618 0.005)
(0.411527 -0.0866618 0.005)
(0.429817 -0.0866618 0.005)
(0.448108 -0.0866618 0.005)
(-0.44658 -0.0765387 0.005)
(-0.428352 -0.0765387 0.005)
(-0.410124 -0.0765387 0.005)
(-0.391897 -0.0765387 0.005)
(-0.373669 -0.0765387 0.005)
(-0.355441 -0.0765387 0.005)
(-0.337213 -0.0765387 0.005)
(-0.318986 -0.0765387 0.005)
(-0.300758 -0.0765387 0.005)
(-0.28253 -0.0765387 0.005)
(-0.264302 -0.0765387 0.005)
(-0.246075 -0.0765387 0.005)
(-0.227847 -0.0765387 0.005)
(-0.209619 -0.0765387 0.005)
(-0.191391 -0.0765387 0.005)
(-0.173164 -0.0765387 0.005)
(-0.154936 -0.0765387 0.005)
(-0.136708 -0.0765387 0.005)
(-0.11848 -0.0765387 0.005)
(-0.100253 -0.0765387 0.005)
(-0.0820249 -0.0765387 0.005)
(-0.0637971 -0.0765387 0.005)
(-0.0455694 -0.0765387 0.005)
(-0.0273416 -0.0765387 0.005)
(-0.00911388 -0.0765387 0.005)
(0.00911388 -0.0765387 0.005)
(0.0273416 -0.0765387 0.005)
(0.0455694 -0.0765387 0.005)
(0.0637971 -0.0765387 0.005)
(0.0820249 -0.0765387 0.005)
(0.100253 -0.0765387 0.005)
(0.11848 -0.0765387 0.005)
(0.136708 -0.0765387 0.005)
(0.154936 -0.0765387 0.005)
(0.173164 -0.0765387 0.005)
(0.191391 -0.0765387 0.005)
(0.209619 -0.0765387 0.005)
(0.227847 -0.0765387 0.005)
(0.246075 -0.0765387 0.005)
(0.264302 -0.0765387 0.005)
(0.28253 -0.0765387 0.005)
(0.300758 -0.0765387 0.005)
(0.318986 -0.0765387 0.005)
(0.337213 -0.0765387 0.005)
(0.355441 -0.0765387 0.005)
(0.373669 -0.0765387 0.005)
(0.391897 -0.0765387 0.005)
(0.410124 -0.0765387 0.005)
(0.428352 -0.0765387 0.005)
(0.44658 -0.0765387 0.005)
(-0.445225 -0.0663903 0.005)
(-0.427052 -0.0663903 0.005)
(-0.40888 -0.0663903 0.005)
(-0.390707 -0.0663903 0.005)
(-0.372535 -0.0663903 0.005)
(-0.354362 -0.0663903 0.005)
(-0.33619 -0.0663903 0.005)
(-0.318018 -0.0663903 0.005)
(-0.299845 -0.0663903 0.005)
(-0.281673 -0.0663903 0.005)
(-0.2635 -0.0663903 0.005)
(-0.245328 -0.0663903 0.005)
(-0.227155 -0.0663903 0.005)
(-0.208983 -0.0663903 0.005)
(-0.190811 -0.0663903 0.005)
(-0.172638 -0.0663903 0.005)
(-0.154466 -0.0663903 0.005)
(-0.136293 -0.0663903 0.005)
(-0.118121 -0.0663903 0.005)
(-0.0999484 -0.0663903 0.005)
(-0.081776 -0.0663903 0.005)
(-0.0636035 -0.0663903 0.005)
(-0.0454311 -0.0663903 0.005)
(-0.0272587 -0.0663903 0.005)
(-0.00908622 -0.0663903 0.005)
(0.00908622 -0.0663903 0.005)
(0.0272587 -0.0663903 0.005)
(0.0454311 -0.0663903 0.005)
(0.0636035 -0.0663903 0.005)
(0.081776 -0.0663903 0.005)
(0.0999484 -0.0663903 0.005)
(0.118121 -0.0663903 0.005)
(0.136293 -0.0663903 0.005)
(0.154466 -0.0663903 0.005)
(0.172638 -0.0663903 0.005)
(0.190811 -0.0663903 0.005)
(0.208983 -0.0663903 0.005)
(0.227155 -0.0663903 0.005)
(0.245328 -0.0663903 0.005)
(0.2635 -0.0663903 0.005)
(0.281673 -0.0663903 0.005)
(0.299845 -0.0663903 0.005)
(0.318018 -0.0663903 0.005)
(0.33619 -0.0663903 0.005)
(0.354362 -0.0663903 0.005)
(0.372535 -0.0663903 0.005)
(0.390707 -0.0663903 0.005)
(0.40888 -0.0663903 0.005)
(0.427052 -0.0663903 0.005)
(0.445225 -0.0663903 0.005)
(-0.444049 -0.0562187 0.005)
(-0.425924 -0.0562187 0.005)
(-0.4078 -0.0562187 0.005)
(-0.389676 -0.0562187 0.005)
(-0.371551 -0.0562187 0.005)
(-0.353427 -0.0562187 0.005)
(-0.335302 -0.0562187 0.005)
(-0.317178 -0.0562187 0.005)
(-0.299053 -0.0562187 0.005)
(-0.280929 -0.0562187 0.005)
(-0.262804 -0.0562187 0.005)
(-0.24468 -0.0562187 0.005)
(-0.226556 -0.0562187 0.005)
(-0.208431 -0.0562187 0.005)
(-0.190307 -0.0562187 0.005)
(-0.172182 -0.0562187 0.005)
(-0.154058 -0.0562187 0.005)
(-0.135933 -0.0562187 0.005)
(-0.117809 -0.0562187 0.005)
(-0.0996844 -0.0562187 0.005)
(-0.08156 -0.0562187 0.005)
(-0.0634356 -0.0562187 0.005)
(-0.0453111 -0.0562187 0.005)
(-0.0271867 -0.0562187 0.005)
(-0.00906222 -0.0562187 0.005)
(0.00906222 -0.0562187 0.005)
(0.0271867 -0.0562187 0.005)
(0.0453111 -0.0562187 0.005)
(0.0634356 -0.0562187 0.005)
(0.08156 -0.0562187 0.005)
(0.0996844 -0.0562187 0.005)
(0.117809 -0.0562187 0.005)
(0.135933 -0.0562187 0.005)
(0.154058 -0.0562187 0.005)
(0.172182 -0.0562187 0.005)
(0.190307 -0.0562187 0.005)
(0.208431 -0.0562187 0.005)
(0.226556 -0.0562187 0.005)
(0.24468 -0.0562187 0.005)
(0.262804 -0.0562187 0.005)
(0.280929 -0.0562187 0.005)
(0.299053 -0.0562187 0.005)
(0.317178 -0.0562187 0.005)
(0.335302 -0.0562187 0.005)
(0.353427 -0.0562187 0.005)
(0.371551 -0.0562187 0.005)
(0.389676 -0.0562187 0.005)
(0.4078 -0.0562187 0.005)
(0.425924 -0.0562187 0.005)
(0.444049 -0.0562187 0.005)
(-0.443059 -0.0460266 0.005)
(-0.424975 -0.0460266 0.005)
(-0.406891 -0.0460266 0.005)
(-0.388807 -0.0460266 0.005)
(-0.370723 -0.0460266 0.005)
(-0.352639 -0.0460266 0.005)
(-0.334555 -0.0460266 0.005)
(-0.316471 -0.0460266 0.005)
(-0.298387 -0.0460266 0.005)
(-0.280303 -0.0460266 0.005)
(-0.262219 -0.0460266 0.005)
(-0.244135 -0.0460266 0.005)
(-0.22605 -0.0460266 0.005)
(-0.207966 -0.0460266 0.005)
(-0.189882 -0.0460266 0.005)
(-0.171798 -0.0460266 0.005)
(-0.153714 -0.0460266 0.005)
(-0.13563 -0.0460266 0.005)
(-0.117546 -0.0460266 0.005)
(-0.0994622 -0.0460266 0.005)
(-0.0813782 -0.0460266 0.005)
(-0.0632941 -0.0460266 0.005)
(-0.0452101 -0.0460266 0.005)
(-0.0271261 -0.0460266 0.005)
(-0.00904202 -0.0460266 0.005)
(0.00904202 -0.0460266 0.005)
(0.0271261 -0.0460266 0.005)
(0.0452101 -0.0460266 0.005)
(0.0632941 -0.0460266 0.005)
(0.0813782 -0.0460266 0.005)
(0.0994622 -0.0460266 0.005)
(0.117546 -0.0460266 0.005)
(0.13563 -0.0460266 0.005)
(0.153714 -0.0460266 0.005)
(0.171798 -0.0460266 0.005)
(0.189882 -0.0460266 0.005)
(0.207966 -0.0460266 0.005)
(0.22605 -0.0460266 0.005)
(0.244135 -0.0460266 0.005)
(0.262219 -0.0460266 0.005)
(0.280303 -0.0460266 0.005)
(0.298387 -0.0460266 0.005)
(0.316471 -0.0460266 0.005)
(0.334555 -0.0460266 0.005)
(0.352639 -0.0460266 0.005)
(0.370723 -0.0460266 0.005)
(0.388807 -0.0460266 0.005)
(0.406891 -0.0460266 0.005)
(0.424975 -0.0460266 0.005)
(0.443059 -0.0460266 0.005)
(-0.44226 -0.0358172 0.005)
(-0.424209 -0.0358172 0.005)
(-0.406157 -0.0358172 0.005)
(-0.388106 -0.0358172 0.005)
(-0.370054 -0.0358172 0.005)
(-0.352003 -0.0358172 0.005)
(-0.333952 -0.0358172 0.005)
(-0.3159 -0.0358172 0.005)
(-0.297849 -0.0358172 0.005)
(-0.279797 -0.0358172 0.005)
(-0.261746 -0.0358172 0.005)
(-0.243694 -0.0358172 0.005)
(-0.225643 -0.0358172 0.005)
(-0.207592 -0.0358172 0.005)
(-0.18954 -0.0358172 0.005)
(-0.171489 -0.0358172 0.005)
(-0.153437 -0.0358172 0.005)
(-0.135386 -0.0358172 0.005)
(-0.117334 -0.0358172 0.005)
(-0.0992829 -0.0358172 0.005)
(-0.0812315 -0.0358172 0.005)
(-0.06318 -0.0358172 0.005)
(-0.0451286 -0.0358172 0.005)
(-0.0270772 -0.0358172 0.005)
(-0.00902572 -0.0358172 0.005)
(0.00902572 -0.0358172 0.005)
(0.0270772 -0.0358172 0.005)
(0.0451286 -0.0358172 0.005)
(0.06318 -0.0358172 0.005)
(0.0812315 -0.0358172 0.005)
(0.0992829 -0.0358172 0.005)
(0.117334 -0.0358172 0.005)
(0.135386 -0.0358172 0.005)
(0.153437 -0.0358172 0.005)
(0.171489 -0.0358172 0.005)
(0.18954 -0.0358172 0.005)
(0.207592 -0.0358172 0.005)
(0.225643 -0.0358172 0.005)
(0.243694 -0.0358172 0.005)
(0.261746 -0.0358172 0.005)
(0.279797 -0.0358172 0.005)
(0.297849 -0.0358172 0.005)
(0.3159 -0.0358172 0.005)
(0.333952 -0.0358172 0.005)
(0.352003 -0.0358172 0.005)
(0.370054 -0.0358172 0.005)
(0.388106 -0.0358172 0.005)
(0.406157 -0.0358172 0.005)
(0.424209 -0.0358172 0.005)
(0.44226 -0.0358172 0.005)
(-0.441657 -0.0255939 0.005)
(-0.42363 -0.0255939 0.005)
(-0.405604 -0.0255939 0.005)
(-0.387577 -0.0255939 0.005)
(-0.36955 -0.0255939 0.005)
(-0.351523 -0.0255939 0.005)
(-0.333496 -0.0255939 0.005)
(-0.315469 -0.0255939 0.005)
(-0.297443 -0.0255939 0.005)
(-0.279416 -0.0255939 0.005)
(-0.261389 -0.0255939 0.005)
(-0.243362 -0.0255939 0.005)
(-0.225335 -0.0255939 0.005)
(-0.207308 -0.0255939 0.005)
(-0.189282 -0.0255939 0.005)
(-0.171255 -0.0255939 0.005)
(-0.153228 -0.0255939 0.005)
(-0.135201 -0.0255939 0.005)
(-0.117174 -0.0255939 0.005)
(-0.0991475 -0.0255939 0.005)
(-0.0811207 -0.0255939 0.005)
(-0.0630939 -0.0255939 0.005)
(-0.0450671 -0.0255939 0.005)
(-0.0270402 -0.0255939 0.005)
(-0.00901341 -0.0255939 0.005)
(0.00901341 -0.0255939 0.005)
(0.0270402 -0.0255939 0.005)
(0.0450671 -0.0255939 0.005)
(0.0630939 -0.0255939 0.005)
(0.0811207 -0.0255939 0.005)
(0.0991475 -0.0255939 0.005)
(0.117174 -0.0255939 0.005)
(0.135201 -0.0255939 0.005)
(0.153228 -0.0255939 0.005)
(0.171255 -0.0255939 0.005)
(0.189282 -0.0255939 0.005)
(0.207308 -0.0255939 0.005)
(0.225335 -0.0255939 0.005)
(0.243362 -0.0255939 0.005)
(0.261389 -0.0255939 0.005)
(0.279416 -0.0255939 0.005)
(0.297443 -0.0255939 0.005)
(0.315469 -0.0255939 0.005)
(0.333496 -0.0255939 0.005)
(0.351523 -0.0255939 0.005)
(0.36955 -0.0255939 0.005)
(0.387577 -0.0255939 0.005)
(0.405604 -0.0255939 0.005)
(0.42363 -0.0255939 0.005)
(0.441657 -0.0255939 0.005)
(-0.441253 -0.0153604 0.005)
(-0.423243 -0.0153604 0.005)
(-0.405233 -0.0153604 0.005)
(-0.387222 -0.0153604 0.005)
(-0.369212 -0.0153604 0.005)
(-0.351202 -0.0153604 0.005)
(-0.333191 -0.0153604 0.005)
(-0.315181 -0.0153604 0.005)
(-0.297171 -0.0153604 0.005)
(-0.27916 -0.0153604 0.005)
(-0.26115 -0.0153604 0.005)
(-0.24314 -0.0153604 0.005)
(-0.225129 -0.0153604 0.005)
(-0.207119 -0.0153604 0.005)
(-0.189109 -0.0153604 0.005)
(-0.171098 -0.0153604 0.005)
(-0.153088 -0.0153604 0.005)
(-0.135078 -0.0153604 0.005)
(-0.117067 -0.0153604 0.005)
(-0.0990569 -0.0153604 0.005)
(-0.0810465 -0.0153604 0.005)
(-0.0630362 -0.0153604 0.005)
(-0.0450258 -0.0153604 0.005)
(-0.0270155 -0.0153604 0.005)
(-0.00900517 -0.0153604 0.005)
(0.00900517 -0.0153604 0.005)
(0.0270155 -0.0153604 0.005)
(0.0450258 -0.0153604 0.005)
(0.0630362 -0.0153604 0.005)
(0.0810465 -0.0153604 0.005)
(0.0990569 -0.0153604 0.005)
(0.117067 -0.0153604 0.005)
(0.135078 -0.0153604 0.005)
(0.153088 -0.0153604 0.005)
(0.171098 -0.0153604 0.005)
(0.189109 -0.0153604 0.005)
(0.207119 -0.0153604 0.005)
(0.225129 -0.0153604 0.005)
(0.24314 -0.0153604 0.005)
(0.26115 -0.0153604 0.005)
(0.27916 -0.0153604 0.005)
(0.297171 -0.0153604 0.005)
(0.315181 -0.0153604 0.005)
(0.333191 -0.0153604 0.005)
(0.351202 -0.0153604 0.005)
(0.369212 -0.0153604 0.005)
(0.387222 -0.0153604 0.005)
(0.405233 -0.0153604 0.005)
(0.423243 -0.0153604 0.005)
(0.441253 -0.0153604 0.005)
(-0.441051 -0.00512084 0.005)
(-0.423049 -0.00512084 0.005)
(-0.405047 -0.00512084 0.005)
(-0.387045 -0.00512084 0.005)
(-0.369042 -0.00512084 0.005)
(-0.35104 -0.00512084 0.005)
(-0.333038 -0.00512084 0.005)
(-0.315036 -0.00512084 0.005)
(-0.297034 -0.00512084 0.005)
(-0.279032 -0.00512084 0.005)
(-0.26103 -0.00512084 0.005)
(-0.243028 -0.00512084 0.005)
(-0.225026 -0.00512084 0.005)
(-0.207024 -0.00512084 0.005)
(-0.189022 -0.00512084 0.005)
(-0.17102 -0.00512084 0.005)
(-0.153018 -0.00512084 0.005)
(-0.135016 -0.00512084 0.005)
(-0.117013 -0.00512084 0.005)
(-0.0990114 -0.00512084 0.005)
(-0.0810093 -0.00512084 0.005)
(-0.0630072 -0.00512084 0.005)
(-0.0450052 -0.00512084 0.005)
(-0.0270031 -0.00512084 0.005)
(-0.00900104 -0.00512084 0.005)
(0.00900104 -0.00512084 0.005)
(0.0270031 -0.00512084 0.005)
(0.0450052 -0.00512084 0.005)
(0.0630072 -0.00512084 0.005)
(0.0810093 -0.00512084 0.005)
(0.0990114 -0.00512084 0.005)
(0.117013 -0.00512084 0.005)
(0.135016 -0.00512084 0.005)
(0.153018 -0.00512084 0.005)
(0.17102 -0.00512084 0.005)
(0.189022 -0.00512084 0.005)
(0.207024 -0.00512084 0.005)
(0.225026 -0.00512084 0.005)
(0.243028 -0.00512084 0.005)
(0.26103 -0.00512084 0.005)
(0.279032 -0.00512084 0.005)
(0.297034 -0.00512084 0.005)
(0.315036 -0.00512084 0.005)
(0.333038 -0.00512084 0.005)
(0.35104 -0.00512084 0.005)
(0.369042 -0.00512084 0.005)
(0.387045 -0.00512084 0.005)
(0.405047 -0.00512084 0.005)
(0.423049 -0.00512084 0.005)
(0.441051 -0.00512084 0.005)
(-0.441051 0.00512084 0.005)
(-0.423049 0.00512084 0.005)
(-0.405047 0.00512084 0.005)
(-0.387045 0.00512084 0.005)
(-0.369042 0.00512084 0.005)
(-0.35104 0.00512084 0.005)
(-0.333038 0.00512084 0.005)
(-0.315036 0.00512084 0.005)
(-0.297034 0.00512084 0.005)
(-0.279032 0.00512084 0.005)
(-0.26103 0.00512084 0.005)
(-0.243028 0.00512084 0.005)
(-0.225026 0.00512084 0.005)
(-0.207024 0.00512084 0.005)
(-0.189022 0.00512084 0.005)
(-0.17102 0.00512084 0.005)
(-0.153018 0.00512084 0.005)
(-0.135016 0.00512084 0.005)
(-0.117013 0.00512084 0.005)
(-0.0990114 0.00512084 0.005)
(-0.0810093 0.00512084 0.005)
(-0.0630072 0.00512084 0.005)
(-0.0450052 0.00512084 0.005)
(-0.0270031 0.00512084 0.005)
(-0.00900104 0.00512084 0.005)
(0.00900104 0.00512084 0.005)
(0.0270031 0.00512084 0.005)
(0.0450052 0.00512084 0.005)
(0.0630072 0.00512084 0.005)
(0.0810093 0.00512084 0.005)
(0.0990114 0.00512084 0.005)
(0.117013 0.00512084 0.005)
(0.135016 0.00512084 0.005)
(0.153018 0.00512084 0.005)
(0.17102 0.00512084 0.005)
(0.189022 0.00512084 0.005)
(0.207024 0.00512084 0.005)
(0.225026 0.00512084 0.005)
(0.243028 0.00512084 0.005)
(0.26103 0.00512084 0.005)
(0.279032 0.00512084 0.005)
(0.297034 0.00512084 0.005)
(0.315036 0.00512084 0.005)
(0.333038 0.00512084 0.005)
(0.35104 0.00512084 0.005)
(0.369042 0.00512084 0.005)
(0.387045 0.00512084 0.005)
(0.405047 0.00512084 0.005)
(0.423049 0.00512084 0.005)
(0.441051 0.00512084 0.005)
(-0.441253 0.0153604 0.005)
(-0.423243 0.0153604 0.005)
(-0.405233 0.0153604 0.005)
(-0.387222 0.0153604 0.005)
(-0.369212 0.0153604 0.005)
(-0.351202 0.0153604 0.005)
(-0.333191 0.0153604 0.005)
(-0.315181 0.0153604 0.005)
(-0.297171 0.0153604 0.005)
(-0.27916 0.0153604 0.005)
(-0.26115 0.0153604 0.005)
(-0.24314 0.0153604 0.005)
(-0.225129 0.0153604 0.005)
(-0.207119 0.0153604 0.005)
(-0.189109 0.0153604 0.005)
(-0.171098 0.0153604 0.005)
(-0.153088 0.0153604 0.005)
(-0.135078 0.0153604 0.005)
(-0.117067 0.0153604 0.005)
(-0.0990569 0.0153604 0.005)
(-0.0810465 0.0153604 0.005)
(-0.0630362 0.0153604 0.005)
(-0.0450258 0.0153604 0.005)
(-0.0270155 0.0153604 0.005)
(-0.00900517 0.0153604 0.005)
(0.00900517 0.0153604 0.005)
(0.0270155 0.0153604 0.005)
(0.0450258 0.0153604 0.005)
(0.0630362 0.0153604 0.005)
(0.0810465 0.0153604 0.005)
(0.0990569 0.0153604 0.005)
(0.117067 0.0153604 0.005)
(0.135078 0.0153604 0.005)
(0.153088 0.0153604 0.005)
(0.171098 0.0153604 0.005)
(0.189109 0.0153604 0.005)
(0.207119 0.0153604 0.005)
(0.225129 0.0153604 0.005)
(0.24314 0.0153604 0.005)
(0.26115 0.0153604 0.005)
(0.27916 0.0153604 0.005)
(0.297171 0.0153604 0.005)
(0.315181 0.0153604 0.005)
(0.333191 0.0153604 0.005)
(0.351202 0.0153604 0.005)
(0.369212 0.0153604 0.005)
(0.387222 0.0153604 0.005)
(0.405233 0.0153604 0.005)
(0.423243 0.0153604 0.005)
(0.441253 0.0153604 0.005)
(-0.441657 0.0255939 0.005)
(-0.42363 0.0255939 0.005)
(-0.405604 0.0255939 0.005)
(-0.387577 0.0255939 0.005)
(-0.36955 0.0255939 0.005)
(-0.351523 0.0255939 0.005)
(-0.333496 0.0255939 0.005)
(-0.315469 0.0255939 0.005)
(-0.297443 0.0255939 0.005)
(-0.279416 0.0255939 0.005)
(-0.261389 0.0255939 0.005)
(-0.243362 0.0255939 0.005)
(-0.225335 0.0255939 0.005)
(-0.207308 0.0255939 0.005)
(-0.189282 0.0255939 0.005)
(-0.171255 0.0255939 0.005)
(-0.153228 0.0255939 0.005)
(-0.135201 0.0255939 0.005)
(-0.117174 0.0255939 0.005)
(-0.0991475 0.0255939 0.005)
(-0.0811207 0.0255939 0.005)
(-0.0630939 0.0255939 0.005)
(-0.0450671 0.0255939 0.005)
(-0.0270402 0.0255939 0.005)
(-0.00901341 0.0255939 0.005)
(0.00901341 0.0255939 0.005)
(0.0270402 0.0255939 0.005)
(0.0450671 0.0255939 0.005)
(0.0630939 0.0255939 0.005)
(0.0811207 0.0255939 0.005)
(0.0991475 0.0255939 0.005)
(0.117174 0.0255939 0.005)
(0.135201 0.0255939 0.005)
(0.153228 0.0255939 0.005)
(0.171255 0.0255939 0.005)
(0.189282 0.0255939 0.005)
(0.207308 0.0255939 0.005)
(0.225335 0.0255939 0.005)
(0.243362 0.0255939 0.005)
(0.261389 0.0255939 0.005)
(0.279416 0.0255939 0.005)
(0.297443 0.0255939 0.005)
(0.315469 0.0255939 0.005)
(0.333496 0.0255939 0.005)
(0.351523 0.0255939 0.005)
(0.36955 0.0255939 0.005)
(0.387577 0.0255939 0.005)
(0.405604 0.0255939 0.005)
(0.42363 0.0255939 0.005)
(0.441657 0.0255939 0.005)
(-0.44226 0.0358172 0.005)
(-0.424209 0.0358172 0.005)
(-0.406157 0.0358172 0.005)
(-0.388106 0.0358172 0.005)
(-0.370054 0.0358172 0.005)
(-0.352003 0.0358172 0.005)
(-0.333952 0.0358172 0.005)
(-0.3159 0.0358172 0.005)
(-0.297849 0.0358172 0.005)
(-0.279797 0.0358172 0.005)
(-0.261746 0.0358172 0.005)
(-0.243694 0.0358172 0.005)
(-0.225643 0.0358172 0.005)
(-0.207592 0.0358172 0.005)
(-0.18954 0.0358172 0.005)
(-0.171489 0.0358172 0.005)
(-0.153437 0.0358172 0.005)
(-0.135386 0.0358172 0.005)
(-0.117334 0.0358172 0.005)
(-0.0992829 0.0358172 0.005)
(-0.0812315 0.0358172 0.005)
(-0.06318 0.0358172 0.005)
(-0.0451286 0.0358172 0.005)
(-0.0270772 0.0358172 0.005)
(-0.00902572 0.0358172 0.005)
(0.00902572 0.0358172 0.005)
(0.0270772 0.0358172 0.005)
(0.0451286 0.0358172 0.005)
(0.06318 0.0358172 0.005)
(0.0812315 0.0358172 0.005)
(0.0992829 0.0358172 0.005)
(0.117334 0.0358172 0.005)
(0.135386 0.0358172 0.005)
(0.153437 0.0358172 0.005)
(0.171489 0.0358172 0.005)
(0.18954 0.0358172 0.005)
(0.207592 0.0358172 0.005)
(0.225643 0.0358172 0.005)
(0.243694 0.0358172 0.005)
(0.261746 0.0358172 0.005)
(0.279797 0.0358172 0.005)
(0.297849 0.0358172 0.005)
(0.3159 0.0358172 0.005)
(0.333952 0.0358172 0.005)
(0.352003 0.0358172 0.005)
(0.370054 0.0358172 0.005)
(0.388106 0.0358172 0.005)
(0.406157 0.0358172 0.005)
(0.424209 0.0358172 0.005)
(0.44226 0.0358172 0.005)
(-0.443059 0.0460266 0.005)
(-0.424975 0.0460266 0.005)
(-0.406891 0.0460266 0.005)
(-0.388807 0.0460266 0.005)
(-0.370723 0.0460266 0.005)
(-0.352639 0.0460266 0.005)
(-0.334555 0.0460266 0.005)
(-0.316471 0.0460266 0.005)
(-0.298387 0.0460266 0.005)
(-0.280303 0.0460266 0.005)
(-0.262219 0.0460266 0.005)
(-0.244135 0.0460266 0.005)
(-0.22605 0.0460266 0.005)
(-0.207966 0.0460266 0.005)
(-0.189882 0.0460266 0.005)
(-0.171798 0.0460266 0.005)
(-0.153714 0.0460266 0.005)
(-0.13563 0.0460266 0.005)
(-0.117546 0.0460266 0.005)
(-0.0994622 0.0460266 0.005)
(-0.0813782 0.0460266 0.005)
(-0.0632941 0.0460266 0.005)
(-0.0452101 0.0460266 0.005)
(-0.0271261 0.0460266 0.005)
(-0.00904202 0.0460266 0.005)
(0.00904202 0.0460266 0.005)
(0.0271261 0.0460266 0.005)
(0.0452101 0.0460266 0.005)
(0.0632941 0.0460266 0.005)
(0.0813782 0.0460266 0.005)
(0.0994622 0.0460266 0.005)
(0.117546 0.0460266 0.005)
(0.13563 0.0460266 0.005)
(0.153714 0.0460266 0.005)
(0.171798 0.0460266 0.005)
(0.189882 0.0460266 0.005)
(0.207966 0.0460266 0.005)
(0.22605 0.0460266 0.005)
(0.244135 0.0460266 0.005)
(0.262219 0.0460266 0.005)
(0.280303 0.0460266 0.005)
(0.298387 0.0460266 0.005)
(0.316471 0.0460266 0.005)
(0.334555 0.0460266 0.005)
(0.352639 0.0460266 0.005)
(0.370723 0.0460266 0.005)
(0.388807 0.0460266 0.005)
(0.406891 0.0460266 0.005)
(0.424975 0.0460266 0.005)
(0.443059 0.0460266 0.005)
(-0.444049 0.0562187 0.005)
(-0.425924 0.0562187 0.005)
(-0.4078 0.0562187 0.005)
(-0.389676 0.0562187 0.005)
(-0.371551 0.0562187 0.005)
(-0.353427 0.0562187 0.005)
(-0.335302 0.0562187 0.005)
(-0.317178 0.0562187 0.005)
(-0.299053 0.0562187 0.005)
(-0.280929 0.0562187 0.005)
(-0.262804 0.0562187 0.005)
(-0.24468 0.0562187 0.005)
(-0.226556 0.0562187 0.005)
(-0.208431 0.0562187 0.005)
(-0.190307 0.0562187 0.005)
(-0.172182 0.0562187 0.005)
(-0.154058 0.0562187 0.005)
(-0.135933 0.0562187 0.005)
(-0.117809 0.0562187 0.005)
(-0.0996844 0.0562187 0.005)
(-0.08156 0.0562187 0.005)
(-0.0634356 0.0562187 0.005)
(-0.0453111 0.0562187 0.005)
(-0.0271867 0.0562187 0.005)
(-0.00906222 0.0562187 0.005)
(0.00906222 0.0562187 0.005)
(0.0271867 0.0562187 0.005)
(0.0453111 0.0562187 0.005)
(0.0634356 0.0562187 0.005)
(0.08156 0.0562187 0.005)
(0.0996844 0.0562187 0.005)
(0.117809 0.0562187 0.005)
(0.135933 0.0562187 0.005)
(0.154058 0.0562187 0.005)
(0.172182 0.0562187 0.005)
(0.190307 0.0562187 0.005)
(0.208431 0.0562187 0.005)
(0.226556 0.0562187 0.005)
(0.24468 0.0562187 0.005)
(0.262804 0.0562187 0.005)
(0.280929 0.0562187 0.005)
(0.299053 0.0562187 0.005)
(0.317178 0.0562187 0.005)
(0.335302 0.0562187 0.005)
(0.353427 0.0562187 0.005)
(0.371551 0.0562187 0.005)
(0.389676 0.0562187 0.005)
(0.4078 0.0562187 0.005)
(0.425924 0.0562187 0.005)
(0.444049 0.0562187 0.005)
(-0.445225 0.0663903 0.005)
(-0.427052 0.0663903 0.005)
(-0.40888 0.0663903 0.005)
(-0.390707 0.0663903 0.005)
(-0.372535 0.0663903 0.005)
(-0.354362 0.0663903 0.005)
(-0.33619 0.0663903 0.005)
(-0.318018 0.0663903 0.005)
(-0.299845 0.0663903 0.005)
(-0.281673 0.0663903 0.005)
(-0.2635 0.0663903 0.005)
(-0.245328 0.0663903 0.005)
(-0.227155 0.0663903 0.005)
(-0.208983 0.0663903 0.005)
(-0.190811 0.0663903 0.005)
(-0.172638 0.0663903 0.005)
(-0.154466 0.0663903 0.005)
(-0.136293 0.0663903 0.005)
(-0.118121 0.0663903 0.005)
(-0.0999484 0.0663903 0.005)
(-0.081776 0.0663903 0.005)
(-0.0636035 0.0663903 0.005)
(-0.0454311 0.0663903 0.005)
(-0.0272587 0.0663903 0.005)
(-0.00908622 0.0663903 0.005)
(0.00908622 0.0663903 0.005)
(0.0272587 0.0663903 0.005)
(0.0454311 0.0663903 0.005)
(0.0636035 0.0663903 0.005)
(0.081776 0.0663903 0.005)
(0.0999484 0.0663903 0.005)
(0.118121 0.0663903 0.005)
(0.136293 0.0663903 0.005)
(0.154466 0.0663903 0.005)
(0.172638 0.0663903 0.005)
(0.190811 0.0663903 0.005)
(0.208983 0.0663903 0.005)
(0.227155 0.0663903 0.005)
(0.245328 0.0663903 0.005)
(0.2635 0.0663903 0.005)
(0.281673 0.0663903 0.005)
(0.299845 0.0663903 0.005)
(0.318018 0.0663903 0.005)
(0.33619 0.0663903 0.005)
(0.354362 0.0663903 0.005)
(0.372535 0.0663903 0.005)
(0.390707 0.0663903 0.005)
(0.40888 0.0663903 0.005)
(0.427052 0.0663903 0.005)
(0.445225 0.0663903 0.005)
(-0.44658 0.0765387 0.005)
(-0.428352 0.0765387 0.005)
(-0.410124 0.0765387 0.005)
(-0.391897 0.0765387 0.005)
(-0.373669 0.0765387 0.005)
(-0.355441 0.0765387 0.005)
(-0.337213 0.0765387 0.005)
(-0.318986 0.0765387 0.005)
(-0.300758 0.0765387 0.005)
(-0.28253 0.0765387 0.005)
(-0.264302 0.0765387 0.005)
(-0.246075 0.0765387 0.005)
(-0.227847 0.0765387 0.005)
(-0.209619 0.0765387 0.005)
(-0.191391 0.0765387 0.005)
(-0.173164 0.0765387 0.005)
(-0.154936 0.0765387 0.005)
(-0.136708 0.0765387 0.005)
(-0.11848 0.0765387 0.005)
(-0.100253 0.0765387 0.005)
(-0.0820249 0.0765387 0.005)
(-0.0637971 0.0765387 0.005)
(-0.0455694 0.0765387 0.005)
(-0.0273416 0.0765387 0.005)
(-0.00911388 0.0765387 0.005)
(0.00911388 0.0765387 0.005)
(0.0273416 0.0765387 0.005)
(0.0455694 0.0765387 0.005)
(0.0637971 0.0765387 0.005)
(0.0820249 0.0765387 0.005)
(0.100253 0.0765387 0.005)
(0.11848 0.0765387 0.005)
(0.136708 0.0765387 0.005)
(0.154936 0.0765387 0.005)
(0.173164 0.0765387 0.005)
(0.191391 0.0765387 0.005)
(0.209619 0.0765387 0.005)
(0.227847 0.0765387 0.005)
(0.246075 0.0765387 0.005)
(0.264302 0.0765387 0.005)
(0.28253 0.0765387 0.005)
(0.300758 0.0765387 0.005)
(0.318986 0.0765387 0.005)
(0.337213 0.0765387 0.005)
(0.355441 0.0765387 0.005)
(0.373669 0.0765387 0.005)
(0.391897 0.0765387 0.005)
(0.410124 0.0765387 0.005)
(0.428352 0.0765387 0.005)
(0.44658 0.0765387 0.005)
(-0.448108 0.0866618 0.005)
(-0.429817 0.0866618 0.005)
(-0.411527 0.0866618 0.005)
(-0.393237 0.0866618 0.005)
(-0.374947 0.0866618 0.005)
(-0.356657 0.0866618 0.005)
(-0.338367 0.0866618 0.005)
(-0.320077 0.0866618 0.005)
(-0.301787 0.0866618 0.005)
(-0.283497 0.0866618 0.005)
(-0.265207 0.0866618 0.005)
(-0.246916 0.0866618 0.005)
(-0.228626 0.0866618 0.005)
(-0.210336 0.0866618 0.005)
(-0.192046 0.0866618 0.005)
(-0.173756 0.0866618 0.005)
(-0.155466 0.0866618 0.005)
(-0.137176 0.0866618 0.005)
(-0.118886 0.0866618 0.005)
(-0.100596 0.0866618 0.005)
(-0.0823055 0.0866618 0.005)
(-0.0640154 0.0866618 0.005)
(-0.0457253 0.0866618 0.005)
(-0.0274352 0.0866618 0.005)
(-0.00914505 0.0866618 0.005)
(0.00914505 0.0866618 0.005)
(0.0274352 0.0866618 0.005)
(0.0457253 0.0866618 0.005)
(0.0640154 0.0866618 0.005)
(0.0823055 0.0866618 0.005)
(0.100596 0.0866618 0.005)
(0.118886 0.0866618 0.005)
(0.137176 0.0866618 0.005)
(0.155466 0.0866618 0.005)
(0.173756 0.0866618 0.005)
(0.192046 0.0866618 0.005)
(0.210336 0.0866618 0.005)
(0.228626 0.0866618 0.005)
(0.246916 0.0866618 0.005)
(0.265207 0.0866618 0.005)
(0.283497 0.0866618 0.005)
(0.301787 0.0866618 0.005)
(0.320077 0.0866618 0.005)
(0.338367 0.0866618 0.005)
(0.356657 0.0866618 0.005)
(0.374947 0.0866618 0.005)
(0.393237 0.0866618 0.005)
(0.411527 0.0866618 0.005)
(0.429817 0.0866618 0.005)
(0.448108 0.0866618 0.005)
(-0.4498 0.0967575 0.005)
(-0.431441 0.0967575 0.005)
(-0.413082 0.0967575 0.005)
(-0.394722 0.0967575 0.005)
(-0.376363 0.0967575 0.005)
(-0.358004 0.0967575 0.005)
(-0.339645 0.0967575 0.005)
(-0.321286 0.0967575 0.005)
(-0.302926 0.0967575 0.005)
(-0.284567 0.0967575 0.005)
(-0.266208 0.0967575 0.005)
(-0.247849 0.0967575 0.005)
(-0.22949 0.0967575 0.005)
(-0.211131 0.0967575 0.005)
(-0.192771 0.0967575 0.005)
(-0.174412 0.0967575 0.005)
(-0.156053 0.0967575 0.005)
(-0.137694 0.0967575 0.005)
(-0.119335 0.0967575 0.005)
(-0.100975 0.0967575 0.005)
(-0.0826163 0.0967575 0.005)
(-0.0642571 0.0967575 0.005)
(-0.045898 0.0967575 0.005)
(-0.0275388 0.0967575 0.005)
(-0.00917959 0.0967575 0.005)
(0.00917959 0.0967575 0.005)
(0.0275388 0.0967575 0.005)
(0.045898 0.0967575 0.005)
(0.0642571 0.0967575 0.005)
(0.0826163 0.0967575 0.005)
(0.100975 0.0967575 0.005)
(0.119335 0.0967575 0.005)
(0.137694 0.0967575 0.005)
(0.156053 0.0967575 0.005)
(0.174412 0.0967575 0.005)
(0.192771 0.0967575 0.005)
(0.211131 0.0967575 0.005)
(0.22949 0.0967575 0.005)
(0.247849 0.0967575 0.005)
(0.266208 0.0967575 0.005)
(0.284567 0.0967575 0.005)
(0.302926 0.0967575 0.005)
(0.321286 0.0967575 0.005)
(0.339645 0.0967575 0.005)
(0.358004 0.0967575 0.005)
(0.376363 0.0967575 0.005)
(0.394722 0.0967575 0.005)
(0.413082 0.0967575 0.005)
(0.431441 0.0967575 0.005)
(0.4498 0.0967575 0.005)
(-0.451649 0.106825 0.005)
(-0.433214 0.106825 0.005)
(-0.414779 0.106825 0.005)
(-0.396345 0.106825 0.005)
(-0.37791 0.106825 0.005)
(-0.359475 0.106825 0.005)
(-0.341041 0.106825 0.005)
(-0.322606 0.106825 0.005)
(-0.304171 0.106825 0.005)
(-0.285737 0.106825 0.005)
(-0.267302 0.106825 0.005)
(-0.248868 0.106825 0.005)
(-0.230433 0.106825 0.005)
(-0.211998 0.106825 0.005)
(-0.193564 0.106825 0.005)
(-0.175129 0.106825 0.005)
(-0.156694 0.106825 0.005)
(-0.13826 0.106825 0.005)
(-0.119825 0.106825 0.005)
(-0.10139 0.106825 0.005)
(-0.0829558 0.106825 0.005)
(-0.0645212 0.106825 0.005)
(-0.0460866 0.106825 0.005)
(-0.0276519 0.106825 0.005)
(-0.00921732 0.106825 0.005)
(0.00921732 0.106825 0.005)
(0.0276519 0.106825 0.005)
(0.0460866 0.106825 0.005)
(0.0645212 0.106825 0.005)
(0.0829558 0.106825 0.005)
(0.10139 0.106825 0.005)
(0.119825 0.106825 0.005)
(0.13826 0.106825 0.005)
(0.156694 0.106825 0.005)
(0.175129 0.106825 0.005)
(0.193564 0.106825 0.005)
(0.211998 0.106825 0.005)
(0.230433 0.106825 0.005)
(0.248868 0.106825 0.005)
(0.267302 0.106825 0.005)
(0.285737 0.106825 0.005)
(0.304171 0.106825 0.005)
(0.322606 0.106825 0.005)
(0.341041 0.106825 0.005)
(0.359475 0.106825 0.005)
(0.37791 0.106825 0.005)
(0.396345 0.106825 0.005)
(0.414779 0.106825 0.005)
(0.433214 0.106825 0.005)
(0.451649 0.106825 0.005)
(-0.453644 0.116863 0.005)
(-0.435128 0.116863 0.005)
(-0.416612 0.116863 0.005)
(-0.398096 0.116863 0.005)
(-0.37958 0.116863 0.005)
(-0.361064 0.116863 0.005)
(-0.342548 0.116863 0.005)
(-0.324032 0.116863 0.005)
(-0.305516 0.116863 0.005)
(-0.287 0.116863 0.005)
(-0.268483 0.116863 0.005)
(-0.249967 0.116863 0.005)
(-0.231451 0.116863 0.005)
(-0.212935 0.116863 0.005)
(-0.194419 0.116863 0.005)
(-0.175903 0.116863 0.005)
(-0.157387 0.116863 0.005)
(-0.138871 0.116863 0.005)
(-0.120355 0.116863 0.005)
(-0.101839 0.116863 0.005)
(-0.0833224 0.116863 0.005)
(-0.0648063 0.116863 0.005)
(-0.0462902 0.116863 0.005)
(-0.0277741 0.116863 0.005)
(-0.00925805 0.116863 0.005)
(0.00925805 0.116863 0.005)
(0.0277741 0.116863 0.005)
(0.0462902 0.116863 0.005)
(0.0648063 0.116863 0.005)
(0.0833224 0.116863 0.005)
(0.101839 0.116863 0.005)
(0.120355 0.116863 0.005)
(0.138871 0.116863 0.005)
(0.157387 0.116863 0.005)
(0.175903 0.116863 0.005)
(0.194419 0.116863 0.005)
(0.212935 0.116863 0.005)
(0.231451 0.116863 0.005)
(0.249967 0.116863 0.005)
(0.268483 0.116863 0.005)
(0.287 0.116863 0.005)
(0.305516 0.116863 0.005)
(0.324032 0.116863 0.005)
(0.342548 0.116863 0.005)
(0.361064 0.116863 0.005)
(0.37958 0.116863 0.005)
(0.398096 0.116863 0.005)
(0.416612 0.116863 0.005)
(0.435128 0.116863 0.005)
(0.453644 0.116863 0.005)
(-0.455778 0.126871 0.005)
(-0.437175 0.126871 0.005)
(-0.418572 0.126871 0.005)
(-0.399969 0.126871 0.005)
(-0.381366 0.126871 0.005)
(-0.362762 0.126871 0.005)
(-0.344159 0.126871 0.005)
(-0.325556 0.126871 0.005)
(-0.306953 0.126871 0.005)
(-0.28835 0.126871 0.005)
(-0.269746 0.126871 0.005)
(-0.251143 0.126871 0.005)
(-0.23254 0.126871 0.005)
(-0.213937 0.126871 0.005)
(-0.195334 0.126871 0.005)
(-0.17673 0.126871 0.005)
(-0.158127 0.126871 0.005)
(-0.139524 0.126871 0.005)
(-0.120921 0.126871 0.005)
(-0.102318 0.126871 0.005)
(-0.0837144 0.126871 0.005)
(-0.0651112 0.126871 0.005)
(-0.046508 0.126871 0.005)
(-0.0279048 0.126871 0.005)
(-0.0093016 0.126871 0.005)
(0.0093016 0.126871 0.005)
(0.0279048 0.126871 0.005)
(0.046508 0.126871 0.005)
(0.0651112 0.126871 0.005)
(0.0837144 0.126871 0.005)
(0.102318 0.126871 0.005)
(0.120921 0.126871 0.005)
(0.139524 0.126871 0.005)
(0.158127 0.126871 0.005)
(0.17673 0.126871 0.005)
(0.195334 0.126871 0.005)
(0.213937 0.126871 0.005)
(0.23254 0.126871 0.005)
(0.251143 0.126871 0.005)
(0.269746 0.126871 0.005)
(0.28835 0.126871 0.005)
(0.306953 0.126871 0.005)
(0.325556 0.126871 0.005)
(0.344159 0.126871 0.005)
(0.362762 0.126871 0.005)
(0.381366 0.126871 0.005)
(0.399969 0.126871 0.005)
(0.418572 0.126871 0.005)
(0.437175 0.126871 0.005)
(0.455778 0.126871 0.005)
(-0.458041 0.13685 0.005)
(-0.439345 0.13685 0.005)
(-0.42065 0.13685 0.005)
(-0.401954 0.13685 0.005)
(-0.383259 0.13685 0.005)
(-0.364563 0.13685 0.005)
(-0.345868 0.13685 0.005)
(-0.327172 0.13685 0.005)
(-0.308477 0.13685 0.005)
(-0.289781 0.13685 0.005)
(-0.271085 0.13685 0.005)
(-0.25239 0.13685 0.005)
(-0.233694 0.13685 0.005)
(-0.214999 0.13685 0.005)
(-0.196303 0.13685 0.005)
(-0.177608 0.13685 0.005)
(-0.158912 0.13685 0.005)
(-0.140217 0.13685 0.005)
(-0.121521 0.13685 0.005)
(-0.102826 0.13685 0.005)
(-0.08413 0.13685 0.005)
(-0.0654344 0.13685 0.005)
(-0.0467389 0.13685 0.005)
(-0.0280433 0.13685 0.005)
(-0.00934777 0.13685 0.005)
(0.00934777 0.13685 0.005)
(0.0280433 0.13685 0.005)
(0.0467389 0.13685 0.005)
(0.0654344 0.13685 0.005)
(0.08413 0.13685 0.005)
(0.102826 0.13685 0.005)
(0.121521 0.13685 0.005)
(0.140217 0.13685 0.005)
(0.158912 0.13685 0.005)
(0.177608 0.13685 0.005)
(0.196303 0.13685 0.005)
(0.214999 0.13685 0.005)
(0.233694 0.13685 0.005)
(0.25239 0.13685 0.005)
(0.271085 0.13685 0.005)
(0.289781 0.13685 0.005)
(0.308477 0.13685 0.005)
(0.327172 0.13685 0.005)
(0.345868 0.13685 0.005)
(0.364563 0.13685 0.005)
(0.383259 0.13685 0.005)
(0.401954 0.13685 0.005)
(0.42065 0.13685 0.005)
(0.439345 0.13685 0.005)
(0.458041 0.13685 0.005)
(-0.460422 0.1468 0.005)
(-0.441629 0.1468 0.005)
(-0.422836 0.1468 0.005)
(-0.404044 0.1468 0.005)
(-0.385251 0.1468 0.005)
(-0.366458 0.1468 0.005)
(-0.347665 0.1468 0.005)
(-0.328873 0.1468 0.005)
(-0.31008 0.1468 0.005)
(-0.291287 0.1468 0.005)
(-0.272495 0.1468 0.005)
(-0.253702 0.1468 0.005)
(-0.234909 0.1468 0.005)
(-0.216116 0.1468 0.005)
(-0.197324 0.1468 0.005)
(-0.178531 0.1468 0.005)
(-0.159738 0.1468 0.005)
(-0.140945 0.1468 0.005)
(-0.122153 0.1468 0.005)
(-0.10336 0.1468 0.005)
(-0.0845673 0.1468 0.005)
(-0.0657746 0.1468 0.005)
(-0.0469818 0.1468 0.005)
(-0.0281891 0.1468 0.005)
(-0.00939636 0.1468 0.005)
(0.00939636 0.1468 0.005)
(0.0281891 0.1468 0.005)
(0.0469818 0.1468 0.005)
(0.0657746 0.1468 0.005)
(0.0845673 0.1468 0.005)
(0.10336 0.1468 0.005)
(0.122153 0.1468 0.005)
(0.140945 0.1468 0.005)
(0.159738 0.1468 0.005)
(0.178531 0.1468 0.005)
(0.197324 0.1468 0.005)
(0.216116 0.1468 0.005)
(0.234909 0.1468 0.005)
(0.253702 0.1468 0.005)
(0.272495 0.1468 0.005)
(0.291287 0.1468 0.005)
(0.31008 0.1468 0.005)
(0.328873 0.1468 0.005)
(0.347665 0.1468 0.005)
(0.366458 0.1468 0.005)
(0.385251 0.1468 0.005)
(0.404044 0.1468 0.005)
(0.422836 0.1468 0.005)
(0.441629 0.1468 0.005)
(0.460422 0.1468 0.005)
(-0.462911 0.156723 0.005)
(-0.444017 0.156723 0.005)
(-0.425123 0.156723 0.005)
(-0.406228 0.156723 0.005)
(-0.387334 0.156723 0.005)
(-0.36844 0.156723 0.005)
(-0.349545 0.156723 0.005)
(-0.330651 0.156723 0.005)
(-0.311757 0.156723 0.005)
(-0.292862 0.156723 0.005)
(-0.273968 0.156723 0.005)
(-0.255074 0.156723 0.005)
(-0.236179 0.156723 0.005)
(-0.217285 0.156723 0.005)
(-0.198391 0.156723 0.005)
(-0.179496 0.156723 0.005)
(-0.160602 0.156723 0.005)
(-0.141708 0.156723 0.005)
(-0.122813 0.156723 0.005)
(-0.103919 0.156723 0.005)
(-0.0850245 0.156723 0.005)
(-0.0661302 0.156723 0.005)
(-0.0472359 0.156723 0.005)
(-0.0283415 0.156723 0.005)
(-0.00944717 0.156723 0.005)
(0.00944717 0.156723 0.005)
(0.0283415 0.156723 0.005)
(0.0472359 0.156723 0.005)
(0.0661302 0.156723 0.005)
(0.0850245 0.156723 0.005)
(0.103919 0.156723 0.005)
(0.122813 0.156723 0.005)
(0.141708 0.156723 0.005)
(0.160602 0.156723 0.005)
(0.179496 0.156723 0.005)
(0.198391 0.156723 0.005)
(0.217285 0.156723 0.005)
(0.236179 0.156723 0.005)
(0.255074 0.156723 0.005)
(0.273968 0.156723 0.005)
(0.292862 0.156723 0.005)
(0.311757 0.156723 0.005)
(0.330651 0.156723 0.005)
(0.349545 0.156723 0.005)
(0.36844 0.156723 0.005)
(0.387334 0.156723 0.005)
(0.406228 0.156723 0.005)
(0.425123 0.156723 0.005)
(0.444017 0.156723 0.005)
(0.462911 0.156723 0.005)
(-0.465499 0.166619 0.005)
(-0.446499 0.166619 0.005)
(-0.427499 0.166619 0.005)
(-0.408499 0.166619 0.005)
(-0.389499 0.166619 0.005)
(-0.370499 0.166619 0.005)
(-0.351499 0.166619 0.005)
(-0.332499 0.166619 0.005)
(-0.313499 0.166619 0.005)
(-0.294499 0.166619 0.005)
(-0.275499 0.166619 0.005)
(-0.2565 0.166619 0.005)
(-0.2375 0.166619 0.005)
(-0.2185 0.166619 0.005)
(-0.1995 0.166619 0.005)
(-0.1805 0.166619 0.005)
(-0.1615 0.166619 0.005)
(-0.1425 0.166619 0.005)
(-0.1235 0.166619 0.005)
(-0.1045 0.166619 0.005)
(-0.0854998 0.166619 0.005)
(-0.0664999 0.166619 0.005)
(-0.0474999 0.166619 0.005)
(-0.0284999 0.166619 0.005)
(-0.00949998 0.166619 0.005)
(0.00949998 0.166619 0.005)
(0.0284999 0.166619 0.005)
(0.0474999 0.166619 0.005)
(0.0664999 0.166619 0.005)
(0.0854998 0.166619 0.005)
(0.1045 0.166619 0.005)
(0.1235 0.166619 0.005)
(0.1425 0.166619 0.005)
(0.1615 0.166619 0.005)
(0.1805 0.166619 0.005)
(0.1995 0.166619 0.005)
(0.2185 0.166619 0.005)
(0.2375 0.166619 0.005)
(0.2565 0.166619 0.005)
(0.275499 0.166619 0.005)
(0.294499 0.166619 0.005)
(0.313499 0.166619 0.005)
(0.332499 0.166619 0.005)
(0.351499 0.166619 0.005)
(0.370499 0.166619 0.005)
(0.389499 0.166619 0.005)
(0.408499 0.166619 0.005)
(0.427499 0.166619 0.005)
(0.446499 0.166619 0.005)
(0.465499 0.166619 0.005)
(-0.468175 0.176491 0.005)
(-0.449066 0.176491 0.005)
(-0.429956 0.176491 0.005)
(-0.410847 0.176491 0.005)
(-0.391738 0.176491 0.005)
(-0.372629 0.176491 0.005)
(-0.35352 0.176491 0.005)
(-0.334411 0.176491 0.005)
(-0.315301 0.176491 0.005)
(-0.296192 0.176491 0.005)
(-0.277083 0.176491 0.005)
(-0.257974 0.176491 0.005)
(-0.238865 0.176491 0.005)
(-0.219756 0.176491 0.005)
(-0.200646 0.176491 0.005)
(-0.181537 0.176491 0.005)
(-0.162428 0.176491 0.005)
(-0.143319 0.176491 0.005)
(-0.12421 0.176491 0.005)
(-0.1051 0.176491 0.005)
(-0.0859913 0.176491 0.005)
(-0.0668821 0.176491 0.005)
(-0.0477729 0.176491 0.005)
(-0.0286638 0.176491 0.005)
(-0.00955459 0.176491 0.005)
(0.00955459 0.176491 0.005)
(0.0286638 0.176491 0.005)
(0.0477729 0.176491 0.005)
(0.0668821 0.176491 0.005)
(0.0859913 0.176491 0.005)
(0.1051 0.176491 0.005)
(0.12421 0.176491 0.005)
(0.143319 0.176491 0.005)
(0.162428 0.176491 0.005)
(0.181537 0.176491 0.005)
(0.200646 0.176491 0.005)
(0.219756 0.176491 0.005)
(0.238865 0.176491 0.005)
(0.257974 0.176491 0.005)
(0.277083 0.176491 0.005)
(0.296192 0.176491 0.005)
(0.315301 0.176491 0.005)
(0.334411 0.176491 0.005)
(0.35352 0.176491 0.005)
(0.372629 0.176491 0.005)
(0.391738 0.176491 0.005)
(0.410847 0.176491 0.005)
(0.429956 0.176491 0.005)
(0.449066 0.176491 0.005)
(0.468175 0.176491 0.005)
(-0.470928 0.18634 0.005)
(-0.451707 0.18634 0.005)
(-0.432485 0.18634 0.005)
(-0.413264 0.18634 0.005)
(-0.394042 0.18634 0.005)
(-0.37482 0.18634 0.005)
(-0.355599 0.18634 0.005)
(-0.336377 0.18634 0.005)
(-0.317156 0.18634 0.005)
(-0.297934 0.18634 0.005)
(-0.278713 0.18634 0.005)
(-0.259491 0.18634 0.005)
(-0.240269 0.18634 0.005)
(-0.221048 0.18634 0.005)
(-0.201826 0.18634 0.005)
(-0.182605 0.18634 0.005)
(-0.163383 0.18634 0.005)
(-0.144162 0.18634 0.005)
(-0.12494 0.18634 0.005)
(-0.105719 0.18634 0.005)
(-0.086497 0.18634 0.005)
(-0.0672755 0.18634 0.005)
(-0.0480539 0.18634 0.005)
(-0.0288323 0.18634 0.005)
(-0.00961078 0.18634 0.005)
(0.00961078 0.18634 0.005)
(0.0288323 0.18634 0.005)
(0.0480539 0.18634 0.005)
(0.0672755 0.18634 0.005)
(0.086497 0.18634 0.005)
(0.105719 0.18634 0.005)
(0.12494 0.18634 0.005)
(0.144162 0.18634 0.005)
(0.163383 0.18634 0.005)
(0.182605 0.18634 0.005)
(0.201826 0.18634 0.005)
(0.221048 0.18634 0.005)
(0.240269 0.18634 0.005)
(0.259491 0.18634 0.005)
(0.278713 0.18634 0.005)
(0.297934 0.18634 0.005)
(0.317156 0.18634 0.005)
(0.336377 0.18634 0.005)
(0.355599 0.18634 0.005)
(0.37482 0.18634 0.005)
(0.394042 0.18634 0.005)
(0.413264 0.18634 0.005)
(0.432485 0.18634 0.005)
(0.451707 0.18634 0.005)
(0.470928 0.18634 0.005)
(-0.473749 0.19617 0.005)
(-0.454412 0.19617 0.005)
(-0.435075 0.19617 0.005)
(-0.415739 0.19617 0.005)
(-0.396402 0.19617 0.005)
(-0.377065 0.19617 0.005)
(-0.357729 0.19617 0.005)
(-0.338392 0.19617 0.005)
(-0.319055 0.19617 0.005)
(-0.299719 0.19617 0.005)
(-0.280382 0.19617 0.005)
(-0.261045 0.19617 0.005)
(-0.241709 0.19617 0.005)
(-0.222372 0.19617 0.005)
(-0.203035 0.19617 0.005)
(-0.183699 0.19617 0.005)
(-0.164362 0.19617 0.005)
(-0.145025 0.19617 0.005)
(-0.125688 0.19617 0.005)
(-0.106352 0.19617 0.005)
(-0.0870151 0.19617 0.005)
(-0.0676784 0.19617 0.005)
(-0.0483417 0.19617 0.005)
(-0.029005 0.19617 0.005)
(-0.00966834 0.19617 0.005)
(0.00966834 0.19617 0.005)
(0.029005 0.19617 0.005)
(0.0483417 0.19617 0.005)
(0.0676784 0.19617 0.005)
(0.0870151 0.19617 0.005)
(0.106352 0.19617 0.005)
(0.125688 0.19617 0.005)
(0.145025 0.19617 0.005)
(0.164362 0.19617 0.005)
(0.183699 0.19617 0.005)
(0.203035 0.19617 0.005)
(0.222372 0.19617 0.005)
(0.241709 0.19617 0.005)
(0.261045 0.19617 0.005)
(0.280382 0.19617 0.005)
(0.299719 0.19617 0.005)
(0.319055 0.19617 0.005)
(0.338392 0.19617 0.005)
(0.357729 0.19617 0.005)
(0.377065 0.19617 0.005)
(0.396402 0.19617 0.005)
(0.415739 0.19617 0.005)
(0.435075 0.19617 0.005)
(0.454412 0.19617 0.005)
(0.473749 0.19617 0.005)
(-0.476626 0.205982 0.005)
(-0.457172 0.205982 0.005)
(-0.437718 0.205982 0.005)
(-0.418264 0.205982 0.005)
(-0.39881 0.205982 0.005)
(-0.379356 0.205982 0.005)
(-0.359902 0.205982 0.005)
(-0.340447 0.205982 0.005)
(-0.320993 0.205982 0.005)
(-0.301539 0.205982 0.005)
(-0.282085 0.205982 0.005)
(-0.262631 0.205982 0.005)
(-0.243177 0.205982 0.005)
(-0.223723 0.205982 0.005)
(-0.204268 0.205982 0.005)
(-0.184814 0.205982 0.005)
(-0.16536 0.205982 0.005)
(-0.145906 0.205982 0.005)
(-0.126452 0.205982 0.005)
(-0.106998 0.205982 0.005)
(-0.0875436 0.205982 0.005)
(-0.0680895 0.205982 0.005)
(-0.0486353 0.205982 0.005)
(-0.0291812 0.205982 0.005)
(-0.00972707 0.205982 0.005)
(0.00972707 0.205982 0.005)
(0.0291812 0.205982 0.005)
(0.0486353 0.205982 0.005)
(0.0680895 0.205982 0.005)
(0.0875436 0.205982 0.005)
(0.106998 0.205982 0.005)
(0.126452 0.205982 0.005)
(0.145906 0.205982 0.005)
(0.16536 0.205982 0.005)
(0.184814 0.205982 0.005)
(0.204268 0.205982 0.005)
(0.223723 0.205982 0.005)
(0.243177 0.205982 0.005)
(0.262631 0.205982 0.005)
(0.282085 0.205982 0.005)
(0.301539 0.205982 0.005)
(0.320993 0.205982 0.005)
(0.340447 0.205982 0.005)
(0.359902 0.205982 0.005)
(0.379356 0.205982 0.005)
(0.39881 0.205982 0.005)
(0.418264 0.205982 0.005)
(0.437718 0.205982 0.005)
(0.457172 0.205982 0.005)
(0.476626 0.205982 0.005)
(-0.47955 0.21578 0.005)
(-0.459977 0.21578 0.005)
(-0.440403 0.21578 0.005)
(-0.42083 0.21578 0.005)
(-0.401256 0.21578 0.005)
(-0.381683 0.21578 0.005)
(-0.36211 0.21578 0.005)
(-0.342536 0.21578 0.005)
(-0.322963 0.21578 0.005)
(-0.303389 0.21578 0.005)
(-0.283816 0.21578 0.005)
(-0.264242 0.21578 0.005)
(-0.244669 0.21578 0.005)
(-0.225095 0.21578 0.005)
(-0.205522 0.21578 0.005)
(-0.185948 0.21578 0.005)
(-0.166375 0.21578 0.005)
(-0.146801 0.21578 0.005)
(-0.127228 0.21578 0.005)
(-0.107654 0.21578 0.005)
(-0.0880807 0.21578 0.005)
(-0.0685072 0.21578 0.005)
(-0.0489337 0.21578 0.005)
(-0.0293602 0.21578 0.005)
(-0.00978674 0.21578 0.005)
(0.00978674 0.21578 0.005)
(0.0293602 0.21578 0.005)
(0.0489337 0.21578 0.005)
(0.0685072 0.21578 0.005)
(0.0880807 0.21578 0.005)
(0.107654 0.21578 0.005)
(0.127228 0.21578 0.005)
(0.146801 0.21578 0.005)
(0.166375 0.21578 0.005)
(0.185948 0.21578 0.005)
(0.205522 0.21578 0.005)
(0.225095 0.21578 0.005)
(0.244669 0.21578 0.005)
(0.264242 0.21578 0.005)
(0.283816 0.21578 0.005)
(0.303389 0.21578 0.005)
(0.322963 0.21578 0.005)
(0.342536 0.21578 0.005)
(0.36211 0.21578 0.005)
(0.381683 0.21578 0.005)
(0.401256 0.21578 0.005)
(0.42083 0.21578 0.005)
(0.440403 0.21578 0.005)
(0.459977 0.21578 0.005)
(0.47955 0.21578 0.005)
(-0.482511 0.225567 0.005)
(-0.462816 0.225567 0.005)
(-0.443122 0.225567 0.005)
(-0.423428 0.225567 0.005)
(-0.403733 0.225567 0.005)
(-0.384039 0.225567 0.005)
(-0.364345 0.225567 0.005)
(-0.34465 0.225567 0.005)
(-0.324956 0.225567 0.005)
(-0.305262 0.225567 0.005)
(-0.285568 0.225567 0.005)
(-0.265873 0.225567 0.005)
(-0.246179 0.225567 0.005)
(-0.226485 0.225567 0.005)
(-0.20679 0.225567 0.005)
(-0.187096 0.225567 0.005)
(-0.167402 0.225567 0.005)
(-0.147707 0.225567 0.005)
(-0.128013 0.225567 0.005)
(-0.108319 0.225567 0.005)
(-0.0886244 0.225567 0.005)
(-0.0689301 0.225567 0.005)
(-0.0492358 0.225567 0.005)
(-0.0295415 0.225567 0.005)
(-0.00984716 0.225567 0.005)
(0.00984716 0.225567 0.005)
(0.0295415 0.225567 0.005)
(0.0492358 0.225567 0.005)
(0.0689301 0.225567 0.005)
(0.0886244 0.225567 0.005)
(0.108319 0.225567 0.005)
(0.128013 0.225567 0.005)
(0.147707 0.225567 0.005)
(0.167402 0.225567 0.005)
(0.187096 0.225567 0.005)
(0.20679 0.225567 0.005)
(0.226485 0.225567 0.005)
(0.246179 0.225567 0.005)
(0.265873 0.225567 0.005)
(0.285568 0.225567 0.005)
(0.305262 0.225567 0.005)
(0.324956 0.225567 0.005)
(0.34465 0.225567 0.005)
(0.364345 0.225567 0.005)
(0.384039 0.225567 0.005)
(0.403733 0.225567 0.005)
(0.423428 0.225567 0.005)
(0.443122 0.225567 0.005)
(0.462816 0.225567 0.005)
(0.482511 0.225567 0.005)
(-0.485497 0.235345 0.005)
(-0.46568 0.235345 0.005)
(-0.445864 0.235345 0.005)
(-0.426048 0.235345 0.005)
(-0.406232 0.235345 0.005)
(-0.386416 0.235345 0.005)
(-0.3666 0.235345 0.005)
(-0.346783 0.235345 0.005)
(-0.326967 0.235345 0.005)
(-0.307151 0.235345 0.005)
(-0.287335 0.235345 0.005)
(-0.267519 0.235345 0.005)
(-0.247702 0.235345 0.005)
(-0.227886 0.235345 0.005)
(-0.20807 0.235345 0.005)
(-0.188254 0.235345 0.005)
(-0.168438 0.235345 0.005)
(-0.148621 0.235345 0.005)
(-0.128805 0.235345 0.005)
(-0.108989 0.235345 0.005)
(-0.0891729 0.235345 0.005)
(-0.0693567 0.235345 0.005)
(-0.0495405 0.235345 0.005)
(-0.0297243 0.235345 0.005)
(-0.0099081 0.235345 0.005)
(0.0099081 0.235345 0.005)
(0.0297243 0.235345 0.005)
(0.0495405 0.235345 0.005)
(0.0693567 0.235345 0.005)
(0.0891729 0.235345 0.005)
(0.108989 0.235345 0.005)
(0.128805 0.235345 0.005)
(0.148621 0.235345 0.005)
(0.168438 0.235345 0.005)
(0.188254 0.235345 0.005)
(0.20807 0.235345 0.005)
(0.227886 0.235345 0.005)
(0.247702 0.235345 0.005)
(0.267519 0.235345 0.005)
(0.287335 0.235345 0.005)
(0.307151 0.235345 0.005)
(0.326967 0.235345 0.005)
(0.346783 0.235345 0.005)
(0.3666 0.235345 0.005)
(0.386416 0.235345 0.005)
(0.406232 0.235345 0.005)
(0.426048 0.235345 0.005)
(0.445864 0.235345 0.005)
(0.46568 0.235345 0.005)
(0.485497 0.235345 0.005)
(-0.488498 0.245119 0.005)
(-0.46856 0.245119 0.005)
(-0.448621 0.245119 0.005)
(-0.428682 0.245119 0.005)
(-0.408743 0.245119 0.005)
(-0.388805 0.245119 0.005)
(-0.368866 0.245119 0.005)
(-0.348927 0.245119 0.005)
(-0.328989 0.245119 0.005)
(-0.30905 0.245119 0.005)
(-0.289111 0.245119 0.005)
(-0.269172 0.245119 0.005)
(-0.249234 0.245119 0.005)
(-0.229295 0.245119 0.005)
(-0.209356 0.245119 0.005)
(-0.189418 0.245119 0.005)
(-0.169479 0.245119 0.005)
(-0.14954 0.245119 0.005)
(-0.129602 0.245119 0.005)
(-0.109663 0.245119 0.005)
(-0.0897242 0.245119 0.005)
(-0.0697855 0.245119 0.005)
(-0.0498468 0.245119 0.005)
(-0.0299081 0.245119 0.005)
(-0.00996935 0.245119 0.005)
(0.00996935 0.245119 0.005)
(0.0299081 0.245119 0.005)
(0.0498468 0.245119 0.005)
(0.0697855 0.245119 0.005)
(0.0897242 0.245119 0.005)
(0.109663 0.245119 0.005)
(0.129602 0.245119 0.005)
(0.14954 0.245119 0.005)
(0.169479 0.245119 0.005)
(0.189418 0.245119 0.005)
(0.209356 0.245119 0.005)
(0.229295 0.245119 0.005)
(0.249234 0.245119 0.005)
(0.269172 0.245119 0.005)
(0.289111 0.245119 0.005)
(0.30905 0.245119 0.005)
(0.328989 0.245119 0.005)
(0.348927 0.245119 0.005)
(0.368866 0.245119 0.005)
(0.388805 0.245119 0.005)
(0.408743 0.245119 0.005)
(0.428682 0.245119 0.005)
(0.448621 0.245119 0.005)
(0.46856 0.245119 0.005)
(0.488498 0.245119 0.005)
)
;

boundaryField
{
    left
    {
        type            calculated;
        value           nonuniform List<vector> 
50
(
(-0.498466 -0.245114 0.005)
(-0.495403 -0.23534 0.005)
(-0.492356 -0.225562 0.005)
(-0.489336 -0.215775 0.005)
(-0.486352 -0.205977 0.005)
(-0.483416 -0.196165 0.005)
(-0.480538 -0.186335 0.005)
(-0.477728 -0.176486 0.005)
(-0.474998 -0.166614 0.005)
(-0.472357 -0.156718 0.005)
(-0.469817 -0.146796 0.005)
(-0.467388 -0.136846 0.005)
(-0.465079 -0.126867 0.005)
(-0.462902 -0.116859 0.005)
(-0.460865 -0.106821 0.005)
(-0.458979 -0.0967542 0.005)
(-0.457252 -0.0866587 0.005)
(-0.455693 -0.076536 0.005)
(-0.454311 -0.0663879 0.005)
(-0.453111 -0.0562166 0.005)
(-0.452101 -0.0460249 0.005)
(-0.451286 -0.0358158 0.005)
(-0.450671 -0.0255929 0.005)
(-0.450258 -0.0153599 0.005)
(-0.450052 -0.00512064 0.005)
(-0.450052 0.00512064 0.005)
(-0.450258 0.0153599 0.005)
(-0.450671 0.0255929 0.005)
(-0.451286 0.0358158 0.005)
(-0.452101 0.0460249 0.005)
(-0.453111 0.0562166 0.005)
(-0.454311 0.0663879 0.005)
(-0.455693 0.076536 0.005)
(-0.457252 0.0866587 0.005)
(-0.458979 0.0967542 0.005)
(-0.460865 0.106821 0.005)
(-0.462902 0.116859 0.005)
(-0.465079 0.126867 0.005)
(-0.467388 0.136846 0.005)
(-0.469817 0.146796 0.005)
(-0.472357 0.156718 0.005)
(-0.474998 0.166614 0.005)
(-0.477728 0.176486 0.005)
(-0.480538 0.186335 0.005)
(-0.483416 0.196165 0.005)
(-0.486352 0.205977 0.005)
(-0.489336 0.215775 0.005)
(-0.492356 0.225562 0.005)
(-0.495403 0.23534 0.005)
(-0.498466 0.245114 0.005)
)
;
    }
    right
    {
        type            calculated;
        value           nonuniform List<vector> 
50
(
(0.498466 -0.245114 0.005)
(0.495403 -0.23534 0.005)
(0.492356 -0.225562 0.005)
(0.489336 -0.215775 0.005)
(0.486352 -0.205977 0.005)
(0.483416 -0.196165 0.005)
(0.480538 -0.186335 0.005)
(0.477728 -0.176486 0.005)
(0.474998 -0.166614 0.005)
(0.472357 -0.156718 0.005)
(0.469817 -0.146796 0.005)
(0.467388 -0.136846 0.005)
(0.465079 -0.126867 0.005)
(0.462902 -0.116859 0.005)
(0.460865 -0.106821 0.005)
(0.458979 -0.0967542 0.005)
(0.457252 -0.0866587 0.005)
(0.455693 -0.076536 0.005)
(0.454311 -0.0663879 0.005)
(0.453111 -0.0562166 0.005)
(0.452101 -0.0460249 0.005)
(0.451286 -0.0358158 0.005)
(0.450671 -0.0255929 0.005)
(0.450258 -0.0153599 0.005)
(0.450052 -0.00512064 0.005)
(0.450052 0.00512064 0.005)
(0.450258 0.0153599 0.005)
(0.450671 0.0255929 0.005)
(0.451286 0.0358158 0.005)
(0.452101 0.0460249 0.005)
(0.453111 0.0562166 0.005)
(0.454311 0.0663879 0.005)
(0.455693 0.076536 0.005)
(0.457252 0.0866587 0.005)
(0.458979 0.0967542 0.005)
(0.460865 0.106821 0.005)
(0.462902 0.116859 0.005)
(0.465079 0.126867 0.005)
(0.467388 0.136846 0.005)
(0.469817 0.146796 0.005)
(0.472357 0.156718 0.005)
(0.474998 0.166614 0.005)
(0.477728 0.176486 0.005)
(0.480538 0.186335 0.005)
(0.483416 0.196165 0.005)
(0.486352 0.205977 0.005)
(0.489336 0.215775 0.005)
(0.492356 0.225562 0.005)
(0.495403 0.23534 0.005)
(0.498466 0.245114 0.005)
)
;
    }
    up
    {
        type            calculated;
        value           nonuniform List<vector> 
50
(
(-0.49 0.25 0.005)
(-0.47 0.25 0.005)
(-0.45 0.25 0.005)
(-0.43 0.25 0.005)
(-0.41 0.25 0.005)
(-0.39 0.25 0.005)
(-0.37 0.25 0.005)
(-0.35 0.25 0.005)
(-0.33 0.25 0.005)
(-0.31 0.25 0.005)
(-0.29 0.25 0.005)
(-0.27 0.25 0.005)
(-0.25 0.25 0.005)
(-0.23 0.25 0.005)
(-0.21 0.25 0.005)
(-0.19 0.25 0.005)
(-0.17 0.25 0.005)
(-0.15 0.25 0.005)
(-0.13 0.25 0.005)
(-0.11 0.25 0.005)
(-0.09 0.25 0.005)
(-0.07 0.25 0.005)
(-0.05 0.25 0.005)
(-0.03 0.25 0.005)
(-0.01 0.25 0.005)
(0.01 0.25 0.005)
(0.03 0.25 0.005)
(0.05 0.25 0.005)
(0.07 0.25 0.005)
(0.09 0.25 0.005)
(0.11 0.25 0.005)
(0.13 0.25 0.005)
(0.15 0.25 0.005)
(0.17 0.25 0.005)
(0.19 0.25 0.005)
(0.21 0.25 0.005)
(0.23 0.25 0.005)
(0.25 0.25 0.005)
(0.27 0.25 0.005)
(0.29 0.25 0.005)
(0.31 0.25 0.005)
(0.33 0.25 0.005)
(0.35 0.25 0.005)
(0.37 0.25 0.005)
(0.39 0.25 0.005)
(0.41 0.25 0.005)
(0.43 0.25 0.005)
(0.45 0.25 0.005)
(0.47 0.25 0.005)
(0.49 0.25 0.005)
)
;
    }
    down
    {
        type            calculated;
        value           nonuniform List<vector> 
50
(
(-0.49 -0.25 0.005)
(-0.47 -0.25 0.005)
(-0.45 -0.25 0.005)
(-0.43 -0.25 0.005)
(-0.41 -0.25 0.005)
(-0.39 -0.25 0.005)
(-0.37 -0.25 0.005)
(-0.35 -0.25 0.005)
(-0.33 -0.25 0.005)
(-0.31 -0.25 0.005)
(-0.29 -0.25 0.005)
(-0.27 -0.25 0.005)
(-0.25 -0.25 0.005)
(-0.23 -0.25 0.005)
(-0.21 -0.25 0.005)
(-0.19 -0.25 0.005)
(-0.17 -0.25 0.005)
(-0.15 -0.25 0.005)
(-0.13 -0.25 0.005)
(-0.11 -0.25 0.005)
(-0.09 -0.25 0.005)
(-0.07 -0.25 0.005)
(-0.05 -0.25 0.005)
(-0.03 -0.25 0.005)
(-0.01 -0.25 0.005)
(0.01 -0.25 0.005)
(0.03 -0.25 0.005)
(0.05 -0.25 0.005)
(0.07 -0.25 0.005)
(0.09 -0.25 0.005)
(0.11 -0.25 0.005)
(0.13 -0.25 0.005)
(0.15 -0.25 0.005)
(0.17 -0.25 0.005)
(0.19 -0.25 0.005)
(0.21 -0.25 0.005)
(0.23 -0.25 0.005)
(0.25 -0.25 0.005)
(0.27 -0.25 0.005)
(0.29 -0.25 0.005)
(0.31 -0.25 0.005)
(0.33 -0.25 0.005)
(0.35 -0.25 0.005)
(0.37 -0.25 0.005)
(0.39 -0.25 0.005)
(0.41 -0.25 0.005)
(0.43 -0.25 0.005)
(0.45 -0.25 0.005)
(0.47 -0.25 0.005)
(0.49 -0.25 0.005)
)
;
    }
    frontAndBack
    {
        type            empty;
    }
}


// ************************************************************************* //
