/*--------------------------------*- C++ -*----------------------------------*\
  =========                 |
  \\      /  F ield         | OpenFOAM: The Open Source CFD Toolbox
   \\    /   O peration     | Website:  https://openfoam.org
    \\  /    A nd           | Version:  6
     \\/     M anipulation  |
\*---------------------------------------------------------------------------*/
FoamFile
{
    version     2.0;
    format      ascii;
    class       surfaceScalarField;
    location    "3200";
    object      phi;
}
// * * * * * * * * * * * * * * * * * * * * * * * * * * * * * * * * * * * * * //

dimensions      [0 3 -1 0 0 0 0];

internalField   nonuniform List<scalar> 
4900
(
3.52741e-07
7.96473e-05
-3.91914e-06
8.42719e-05
-5.85812e-06
8.1939e-05
-6.91772e-06
8.10596e-05
-7.42278e-06
8.05051e-05
-7.579e-06
8.01562e-05
-7.52569e-06
7.99467e-05
-7.34055e-06
7.98149e-05
-7.06926e-06
7.97287e-05
-6.74e-06
7.96707e-05
-6.3707e-06
7.96307e-05
-5.97316e-06
7.96025e-05
-5.5553e-06
7.95821e-05
-5.12258e-06
7.95673e-05
-4.67885e-06
7.95563e-05
-4.22685e-06
7.9548e-05
-3.76858e-06
7.95417e-05
-3.30552e-06
7.95369e-05
-2.83881e-06
7.95333e-05
-2.36931e-06
7.95305e-05
-1.8977e-06
7.95284e-05
-1.42454e-06
7.95268e-05
-9.50271e-07
7.95257e-05
-4.75306e-07
7.9525e-05
-5.06278e-16
7.95247e-05
4.75306e-07
7.95247e-05
9.50271e-07
7.9525e-05
1.42454e-06
7.95257e-05
1.8977e-06
7.95268e-05
2.36931e-06
7.95284e-05
2.83881e-06
7.95305e-05
3.30552e-06
7.95333e-05
3.76858e-06
7.95369e-05
4.22685e-06
7.95417e-05
4.67885e-06
7.9548e-05
5.12258e-06
7.95563e-05
5.5553e-06
7.95673e-05
5.97316e-06
7.95821e-05
6.3707e-06
7.96025e-05
6.74e-06
7.96307e-05
7.06926e-06
7.96707e-05
7.34055e-06
7.97287e-05
7.52569e-06
7.98149e-05
7.579e-06
7.99467e-05
7.42278e-06
8.01562e-05
6.91772e-06
8.05051e-05
5.85812e-06
8.10596e-05
3.91914e-06
8.1939e-05
-3.52741e-07
8.42719e-05
7.96473e-05
6.64113e-06
7.30061e-05
4.55437e-06
8.63586e-05
1.11532e-06
8.5378e-05
-1.52319e-06
8.36981e-05
-3.29107e-06
8.22729e-05
-4.40705e-06
8.12722e-05
-5.06646e-06
8.06061e-05
-5.41019e-06
8.01586e-05
-5.53476e-06
7.98533e-05
-5.5055e-06
7.96415e-05
-5.36682e-06
7.9492e-05
-5.14922e-06
7.93849e-05
-4.87397e-06
7.93069e-05
-4.55606e-06
7.92494e-05
-4.20624e-06
7.92065e-05
-3.83232e-06
7.91741e-05
-3.44004e-06
7.91495e-05
-3.03372e-06
7.91306e-05
-2.61661e-06
7.91162e-05
-2.19126e-06
7.91052e-05
-1.75968e-06
7.90968e-05
-1.32349e-06
7.90906e-05
-8.84044e-07
7.90863e-05
-4.42527e-07
7.90835e-05
-1.3378e-15
7.90822e-05
4.42527e-07
7.90822e-05
8.84044e-07
7.90835e-05
1.32349e-06
7.90863e-05
1.75968e-06
7.90906e-05
2.19126e-06
7.90968e-05
2.61661e-06
7.91052e-05
3.03372e-06
7.91162e-05
3.44004e-06
7.91306e-05
3.83232e-06
7.91495e-05
4.20624e-06
7.91741e-05
4.55606e-06
7.92065e-05
4.87397e-06
7.92494e-05
5.14922e-06
7.93069e-05
5.36682e-06
7.93849e-05
5.5055e-06
7.9492e-05
5.53476e-06
7.96415e-05
5.41019e-06
7.98533e-05
5.06646e-06
8.01586e-05
4.40705e-06
8.06061e-05
3.29107e-06
8.12722e-05
1.52319e-06
8.22729e-05
-1.11532e-06
8.36981e-05
-4.55437e-06
8.5378e-05
-6.64113e-06
8.63586e-05
7.30061e-05
7.97686e-06
6.50293e-05
8.51909e-06
8.58164e-05
5.56447e-06
8.83326e-05
2.52067e-06
8.67419e-05
1.14154e-07
8.46795e-05
-1.62745e-06
8.30138e-05
-2.81943e-06
8.17981e-05
-3.59352e-06
8.09327e-05
-4.05918e-06
8.03189e-05
-4.29901e-06
7.98813e-05
-4.37332e-06
7.95663e-05
-4.32565e-06
7.93372e-05
-4.18739e-06
7.91686e-05
-3.98132e-06
7.90433e-05
-3.72404e-06
7.89492e-05
-3.42782e-06
7.88779e-05
-3.10179e-06
7.88234e-05
-2.75286e-06
7.87817e-05
-2.38631e-06
7.87496e-05
-2.00626e-06
7.87251e-05
-1.61597e-06
7.87065e-05
-1.21811e-06
7.86928e-05
-8.14902e-07
7.86831e-05
-4.08282e-07
7.86769e-05
-1.94873e-15
7.86739e-05
4.08282e-07
7.86739e-05
8.14902e-07
7.86769e-05
1.21811e-06
7.86831e-05
1.61597e-06
7.86928e-05
2.00626e-06
7.87065e-05
2.38631e-06
7.87251e-05
2.75286e-06
7.87496e-05
3.10179e-06
7.87817e-05
3.42782e-06
7.88234e-05
3.72404e-06
7.88779e-05
3.98132e-06
7.89492e-05
4.18739e-06
7.90433e-05
4.32565e-06
7.91686e-05
4.37332e-06
7.93372e-05
4.29901e-06
7.95663e-05
4.05918e-06
7.98813e-05
3.59352e-06
8.03189e-05
2.81943e-06
8.09327e-05
1.62745e-06
8.17981e-05
-1.14154e-07
8.30138e-05
-2.52067e-06
8.46795e-05
-5.56447e-06
8.67419e-05
-8.51909e-06
8.83326e-05
-7.97686e-06
8.58164e-05
6.50293e-05
7.89106e-06
5.71382e-05
1.00058e-05
8.37017e-05
8.15345e-06
9.0185e-05
5.38533e-06
8.951e-05
2.80674e-06
8.72581e-05
7.3222e-07
8.50883e-05
-8.16659e-07
8.3347e-05
-1.91719e-06
8.20332e-05
-2.66248e-06
8.10642e-05
-3.13492e-06
8.03537e-05
-3.40047e-06
7.98319e-05
-3.50974e-06
7.94465e-05
-3.5008e-06
7.91597e-05
-3.40212e-06
7.89446e-05
-3.23499e-06
7.8782e-05
-3.01537e-06
7.86582e-05
-2.75533e-06
7.85634e-05
-2.46409e-06
7.84904e-05
-2.14876e-06
7.84343e-05
-1.81492e-06
7.83913e-05
-1.46703e-06
7.83586e-05
-1.10871e-06
7.83345e-05
-7.43042e-07
7.83174e-05
-3.72667e-07
7.83065e-05
-2.34078e-15
7.83012e-05
3.72667e-07
7.83012e-05
7.43042e-07
7.83065e-05
1.10871e-06
7.83174e-05
1.46703e-06
7.83345e-05
1.81492e-06
7.83586e-05
2.14876e-06
7.83913e-05
2.46409e-06
7.84343e-05
2.75533e-06
7.84904e-05
3.01537e-06
7.85634e-05
3.23499e-06
7.86582e-05
3.40212e-06
7.8782e-05
3.5008e-06
7.89446e-05
3.50974e-06
7.91597e-05
3.40047e-06
7.94465e-05
3.13492e-06
7.98319e-05
2.66248e-06
8.03537e-05
1.91719e-06
8.10642e-05
8.16659e-07
8.20332e-05
-7.3222e-07
8.3347e-05
-2.80674e-06
8.50883e-05
-5.38533e-06
8.72581e-05
-8.15345e-06
8.951e-05
-1.00058e-05
9.0185e-05
-7.89106e-06
8.37017e-05
5.71382e-05
7.11489e-06
5.00233e-05
1.01481e-05
8.06685e-05
9.46362e-06
9.08695e-05
7.29739e-06
9.16763e-05
4.86096e-06
8.96945e-05
2.68607e-06
8.72632e-05
9.35304e-07
8.50977e-05
-3.92779e-07
8.33613e-05
-1.35574e-06
8.20272e-05
-2.02226e-06
8.10203e-05
-2.45518e-06
8.02648e-05
-2.70664e-06
7.96979e-05
-2.81798e-06
7.9271e-05
-2.82127e-06
7.89479e-05
-2.74116e-06
7.87019e-05
-2.5965e-06
7.85136e-05
-2.4018e-06
7.83687e-05
-2.16825e-06
7.82569e-05
-1.9046e-06
7.81706e-05
-1.61773e-06
7.81044e-05
-1.3132e-06
7.80541e-05
-9.9555e-07
7.80168e-05
-6.6862e-07
7.79905e-05
-3.35757e-07
7.79737e-05
-2.53323e-15
7.79655e-05
3.35757e-07
7.79655e-05
6.6862e-07
7.79737e-05
9.9555e-07
7.79905e-05
1.3132e-06
7.80168e-05
1.61773e-06
7.80541e-05
1.9046e-06
7.81044e-05
2.16825e-06
7.81706e-05
2.4018e-06
7.82569e-05
2.5965e-06
7.83687e-05
2.74116e-06
7.85136e-05
2.82127e-06
7.87019e-05
2.81798e-06
7.89479e-05
2.70664e-06
7.9271e-05
2.45518e-06
7.96979e-05
2.02226e-06
8.02648e-05
1.35574e-06
8.10203e-05
3.92779e-07
8.20272e-05
-9.35304e-07
8.33613e-05
-2.68607e-06
8.50977e-05
-4.86096e-06
8.72632e-05
-7.29739e-06
8.96945e-05
-9.46362e-06
9.16763e-05
-1.01481e-05
9.08695e-05
-7.11489e-06
8.06685e-05
5.00233e-05
6.0835e-06
4.39398e-05
9.5911e-06
7.71609e-05
9.92671e-06
9.05339e-05
8.47537e-06
9.31276e-05
6.37173e-06
9.17981e-05
4.268e-06
8.9367e-05
2.44373e-06
8.6922e-05
9.76921e-07
8.48281e-05
-1.44673e-07
8.31488e-05
-9.66838e-07
8.18424e-05
-1.5424e-06
8.08404e-05
-1.9203e-06
8.00758e-05
-2.14198e-06
7.94927e-05
-2.24109e-06
7.9047e-05
-2.24431e-06
7.87051e-05
-2.17256e-06
7.84418e-05
-2.04223e-06
7.82384e-05
-1.86614e-06
7.80808e-05
-1.65443e-06
7.79589e-05
-1.41515e-06
7.78651e-05
-1.15483e-06
7.77938e-05
-8.78852e-07
7.77408e-05
-5.91787e-07
7.77034e-05
-2.97625e-07
7.76795e-05
-2.57104e-15
7.76678e-05
2.97625e-07
7.76678e-05
5.91787e-07
7.76795e-05
8.78852e-07
7.77034e-05
1.15483e-06
7.77408e-05
1.41515e-06
7.77938e-05
1.65443e-06
7.78651e-05
1.86614e-06
7.79589e-05
2.04223e-06
7.80808e-05
2.17256e-06
7.82384e-05
2.24431e-06
7.84418e-05
2.24109e-06
7.87051e-05
2.14198e-06
7.9047e-05
1.9203e-06
7.94927e-05
1.5424e-06
8.00758e-05
9.66838e-07
8.08404e-05
1.44673e-07
8.18424e-05
-9.76921e-07
8.31488e-05
-2.44373e-06
8.48281e-05
-4.268e-06
8.6922e-05
-6.37173e-06
8.9367e-05
-8.47537e-06
9.17981e-05
-9.92671e-06
9.31276e-05
-9.5911e-06
9.05339e-05
-6.0835e-06
7.71609e-05
4.39398e-05
5.05985e-06
3.888e-05
8.73281e-06
7.34879e-05
9.86047e-06
8.94062e-05
9.11098e-06
9.38771e-05
7.43676e-06
9.34723e-05
5.52123e-06
9.12825e-05
3.7244e-06
8.87188e-05
2.1952e-06
8.63573e-05
9.69014e-07
8.4375e-05
2.80786e-08
8.27834e-05
-6.65519e-07
8.1534e-05
-1.15368e-06
8.0564e-05
-1.47523e-06
7.98143e-05
-1.6635e-06
7.92353e-05
-1.74594e-06
7.87876e-05
-1.74472e-06
7.84406e-05
-1.67753e-06
7.81712e-05
-1.55846e-06
7.79618e-05
-1.39879e-06
7.77993e-05
-1.20757e-06
7.76739e-05
-9.9221e-07
7.75784e-05
-7.58837e-07
7.75075e-05
-5.12683e-07
7.74573e-05
-2.5834e-07
7.74252e-05
-2.51308e-15
7.74095e-05
2.5834e-07
7.74095e-05
5.12683e-07
7.74252e-05
7.58837e-07
7.74573e-05
9.9221e-07
7.75075e-05
1.20757e-06
7.75784e-05
1.39879e-06
7.76739e-05
1.55846e-06
7.77993e-05
1.67753e-06
7.79618e-05
1.74472e-06
7.81712e-05
1.74594e-06
7.84406e-05
1.6635e-06
7.87876e-05
1.47523e-06
7.92353e-05
1.15368e-06
7.98143e-05
6.65519e-07
8.0564e-05
-2.80786e-08
8.1534e-05
-9.69014e-07
8.27834e-05
-2.1952e-06
8.4375e-05
-3.7244e-06
8.63573e-05
-5.52123e-06
8.87188e-05
-7.43676e-06
9.12825e-05
-9.11098e-06
9.34723e-05
-9.86047e-06
9.38771e-05
-8.73281e-06
8.94062e-05
-5.05985e-06
7.34879e-05
3.888e-05
4.15698e-06
3.4723e-05
7.79642e-06
6.98485e-05
9.48743e-06
8.77152e-05
9.36209e-06
9.40024e-05
8.14801e-06
9.46864e-05
6.49268e-06
9.29378e-05
4.79845e-06
9.0413e-05
3.2699e-06
8.78859e-05
1.98689e-06
8.5658e-05
9.61427e-07
8.38088e-05
1.73536e-07
8.23219e-05
-4.08803e-07
8.11463e-05
-8.19544e-07
8.0225e-05
-1.09002e-06
7.95058e-05
-1.24731e-06
7.89449e-05
-1.31397e-06
7.85073e-05
-1.30848e-06
7.81657e-05
-1.24583e-06
7.78991e-05
-1.13817e-06
7.76916e-05
-9.95398e-07
7.75311e-05
-8.25641e-07
7.74087e-05
-6.35712e-07
7.73175e-05
-4.31441e-07
7.7253e-05
-2.17968e-07
7.72117e-05
-2.42631e-15
7.71915e-05
2.17968e-07
7.71915e-05
4.31441e-07
7.72117e-05
6.35712e-07
7.7253e-05
8.25641e-07
7.73175e-05
9.95398e-07
7.74087e-05
1.13817e-06
7.75311e-05
1.24583e-06
7.76916e-05
1.30848e-06
7.78991e-05
1.31397e-06
7.81657e-05
1.24731e-06
7.85073e-05
1.09002e-06
7.89449e-05
8.19544e-07
7.95058e-05
4.08803e-07
8.0225e-05
-1.73536e-07
8.11463e-05
-9.61427e-07
8.23219e-05
-1.98689e-06
8.38088e-05
-3.2699e-06
8.5658e-05
-4.79845e-06
8.78859e-05
-6.49268e-06
9.0413e-05
-8.14801e-06
9.29378e-05
-9.36209e-06
9.46864e-05
-9.48743e-06
9.40024e-05
-7.79642e-06
8.77152e-05
-4.15698e-06
6.98485e-05
3.4723e-05
3.40448e-06
3.13185e-05
6.89495e-06
6.6358e-05
8.95609e-06
8.56541e-05
9.35259e-06
9.36059e-05
8.58715e-06
9.54518e-05
7.22916e-06
9.42958e-05
5.68996e-06
9.19522e-05
4.21203e-06
8.93638e-05
2.91308e-06
8.69569e-05
1.834e-06
8.48879e-05
9.74095e-07
8.31818e-05
3.13136e-07
8.18073e-05
-1.76187e-07
8.07143e-05
-5.21821e-07
7.98514e-05
-7.49394e-07
7.91724e-05
-8.81138e-07
7.8639e-05
-9.35772e-07
7.82203e-05
-9.2881e-07
7.78921e-05
-8.73029e-07
7.76358e-05
-7.78967e-07
7.74371e-05
-6.55386e-07
7.72851e-05
-5.0967e-07
7.71718e-05
-3.48185e-07
7.70915e-05
-1.76569e-07
7.70401e-05
-2.36371e-15
7.7015e-05
1.76569e-07
7.7015e-05
3.48185e-07
7.70401e-05
5.0967e-07
7.70915e-05
6.55386e-07
7.71718e-05
7.78967e-07
7.72851e-05
8.73029e-07
7.74371e-05
9.2881e-07
7.76358e-05
9.35772e-07
7.78921e-05
8.81138e-07
7.82203e-05
7.49394e-07
7.8639e-05
5.21821e-07
7.91724e-05
1.76187e-07
7.98514e-05
-3.13136e-07
8.07143e-05
-9.74095e-07
8.18073e-05
-1.834e-06
8.31818e-05
-2.91308e-06
8.48879e-05
-4.21203e-06
8.69569e-05
-5.68996e-06
8.93638e-05
-7.22916e-06
9.19522e-05
-8.58715e-06
9.42958e-05
-9.35259e-06
9.54518e-05
-8.95609e-06
9.36059e-05
-6.89495e-06
8.56541e-05
-3.40448e-06
6.6358e-05
3.13185e-05
2.79641e-06
2.85221e-05
6.07952e-06
6.30749e-05
8.36157e-06
8.3372e-05
9.17571e-06
9.27918e-05
8.82321e-06
9.58043e-05
7.77434e-06
9.53447e-05
6.42369e-06
9.33029e-05
5.03431e-06
9.07532e-05
3.75339e-06
8.82379e-05
2.64792e-06
8.59934e-05
1.73647e-06
8.40932e-05
1.01165e-06
8.25321e-05
4.54058e-07
8.12719e-05
4.0276e-08
8.02652e-05
-2.52974e-07
7.94657e-05
-4.46901e-07
7.88329e-05
-5.59969e-07
7.83334e-05
-6.07859e-07
7.794e-05
-6.03727e-07
7.76317e-05
-5.58581e-07
7.73919e-05
-4.81674e-07
7.72082e-05
-3.80879e-07
7.7071e-05
-2.63027e-07
7.69737e-05
-1.34199e-07
7.69112e-05
-2.36182e-15
7.68808e-05
1.34199e-07
7.68808e-05
2.63027e-07
7.69112e-05
3.80879e-07
7.69737e-05
4.81674e-07
7.7071e-05
5.58581e-07
7.72082e-05
6.03727e-07
7.73919e-05
6.07859e-07
7.76317e-05
5.59969e-07
7.794e-05
4.46901e-07
7.83334e-05
2.52974e-07
7.88329e-05
-4.0276e-08
7.94657e-05
-4.54058e-07
8.02652e-05
-1.01165e-06
8.12719e-05
-1.73647e-06
8.25321e-05
-2.64792e-06
8.40932e-05
-3.75339e-06
8.59934e-05
-5.03431e-06
8.82379e-05
-6.42369e-06
9.07532e-05
-7.77434e-06
9.33029e-05
-8.82321e-06
9.53447e-05
-9.17571e-06
9.58043e-05
-8.36157e-06
9.27918e-05
-6.07952e-06
8.3372e-05
-2.79641e-06
6.30749e-05
2.85221e-05
2.31408e-06
2.6208e-05
5.36806e-06
6.00209e-05
7.76259e-06
8.09775e-05
8.89981e-06
9.16546e-05
8.91295e-06
9.57912e-05
8.16762e-06
9.609e-05
7.02392e-06
9.44466e-05
5.75037e-06
9.20267e-05
4.5148e-06
8.94734e-05
3.40632e-06
8.71019e-05
2.46174e-06
8.50378e-05
1.68678e-06
8.3307e-05
1.07076e-06
8.18879e-05
5.95659e-07
8.07403e-05
2.41313e-07
7.982e-05
-1.18579e-08
7.90861e-05
-1.81606e-07
7.85031e-05
-2.83442e-07
7.80419e-05
-3.30658e-07
7.76789e-05
-3.34555e-07
7.73958e-05
-3.04754e-07
7.71784e-05
-2.49523e-07
7.70158e-05
-1.76086e-07
7.69002e-05
-9.09165e-08
7.68261e-05
-2.43075e-15
7.67898e-05
9.09165e-08
7.67898e-05
1.76086e-07
7.68261e-05
2.49523e-07
7.69002e-05
3.04754e-07
7.70158e-05
3.34555e-07
7.71784e-05
3.30658e-07
7.73958e-05
2.83442e-07
7.76789e-05
1.81606e-07
7.80419e-05
1.18579e-08
7.85031e-05
-2.41313e-07
7.90861e-05
-5.95659e-07
7.982e-05
-1.07076e-06
8.07403e-05
-1.68678e-06
8.18879e-05
-2.46174e-06
8.3307e-05
-3.40632e-06
8.50378e-05
-4.5148e-06
8.71019e-05
-5.75037e-06
8.94734e-05
-7.02392e-06
9.20267e-05
-8.16762e-06
9.44466e-05
-8.91295e-06
9.609e-05
-8.89981e-06
9.57912e-05
-7.76259e-06
9.16546e-05
-5.36806e-06
8.09775e-05
-2.31408e-06
6.00209e-05
2.6208e-05
1.9356e-06
2.42724e-05
4.76088e-06
5.71956e-05
7.19315e-06
7.85452e-05
8.57326e-06
9.02745e-05
8.90144e-06
9.5463e-05
8.44311e-06
9.65483e-05
7.51329e-06
9.53764e-05
6.37386e-06
9.31661e-05
5.20485e-06
9.06424e-05
4.11301e-06
8.81937e-05
3.15153e-06
8.59993e-05
2.33898e-06
8.41196e-05
1.67379e-06
8.25531e-05
1.14393e-06
8.12702e-05
7.3297e-07
8.0231e-05
4.23482e-07
7.93956e-05
1.98841e-07
7.87278e-05
4.40156e-08
7.81967e-05
-5.41871e-08
7.77771e-05
-1.07194e-07
7.74488e-05
-1.24869e-07
7.7196e-05
-1.15782e-07
7.70067e-05
-8.74835e-08
7.68719e-05
-4.67825e-08
7.67854e-05
-2.56775e-15
7.67431e-05
4.67825e-08
7.67431e-05
8.74835e-08
7.67854e-05
1.15782e-07
7.68719e-05
1.24869e-07
7.70067e-05
1.07194e-07
7.7196e-05
5.41871e-08
7.74488e-05
-4.40156e-08
7.77771e-05
-1.98841e-07
7.81967e-05
-4.23482e-07
7.87278e-05
-7.3297e-07
7.93956e-05
-1.14393e-06
8.0231e-05
-1.67379e-06
8.12702e-05
-2.33898e-06
8.25531e-05
-3.15153e-06
8.41196e-05
-4.11301e-06
8.59993e-05
-5.20485e-06
8.81937e-05
-6.37386e-06
9.06424e-05
-7.51329e-06
9.31661e-05
-8.44311e-06
9.53764e-05
-8.90144e-06
9.65483e-05
-8.57326e-06
9.5463e-05
-7.19315e-06
9.02745e-05
-4.76088e-06
7.85452e-05
-1.9356e-06
5.71956e-05
2.42724e-05
1.64024e-06
2.26322e-05
4.2499e-06
5.4586e-05
6.67115e-06
7.6124e-05
8.22921e-06
8.87164e-05
8.82362e-06
9.48686e-05
8.62961e-06
9.67423e-05
7.91224e-06
9.60938e-05
6.91788e-06
9.41605e-05
5.83125e-06
9.17291e-05
4.77213e-06
8.92528e-05
3.80782e-06
8.69636e-05
2.969e-06
8.49584e-05
2.26321e-06
8.32589e-05
1.68482e-06
8.18485e-05
1.22158e-06
8.06942e-05
8.58659e-07
7.97585e-05
5.80917e-07
7.90055e-05
3.74097e-07
7.84035e-05
2.25318e-07
7.79259e-05
1.23192e-07
7.75509e-05
5.77315e-08
7.72615e-05
2.01564e-08
7.70443e-05
2.65539e-09
7.68894e-05
-1.85957e-09
7.67899e-05
-2.7568e-15
7.67412e-05
1.85956e-09
7.67412e-05
-2.6554e-09
7.67899e-05
-2.01564e-08
7.68894e-05
-5.77315e-08
7.70443e-05
-1.23192e-07
7.72615e-05
-2.25318e-07
7.75509e-05
-3.74097e-07
7.79259e-05
-5.80917e-07
7.84035e-05
-8.58659e-07
7.90055e-05
-1.22158e-06
7.97585e-05
-1.68482e-06
8.06942e-05
-2.26321e-06
8.18485e-05
-2.969e-06
8.32589e-05
-3.80782e-06
8.49584e-05
-4.77213e-06
8.69636e-05
-5.83125e-06
8.92528e-05
-6.91788e-06
9.17291e-05
-7.91224e-06
9.41605e-05
-8.62961e-06
9.60938e-05
-8.82362e-06
9.67423e-05
-8.22921e-06
9.48686e-05
-6.67115e-06
8.87164e-05
-4.2499e-06
7.6124e-05
-1.64024e-06
5.4586e-05
2.26322e-05
1.41023e-06
2.1222e-05
3.82376e-06
5.21724e-05
6.20435e-06
7.37434e-05
7.88957e-06
8.70312e-05
8.70586e-06
9.40523e-05
8.75075e-06
9.66975e-05
8.23873e-06
9.66058e-05
7.39456e-06
9.50047e-05
6.40151e-06
9.27221e-05
5.38794e-06
9.02664e-05
4.43279e-06
8.79187e-05
3.57773e-06
8.58135e-05
2.83921e-06
8.39975e-05
2.21813e-06
8.24696e-05
1.70677e-06
8.12056e-05
1.29323e-06
8.01721e-05
9.64172e-07
7.93346e-05
7.06376e-07
7.86613e-05
5.07475e-07
7.81248e-05
3.56275e-07
7.77021e-05
2.42782e-07
7.7375e-05
1.58089e-07
7.7129e-05
9.4195e-08
7.69533e-05
4.37841e-08
7.68403e-05
-2.98406e-15
7.6785e-05
-4.37841e-08
7.6785e-05
-9.4195e-08
7.68403e-05
-1.58089e-07
7.69533e-05
-2.42782e-07
7.7129e-05
-3.56275e-07
7.7375e-05
-5.07475e-07
7.77021e-05
-7.06376e-07
7.81248e-05
-9.64172e-07
7.86613e-05
-1.29323e-06
7.93346e-05
-1.70677e-06
8.01721e-05
-2.21813e-06
8.12056e-05
-2.83921e-06
8.24696e-05
-3.57773e-06
8.39975e-05
-4.43279e-06
8.58135e-05
-5.38794e-06
8.79187e-05
-6.40151e-06
9.02664e-05
-7.39456e-06
9.27221e-05
-8.23873e-06
9.50047e-05
-8.75075e-06
9.66058e-05
-8.70586e-06
9.66975e-05
-7.88957e-06
9.40523e-05
-6.20435e-06
8.70312e-05
-3.82376e-06
7.37434e-05
-1.41023e-06
5.21724e-05
2.1222e-05
1.23103e-06
1.99909e-05
3.47053e-06
4.99329e-05
5.79426e-06
7.14197e-05
7.56805e-06
8.52574e-05
8.56752e-06
9.30529e-05
8.82552e-06
9.64394e-05
8.50807e-06
9.69233e-05
7.81481e-06
9.56979e-05
6.92267e-06
9.36142e-05
5.96459e-06
9.12245e-05
5.02863e-06
8.88547e-05
4.16616e-06
8.66759e-05
3.40203e-06
8.47616e-05
2.7437e-06
8.31279e-05
2.18817e-06
8.17611e-05
1.72673e-06
8.06335e-05
1.34813e-06
7.97132e-05
1.04039e-06
7.8969e-05
7.91873e-07
7.83733e-05
5.91702e-07
7.79023e-05
4.29991e-07
7.75367e-05
2.97795e-07
7.72612e-05
1.86987e-07
7.70641e-05
9.00739e-08
7.69372e-05
-3.23303e-15
7.68751e-05
-9.00739e-08
7.68751e-05
-1.86987e-07
7.69372e-05
-2.97795e-07
7.70641e-05
-4.29991e-07
7.72612e-05
-5.91702e-07
7.75367e-05
-7.91873e-07
7.79023e-05
-1.04039e-06
7.83733e-05
-1.34813e-06
7.8969e-05
-1.72673e-06
7.97132e-05
-2.18817e-06
8.06335e-05
-2.7437e-06
8.17611e-05
-3.40203e-06
8.31279e-05
-4.16616e-06
8.47616e-05
-5.02863e-06
8.66759e-05
-5.96459e-06
8.88547e-05
-6.92267e-06
9.12245e-05
-7.81481e-06
9.36142e-05
-8.50807e-06
9.56979e-05
-8.82552e-06
9.69233e-05
-8.56752e-06
9.64394e-05
-7.56805e-06
9.30529e-05
-5.79426e-06
8.52574e-05
-3.47053e-06
7.14197e-05
-1.23103e-06
4.99329e-05
1.99909e-05
1.09117e-06
1.88998e-05
3.17893e-06
4.78452e-05
5.43877e-06
6.91598e-05
7.27249e-06
8.34237e-05
8.42235e-06
9.1903e-05
8.86874e-06
9.59931e-05
8.73305e-06
9.7059e-05
8.18819e-06
9.62428e-05
7.40114e-06
9.44013e-05
6.50597e-06
9.21196e-05
5.59744e-06
8.97632e-05
4.7352e-06
8.75382e-05
3.95189e-06
8.55449e-05
3.26135e-06
8.38185e-05
2.66536e-06
8.23571e-05
2.15866e-06
8.11402e-05
1.73226e-06
8.01396e-05
1.37566e-06
7.93256e-05
1.07806e-06
7.86709e-05
8.29079e-07
7.81513e-05
6.19038e-07
7.77467e-05
4.3903e-07
7.74412e-05
2.80865e-07
7.72223e-05
1.36927e-07
7.70811e-05
-3.49446e-15
7.7012e-05
-1.36927e-07
7.7012e-05
-2.80865e-07
7.70811e-05
-4.3903e-07
7.72223e-05
-6.19038e-07
7.74412e-05
-8.29079e-07
7.77467e-05
-1.07806e-06
7.81513e-05
-1.37566e-06
7.86709e-05
-1.73226e-06
7.93256e-05
-2.15866e-06
8.01396e-05
-2.66536e-06
8.11402e-05
-3.26135e-06
8.23571e-05
-3.95189e-06
8.38185e-05
-4.7352e-06
8.55449e-05
-5.59744e-06
8.75382e-05
-6.50597e-06
8.97632e-05
-7.40114e-06
9.21196e-05
-8.18819e-06
9.44013e-05
-8.73305e-06
9.62428e-05
-8.86874e-06
9.7059e-05
-8.42235e-06
9.59931e-05
-7.27249e-06
9.1903e-05
-5.43877e-06
8.34237e-05
-3.17893e-06
6.91598e-05
-1.09117e-06
4.78452e-05
1.88998e-05
9.81715e-07
1.7918e-05
2.93887e-06
4.5888e-05
5.13371e-06
6.6965e-05
7.00664e-06
8.15507e-05
8.27967e-06
9.063e-05
8.89163e-06
9.53811e-05
8.92399e-06
9.70266e-05
8.52278e-06
9.6644e-05
7.84252e-06
9.50816e-05
7.01558e-06
9.29466e-05
6.14114e-06
9.06377e-05
5.28569e-06
8.83936e-05
4.48893e-06
8.63417e-05
3.7708e-06
8.45366e-05
3.13789e-06
8.299e-05
2.58846e-06
8.16896e-05
2.11599e-06
8.0612e-05
1.7116e-06
7.973e-05
1.36552e-06
7.9017e-05
1.06797e-06
7.84488e-05
8.09563e-07
7.80051e-05
5.81519e-07
7.76692e-05
3.75645e-07
7.74282e-05
1.84249e-07
7.72725e-05
-3.75768e-15
7.71962e-05
-1.84249e-07
7.71962e-05
-3.75645e-07
7.72725e-05
-5.81519e-07
7.74282e-05
-8.09563e-07
7.76692e-05
-1.06797e-06
7.80051e-05
-1.36552e-06
7.84488e-05
-1.7116e-06
7.9017e-05
-2.11599e-06
7.973e-05
-2.58846e-06
8.0612e-05
-3.13789e-06
8.16896e-05
-3.7708e-06
8.299e-05
-4.48893e-06
8.45366e-05
-5.28569e-06
8.63417e-05
-6.14114e-06
8.83936e-05
-7.01558e-06
9.06377e-05
-7.84252e-06
9.29466e-05
-8.52278e-06
9.50816e-05
-8.92399e-06
9.6644e-05
-8.89163e-06
9.70266e-05
-8.27967e-06
9.53811e-05
-7.00664e-06
9.063e-05
-5.13371e-06
8.15507e-05
-2.93887e-06
6.6965e-05
-9.81715e-07
4.5888e-05
1.7918e-05
8.95755e-07
1.70223e-05
2.74155e-06
4.40422e-05
4.8739e-06
6.48326e-05
6.77138e-06
7.96533e-05
8.14537e-06
8.9256e-05
8.90239e-06
9.46241e-05
9.08902e-06
9.684e-05
8.82525e-06
9.69078e-05
8.2516e-06
9.56552e-05
7.49644e-06
9.37017e-05
6.66135e-06
9.14728e-05
5.81828e-06
8.92367e-05
5.01317e-06
8.71468e-05
4.2717e-06
8.52781e-05
3.60519e-06
8.36565e-05
3.01548e-06
8.22793e-05
2.49865e-06
8.11289e-05
2.0476e-06
8.01811e-05
1.6537e-06
7.94109e-05
1.30788e-06
7.87947e-05
1.00116e-06
7.83119e-05
7.24956e-07
7.79454e-05
4.7112e-07
7.7682e-05
2.31938e-07
7.75117e-05
-4.01898e-15
7.74282e-05
-2.31938e-07
7.74282e-05
-4.7112e-07
7.75117e-05
-7.24956e-07
7.7682e-05
-1.00116e-06
7.79454e-05
-1.30788e-06
7.83119e-05
-1.6537e-06
7.87947e-05
-2.0476e-06
7.94109e-05
-2.49865e-06
8.01811e-05
-3.01548e-06
8.11289e-05
-3.60519e-06
8.22793e-05
-4.2717e-06
8.36565e-05
-5.01317e-06
8.52781e-05
-5.81828e-06
8.71468e-05
-6.66135e-06
8.92367e-05
-7.49644e-06
9.14728e-05
-8.2516e-06
9.37017e-05
-8.82525e-06
9.56552e-05
-9.08902e-06
9.69078e-05
-8.90239e-06
9.684e-05
-8.14537e-06
9.46241e-05
-6.77138e-06
8.9256e-05
-4.8739e-06
7.96533e-05
-2.74155e-06
6.48326e-05
-8.95755e-07
4.40422e-05
1.70223e-05
8.27948e-07
1.61943e-05
2.5794e-06
4.22908e-05
4.65378e-06
6.27582e-05
6.56568e-06
7.77414e-05
8.02266e-06
8.7799e-05
8.90668e-06
9.37401e-05
9.23426e-06
9.65124e-05
9.1009e-06
9.70411e-05
8.63226e-06
9.61239e-05
7.95102e-06
9.4383e-05
7.15937e-06
9.22644e-05
6.33342e-06
9.00626e-05
5.52448e-06
8.79557e-05
4.76357e-06
8.6039e-05
4.06659e-06
8.43535e-05
3.43898e-06
8.2907e-05
2.87951e-06
8.16883e-05
2.38294e-06
8.06776e-05
1.94195e-06
7.98519e-05
1.54827e-06
7.91884e-05
1.19339e-06
7.86667e-05
8.69001e-07
7.82698e-05
5.67062e-07
7.79839e-05
2.79877e-07
7.77989e-05
-4.27263e-15
7.77081e-05
-2.79877e-07
7.77081e-05
-5.67062e-07
7.77989e-05
-8.69001e-07
7.79839e-05
-1.19339e-06
7.82698e-05
-1.54827e-06
7.86667e-05
-1.94195e-06
7.91884e-05
-2.38294e-06
7.98519e-05
-2.87951e-06
8.06776e-05
-3.43898e-06
8.16883e-05
-4.06659e-06
8.2907e-05
-4.76357e-06
8.43535e-05
-5.52448e-06
8.6039e-05
-6.33342e-06
8.79557e-05
-7.15937e-06
9.00626e-05
-7.95102e-06
9.22644e-05
-8.63226e-06
9.4383e-05
-9.1009e-06
9.61239e-05
-9.23426e-06
9.70411e-05
-8.90668e-06
9.65124e-05
-8.02266e-06
9.37401e-05
-6.56568e-06
8.7799e-05
-4.65378e-06
7.77414e-05
-2.5794e-06
6.27582e-05
-8.27948e-07
4.22908e-05
1.61943e-05
7.74145e-07
1.54202e-05
2.44591e-06
4.0619e-05
4.46772e-06
6.07364e-05
6.3872e-06
7.58219e-05
7.91279e-06
8.62734e-05
8.90807e-06
9.27448e-05
9.36411e-06
9.60564e-05
9.35372e-06
9.70515e-05
8.98755e-06
9.649e-05
8.38123e-06
9.49893e-05
7.63614e-06
9.30095e-05
6.83127e-06
9.08675e-05
6.02253e-06
8.87644e-05
5.24579e-06
8.68157e-05
4.5213e-06
8.5078e-05
3.85811e-06
8.35701e-05
3.25771e-06
8.22887e-05
2.71686e-06
8.12185e-05
2.22958e-06
8.03391e-05
1.78852e-06
7.96294e-05
1.38576e-06
7.90695e-05
1.01328e-06
7.86423e-05
6.63217e-07
7.8334e-05
3.2794e-07
7.81342e-05
-4.51875e-15
7.8036e-05
-3.2794e-07
7.8036e-05
-6.63217e-07
7.81342e-05
-1.01328e-06
7.8334e-05
-1.38576e-06
7.86423e-05
-1.78852e-06
7.90695e-05
-2.22958e-06
7.96294e-05
-2.71686e-06
8.03391e-05
-3.25771e-06
8.12185e-05
-3.85811e-06
8.22887e-05
-4.5213e-06
8.35701e-05
-5.24579e-06
8.5078e-05
-6.02253e-06
8.68157e-05
-6.83127e-06
8.87644e-05
-7.63614e-06
9.08675e-05
-8.38123e-06
9.30095e-05
-8.98755e-06
9.49893e-05
-9.35372e-06
9.649e-05
-9.36411e-06
9.70515e-05
-8.90807e-06
9.60564e-05
-7.91279e-06
9.27448e-05
-6.3872e-06
8.62734e-05
-4.46772e-06
7.58219e-05
-2.44591e-06
6.07364e-05
-7.74145e-07
4.0619e-05
1.54202e-05
7.3109e-07
1.46891e-05
2.33552e-06
3.90146e-05
4.3103e-06
5.87616e-05
6.23281e-06
7.38994e-05
7.81548e-06
8.46907e-05
8.90848e-06
9.16518e-05
9.48143e-06
9.54834e-05
9.58657e-06
9.69464e-05
9.31966e-06
9.67569e-05
8.78844e-06
9.55205e-05
8.09222e-06
9.37057e-05
7.31179e-06
9.16479e-05
6.50682e-06
8.95694e-05
5.71756e-06
8.7605e-05
4.96841e-06
8.58272e-05
4.27192e-06
8.42666e-05
3.63233e-06
8.29283e-05
3.04847e-06
8.18024e-05
2.51581e-06
8.08718e-05
2.02799e-06
8.01172e-05
1.57772e-06
7.95198e-05
1.15737e-06
7.90627e-05
7.5931e-07
7.87321e-05
3.75989e-07
7.85175e-05
-4.75443e-15
7.8412e-05
-3.75989e-07
7.8412e-05
-7.5931e-07
7.85175e-05
-1.15737e-06
7.87321e-05
-1.57772e-06
7.90627e-05
-2.02799e-06
7.95198e-05
-2.51581e-06
8.01172e-05
-3.04847e-06
8.08718e-05
-3.63233e-06
8.18024e-05
-4.27192e-06
8.29283e-05
-4.96841e-06
8.42666e-05
-5.71756e-06
8.58272e-05
-6.50682e-06
8.7605e-05
-7.31179e-06
8.95694e-05
-8.09222e-06
9.16479e-05
-8.78844e-06
9.37057e-05
-9.31966e-06
9.55205e-05
-9.58657e-06
9.67569e-05
-9.48143e-06
9.69464e-05
-8.90848e-06
9.54834e-05
-7.81548e-06
9.16518e-05
-6.23281e-06
8.46907e-05
-4.3103e-06
7.38994e-05
-2.33552e-06
5.87616e-05
-7.3109e-07
3.90146e-05
1.46891e-05
6.96203e-07
1.39929e-05
2.24347e-06
3.74673e-05
4.17639e-06
5.68287e-05
6.09893e-06
7.19769e-05
7.72943e-06
8.30602e-05
8.90848e-06
9.04727e-05
9.58787e-06
9.4804e-05
9.80126e-06
9.6733e-05
9.63004e-06
9.69282e-05
9.17347e-06
9.59771e-05
8.52779e-06
9.43514e-05
7.77462e-06
9.24011e-05
6.97663e-06
9.03674e-05
6.17796e-06
8.84037e-05
5.40688e-06
8.65982e-05
4.67934e-06
8.49942e-05
4.00235e-06
8.36053e-05
3.37683e-06
8.24279e-05
2.79981e-06
8.14488e-05
2.26596e-06
8.06511e-05
1.7687e-06
8.0017e-05
1.30086e-06
7.95305e-05
8.55046e-07
7.91779e-05
4.23875e-07
7.89487e-05
-4.98121e-15
7.88359e-05
-4.23875e-07
7.88359e-05
-8.55046e-07
7.89487e-05
-1.30086e-06
7.91779e-05
-1.7687e-06
7.95305e-05
-2.26596e-06
8.0017e-05
-2.79981e-06
8.06511e-05
-3.37683e-06
8.14488e-05
-4.00235e-06
8.24279e-05
-4.67934e-06
8.36053e-05
-5.40688e-06
8.49942e-05
-6.17796e-06
8.65982e-05
-6.97663e-06
8.84037e-05
-7.77462e-06
9.03674e-05
-8.52779e-06
9.24011e-05
-9.17347e-06
9.43514e-05
-9.63004e-06
9.59771e-05
-9.80126e-06
9.69282e-05
-9.58787e-06
9.6733e-05
-8.90848e-06
9.4804e-05
-7.72943e-06
9.04727e-05
-6.09893e-06
8.30602e-05
-4.17639e-06
7.19769e-05
-2.24347e-06
5.68287e-05
-6.96203e-07
3.74673e-05
1.39929e-05
6.67422e-07
1.33255e-05
2.16567e-06
3.5969e-05
4.06126e-06
5.49331e-05
5.98176e-06
7.00563e-05
7.65258e-06
8.13894e-05
8.90769e-06
8.92176e-05
9.68406e-06
9.40276e-05
9.99876e-06
9.64183e-05
9.91947e-06
9.70075e-05
9.53665e-06
9.63599e-05
8.9427e-06
9.49453e-05
8.21919e-06
9.31246e-05
7.43109e-06
9.11555e-05
6.62592e-06
8.92088e-05
5.83555e-06
8.73886e-05
5.07922e-06
8.57505e-05
4.36667e-06
8.43179e-05
3.70095e-06
8.30936e-05
3.08068e-06
8.20691e-05
2.50166e-06
8.12301e-05
1.95808e-06
8.05606e-05
1.44325e-06
8.00453e-05
9.50113e-07
7.9671e-05
4.71442e-07
7.94273e-05
-5.19673e-15
7.93073e-05
-4.71442e-07
7.93073e-05
-9.50113e-07
7.94273e-05
-1.44325e-06
7.9671e-05
-1.95808e-06
8.00453e-05
-2.50166e-06
8.05606e-05
-3.08068e-06
8.12301e-05
-3.70095e-06
8.20691e-05
-4.36667e-06
8.30936e-05
-5.07922e-06
8.43179e-05
-5.83555e-06
8.57505e-05
-6.62592e-06
8.73886e-05
-7.43109e-06
8.92088e-05
-8.21919e-06
9.11555e-05
-8.9427e-06
9.31246e-05
-9.53665e-06
9.49453e-05
-9.91947e-06
9.63599e-05
-9.99876e-06
9.70075e-05
-9.68406e-06
9.64183e-05
-8.90769e-06
9.40276e-05
-7.65258e-06
8.92176e-05
-5.98176e-06
8.13894e-05
-4.06126e-06
7.00563e-05
-2.16567e-06
5.49331e-05
-6.67422e-07
3.5969e-05
1.33255e-05
6.4309e-07
1.26824e-05
2.09862e-06
3.45135e-05
3.96057e-06
5.30712e-05
5.87751e-06
6.81394e-05
7.58244e-06
7.96845e-05
8.90498e-06
8.78951e-05
9.76983e-06
9.31628e-05
1.01793e-05
9.60088e-05
1.01882e-05
9.69986e-05
9.87791e-06
9.66701e-05
9.3365e-06
9.54867e-05
8.64471e-06
9.38164e-05
7.86916e-06
9.1931e-05
7.06026e-06
9.00177e-05
6.2532e-06
8.81957e-05
5.47034e-06
8.65334e-05
4.72413e-06
8.50641e-05
4.01977e-06
8.3798e-05
3.3575e-06
8.27314e-05
2.73431e-06
8.18533e-05
2.14522e-06
8.11497e-05
1.58408e-06
8.06065e-05
1.04419e-06
8.02109e-05
5.18526e-07
7.9953e-05
-5.40211e-15
7.98258e-05
-5.18526e-07
7.98258e-05
-1.04419e-06
7.9953e-05
-1.58408e-06
8.02109e-05
-2.14522e-06
8.06065e-05
-2.73431e-06
8.11497e-05
-3.3575e-06
8.18533e-05
-4.01977e-06
8.27314e-05
-4.72413e-06
8.3798e-05
-5.47034e-06
8.50641e-05
-6.2532e-06
8.65334e-05
-7.06026e-06
8.81957e-05
-7.86916e-06
9.00177e-05
-8.64471e-06
9.1931e-05
-9.3365e-06
9.38164e-05
-9.87791e-06
9.54867e-05
-1.01882e-05
9.66701e-05
-1.01793e-05
9.69986e-05
-9.76983e-06
9.60088e-05
-8.90498e-06
9.31628e-05
-7.58244e-06
8.78951e-05
-5.87751e-06
7.96845e-05
-3.96057e-06
6.81394e-05
-2.09862e-06
5.30712e-05
-6.4309e-07
3.45135e-05
1.26824e-05
6.21873e-07
1.20605e-05
2.03938e-06
3.3096e-05
3.87048e-06
5.12401e-05
5.78254e-06
6.62273e-05
7.5163e-06
7.79507e-05
8.89875e-06
8.65126e-05
9.84446e-06
9.22171e-05
1.03427e-05
9.55106e-05
1.04359e-05
9.69054e-05
1.01968e-05
9.69092e-05
9.70849e-06
9.59751e-05
9.05022e-06
9.44747e-05
8.28967e-06
9.26916e-05
7.47971e-06
9.08277e-05
6.65852e-06
8.90169e-05
5.85143e-06
8.73405e-05
5.07353e-06
8.5842e-05
4.33219e-06
8.45393e-05
3.6293e-06
8.34343e-05
2.9631e-06
8.25195e-05
2.32946e-06
8.17833e-05
1.72285e-06
8.12131e-05
1.13693e-06
8.07968e-05
5.6496e-07
8.0525e-05
-5.59439e-15
8.03908e-05
-5.6496e-07
8.03908e-05
-1.13693e-06
8.0525e-05
-1.72285e-06
8.07968e-05
-2.32946e-06
8.12131e-05
-2.9631e-06
8.17833e-05
-3.6293e-06
8.25195e-05
-4.33219e-06
8.34343e-05
-5.07353e-06
8.45393e-05
-5.85143e-06
8.5842e-05
-6.65852e-06
8.73405e-05
-7.47971e-06
8.90169e-05
-8.28967e-06
9.08277e-05
-9.05022e-06
9.26916e-05
-9.70849e-06
9.44747e-05
-1.01968e-05
9.59751e-05
-1.04359e-05
9.69092e-05
-1.03427e-05
9.69054e-05
-9.84446e-06
9.55106e-05
-8.89875e-06
9.22171e-05
-7.5163e-06
8.65126e-05
-5.78254e-06
7.79507e-05
-3.87048e-06
6.62273e-05
-2.03938e-06
5.12401e-05
-6.21873e-07
3.3096e-05
1.20605e-05
6.02709e-07
1.14578e-05
1.98546e-06
3.17133e-05
3.78763e-06
4.94379e-05
5.69345e-06
6.43215e-05
7.45144e-06
7.61927e-05
8.88717e-06
8.50769e-05
9.90684e-06
9.11974e-05
1.04881e-05
9.49294e-05
1.06621e-05
9.67314e-05
1.04927e-05
9.70785e-05
1.00578e-05
9.641e-05
9.43464e-06
9.50979e-05
8.69139e-06
9.34348e-05
7.88294e-06
9.16362e-05
7.05016e-06
8.98497e-05
6.22119e-06
8.81694e-05
5.41367e-06
8.66495e-05
4.63712e-06
8.53159e-05
3.89513e-06
8.41762e-05
3.18721e-06
8.32274e-05
2.51015e-06
8.24604e-05
1.85905e-06
8.18642e-05
1.22801e-06
8.14279e-05
6.10579e-07
8.11424e-05
-5.7736e-15
8.10014e-05
-6.10579e-07
8.10014e-05
-1.22801e-06
8.11424e-05
-1.85905e-06
8.14279e-05
-2.51015e-06
8.18642e-05
-3.18721e-06
8.24604e-05
-3.89513e-06
8.32274e-05
-4.63712e-06
8.41762e-05
-5.41367e-06
8.53159e-05
-6.22119e-06
8.66495e-05
-7.05016e-06
8.81694e-05
-7.88294e-06
8.98497e-05
-8.69139e-06
9.16362e-05
-9.43464e-06
9.34348e-05
-1.00578e-05
9.50979e-05
-1.04927e-05
9.641e-05
-1.06621e-05
9.70785e-05
-1.04881e-05
9.67314e-05
-9.90684e-06
9.49294e-05
-8.88717e-06
9.11974e-05
-7.45144e-06
8.50769e-05
-5.69345e-06
7.61927e-05
-3.78763e-06
6.43215e-05
-1.98546e-06
4.94379e-05
-6.02709e-07
3.17133e-05
1.14578e-05
5.84766e-07
1.0873e-05
1.93484e-06
3.03632e-05
3.70914e-06
4.76636e-05
5.60724e-06
6.24234e-05
7.38526e-06
7.44147e-05
8.86831e-06
8.35938e-05
9.95568e-06
9.011e-05
1.06147e-05
9.42704e-05
1.08659e-05
9.64802e-05
1.07647e-05
9.71797e-05
1.03834e-05
9.67913e-05
9.7968e-06
9.56845e-05
9.07305e-06
9.41586e-05
8.26861e-06
9.24406e-05
7.42677e-06
9.06915e-05
6.57831e-06
8.90179e-05
5.74332e-06
8.74845e-05
4.93346e-06
8.61257e-05
4.15402e-06
8.49557e-05
3.40583e-06
8.39756e-05
2.68662e-06
8.31796e-05
1.9922e-06
8.25586e-05
1.31711e-06
8.2103e-05
6.55215e-07
8.18043e-05
-5.93624e-15
8.16566e-05
-6.55215e-07
8.16566e-05
-1.31711e-06
8.18043e-05
-1.9922e-06
8.2103e-05
-2.68662e-06
8.25586e-05
-3.40583e-06
8.31796e-05
-4.15402e-06
8.39756e-05
-4.93346e-06
8.49557e-05
-5.74332e-06
8.61257e-05
-6.57831e-06
8.74845e-05
-7.42677e-06
8.90179e-05
-8.26861e-06
9.06915e-05
-9.07305e-06
9.24406e-05
-9.7968e-06
9.41586e-05
-1.03834e-05
9.56845e-05
-1.07647e-05
9.67913e-05
-1.08659e-05
9.71797e-05
-1.06147e-05
9.64802e-05
-9.95568e-06
9.42704e-05
-8.86831e-06
9.011e-05
-7.38526e-06
8.35938e-05
-5.60724e-06
7.44147e-05
-3.70914e-06
6.24234e-05
-1.93484e-06
4.76636e-05
-5.84766e-07
3.03632e-05
1.0873e-05
5.67416e-07
1.03056e-05
1.88593e-06
2.90447e-05
3.63267e-06
4.59169e-05
5.52132e-06
6.05348e-05
7.31542e-06
7.26206e-05
8.84034e-06
8.20689e-05
9.98965e-06
8.89607e-05
1.07215e-05
9.35386e-05
1.10466e-05
9.61551e-05
1.1012e-05
9.72143e-05
1.06843e-05
9.7119e-05
1.01356e-05
9.62332e-05
9.43338e-06
9.48608e-05
8.63541e-06
9.32385e-05
7.78706e-06
9.15398e-05
6.92154e-06
8.98834e-05
6.06132e-06
8.83447e-05
5.22015e-06
8.69669e-05
4.40506e-06
8.57708e-05
3.61817e-06
8.47625e-05
2.85826e-06
8.39395e-05
2.12181e-06
8.3295e-05
1.40389e-06
8.28209e-05
6.98709e-07
8.25095e-05
-6.08162e-15
8.23553e-05
-6.98709e-07
8.23553e-05
-1.40389e-06
8.25095e-05
-2.12181e-06
8.28209e-05
-2.85826e-06
8.3295e-05
-3.61817e-06
8.39395e-05
-4.40506e-06
8.47625e-05
-5.22015e-06
8.57708e-05
-6.06132e-06
8.69669e-05
-6.92154e-06
8.83447e-05
-7.78706e-06
8.98834e-05
-8.63541e-06
9.15398e-05
-9.43338e-06
9.32385e-05
-1.01356e-05
9.48608e-05
-1.06843e-05
9.62332e-05
-1.1012e-05
9.7119e-05
-1.10466e-05
9.72143e-05
-1.07215e-05
9.61551e-05
-9.98965e-06
9.35386e-05
-8.84034e-06
8.89607e-05
-7.31542e-06
8.20689e-05
-5.52132e-06
7.26206e-05
-3.63267e-06
6.05348e-05
-1.88593e-06
4.59169e-05
-5.67416e-07
2.90447e-05
1.03056e-05
5.50212e-07
9.75541e-06
1.83753e-06
2.77574e-05
3.55636e-06
4.41981e-05
5.43359e-06
5.86575e-05
7.23997e-06
7.08143e-05
8.80166e-06
8.05072e-05
1.00075e-05
8.77549e-05
1.08075e-05
9.27386e-05
1.12032e-05
9.57593e-05
1.12336e-05
9.71838e-05
1.09596e-05
9.73931e-05
1.04498e-05
9.6743e-05
9.77116e-06
9.55394e-05
8.98208e-06
9.40276e-05
8.12976e-06
9.23922e-05
7.24967e-06
9.07635e-05
6.36655e-06
8.92278e-05
5.49619e-06
8.78372e-05
4.64735e-06
8.66196e-05
3.82351e-06
8.55863e-05
3.02445e-06
8.47386e-05
2.24744e-06
8.40721e-05
1.48806e-06
8.35802e-05
7.40911e-07
8.32566e-05
-6.20635e-15
8.30962e-05
-7.40911e-07
8.30962e-05
-1.48806e-06
8.32566e-05
-2.24744e-06
8.35802e-05
-3.02445e-06
8.40721e-05
-3.82351e-06
8.47386e-05
-4.64735e-06
8.55863e-05
-5.49619e-06
8.66196e-05
-6.36655e-06
8.78372e-05
-7.24967e-06
8.92278e-05
-8.12976e-06
9.07635e-05
-8.98208e-06
9.23922e-05
-9.77116e-06
9.40276e-05
-1.04498e-05
9.55394e-05
-1.09596e-05
9.6743e-05
-1.12336e-05
9.73931e-05
-1.12032e-05
9.71838e-05
-1.08075e-05
9.57593e-05
-1.00075e-05
9.27386e-05
-8.80166e-06
8.77549e-05
-7.23997e-06
8.05072e-05
-5.43359e-06
7.08143e-05
-3.55636e-06
5.86575e-05
-1.83753e-06
4.41981e-05
-5.50212e-07
2.77574e-05
9.75541e-06
5.32866e-07
9.22254e-06
1.7888e-06
2.65014e-05
3.47888e-06
4.2508e-05
5.34247e-06
5.67939e-05
7.15735e-06
6.89994e-05
8.75095e-06
7.89136e-05
1.00082e-05
8.64976e-05
1.08719e-05
9.1875e-05
1.1335e-05
9.52962e-05
1.14288e-05
9.709e-05
1.12082e-05
9.76137e-05
1.07385e-05
9.72127e-05
1.00853e-05
9.61926e-05
9.30747e-06
9.48055e-05
8.45373e-06
9.32459e-05
7.56159e-06
9.16556e-05
6.65797e-06
9.01314e-05
5.76065e-06
8.87346e-05
4.88007e-06
8.75002e-05
4.02113e-06
8.64453e-05
3.18465e-06
8.55751e-05
2.36867e-06
8.4888e-05
1.56934e-06
8.43796e-05
7.81681e-07
8.40443e-05
-6.30962e-15
8.38779e-05
-7.81681e-07
8.38779e-05
-1.56934e-06
8.40443e-05
-2.36867e-06
8.43796e-05
-3.18465e-06
8.4888e-05
-4.02113e-06
8.55751e-05
-4.88007e-06
8.64453e-05
-5.76065e-06
8.75002e-05
-6.65797e-06
8.87346e-05
-7.56159e-06
9.01314e-05
-8.45373e-06
9.16556e-05
-9.30747e-06
9.32459e-05
-1.00853e-05
9.48055e-05
-1.07385e-05
9.61926e-05
-1.12082e-05
9.72127e-05
-1.14288e-05
9.76137e-05
-1.1335e-05
9.709e-05
-1.08719e-05
9.52962e-05
-1.00082e-05
9.1875e-05
-8.75095e-06
8.64976e-05
-7.15735e-06
7.89136e-05
-5.34247e-06
6.89994e-05
-3.47888e-06
5.67939e-05
-1.7888e-06
4.2508e-05
-5.32866e-07
2.65014e-05
9.22254e-06
5.15234e-07
8.70731e-06
1.73925e-06
2.52774e-05
3.39938e-06
4.08478e-05
5.2469e-06
5.49464e-05
7.06652e-06
6.71797e-05
8.68733e-06
7.72928e-05
9.9911e-06
8.51938e-05
1.09141e-05
9.0952e-05
1.14415e-05
9.47688e-05
1.1597e-05
9.69345e-05
1.14295e-05
9.77811e-05
1.10008e-05
9.76414e-05
1.03749e-05
9.68186e-05
9.61057e-06
9.55698e-05
8.75793e-06
9.40985e-05
7.85631e-06
9.25573e-05
6.93465e-06
9.10531e-05
6.01266e-06
8.96565e-05
5.1025e-06
8.84104e-05
4.21042e-06
8.73374e-05
3.33834e-06
8.64471e-05
2.48511e-06
8.57413e-05
1.64748e-06
8.52172e-05
8.2089e-07
8.48709e-05
-6.38878e-15
8.46988e-05
-8.2089e-07
8.46988e-05
-1.64748e-06
8.48709e-05
-2.48511e-06
8.52172e-05
-3.33834e-06
8.57413e-05
-4.21042e-06
8.64471e-05
-5.1025e-06
8.73374e-05
-6.01266e-06
8.84104e-05
-6.93465e-06
8.96565e-05
-7.85631e-06
9.10531e-05
-8.75793e-06
9.25573e-05
-9.61057e-06
9.40985e-05
-1.03749e-05
9.55698e-05
-1.10008e-05
9.68186e-05
-1.14295e-05
9.76414e-05
-1.1597e-05
9.77811e-05
-1.14415e-05
9.69345e-05
-1.09141e-05
9.47688e-05
-9.9911e-06
9.0952e-05
-8.68733e-06
8.51938e-05
-7.06652e-06
7.72928e-05
-5.2469e-06
6.71797e-05
-3.39938e-06
5.49464e-05
-1.73925e-06
4.08478e-05
-5.15234e-07
2.52774e-05
8.70731e-06
4.97296e-07
8.21001e-06
1.6887e-06
2.4086e-05
3.31745e-06
3.92191e-05
5.14633e-06
5.31175e-05
6.96693e-06
6.53591e-05
8.61031e-06
7.56494e-05
9.95578e-06
8.38484e-05
1.09338e-05
8.9974e-05
1.15222e-05
9.41803e-05
1.17376e-05
9.67191e-05
1.1623e-05
9.78958e-05
1.12361e-05
9.80282e-05
1.0639e-05
9.74157e-05
9.89049e-06
9.63183e-05
9.04147e-06
9.49476e-05
8.13295e-06
9.34658e-05
7.19576e-06
9.19903e-05
6.2515e-06
9.06008e-05
5.31397e-06
8.93479e-05
4.39083e-06
8.82605e-05
3.48509e-06
8.73529e-05
2.59643e-06
8.66299e-05
1.72225e-06
8.60914e-05
8.58429e-07
8.57347e-05
-6.44316e-15
8.55572e-05
-8.58429e-07
8.55572e-05
-1.72225e-06
8.57347e-05
-2.59643e-06
8.60914e-05
-3.48509e-06
8.66299e-05
-4.39083e-06
8.73529e-05
-5.31397e-06
8.82605e-05
-6.2515e-06
8.93479e-05
-7.19576e-06
9.06008e-05
-8.13295e-06
9.19903e-05
-9.04147e-06
9.34658e-05
-9.89049e-06
9.49476e-05
-1.0639e-05
9.63183e-05
-1.12361e-05
9.74157e-05
-1.1623e-05
9.80282e-05
-1.17376e-05
9.78958e-05
-1.15222e-05
9.67191e-05
-1.09338e-05
9.41803e-05
-9.95578e-06
8.9974e-05
-8.61031e-06
8.38484e-05
-6.96693e-06
7.56494e-05
-5.14633e-06
6.53591e-05
-3.31745e-06
5.31175e-05
-1.6887e-06
3.92191e-05
-4.97296e-07
2.4086e-05
8.21001e-06
4.7914e-07
7.73087e-06
1.63726e-06
2.29279e-05
3.23314e-06
3.76232e-05
5.04075e-06
5.13099e-05
6.85854e-06
6.35414e-05
8.51991e-06
7.39881e-05
9.90228e-06
8.2466e-05
1.0931e-05
8.89453e-05
1.15773e-05
9.35341e-05
1.18506e-05
9.64458e-05
1.17882e-05
9.79581e-05
1.14438e-05
9.83727e-05
1.08771e-05
9.79823e-05
1.01466e-05
9.70489e-05
9.30362e-06
9.57905e-05
8.39077e-06
9.43786e-05
7.44061e-06
9.29404e-05
6.47651e-06
9.15649e-05
5.51392e-06
9.03105e-05
4.56188e-06
8.92125e-05
3.62451e-06
8.82902e-05
2.70235e-06
8.75521e-05
1.79345e-06
8.70003e-05
8.94199e-07
8.6634e-05
-6.47089e-15
8.64514e-05
-8.94199e-07
8.64514e-05
-1.79345e-06
8.6634e-05
-2.70235e-06
8.70003e-05
-3.62451e-06
8.75521e-05
-4.56188e-06
8.82902e-05
-5.51392e-06
8.92125e-05
-6.47651e-06
9.03105e-05
-7.44061e-06
9.15649e-05
-8.39077e-06
9.29404e-05
-9.30362e-06
9.43786e-05
-1.01466e-05
9.57905e-05
-1.08771e-05
9.70489e-05
-1.14438e-05
9.79823e-05
-1.17882e-05
9.83727e-05
-1.18506e-05
9.79581e-05
-1.15773e-05
9.64458e-05
-1.0931e-05
9.35341e-05
-9.90228e-06
8.89453e-05
-8.51991e-06
8.2466e-05
-6.85854e-06
7.39881e-05
-5.04075e-06
6.35414e-05
-3.23314e-06
5.13099e-05
-1.63726e-06
3.76232e-05
-4.7914e-07
2.29279e-05
7.73087e-06
4.60943e-07
7.26993e-06
1.58526e-06
2.18036e-05
3.14684e-06
3.60616e-05
4.93056e-06
4.95262e-05
6.74178e-06
6.17301e-05
8.41658e-06
7.23133e-05
9.83109e-06
8.10515e-05
1.09062e-05
8.78701e-05
1.16069e-05
9.28334e-05
1.19361e-05
9.61167e-05
1.19252e-05
9.7969e-05
1.16237e-05
9.86742e-05
1.10889e-05
9.85171e-05
1.03782e-05
9.77595e-05
9.5438e-06
9.66249e-05
8.62919e-06
9.52933e-05
7.66862e-06
9.3901e-05
6.68717e-06
9.25464e-05
5.70189e-06
9.12958e-05
4.72317e-06
9.01913e-05
3.75627e-06
8.92571e-05
2.80262e-06
8.85057e-05
1.86094e-06
8.7942e-05
9.28122e-07
8.75668e-05
-6.47094e-15
8.73795e-05
-9.28122e-07
8.73795e-05
-1.86094e-06
8.75668e-05
-2.80262e-06
8.7942e-05
-3.75627e-06
8.85057e-05
-4.72317e-06
8.92571e-05
-5.70189e-06
9.01913e-05
-6.68717e-06
9.12958e-05
-7.66862e-06
9.25464e-05
-8.62919e-06
9.3901e-05
-9.5438e-06
9.52933e-05
-1.03782e-05
9.66249e-05
-1.10889e-05
9.77595e-05
-1.16237e-05
9.85171e-05
-1.19252e-05
9.86742e-05
-1.19361e-05
9.7969e-05
-1.16069e-05
9.61167e-05
-1.09062e-05
9.28334e-05
-9.83109e-06
8.78701e-05
-8.41658e-06
8.10515e-05
-6.74178e-06
7.23133e-05
-4.93056e-06
6.17301e-05
-3.14684e-06
4.95262e-05
-1.58526e-06
3.60616e-05
-4.60943e-07
2.18036e-05
7.26993e-06
4.42959e-07
6.82697e-06
1.53325e-06
2.07133e-05
3.05931e-06
3.45356e-05
4.81664e-06
4.77689e-05
6.61756e-06
5.99292e-05
8.30123e-06
7.06296e-05
9.74306e-06
7.96097e-05
1.08602e-05
8.6753e-05
1.16118e-05
9.20818e-05
1.19945e-05
9.5734e-05
1.20341e-05
9.79294e-05
1.17758e-05
9.89326e-05
1.1274e-05
9.90189e-05
1.05852e-05
9.84483e-05
9.76162e-06
9.74486e-05
8.84776e-06
9.62071e-05
7.87935e-06
9.48694e-05
6.88307e-06
9.35426e-05
5.87749e-06
9.23013e-05
4.87439e-06
9.11944e-05
3.88013e-06
9.02514e-05
2.89706e-06
8.94888e-05
1.92457e-06
8.89145e-05
9.60134e-07
8.85312e-05
-6.44159e-15
8.83397e-05
-9.60134e-07
8.83397e-05
-1.92457e-06
8.85312e-05
-2.89706e-06
8.89145e-05
-3.88013e-06
8.94888e-05
-4.87439e-06
9.02514e-05
-5.87749e-06
9.11944e-05
-6.88307e-06
9.23013e-05
-7.87935e-06
9.35426e-05
-8.84776e-06
9.48694e-05
-9.76162e-06
9.62071e-05
-1.05852e-05
9.74486e-05
-1.1274e-05
9.84483e-05
-1.17758e-05
9.90189e-05
-1.20341e-05
9.89326e-05
-1.19945e-05
9.79294e-05
-1.16118e-05
9.5734e-05
-1.08602e-05
9.20818e-05
-9.74306e-06
8.6753e-05
-8.30123e-06
7.96097e-05
-6.61756e-06
7.06296e-05
-4.81664e-06
5.99292e-05
-3.05931e-06
4.77689e-05
-1.53325e-06
3.45356e-05
-4.42959e-07
2.07133e-05
6.82697e-06
4.25501e-07
6.40147e-06
1.48196e-06
1.96568e-05
2.97159e-06
3.30459e-05
4.70021e-06
4.60403e-05
6.4872e-06
5.81422e-05
8.17519e-06
6.89416e-05
9.63948e-06
7.81454e-05
1.0794e-05
8.55985e-05
1.15928e-05
9.1283e-05
1.20266e-05
9.53002e-05
1.21155e-05
9.78405e-05
1.19002e-05
9.91479e-05
1.14326e-05
9.94865e-05
1.07674e-05
9.91134e-05
9.95682e-06
9.82592e-05
9.04619e-06
9.71177e-05
8.07249e-06
9.58431e-05
7.0639e-06
9.45512e-05
6.04046e-06
9.33248e-05
5.01529e-06
9.22195e-05
3.9959e-06
9.12708e-05
2.98551e-06
9.04992e-05
1.98427e-06
8.99157e-05
9.90187e-07
8.95253e-05
-6.38007e-15
8.93298e-05
-9.90187e-07
8.93298e-05
-1.98427e-06
8.95253e-05
-2.98551e-06
8.99157e-05
-3.9959e-06
9.04992e-05
-5.01529e-06
9.12708e-05
-6.04046e-06
9.22195e-05
-7.0639e-06
9.33248e-05
-8.07249e-06
9.45512e-05
-9.04619e-06
9.58431e-05
-9.95682e-06
9.71177e-05
-1.07674e-05
9.82592e-05
-1.14326e-05
9.91134e-05
-1.19002e-05
9.94865e-05
-1.21155e-05
9.91479e-05
-1.20266e-05
9.78405e-05
-1.15928e-05
9.53002e-05
-1.0794e-05
9.1283e-05
-9.63948e-06
8.55985e-05
-8.17519e-06
7.81454e-05
-6.4872e-06
6.89416e-05
-4.70021e-06
5.81422e-05
-2.97159e-06
4.60403e-05
-1.48196e-06
3.30459e-05
-4.25501e-07
1.96568e-05
6.40147e-06
4.08924e-07
5.99254e-06
1.43224e-06
1.86335e-05
2.88495e-06
3.15932e-05
4.5828e-06
4.43424e-05
6.35236e-06
5.63727e-05
8.04015e-06
6.72538e-05
9.52194e-06
7.66636e-05
1.07092e-05
8.44112e-05
1.15512e-05
9.04409e-05
1.20332e-05
9.48182e-05
1.21699e-05
9.77037e-05
1.19976e-05
9.93202e-05
1.15647e-05
9.99194e-05
1.09248e-05
9.97534e-05
1.01293e-05
9.90546e-05
9.2243e-06
9.80227e-05
8.24783e-06
9.68196e-05
7.22944e-06
9.55696e-05
6.1906e-06
9.43636e-05
5.14572e-06
9.32644e-05
4.10343e-06
9.23131e-05
3.06788e-06
9.15348e-05
2.03995e-06
9.09436e-05
1.01825e-06
9.0547e-05
-6.28374e-15
9.03481e-05
-1.01825e-06
9.03481e-05
-2.03995e-06
9.0547e-05
-3.06788e-06
9.09436e-05
-4.10343e-06
9.15348e-05
-5.14572e-06
9.23131e-05
-6.1906e-06
9.32644e-05
-7.22944e-06
9.43636e-05
-8.24783e-06
9.55696e-05
-9.2243e-06
9.68196e-05
-1.01293e-05
9.80227e-05
-1.09248e-05
9.90546e-05
-1.15647e-05
9.97534e-05
-1.19976e-05
9.99194e-05
-1.21699e-05
9.93202e-05
-1.20332e-05
9.77037e-05
-1.15512e-05
9.48182e-05
-1.07092e-05
9.04409e-05
-9.52194e-06
8.44112e-05
-8.04015e-06
7.66636e-05
-6.35236e-06
6.72538e-05
-4.5828e-06
5.63727e-05
-2.88495e-06
4.43424e-05
-1.43224e-06
3.15932e-05
-4.08924e-07
1.86335e-05
5.99254e-06
3.93616e-07
5.59893e-06
1.38505e-06
1.76421e-05
2.80081e-06
3.01775e-05
4.46619e-06
4.2677e-05
6.215e-06
5.46239e-05
7.89811e-06
6.55707e-05
9.39238e-06
7.51693e-05
1.06074e-05
8.31962e-05
1.14885e-05
8.95598e-05
1.20157e-05
9.4291e-05
1.21984e-05
9.7521e-05
1.20684e-05
9.94503e-05
1.16709e-05
0.000100317
1.10575e-05
0.000100367
1.02791e-05
9.9833e-05
9.38206e-06
9.89198e-05
8.40527e-06
9.77964e-05
7.37959e-06
9.65953e-05
6.3278e-06
9.54154e-05
5.26558e-06
9.43266e-05
4.20265e-06
9.3376e-05
3.14411e-06
9.25933e-05
2.09158e-06
9.19962e-05
1.0443e-06
9.15943e-05
-6.14637e-15
9.13924e-05
-1.0443e-06
9.13924e-05
-2.09158e-06
9.15943e-05
-3.14411e-06
9.19962e-05
-4.20265e-06
9.25933e-05
-5.26558e-06
9.3376e-05
-6.3278e-06
9.43266e-05
-7.37959e-06
9.54154e-05
-8.40527e-06
9.65953e-05
-9.38206e-06
9.77964e-05
-1.02791e-05
9.89198e-05
-1.10575e-05
9.9833e-05
-1.16709e-05
0.000100367
-1.20684e-05
0.000100317
-1.21984e-05
9.94503e-05
-1.20157e-05
9.7521e-05
-1.14885e-05
9.4291e-05
-1.06074e-05
8.95598e-05
-9.39238e-06
8.31962e-05
-7.89811e-06
7.51693e-05
-6.215e-06
6.55707e-05
-4.46619e-06
5.46239e-05
-2.80081e-06
4.2677e-05
-1.38505e-06
3.01775e-05
-3.93616e-07
1.76421e-05
5.59893e-06
3.79976e-07
5.21895e-06
1.34137e-06
1.66807e-05
2.72074e-06
2.87981e-05
4.35232e-06
4.10454e-05
6.07728e-06
5.28989e-05
7.75129e-06
6.38967e-05
9.25296e-06
7.36677e-05
1.04907e-05
8.19585e-05
1.14065e-05
8.8644e-05
1.19754e-05
9.37221e-05
1.2202e-05
9.72944e-05
1.21134e-05
9.95389e-05
1.17517e-05
0.000100679
1.1166e-05
0.000100953
1.04065e-05
0.000100593
9.51952e-06
9.98068e-05
8.54483e-06
9.87711e-05
7.51431e-06
9.76258e-05
6.45202e-06
9.64777e-05
5.37481e-06
9.54038e-05
4.29353e-06
9.44573e-05
3.21417e-06
9.36727e-05
2.13915e-06
9.30712e-05
1.06833e-06
9.26651e-05
-5.96351e-15
9.24607e-05
-1.06833e-06
9.24607e-05
-2.13915e-06
9.26651e-05
-3.21417e-06
9.30712e-05
-4.29353e-06
9.36727e-05
-5.37481e-06
9.44573e-05
-6.45202e-06
9.54038e-05
-7.51431e-06
9.64777e-05
-8.54483e-06
9.76258e-05
-9.51952e-06
9.87711e-05
-1.04065e-05
9.98068e-05
-1.1166e-05
0.000100593
-1.17517e-05
0.000100953
-1.21134e-05
0.000100679
-1.2202e-05
9.95389e-05
-1.19754e-05
9.72944e-05
-1.14065e-05
9.37221e-05
-1.04907e-05
8.8644e-05
-9.25296e-06
8.19585e-05
-7.75129e-06
7.36677e-05
-6.07728e-06
6.38967e-05
-4.35232e-06
5.28989e-05
-2.72074e-06
4.10454e-05
-1.34137e-06
2.87981e-05
-3.79976e-07
1.66807e-05
5.21895e-06
3.68394e-07
4.85056e-06
1.30223e-06
1.57468e-05
2.64628e-06
2.7454e-05
4.24316e-06
3.94486e-05
5.94144e-06
5.12006e-05
7.60203e-06
6.22361e-05
9.10598e-06
7.21637e-05
1.03613e-05
8.07032e-05
1.1307e-05
8.76983e-05
1.1914e-05
9.3115e-05
1.21821e-05
9.70264e-05
1.21338e-05
9.95872e-05
1.18077e-05
0.000101005
1.12506e-05
0.00010151
1.05116e-05
0.000101332
9.63686e-06
0.000100682
8.66658e-06
9.97414e-05
7.63366e-06
9.86587e-05
6.56327e-06
9.75481e-05
5.47345e-06
9.64937e-05
4.37607e-06
9.55547e-05
3.27809e-06
9.47706e-05
2.18267e-06
9.41666e-05
1.09036e-06
9.37574e-05
-5.72392e-15
9.35511e-05
-1.09036e-06
9.35511e-05
-2.18267e-06
9.37574e-05
-3.27809e-06
9.41666e-05
-4.37607e-06
9.47706e-05
-5.47345e-06
9.55547e-05
-6.56327e-06
9.64937e-05
-7.63366e-06
9.75481e-05
-8.66658e-06
9.86587e-05
-9.63686e-06
9.97414e-05
-1.05116e-05
0.000100682
-1.12506e-05
0.000101332
-1.18077e-05
0.00010151
-1.21338e-05
0.000101005
-1.21821e-05
9.95872e-05
-1.1914e-05
9.70264e-05
-1.1307e-05
9.3115e-05
-1.03613e-05
8.76983e-05
-9.10598e-06
8.07032e-05
-7.60203e-06
7.21637e-05
-5.94144e-06
6.22361e-05
-4.24316e-06
5.12006e-05
-2.64628e-06
3.94486e-05
-1.30223e-06
2.7454e-05
-3.68394e-07
1.57468e-05
4.85056e-06
3.59222e-07
4.49134e-06
1.26853e-06
1.48375e-05
2.5789e-06
2.61437e-05
4.14063e-06
3.78868e-05
5.80969e-06
4.95316e-05
7.4527e-06
6.05931e-05
8.95382e-06
7.06626e-05
1.02213e-05
7.94357e-05
1.11921e-05
8.67275e-05
1.18333e-05
9.24739e-05
1.214e-05
9.67197e-05
1.21305e-05
9.95967e-05
1.18397e-05
0.000101295
1.1312e-05
0.000102037
1.0595e-05
0.000102049
9.73434e-06
0.000101542
8.77071e-06
0.000100705
7.73775e-06
9.96917e-05
6.66167e-06
9.86242e-05
5.56156e-06
9.75938e-05
4.45035e-06
9.66659e-05
3.33589e-06
9.58851e-05
2.22217e-06
9.52803e-05
1.11038e-06
9.48692e-05
-5.42102e-15
9.46615e-05
-1.11038e-06
9.46615e-05
-2.22217e-06
9.48692e-05
-3.33589e-06
9.52803e-05
-4.45035e-06
9.58851e-05
-5.56156e-06
9.66659e-05
-6.66167e-06
9.75938e-05
-7.73775e-06
9.86242e-05
-8.77071e-06
9.96917e-05
-9.73434e-06
0.000100705
-1.0595e-05
0.000101542
-1.1312e-05
0.000102049
-1.18397e-05
0.000102037
-1.21305e-05
0.000101295
-1.214e-05
9.95967e-05
-1.18333e-05
9.67197e-05
-1.11921e-05
9.24739e-05
-1.02213e-05
8.67275e-05
-8.95382e-06
7.94357e-05
-7.4527e-06
7.06626e-05
-5.80969e-06
6.05931e-05
-4.14063e-06
4.95316e-05
-2.5789e-06
3.78868e-05
-1.26853e-06
2.61437e-05
-3.59222e-07
1.48375e-05
4.49134e-06
3.52738e-07
4.1386e-06
1.24103e-06
1.39492e-05
2.51984e-06
2.48649e-05
4.04638e-06
3.63603e-05
5.68402e-06
4.7894e-05
7.30551e-06
5.89716e-05
8.79876e-06
6.91693e-05
1.0073e-05
7.81614e-05
1.10638e-05
8.57367e-05
1.17349e-05
9.18028e-05
1.20772e-05
9.63774e-05
1.21048e-05
9.95691e-05
1.18487e-05
0.000101551
1.13508e-05
0.000102535
1.0657e-05
0.000102742
9.8123e-06
0.000102387
8.85747e-06
0.00010166
7.82678e-06
0.000100722
6.74734e-06
9.97036e-05
5.63927e-06
9.87018e-05
4.51646e-06
9.77887e-05
3.38768e-06
9.70139e-05
2.2577e-06
9.64103e-05
1.12845e-06
9.59984e-05
-5.03724e-15
9.57899e-05
-1.12845e-06
9.57899e-05
-2.2577e-06
9.59984e-05
-3.38768e-06
9.64103e-05
-4.51646e-06
9.70139e-05
-5.63927e-06
9.77887e-05
-6.74734e-06
9.87018e-05
-7.82678e-06
9.97036e-05
-8.85747e-06
0.000100722
-9.8123e-06
0.00010166
-1.0657e-05
0.000102387
-1.13508e-05
0.000102742
-1.18487e-05
0.000102535
-1.21048e-05
0.000101551
-1.20772e-05
9.95691e-05
-1.17349e-05
9.63774e-05
-1.10638e-05
9.18028e-05
-1.0073e-05
8.57367e-05
-8.79876e-06
7.81614e-05
-7.30551e-06
6.91693e-05
-5.68402e-06
5.89716e-05
-4.04638e-06
4.7894e-05
-2.51984e-06
3.63603e-05
-1.24103e-06
2.48649e-05
-3.52738e-07
1.39492e-05
4.1386e-06
3.49087e-07
3.78951e-06
1.22018e-06
1.30782e-05
2.46986e-06
2.36152e-05
3.96156e-06
3.48686e-05
5.56593e-06
4.62896e-05
7.16224e-06
5.73753e-05
8.64276e-06
6.76888e-05
9.9185e-06
7.68857e-05
1.09241e-05
8.47311e-05
1.16207e-05
9.11062e-05
1.19953e-05
9.60028e-05
1.20578e-05
9.95066e-05
1.18357e-05
0.000101774
1.13678e-05
0.000103003
1.06982e-05
0.000103412
9.87112e-06
0.000103214
8.92713e-06
0.000102604
7.90097e-06
0.000101749
6.82049e-06
0.000100784
5.70672e-06
9.98156e-05
4.57452e-06
9.89209e-05
3.43353e-06
9.81549e-05
2.28933e-06
9.75545e-05
1.14458e-06
9.71432e-05
-4.56408e-15
9.69345e-05
-1.14458e-06
9.69345e-05
-2.28933e-06
9.71432e-05
-3.43353e-06
9.75545e-05
-4.57452e-06
9.81549e-05
-5.70672e-06
9.89209e-05
-6.82049e-06
9.98156e-05
-7.90097e-06
0.000100784
-8.92713e-06
0.000101749
-9.87112e-06
0.000102604
-1.06982e-05
0.000103214
-1.13678e-05
0.000103412
-1.18357e-05
0.000103003
-1.20578e-05
0.000101774
-1.19953e-05
9.95066e-05
-1.16207e-05
9.60028e-05
-1.09241e-05
9.11062e-05
-9.9185e-06
8.47311e-05
-8.64276e-06
7.68857e-05
-7.16224e-06
6.76888e-05
-5.56593e-06
5.73753e-05
-3.96156e-06
4.62896e-05
-2.46986e-06
3.48686e-05
-1.22018e-06
2.36152e-05
-3.49087e-07
1.30782e-05
3.78951e-06
3.4822e-07
3.44129e-06
1.20598e-06
1.22204e-05
2.4291e-06
2.2392e-05
3.88662e-06
3.34111e-05
5.45634e-06
4.47199e-05
7.02427e-06
5.58074e-05
8.48758e-06
6.62255e-05
9.75964e-06
7.56136e-05
1.0775e-05
8.37157e-05
1.14926e-05
9.03886e-05
1.1896e-05
9.55994e-05
1.19911e-05
9.94114e-05
1.18019e-05
0.000101963
1.1364e-05
0.000103441
1.07196e-05
0.000104056
9.91164e-06
0.000104022
8.98041e-06
0.000103535
7.9609e-06
0.000102768
6.88159e-06
0.000101863
5.76433e-06
0.000100933
4.62487e-06
0.00010006
3.4737e-06
9.9306e-05
2.31724e-06
9.8711e-05
1.15886e-06
9.83016e-05
-3.97723e-15
9.80933e-05
-1.15886e-06
9.80933e-05
-2.31724e-06
9.83016e-05
-3.4737e-06
9.8711e-05
-4.62487e-06
9.9306e-05
-5.76433e-06
0.00010006
-6.88159e-06
0.000100933
-7.9609e-06
0.000101863
-8.98041e-06
0.000102768
-9.91164e-06
0.000103535
-1.07196e-05
0.000104022
-1.1364e-05
0.000104056
-1.18019e-05
0.000103441
-1.19911e-05
0.000101963
-1.1896e-05
9.94114e-05
-1.14926e-05
9.55994e-05
-1.0775e-05
9.03886e-05
-9.75964e-06
8.37157e-05
-8.48758e-06
7.56136e-05
-7.02427e-06
6.62255e-05
-5.45634e-06
5.58074e-05
-3.88662e-06
4.47199e-05
-2.4291e-06
3.34111e-05
-1.20598e-06
2.2392e-05
-3.4822e-07
1.22204e-05
3.44129e-06
3.49769e-07
3.09152e-06
1.19765e-06
1.13725e-05
2.39656e-06
2.11931e-05
3.82067e-06
3.19869e-05
5.35478e-06
4.31858e-05
6.8917e-06
5.42704e-05
8.33386e-06
6.47833e-05
9.59757e-06
7.43499e-05
1.06179e-05
8.26954e-05
1.13521e-05
8.96544e-05
1.17808e-05
9.51707e-05
1.19063e-05
9.9286e-05
1.17486e-05
0.00010212
1.13407e-05
0.000103849
1.07221e-05
0.000104675
9.93458e-06
0.000104809
9.01791e-06
0.000104452
8.00708e-06
0.000103779
6.93107e-06
0.000102939
5.81245e-06
0.000102051
4.66778e-06
0.000101205
3.50841e-06
0.000100465
2.34155e-06
9.98778e-05
1.17136e-06
9.94718e-05
-3.27011e-15
9.92647e-05
-1.17136e-06
9.92647e-05
-2.34155e-06
9.94718e-05
-3.50841e-06
9.98778e-05
-4.66778e-06
0.000100465
-5.81245e-06
0.000101205
-6.93107e-06
0.000102051
-8.00708e-06
0.000102939
-9.01791e-06
0.000103779
-9.93458e-06
0.000104452
-1.07221e-05
0.000104809
-1.13407e-05
0.000104675
-1.17486e-05
0.000103849
-1.19063e-05
0.00010212
-1.17808e-05
9.9286e-05
-1.13521e-05
9.51707e-05
-1.06179e-05
8.96544e-05
-9.59757e-06
8.26954e-05
-8.33386e-06
7.43499e-05
-6.8917e-06
6.47833e-05
-5.35478e-06
5.42704e-05
-3.82067e-06
4.31858e-05
-2.39656e-06
3.19869e-05
-1.19765e-06
2.11931e-05
-3.49769e-07
1.13725e-05
3.09152e-06
3.53023e-07
2.7385e-06
1.19353e-06
1.0532e-05
2.36985e-06
2.00168e-05
3.76124e-06
3.05956e-05
5.25922e-06
4.16878e-05
6.76331e-06
5.27663e-05
8.18126e-06
6.33654e-05
9.43274e-06
7.30984e-05
1.04538e-05
8.16743e-05
1.12007e-05
8.89075e-05
1.16515e-05
9.472e-05
1.18049e-05
9.91326e-05
1.16775e-05
0.000102248
1.12991e-05
0.000104227
1.07069e-05
0.000105267
9.94113e-06
0.000105575
9.04066e-06
0.000105352
8.0404e-06
0.000104779
6.96968e-06
0.00010401
5.85168e-06
0.000103169
4.70372e-06
0.000102353
3.53798e-06
0.000101631
2.3625e-06
0.000101053
1.1822e-06
0.000100652
-2.42175e-15
0.000100447
-1.1822e-06
0.000100447
-2.3625e-06
0.000100652
-3.53798e-06
0.000101053
-4.70372e-06
0.000101631
-5.85168e-06
0.000102353
-6.96968e-06
0.000103169
-8.0404e-06
0.00010401
-9.04066e-06
0.000104779
-9.94113e-06
0.000105352
-1.07069e-05
0.000105575
-1.12991e-05
0.000105267
-1.16775e-05
0.000104227
-1.18049e-05
0.000102248
-1.16515e-05
9.91326e-05
-1.12007e-05
9.472e-05
-1.04538e-05
8.89075e-05
-9.43274e-06
8.16743e-05
-8.18126e-06
7.30984e-05
-6.76331e-06
6.33654e-05
-5.25922e-06
5.27663e-05
-3.76124e-06
4.16878e-05
-2.36985e-06
3.05956e-05
-1.19353e-06
2.00168e-05
-3.53023e-07
1.0532e-05
2.7385e-06
3.57138e-07
2.38136e-06
1.19115e-06
9.698e-06
2.34518e-06
1.88628e-05
3.70406e-06
2.92367e-05
5.16579e-06
4.0226e-05
6.63617e-06
5.1296e-05
8.02811e-06
6.19735e-05
9.26468e-06
7.18618e-05
1.02834e-05
8.06556e-05
1.10398e-05
8.81511e-05
1.15097e-05
9.42501e-05
1.1689e-05
9.89533e-05
1.15908e-05
0.000102346
1.12416e-05
0.000104577
1.06762e-05
0.000105833
9.93311e-06
0.000106318
9.05024e-06
0.000106235
8.0622e-06
0.000105767
6.99852e-06
0.000105074
5.88289e-06
0.000104285
4.73337e-06
0.000103503
3.56293e-06
0.000102802
2.38041e-06
0.000102236
1.19153e-06
0.000101841
-1.45493e-15
0.000101638
-1.19153e-06
0.000101638
-2.38041e-06
0.000101841
-3.56293e-06
0.000102236
-4.73337e-06
0.000102802
-5.88289e-06
0.000103503
-6.99852e-06
0.000104285
-8.0622e-06
0.000105074
-9.05024e-06
0.000105767
-9.93311e-06
0.000106235
-1.06762e-05
0.000106318
-1.12416e-05
0.000105833
-1.15908e-05
0.000104577
-1.1689e-05
0.000102346
-1.15097e-05
9.89533e-05
-1.10398e-05
9.42501e-05
-1.02834e-05
8.81511e-05
-9.26468e-06
8.06556e-05
-8.02811e-06
7.18618e-05
-6.63617e-06
6.19735e-05
-5.16579e-06
5.1296e-05
-3.70406e-06
4.0226e-05
-2.34518e-06
2.92367e-05
-1.19115e-06
1.88628e-05
-3.57138e-07
9.698e-06
2.38136e-06
3.61063e-07
2.0203e-06
1.18665e-06
8.87241e-06
2.31597e-06
1.77335e-05
3.64106e-06
2.79116e-05
5.06639e-06
3.88007e-05
6.5032e-06
4.98592e-05
7.86896e-06
6.06077e-05
9.08986e-06
7.06409e-05
1.01048e-05
7.96406e-05
1.08691e-05
8.73868e-05
1.13568e-05
9.37624e-05
1.15608e-05
9.87493e-05
1.14911e-05
0.000102416
1.1171e-05
0.000104897
1.06329e-05
0.000106371
9.91342e-06
0.000107038
9.04933e-06
0.000107099
8.07485e-06
0.000106742
7.01959e-06
0.000106129
5.90774e-06
0.000105397
4.75801e-06
0.000104652
3.58417e-06
0.000103975
2.39587e-06
0.000103424
1.19965e-06
0.000103037
-4.17071e-16
0.000102838
-1.19965e-06
0.000102838
-2.39587e-06
0.000103037
-3.58417e-06
0.000103424
-4.75801e-06
0.000103975
-5.90774e-06
0.000104652
-7.01959e-06
0.000105397
-8.07485e-06
0.000106129
-9.04933e-06
0.000106742
-9.91342e-06
0.000107099
-1.06329e-05
0.000107038
-1.1171e-05
0.000106371
-1.14911e-05
0.000104897
-1.15608e-05
0.000102416
-1.13568e-05
9.87493e-05
-1.08691e-05
9.37624e-05
-1.01048e-05
8.73868e-05
-9.08986e-06
7.96406e-05
-7.86896e-06
7.06409e-05
-6.5032e-06
6.06077e-05
-5.06639e-06
4.98592e-05
-3.64106e-06
3.88007e-05
-2.31597e-06
2.79116e-05
-1.18665e-06
1.77335e-05
-3.61063e-07
8.87241e-06
2.0203e-06
3.60567e-07
1.65973e-06
1.16924e-06
8.06374e-06
2.2658e-06
1.66369e-05
3.55295e-06
2.66244e-05
4.94124e-06
3.74124e-05
6.34611e-06
4.84543e-05
7.68831e-06
5.92655e-05
8.89634e-06
6.94329e-05
9.91009e-06
7.86269e-05
1.06844e-05
8.66125e-05
1.11915e-05
9.32553e-05
1.14218e-05
9.85191e-05
1.13819e-05
0.000102456
1.10923e-05
0.000105186
1.05828e-05
0.00010688
9.88795e-06
0.000107733
9.04362e-06
0.000107943
8.08352e-06
0.000107702
7.0374e-06
0.000107175
5.92994e-06
0.000106504
4.78055e-06
0.000105802
3.60384e-06
0.000105152
2.41029e-06
0.000104618
1.20726e-06
0.00010424
5.45754e-16
0.000104045
-1.20726e-06
0.000104045
-2.41029e-06
0.00010424
-3.60384e-06
0.000104618
-4.78055e-06
0.000105152
-5.92994e-06
0.000105802
-7.0374e-06
0.000106504
-8.08352e-06
0.000107175
-9.04362e-06
0.000107702
-9.88795e-06
0.000107943
-1.05828e-05
0.000107733
-1.10923e-05
0.00010688
-1.13819e-05
0.000105186
-1.14218e-05
0.000102456
-1.11915e-05
9.85191e-05
-1.06844e-05
9.32553e-05
-9.91009e-06
8.66125e-05
-8.89634e-06
7.86269e-05
-7.68831e-06
6.94329e-05
-6.34611e-06
5.92655e-05
-4.94124e-06
4.84543e-05
-3.55295e-06
3.74124e-05
-2.2658e-06
2.66244e-05
-1.16924e-06
1.66369e-05
-3.60567e-07
8.06374e-06
1.65973e-06
3.34865e-07
1.09096e-06
2.13719e-06
3.38086e-06
4.73475e-06
6.1157e-06
7.4455e-06
8.65316e-06
9.67821e-06
1.04741e-05
1.10106e-05
1.12751e-05
1.12711e-05
1.10161e-05
1.05373e-05
9.868e-06
9.04324e-06
8.09671e-06
7.05863e-06
5.95443e-06
4.80446e-06
3.6242e-06
2.425e-06
1.21497e-06
1.10635e-15
-1.21497e-06
-2.425e-06
-3.6242e-06
-4.80446e-06
-5.95443e-06
-7.05863e-06
-8.09671e-06
-9.04324e-06
-9.868e-06
-1.05373e-05
-1.10161e-05
-1.12711e-05
-1.12751e-05
-1.10106e-05
-1.04741e-05
-9.67821e-06
-8.65316e-06
-7.4455e-06
-6.1157e-06
-4.73475e-06
-3.38086e-06
-2.13719e-06
-1.09096e-06
-3.34865e-07
)
;

boundaryField
{
    left
    {
        type            calculated;
        value           uniform 0;
    }
    right
    {
        type            calculated;
        value           uniform 0;
    }
    up
    {
        type            calculated;
        value           nonuniform List<scalar> 
50
(
1.32487e-06
7.30764e-06
1.55907e-05
2.53808e-05
3.60585e-05
4.70733e-05
5.79357e-05
6.82252e-05
7.76018e-05
8.58166e-05
9.27187e-05
9.82546e-05
0.00010246
0.000105441
0.000107359
0.000108402
0.000108768
0.000108648
0.000108213
0.000107609
0.000106952
0.000106332
0.000105817
0.00010545
0.00010526
0.00010526
0.00010545
0.000105817
0.000106332
0.000106952
0.000107609
0.000108213
0.000108648
0.000108768
0.000108402
0.000107359
0.000105441
0.00010246
9.82546e-05
9.27187e-05
8.58166e-05
7.76018e-05
6.82252e-05
5.79357e-05
4.70733e-05
3.60585e-05
2.53808e-05
1.55907e-05
7.30764e-06
1.32487e-06
)
;
    }
    down
    {
        type            calculated;
        value           nonuniform List<scalar> 
50
(
-8e-05
-8e-05
-8e-05
-8e-05
-8e-05
-8e-05
-8e-05
-8e-05
-8e-05
-8e-05
-8e-05
-8e-05
-8e-05
-8e-05
-8e-05
-8e-05
-8e-05
-8e-05
-8e-05
-8e-05
-8e-05
-8e-05
-8e-05
-8e-05
-8e-05
-8e-05
-8e-05
-8e-05
-8e-05
-8e-05
-8e-05
-8e-05
-8e-05
-8e-05
-8e-05
-8e-05
-8e-05
-8e-05
-8e-05
-8e-05
-8e-05
-8e-05
-8e-05
-8e-05
-8e-05
-8e-05
-8e-05
-8e-05
-8e-05
-8e-05
)
;
    }
    frontAndBack
    {
        type            empty;
        value           nonuniform 0();
    }
}


// ************************************************************************* //
