/*--------------------------------*- C++ -*----------------------------------*\
  =========                 |
  \\      /  F ield         | OpenFOAM: The Open Source CFD Toolbox
   \\    /   O peration     | Website:  https://openfoam.org
    \\  /    A nd           | Version:  6
     \\/     M anipulation  |
\*---------------------------------------------------------------------------*/
FoamFile
{
    version     2.0;
    format      ascii;
    class       volVectorField;
    location    "3200";
    object      U;
}
// * * * * * * * * * * * * * * * * * * * * * * * * * * * * * * * * * * * * * //

dimensions      [0 1 -1 0 0 0 0];

internalField   nonuniform List<vector> 
2500
(
(0.0619341 0.36399 0)
(0.107856 0.401172 0)
(0.0646612 0.400007 0)
(0.0415511 0.400415 0)
(0.0289441 0.400321 0)
(0.0207687 0.40017 0)
(0.0153553 0.400094 -1.29198e-19)
(0.0116458 0.400053 1.29317e-19)
(0.00901943 0.400031 0)
(0.00710976 0.400019 0)
(0.00568832 0.400013 0)
(0.00460761 0.40001 0)
(0.00376965 0.400008 0)
(0.0031078 0.400008 0)
(0.00257567 0.400008 3.09195e-20)
(0.00214039 0.400008 -3.09491e-20)
(0.00177819 0.400009 0)
(0.0014716 0.400009 0)
(0.00120751 0.40001 0)
(0.000975939 0.40001 0)
(0.000769094 0.400011 0)
(0.000580761 0.400011 0)
(0.00040584 0.400011 0)
(0.000240002 0.400011 0)
(7.94257e-05 0.400012 0)
(-7.94257e-05 0.400012 0)
(-0.000240002 0.400011 0)
(-0.00040584 0.400011 0)
(-0.000580761 0.400011 0)
(-0.000769094 0.400011 0)
(-0.000975939 0.40001 0)
(-0.00120751 0.40001 0)
(-0.0014716 0.400009 0)
(-0.00177819 0.400009 0)
(-0.00214039 0.400008 -3.09491e-20)
(-0.00257567 0.400008 3.09195e-20)
(-0.0031078 0.400008 0)
(-0.00376965 0.400008 0)
(-0.00460761 0.40001 0)
(-0.00568832 0.400013 0)
(-0.00710976 0.400019 0)
(-0.00901943 0.400031 0)
(-0.0116458 0.400053 1.29317e-19)
(-0.0153553 0.400094 -1.29198e-19)
(-0.0207687 0.40017 0)
(-0.0289441 0.400321 0)
(-0.0415511 0.400415 0)
(-0.0646612 0.400007 0)
(-0.107856 0.401172 0)
(-0.0619341 0.36399 0)
(0.115356 0.384198 8.44491e-19)
(0.209719 0.432399 -9.05545e-19)
(0.148373 0.422047 0)
(0.107185 0.414708 0)
(0.0788972 0.409644 0)
(0.058593 0.406401 0)
(0.0442938 0.404381 -1.73931e-19)
(0.0340706 0.403083 1.74032e-19)
(0.0266297 0.402225 -1.34665e-19)
(0.0211176 0.401643 1.34797e-19)
(0.016962 0.401239 0)
(0.0137746 0.400953 0)
(0.0112882 0.400746 4.72952e-20)
(0.00931622 0.400595 -4.73515e-20)
(0.00772635 0.400483 0)
(0.00642342 0.400399 -3.97695e-20)
(0.00533794 0.400335 7.78595e-20)
(0.00441838 0.400287 -3.80869e-20)
(0.00362591 0.400249 0)
(0.00293078 0.400221 0)
(0.00230975 0.4002 0)
(0.00174421 0.400184 -8.29612e-21)
(0.0012189 0.400173 8.30369e-21)
(0.000720838 0.400165 -4.07301e-21)
(0.000238555 0.400162 4.07631e-21)
(-0.000238555 0.400162 4.07631e-21)
(-0.000720838 0.400165 -4.07301e-21)
(-0.0012189 0.400173 8.30369e-21)
(-0.00174421 0.400184 -8.29612e-21)
(-0.00230975 0.4002 0)
(-0.00293078 0.400221 0)
(-0.00362591 0.400249 0)
(-0.00441838 0.400287 -3.80869e-20)
(-0.00533794 0.400335 7.78595e-20)
(-0.00642342 0.400399 -3.97695e-20)
(-0.00772635 0.400483 0)
(-0.00931622 0.400595 -4.73515e-20)
(-0.0112882 0.400746 4.72952e-20)
(-0.0137746 0.400953 0)
(-0.016962 0.401239 0)
(-0.0211176 0.401643 1.34797e-19)
(-0.0266297 0.402225 -1.34665e-19)
(-0.0340706 0.403083 1.74032e-19)
(-0.0442938 0.404381 -1.73931e-19)
(-0.058593 0.406401 0)
(-0.0788972 0.409644 0)
(-0.107185 0.414708 0)
(-0.148373 0.422047 0)
(-0.209719 0.432399 -9.05545e-19)
(-0.115356 0.384198 8.44491e-19)
(0.122985 0.356959 0)
(0.242915 0.441183 -4.64311e-19)
(0.19704 0.442298 4.6519e-19)
(0.155361 0.432614 -2.91631e-19)
(0.119714 0.423303 2.94144e-19)
(0.0916466 0.41645 0)
(0.0707014 0.411726 0)
(0.0551217 0.408485 1.51319e-19)
(0.0434783 0.406245 -1.51411e-19)
(0.0346939 0.404676 0)
(0.0279852 0.403561 0)
(0.0227923 0.402758 1.01991e-19)
(0.0187153 0.402172 -1.02098e-19)
(0.0154668 0.401739 0)
(0.0128393 0.401414 0)
(0.0106811 0.401169 0)
(0.00888019 0.400983 0)
(0.0073528 0.40084 0)
(0.00603545 0.400731 0)
(0.00487924 0.400647 0)
(0.00384582 0.400584 1.69598e-20)
(0.00290445 0.400537 -1.69751e-20)
(0.00202984 0.400504 0)
(0.00120046 0.400483 0)
(0.000397291 0.400473 0)
(-0.000397291 0.400473 0)
(-0.00120046 0.400483 0)
(-0.00202984 0.400504 0)
(-0.00290445 0.400537 -1.69751e-20)
(-0.00384582 0.400584 1.69598e-20)
(-0.00487924 0.400647 0)
(-0.00603545 0.400731 0)
(-0.0073528 0.40084 0)
(-0.00888019 0.400983 0)
(-0.0106811 0.401169 0)
(-0.0128393 0.401414 0)
(-0.0154668 0.401739 0)
(-0.0187153 0.402172 -1.02098e-19)
(-0.0227923 0.402758 1.01991e-19)
(-0.0279852 0.403561 0)
(-0.0346939 0.404676 0)
(-0.0434783 0.406245 -1.51411e-19)
(-0.0551217 0.408485 1.51319e-19)
(-0.0707014 0.411726 0)
(-0.0916466 0.41645 0)
(-0.119714 0.423303 2.94144e-19)
(-0.155361 0.432614 -2.91631e-19)
(-0.19704 0.442298 4.6519e-19)
(-0.242915 0.441183 -4.64311e-19)
(-0.122985 0.356959 0)
(0.114309 0.31369 0)
(0.244044 0.435065 4.10499e-19)
(0.222143 0.457371 -7.2827e-20)
(0.188264 0.450681 -3.37291e-19)
(0.151388 0.439117 2.28384e-19)
(0.119427 0.429082 -3.48665e-20)
(0.0940633 0.421464 -1.96401e-19)
(0.0743957 0.415914 0)
(0.0592743 0.411916 1.33492e-19)
(0.0476339 0.409035 -1.33594e-19)
(0.038615 0.406945 1.1029e-19)
(0.0315605 0.405417 -1.10392e-19)
(0.0259796 0.404287 0)
(0.0215083 0.403445 -4.44704e-20)
(0.0178771 0.402811 8.65498e-20)
(0.0148857 0.40233 -4.2077e-20)
(0.0123842 0.401962 3.82965e-20)
(0.0102592 0.40168 -1.45036e-21)
(0.00842422 0.401463 -3.69194e-20)
(0.00681229 0.401297 1.73918e-20)
(0.00537057 0.401171 -1.74073e-20)
(0.00405661 0.401078 0)
(0.00283536 0.401012 0)
(0.00167697 0.40097 0)
(0.00055501 0.40095 0)
(-0.00055501 0.40095 0)
(-0.00167697 0.40097 0)
(-0.00283536 0.401012 0)
(-0.00405661 0.401078 0)
(-0.00537057 0.401171 -1.74073e-20)
(-0.00681229 0.401297 1.73918e-20)
(-0.00842422 0.401463 -3.69194e-20)
(-0.0102592 0.40168 -1.45036e-21)
(-0.0123842 0.401962 3.82965e-20)
(-0.0148857 0.40233 -4.2077e-20)
(-0.0178771 0.402811 8.65498e-20)
(-0.0215083 0.403445 -4.44704e-20)
(-0.0259796 0.404287 0)
(-0.0315605 0.405417 -1.10392e-19)
(-0.038615 0.406945 1.1029e-19)
(-0.0476339 0.409035 -1.33594e-19)
(-0.0592743 0.411916 1.33492e-19)
(-0.0743957 0.415914 0)
(-0.0940633 0.421464 -1.96401e-19)
(-0.119427 0.429082 -3.48665e-20)
(-0.151388 0.439117 2.28384e-19)
(-0.188264 0.450681 -3.37291e-19)
(-0.222143 0.457371 -7.2827e-20)
(-0.244044 0.435065 4.10499e-19)
(-0.114309 0.31369 0)
(0.101334 0.274646 -4.47982e-19)
(0.230427 0.42325 4.64524e-19)
(0.231152 0.466636 3.03679e-19)
(0.208438 0.466466 -3.04689e-19)
(0.174573 0.45506 0)
(0.141869 0.442916 0)
(0.114116 0.432726 1.64486e-19)
(0.0916247 0.424836 -1.65385e-19)
(0.0737977 0.418917 -1.31536e-19)
(0.0597712 0.414525 1.31652e-19)
(0.0487289 0.411271 0)
(0.0399901 0.408853 -5.05986e-20)
(0.0330164 0.407046 3.45308e-21)
(0.0273932 0.405685 9.15922e-20)
(0.0228046 0.404654 -4.43955e-20)
(0.0190109 0.403867 3.99771e-20)
(0.0158299 0.403263 -1.70717e-21)
(0.0131223 0.402798 -3.8344e-20)
(0.0107806 0.40244 -1.78883e-20)
(0.00872109 0.402165 1.7904e-20)
(0.00687738 0.401957 1.70617e-20)
(0.00519587 0.401802 -2.54693e-20)
(0.00363219 0.401693 1.67002e-20)
(0.00214847 0.401624 -4.1826e-21)
(0.00071109 0.40159 -4.12563e-21)
(-0.00071109 0.40159 -4.12563e-21)
(-0.00214847 0.401624 -4.1826e-21)
(-0.00363219 0.401693 1.67002e-20)
(-0.00519587 0.401802 -2.54693e-20)
(-0.00687738 0.401957 1.70617e-20)
(-0.00872109 0.402165 1.7904e-20)
(-0.0107806 0.40244 -1.78883e-20)
(-0.0131223 0.402798 -3.8344e-20)
(-0.0158299 0.403263 -1.70717e-21)
(-0.0190109 0.403867 3.99771e-20)
(-0.0228046 0.404654 -4.43955e-20)
(-0.0273932 0.405685 9.15922e-20)
(-0.0330164 0.407046 3.45308e-21)
(-0.0399901 0.408853 -5.05986e-20)
(-0.0487289 0.411271 0)
(-0.0597712 0.414525 1.31652e-19)
(-0.0737977 0.418917 -1.31536e-19)
(-0.0916247 0.424836 -1.65385e-19)
(-0.114116 0.432726 1.64486e-19)
(-0.141869 0.442916 0)
(-0.174573 0.45506 0)
(-0.208438 0.466466 -3.04689e-19)
(-0.231152 0.466636 3.03679e-19)
(-0.230427 0.42325 4.64524e-19)
(-0.101334 0.274646 -4.47982e-19)
(0.0877909 0.241972 0)
(0.210594 0.408503 0)
(0.229502 0.470211 0)
(0.218585 0.47876 0)
(0.190317 0.469771 0)
(0.159217 0.456872 0)
(0.130803 0.444757 0)
(0.106665 0.434757 0)
(0.0868996 0.426929 1.28634e-19)
(0.0709793 0.420945 -2.46453e-19)
(0.0582277 0.416412 1.17585e-19)
(0.0480055 0.412987 0)
(0.039769 0.410395 0)
(0.0330789 0.408425 0)
(0.0275897 0.40692 0)
(0.0230324 0.405765 0)
(0.0191989 0.404876 0)
(0.0159279 0.404188 0)
(0.0130937 0.403657 0)
(0.0105973 0.403249 0)
(0.00835997 0.402939 0)
(0.00631766 0.402709 0)
(0.00441723 0.402546 0)
(0.00261314 0.402442 0)
(0.000864938 0.402392 0)
(-0.000864938 0.402392 0)
(-0.00261314 0.402442 0)
(-0.00441723 0.402546 0)
(-0.00631766 0.402709 0)
(-0.00835997 0.402939 0)
(-0.0105973 0.403249 0)
(-0.0130937 0.403657 0)
(-0.0159279 0.404188 0)
(-0.0191989 0.404876 0)
(-0.0230324 0.405765 0)
(-0.0275897 0.40692 0)
(-0.0330789 0.408425 0)
(-0.039769 0.410395 0)
(-0.0480055 0.412987 0)
(-0.0582277 0.416412 1.17585e-19)
(-0.0709793 0.420945 -2.46453e-19)
(-0.0868996 0.426929 1.28634e-19)
(-0.106665 0.434757 0)
(-0.130803 0.444757 0)
(-0.159217 0.456872 0)
(-0.190317 0.469771 0)
(-0.218585 0.47876 0)
(-0.229502 0.470211 0)
(-0.210594 0.408503 0)
(-0.0877909 0.241972 0)
(0.0752263 0.214567 0)
(0.189171 0.39203 0)
(0.221305 0.468964 -2.45663e-19)
(0.221242 0.487308 2.44391e-19)
(0.199808 0.482506 0)
(0.171904 0.470196 0)
(0.144213 0.456961 0)
(0.119467 0.44525 -1.36727e-19)
(0.0984907 0.435663 2.62457e-19)
(0.0811671 0.428101 -1.25508e-19)
(0.067033 0.422241 0)
(0.0555438 0.417737 -4.94785e-20)
(0.0461882 0.414282 3.15084e-21)
(0.0385278 0.411629 4.6428e-20)
(0.0322035 0.409588 4.15546e-20)
(0.026928 0.408011 -8.12814e-20)
(0.0224741 0.40679 3.97237e-20)
(0.0186629 0.405844 0)
(0.0153533 0.405111 -1.78589e-20)
(0.0124331 0.404546 4.54964e-22)
(0.00981242 0.404116 3.61048e-22)
(0.00741767 0.403797 1.70817e-20)
(0.00518752 0.403571 0)
(0.00306928 0.403427 0)
(0.00101599 0.403356 0)
(-0.00101599 0.403356 0)
(-0.00306928 0.403427 0)
(-0.00518752 0.403571 0)
(-0.00741767 0.403797 1.70817e-20)
(-0.00981242 0.404116 3.61048e-22)
(-0.0124331 0.404546 4.54964e-22)
(-0.0153533 0.405111 -1.78589e-20)
(-0.0186629 0.405844 0)
(-0.0224741 0.40679 3.97237e-20)
(-0.026928 0.408011 -8.12814e-20)
(-0.0322035 0.409588 4.15546e-20)
(-0.0385278 0.411629 4.6428e-20)
(-0.0461882 0.414282 3.15084e-21)
(-0.0555438 0.417737 -4.94785e-20)
(-0.067033 0.422241 0)
(-0.0811671 0.428101 -1.25508e-19)
(-0.0984907 0.435663 2.62457e-19)
(-0.119467 0.44525 -1.36727e-19)
(-0.144213 0.456961 0)
(-0.171904 0.470196 0)
(-0.199808 0.482506 0)
(-0.221242 0.487308 2.44391e-19)
(-0.221305 0.468964 -2.45663e-19)
(-0.189171 0.39203 0)
(-0.0752263 0.214567 0)
(0.0643053 0.19181 0)
(0.168517 0.375006 2.47251e-19)
(0.209442 0.464085 -2.39368e-19)
(0.21854 0.492354 -1.94328e-19)
(0.204211 0.492922 1.94678e-19)
(0.180458 0.482384 1.57587e-19)
(0.154532 0.468874 -1.58845e-19)
(0.130057 0.455948 1.31091e-19)
(0.108531 0.444853 -1.31981e-19)
(0.0902756 0.43581 -1.11679e-19)
(0.075086 0.428634 1.12195e-19)
(0.0625541 0.423018 0)
(0.0522326 0.41865 0)
(0.0437069 0.415262 0)
(0.0366202 0.412632 0)
(0.0306775 0.410588 0)
(0.0256397 0.408997 0)
(0.021315 0.407758 -3.6651e-20)
(0.0175498 0.406796 3.66801e-20)
(0.0142212 0.406053 0)
(0.0112292 0.405486 0)
(0.0084918 0.405065 0)
(0.00594029 0.404767 0)
(0.00351527 0.404576 -4.12602e-21)
(0.00116372 0.404483 4.12791e-21)
(-0.00116372 0.404483 4.12791e-21)
(-0.00351527 0.404576 -4.12602e-21)
(-0.00594029 0.404767 0)
(-0.0084918 0.405065 0)
(-0.0112292 0.405486 0)
(-0.0142212 0.406053 0)
(-0.0175498 0.406796 3.66801e-20)
(-0.021315 0.407758 -3.6651e-20)
(-0.0256397 0.408997 0)
(-0.0306775 0.410588 0)
(-0.0366202 0.412632 0)
(-0.0437069 0.415262 0)
(-0.0522326 0.41865 0)
(-0.0625541 0.423018 0)
(-0.075086 0.428634 1.12195e-19)
(-0.0902756 0.43581 -1.11679e-19)
(-0.108531 0.444853 -1.31981e-19)
(-0.130057 0.455948 1.31091e-19)
(-0.154532 0.468874 -1.58845e-19)
(-0.180458 0.482384 1.57587e-19)
(-0.204211 0.492922 1.94678e-19)
(-0.21854 0.492354 -1.94328e-19)
(-0.209442 0.464085 -2.39368e-19)
(-0.168517 0.375006 2.47251e-19)
(-0.0643053 0.19181 0)
(0.0551163 0.173119 -2.27534e-19)
(0.149636 0.358276 2.34708e-19)
(0.195786 0.456662 0)
(0.212151 0.494344 -1.76732e-19)
(0.204588 0.500943 1.76565e-19)
(0.185442 0.493127 0)
(0.162012 0.480141 0)
(0.138517 0.466545 0)
(0.117021 0.454259 0)
(0.0982735 0.443895 0)
(0.0823468 0.435465 0)
(0.0689976 0.428744 0)
(0.0578684 0.423442 0)
(0.0485883 0.419282 0)
(0.0408175 0.416025 0)
(0.0342633 0.413476 0)
(0.0286817 0.411481 0)
(0.023873 0.409922 0)
(0.0196747 0.408706 0)
(0.0159547 0.407765 0)
(0.012605 0.407046 0)
(0.00953628 0.406511 -8.36721e-21)
(0.00667292 0.406132 8.37165e-21)
(0.00394957 0.405889 0)
(0.00130762 0.405771 0)
(-0.00130762 0.405771 0)
(-0.00394957 0.405889 0)
(-0.00667292 0.406132 8.37165e-21)
(-0.00953628 0.406511 -8.36721e-21)
(-0.012605 0.407046 0)
(-0.0159547 0.407765 0)
(-0.0196747 0.408706 0)
(-0.023873 0.409922 0)
(-0.0286817 0.411481 0)
(-0.0342633 0.413476 0)
(-0.0408175 0.416025 0)
(-0.0485883 0.419282 0)
(-0.0578684 0.423442 0)
(-0.0689976 0.428744 0)
(-0.0823468 0.435465 0)
(-0.0982735 0.443895 0)
(-0.117021 0.454259 0)
(-0.138517 0.466545 0)
(-0.162012 0.480141 0)
(-0.185442 0.493127 0)
(-0.204588 0.500943 1.76565e-19)
(-0.212151 0.494344 -1.76732e-19)
(-0.195786 0.456662 0)
(-0.149636 0.358276 2.34708e-19)
(-0.0551163 0.173119 -2.27534e-19)
(0.0474685 0.157796 0)
(0.132803 0.342296 0)
(0.181499 0.447558 0)
(0.203335 0.49378 -1.6024e-19)
(0.201856 0.506654 1.16588e-20)
(0.187408 0.502265 1.48486e-19)
(0.166937 0.490514 0)
(0.144967 0.476789 -1.18956e-19)
(0.123995 0.463671 1.19812e-19)
(0.105154 0.452195 0)
(0.0887915 0.442617 0)
(0.0748463 0.43483 0)
(0.0630691 0.428596 0)
(0.0531489 0.423647 0)
(0.044776 0.419737 -4.02356e-20)
(0.0376695 0.416655 4.02789e-20)
(0.0315875 0.41423 0)
(0.026327 0.412325 0)
(0.0217199 0.410835 0)
(0.0176275 0.409678 0)
(0.0139353 0.408793 0)
(0.0105476 0.408133 8.33077e-21)
(0.00738302 0.407664 -8.33472e-21)
(0.00437079 0.407364 0)
(0.00144723 0.407217 0)
(-0.00144723 0.407217 0)
(-0.00437079 0.407364 0)
(-0.00738302 0.407664 -8.33472e-21)
(-0.0105476 0.408133 8.33077e-21)
(-0.0139353 0.408793 0)
(-0.0176275 0.409678 0)
(-0.0217199 0.410835 0)
(-0.026327 0.412325 0)
(-0.0315875 0.41423 0)
(-0.0376695 0.416655 4.02789e-20)
(-0.044776 0.419737 -4.02356e-20)
(-0.0531489 0.423647 0)
(-0.0630691 0.428596 0)
(-0.0748463 0.43483 0)
(-0.0887915 0.442617 0)
(-0.105154 0.452195 0)
(-0.123995 0.463671 1.19812e-19)
(-0.144967 0.476789 -1.18956e-19)
(-0.166937 0.490514 0)
(-0.187408 0.502265 1.48486e-19)
(-0.201856 0.506654 1.16588e-20)
(-0.203335 0.49378 -1.6024e-19)
(-0.181499 0.447558 0)
(-0.132803 0.342296 0)
(-0.0474685 0.157796 0)
(0.0410938 0.145164 -1.66546e-19)
(0.117948 0.327268 1.72493e-19)
(0.16727 0.437417 0)
(0.193012 0.491148 0)
(0.196782 0.510238 0)
(0.186871 0.509746 -1.27259e-19)
(0.169604 0.499826 1.27948e-19)
(0.149556 0.486488 0)
(0.129514 0.47291 0)
(0.110929 0.460564 0)
(0.0944107 0.449975 0)
(0.0800823 0.441192 0)
(0.0678149 0.434051 -4.30764e-20)
(0.0573704 0.428314 4.32191e-20)
(0.0484797 0.423738 3.9571e-20)
(0.0408828 0.420104 -3.96543e-20)
(0.0343461 0.417227 0)
(0.0286681 0.414957 -1.79069e-20)
(0.0236783 0.413174 4.64313e-22)
(0.019234 0.411786 1.74669e-20)
(0.0152156 0.410721 0)
(0.0115225 0.409926 -8.28185e-21)
(0.00806837 0.409361 8.28531e-21)
(0.00477764 0.408998 0)
(0.00158212 0.408821 0)
(-0.00158212 0.408821 0)
(-0.00477764 0.408998 0)
(-0.00806837 0.409361 8.28531e-21)
(-0.0115225 0.409926 -8.28185e-21)
(-0.0152156 0.410721 0)
(-0.019234 0.411786 1.74669e-20)
(-0.0236783 0.413174 4.64313e-22)
(-0.0286681 0.414957 -1.79069e-20)
(-0.0343461 0.417227 0)
(-0.0408828 0.420104 -3.96543e-20)
(-0.0484797 0.423738 3.9571e-20)
(-0.0573704 0.428314 4.32191e-20)
(-0.0678149 0.434051 -4.30764e-20)
(-0.0800823 0.441192 0)
(-0.0944107 0.449975 0)
(-0.110929 0.460564 0)
(-0.129514 0.47291 0)
(-0.149556 0.486488 0)
(-0.169604 0.499826 1.27948e-19)
(-0.186871 0.509746 -1.27259e-19)
(-0.196782 0.510238 0)
(-0.193012 0.491148 0)
(-0.16727 0.437417 0)
(-0.117948 0.327268 1.72493e-19)
(-0.0410938 0.145164 -1.66546e-19)
(0.0357331 0.134647 1.44657e-19)
(0.104858 0.313249 0)
(0.153483 0.426701 0)
(0.181834 0.486876 1.30499e-19)
(0.189985 0.511917 -1.2937e-19)
(0.184295 0.515595 -1.17616e-19)
(0.170307 0.507979 2.29927e-19)
(0.152447 0.495495 -1.12524e-19)
(0.133654 0.481829 -5.05575e-20)
(0.115627 0.468871 9.90199e-20)
(0.0992075 0.457436 -4.84142e-20)
(0.0846969 0.447751 0)
(0.0720927 0.439749 0)
(0.0612387 0.43324 0)
(0.0519157 0.427997 0)
(0.0438919 0.423799 0)
(0.0369481 0.420456 1.81866e-20)
(0.0308885 0.417804 -1.82139e-20)
(0.0255437 0.415714 -1.72808e-20)
(0.0207692 0.414081 1.72929e-20)
(0.0164422 0.412826 0)
(0.0124582 0.411886 0)
(0.00872698 0.411218 4.07267e-21)
(0.00516893 0.410789 -2.04848e-21)
(0.00171191 0.41058 -2.02568e-21)
(-0.00171191 0.41058 -2.02568e-21)
(-0.00516893 0.410789 -2.04848e-21)
(-0.00872698 0.411218 4.07267e-21)
(-0.0124582 0.411886 0)
(-0.0164422 0.412826 0)
(-0.0207692 0.414081 1.72929e-20)
(-0.0255437 0.415714 -1.72808e-20)
(-0.0308885 0.417804 -1.82139e-20)
(-0.0369481 0.420456 1.81866e-20)
(-0.0438919 0.423799 0)
(-0.0519157 0.427997 0)
(-0.0612387 0.43324 0)
(-0.0720927 0.439749 0)
(-0.0846969 0.447751 0)
(-0.0992075 0.457436 -4.84142e-20)
(-0.115627 0.468871 9.90199e-20)
(-0.133654 0.481829 -5.05575e-20)
(-0.152447 0.495495 -1.12524e-19)
(-0.170307 0.507979 2.29927e-19)
(-0.184295 0.515595 -1.17616e-19)
(-0.189985 0.511917 -1.2937e-19)
(-0.181834 0.486876 1.30499e-19)
(-0.153483 0.426701 0)
(-0.104858 0.313249 0)
(-0.0357331 0.134647 -1.44657e-19)
(0.0311641 0.125782 0)
(0.0932765 0.300213 0)
(0.14033 0.415722 1.22686e-19)
(0.170251 0.481322 -2.62294e-21)
(0.181955 0.511921 -1.15881e-19)
(0.180081 0.51988 0)
(0.169323 0.514927 0)
(0.153809 0.503706 0)
(0.136508 0.490307 0)
(0.119292 0.477003 -4.59944e-20)
(0.103196 0.464904 4.62768e-20)
(0.088689 0.45443 0)
(0.0758949 0.445631 0)
(0.0647442 0.438381 3.93035e-20)
(0.0550743 0.432479 -3.94298e-20)
(0.0466879 0.427717 0)
(0.0393856 0.423898 -1.78899e-20)
(0.0329817 0.420854 1.79202e-20)
(0.0273107 0.418444 0)
(0.0222287 0.416556 0)
(0.0176116 0.4151 -8.24344e-21)
(0.0133521 0.414009 8.24823e-21)
(0.0093571 0.413232 -4.03736e-21)
(0.00554364 0.412732 4.03835e-21)
(0.00183625 0.412488 0)
(-0.00183625 0.412488 0)
(-0.00554364 0.412732 4.03835e-21)
(-0.0093571 0.413232 -4.03736e-21)
(-0.0133521 0.414009 8.24823e-21)
(-0.0176116 0.4151 -8.24344e-21)
(-0.0222287 0.416556 0)
(-0.0273107 0.418444 0)
(-0.0329817 0.420854 1.79202e-20)
(-0.0393856 0.423898 -1.78899e-20)
(-0.0466879 0.427717 0)
(-0.0550743 0.432479 -3.94298e-20)
(-0.0647442 0.438381 3.93035e-20)
(-0.0758949 0.445631 0)
(-0.088689 0.45443 0)
(-0.103196 0.464904 4.62768e-20)
(-0.119292 0.477003 -4.59944e-20)
(-0.136508 0.490307 0)
(-0.153809 0.503706 0)
(-0.169323 0.514927 0)
(-0.180081 0.51988 0)
(-0.181955 0.511921 -1.15881e-19)
(-0.170251 0.481322 -2.62294e-21)
(-0.14033 0.415722 1.22686e-19)
(-0.0932765 0.300213 0)
(-0.0311641 0.125782 0)
(0.0272077 0.118198 -1.02954e-19)
(0.0829579 0.288085 -1.10988e-19)
(0.127885 0.404679 -1.74435e-21)
(0.158569 0.474771 1.05324e-19)
(0.173074 0.510468 0)
(0.174576 0.522699 -9.93793e-20)
(0.16691 0.520662 9.95313e-20)
(0.153809 0.511049 0)
(0.138173 0.498246 -4.53495e-20)
(0.121973 0.484864 1.81731e-21)
(0.106398 0.472293 1.77314e-21)
(0.092065 0.461158 4.25591e-20)
(0.0792194 0.451641 0)
(0.0678809 0.443692 3.82465e-20)
(0.0579483 0.437154 -3.8379e-20)
(0.0492638 0.431832 0)
(0.0416524 0.427536 0)
(0.0349422 0.424092 0)
(0.0289747 0.421355 0)
(0.0236089 0.419202 0)
(0.0187208 0.417538 0)
(0.014202 0.416289 8.05258e-21)
(0.00995718 0.415397 -1.20509e-20)
(0.00590086 0.414824 3.99561e-21)
(0.00195485 0.414543 0)
(-0.00195485 0.414543 0)
(-0.00590086 0.414824 3.99561e-21)
(-0.00995718 0.415397 -1.20509e-20)
(-0.014202 0.416289 8.05258e-21)
(-0.0187208 0.417538 0)
(-0.0236089 0.419202 0)
(-0.0289747 0.421355 0)
(-0.0349422 0.424092 0)
(-0.0416524 0.427536 0)
(-0.0492638 0.431832 0)
(-0.0579483 0.437154 -3.8379e-20)
(-0.0678809 0.443692 3.82465e-20)
(-0.0792194 0.451641 0)
(-0.092065 0.461158 4.25591e-20)
(-0.106398 0.472293 1.77314e-21)
(-0.121973 0.484864 1.81731e-21)
(-0.138173 0.498246 -4.53495e-20)
(-0.153809 0.511049 0)
(-0.16691 0.520662 9.95313e-20)
(-0.174576 0.522699 -9.93793e-20)
(-0.173074 0.510468 0)
(-0.158569 0.474771 1.05324e-19)
(-0.127885 0.404679 -1.74435e-21)
(-0.0829579 0.288085 -1.10988e-19)
(-0.0272077 0.118198 1.02954e-19)
(0.0237247 0.111606 8.76168e-20)
(0.0736864 0.276763 4.0407e-21)
(0.116158 0.393691 -9.16829e-20)
(0.146985 0.467443 0)
(0.163637 0.507753 0)
(0.168069 0.524157 0)
(0.1633 0.525201 0)
(0.152611 0.517481 -4.37705e-20)
(0.138753 0.505573 1.26729e-21)
(0.12373 0.49237 1.37737e-21)
(0.108843 0.479526 4.18887e-20)
(0.094837 0.467869 0)
(0.0820687 0.457725 0)
(0.0706466 0.449134 0)
(0.0605333 0.441988 0)
(0.0516146 0.43612 0)
(0.0437436 0.43135 -1.7206e-20)
(0.0367656 0.427504 1.72419e-20)
(0.030532 0.424433 1.6535e-20)
(0.0249067 0.42201 -1.65574e-20)
(0.0197675 0.420132 8.02989e-21)
(0.0150061 0.418718 -1.59841e-20)
(0.0105259 0.417708 1.18972e-20)
(0.00623982 0.417058 -1.98268e-21)
(0.00206745 0.41674 -1.96438e-21)
(-0.00206745 0.41674 -1.96438e-21)
(-0.00623982 0.417058 -1.98268e-21)
(-0.0105259 0.417708 1.18972e-20)
(-0.0150061 0.418718 -1.59841e-20)
(-0.0197675 0.420132 8.02989e-21)
(-0.0249067 0.42201 -1.65574e-20)
(-0.030532 0.424433 1.6535e-20)
(-0.0367656 0.427504 1.72419e-20)
(-0.0437436 0.43135 -1.7206e-20)
(-0.0516146 0.43612 0)
(-0.0605333 0.441988 0)
(-0.0706466 0.449134 0)
(-0.0820687 0.457725 0)
(-0.094837 0.467869 0)
(-0.108843 0.479526 4.18887e-20)
(-0.12373 0.49237 1.37737e-21)
(-0.138753 0.505573 1.26729e-21)
(-0.152611 0.517481 -4.37705e-20)
(-0.163301 0.525201 0)
(-0.168069 0.524157 0)
(-0.163637 0.507753 0)
(-0.146985 0.467443 0)
(-0.116158 0.393691 -9.16829e-20)
(-0.0736864 0.276763 4.0407e-21)
(-0.0237247 0.111606 8.76168e-20)
(0.0206104 0.105779 1.44506e-19)
(0.065283 0.266142 -1.58804e-19)
(0.105124 0.38282 1.60891e-19)
(0.13563 0.459507 -1.62668e-19)
(0.153867 0.503949 1.22536e-19)
(0.160801 0.524364 -4.1056e-20)
(0.158701 0.52858 4.1149e-20)
(0.150369 0.522979 -4.12599e-20)
(0.138351 0.512232 0)
(0.124626 0.499454 3.94335e-20)
(0.110568 0.486534 -3.96708e-20)
(0.0970225 0.474502 0)
(0.0844497 0.463832 0)
(0.0730423 0.454663 3.59597e-20)
(0.0628274 0.446948 -3.60999e-20)
(0.0537372 0.440555 0)
(0.0456558 0.43532 1.68217e-20)
(0.0384487 0.431075 -1.68599e-20)
(0.0319798 0.427668 0)
(0.0261196 0.424971 0)
(0.0207497 0.422874 7.90349e-21)
(0.0157629 0.421292 -7.91109e-21)
(0.0110623 0.420159 -3.8888e-21)
(0.00655989 0.41943 5.82778e-21)
(0.00217384 0.419072 -1.93758e-21)
(-0.00217384 0.419072 -1.93758e-21)
(-0.00655989 0.41943 5.82778e-21)
(-0.0110623 0.420159 -3.8888e-21)
(-0.0157629 0.421292 -7.91109e-21)
(-0.0207497 0.422874 7.90349e-21)
(-0.0261196 0.424971 0)
(-0.0319798 0.427668 0)
(-0.0384487 0.431075 -1.68599e-20)
(-0.0456558 0.43532 1.68217e-20)
(-0.0537372 0.440555 0)
(-0.0628274 0.446948 -3.60999e-20)
(-0.0730423 0.454663 3.59597e-20)
(-0.0844497 0.463832 0)
(-0.0970225 0.474502 0)
(-0.110568 0.486534 -3.96708e-20)
(-0.124626 0.499454 3.94335e-20)
(-0.138351 0.512232 0)
(-0.150369 0.522979 -4.12599e-20)
(-0.158701 0.52858 4.1149e-20)
(-0.160801 0.524364 -4.1056e-20)
(-0.153867 0.503949 1.22536e-19)
(-0.13563 0.459507 -1.62668e-19)
(-0.105124 0.38282 1.60891e-19)
(-0.065283 0.266142 -1.58804e-19)
(-0.0206104 0.105779 2.11067e-21)
(0.017788 0.100543 -1.18462e-19)
(0.0576049 0.256114 6.36218e-20)
(0.094743 0.372087 3.56165e-20)
(0.124583 0.451086 -7.08817e-20)
(0.143933 0.499197 -1.31567e-21)
(0.152972 0.523425 3.66352e-20)
(0.153296 0.530843 0)
(0.147227 0.527537 0)
(0.137067 0.518183 0)
(0.124727 0.506058 3.72388e-20)
(0.11161 0.493257 -3.74559e-20)
(0.0986431 0.481002 0)
(0.0863728 0.469914 -3.54299e-20)
(0.0750719 0.46024 1.82246e-20)
(0.0648312 0.452003 1.74425e-20)
(0.0556303 0.445113 0)
(0.047387 0.439426 -1.64111e-20)
(0.0399894 0.434787 1.64514e-20)
(0.0333159 0.431046 1.59008e-20)
(0.0272459 0.428072 -8.07912e-21)
(0.0216659 0.425753 -9.45972e-23)
(0.0164711 0.424 -7.36031e-23)
(0.0115654 0.422743 -1.15324e-20)
(0.00686058 0.421932 3.82917e-21)
(0.00227386 0.421535 0)
(-0.00227386 0.421535 0)
(-0.00686058 0.421932 3.82917e-21)
(-0.0115654 0.422743 -1.15324e-20)
(-0.0164711 0.424 -7.36031e-23)
(-0.0216659 0.425753 -9.45972e-23)
(-0.0272459 0.428072 -8.07912e-21)
(-0.0333159 0.431046 1.59008e-20)
(-0.0399894 0.434787 1.64514e-20)
(-0.047387 0.439426 -1.64111e-20)
(-0.0556303 0.445113 0)
(-0.0648312 0.452003 1.74425e-20)
(-0.0750719 0.46024 1.82246e-20)
(-0.0863728 0.469914 -3.54299e-20)
(-0.0986431 0.481002 0)
(-0.11161 0.493257 -3.74559e-20)
(-0.124727 0.506058 3.72388e-20)
(-0.137067 0.518183 0)
(-0.147227 0.527537 0)
(-0.153296 0.530843 0)
(-0.152972 0.523425 3.66352e-20)
(-0.143933 0.499197 -1.31567e-21)
(-0.124583 0.451086 -7.08817e-20)
(-0.094743 0.372087 3.56165e-20)
(-0.0576049 0.256114 6.36218e-20)
(-0.017788 0.100543 -2.53691e-21)
(0.0152022 0.0957608 0)
(0.050541 0.246581 0)
(0.0849719 0.361494 0)
(0.113894 0.442271 0)
(0.133966 0.493618 0)
(0.144747 0.521436 -3.38066e-20)
(0.147244 0.532043 3.36745e-20)
(0.143318 0.53116 0)
(0.135002 0.523398 0)
(0.1241 0.512136 0)
(0.112013 0.499644 0)
(0.099724 0.487317 0)
(0.087852 0.475926 0)
(0.0767423 0.465827 0)
(0.0665472 0.457121 0)
(0.0572943 0.449766 0)
(0.0489365 0.443648 0)
(0.0413865 0.438625 0)
(0.0345391 0.434554 0)
(0.0282844 0.431304 0)
(0.0225151 0.428762 0)
(0.01713 0.426836 0)
(0.0120347 0.425452 0)
(0.00714153 0.424558 0)
(0.00236739 0.42412 0)
(-0.00236739 0.42412 0)
(-0.00714153 0.424558 0)
(-0.0120347 0.425452 0)
(-0.01713 0.426836 0)
(-0.0225151 0.428762 0)
(-0.0282844 0.431304 0)
(-0.0345391 0.434554 0)
(-0.0413865 0.438625 0)
(-0.0489365 0.443648 0)
(-0.0572943 0.449766 0)
(-0.0665472 0.457121 0)
(-0.0767423 0.465827 0)
(-0.087852 0.475926 0)
(-0.099724 0.487317 0)
(-0.112013 0.499644 0)
(-0.1241 0.512136 0)
(-0.135002 0.523398 0)
(-0.143318 0.53116 0)
(-0.147244 0.532043 3.36745e-20)
(-0.144747 0.521436 -3.38066e-20)
(-0.133966 0.493618 0)
(-0.113894 0.442271 0)
(-0.0849719 0.361494 0)
(-0.050541 0.246581 0)
(-0.0152022 0.0957608 0)
(0.0128143 0.0913285 0)
(0.0440069 0.237453 0)
(0.0757688 0.351025 2.57633e-20)
(0.103592 0.433124 -2.49853e-20)
(0.124062 0.48731 0)
(0.136261 0.518487 0)
(0.140684 0.532233 0)
(0.138763 0.533862 0)
(0.13225 0.527859 -3.26774e-20)
(0.122812 0.517652 3.28209e-20)
(0.111823 0.505649 0)
(0.100293 0.493401 0)
(0.0889037 0.481824 0)
(0.0780625 0.471386 1.60985e-20)
(0.06798 0.462271 -1.6169e-20)
(0.0587311 0.45449 0)
(0.0503048 0.447964 -1.55185e-20)
(0.0426397 0.442571 1.55621e-20)
(0.0356489 0.438177 0)
(0.0292344 0.434655 0)
(0.0232966 0.43189 0)
(0.0177391 0.42979 0)
(0.0124699 0.428278 -3.68389e-21)
(0.00740251 0.427301 1.84985e-21)
(0.00245435 0.426821 1.83856e-21)
(-0.00245435 0.426821 1.83856e-21)
(-0.00740251 0.427301 1.84985e-21)
(-0.0124699 0.428278 -3.68389e-21)
(-0.0177391 0.42979 0)
(-0.0232966 0.43189 0)
(-0.0292344 0.434655 0)
(-0.0356489 0.438177 0)
(-0.0426397 0.442571 1.55621e-20)
(-0.0503048 0.447964 -1.55185e-20)
(-0.0587311 0.45449 0)
(-0.06798 0.462271 -1.6169e-20)
(-0.0780625 0.471386 1.60985e-20)
(-0.0889037 0.481824 0)
(-0.100293 0.493401 0)
(-0.111823 0.505649 0)
(-0.122812 0.517652 3.28209e-20)
(-0.13225 0.527859 -3.26774e-20)
(-0.138763 0.533862 0)
(-0.140684 0.532233 0)
(-0.136261 0.518487 0)
(-0.124062 0.48731 0)
(-0.103592 0.433124 -2.49853e-20)
(-0.0757688 0.351025 2.57633e-20)
(-0.0440069 0.237453 0)
(-0.0128143 0.0913285 0)
(0.0105981 0.0871653 0)
(0.0379397 0.228655 1.90715e-20)
(0.0670974 0.340661 -3.97395e-20)
(0.093694 0.423693 4.43003e-20)
(0.114298 0.480355 -4.84151e-20)
(0.127626 0.514657 5.21538e-20)
(0.133739 0.531466 -2.69014e-20)
(0.133674 0.535665 0)
(0.1289 0.531559 0)
(0.120931 0.522579 -1.53967e-20)
(0.111084 0.511233 1.54721e-20)
(0.100381 0.499215 0)
(0.0895469 0.487571 0)
(0.079044 0.476884 -1.54402e-20)
(0.0691362 0.467423 1.88071e-22)
(0.0599444 0.45926 1.53825e-20)
(0.0514936 0.452355 0)
(0.0437499 0.446609 0)
(0.0366455 0.441902 0)
(0.0300959 0.438111 -7.32373e-21)
(0.0240104 0.435126 7.33685e-21)
(0.0182982 0.432852 0)
(0.0128708 0.431213 0)
(0.00764345 0.430151 0)
(0.00253472 0.42963 0)
(-0.00253472 0.42963 0)
(-0.00764345 0.430151 0)
(-0.0128708 0.431213 0)
(-0.0182982 0.432852 0)
(-0.0240104 0.435126 7.33685e-21)
(-0.0300959 0.438111 -7.32373e-21)
(-0.0366455 0.441902 0)
(-0.0437499 0.446609 0)
(-0.0514936 0.452355 0)
(-0.0599444 0.45926 1.53825e-20)
(-0.0691362 0.467423 1.88071e-22)
(-0.079044 0.476884 -1.54402e-20)
(-0.0895469 0.487571 0)
(-0.100381 0.499215 0)
(-0.111084 0.511233 1.54721e-20)
(-0.120931 0.522579 -1.53967e-20)
(-0.1289 0.531559 0)
(-0.133674 0.535665 0)
(-0.133739 0.531466 -2.69014e-20)
(-0.127626 0.514657 5.21538e-20)
(-0.114298 0.480355 -4.84151e-20)
(-0.093694 0.423693 4.43003e-20)
(-0.0670974 0.340661 -3.97395e-20)
(-0.0379397 0.228655 1.90715e-20)
(-0.0105981 0.0871653 0)
(0.00853643 0.0832096 0)
(0.0322938 0.220122 -1.4803e-20)
(0.0589282 0.330378 1.41995e-20)
(0.0842113 0.414012 0)
(0.104732 0.47282 1.10347e-20)
(0.118934 0.510016 -1.08794e-20)
(0.126514 0.529795 0)
(0.128149 0.536591 0)
(0.125036 0.534494 0)
(0.11852 0.526894 -1.43608e-20)
(0.109843 0.516366 2.90223e-20)
(0.10002 0.50472 -1.46712e-20)
(0.0898026 0.493129 0)
(0.0796999 0.482286 -1.47715e-20)
(0.0700239 0.472548 7.47961e-21)
(0.0609389 0.464051 7.38986e-21)
(0.052506 0.456799 7.27184e-21)
(0.0447187 0.45072 -7.29466e-21)
(0.0375299 0.445712 0)
(0.0308695 0.441661 -3.56333e-21)
(0.0246568 0.43846 3.57023e-21)
(0.0188075 0.436014 3.52856e-21)
(0.0132374 0.434247 -3.53332e-21)
(0.0078644 0.433101 -8.78117e-22)
(0.00260851 0.432538 8.78896e-22)
(-0.00260851 0.432538 8.78896e-22)
(-0.0078644 0.433101 -8.78117e-22)
(-0.0132374 0.434247 -3.53332e-21)
(-0.0188075 0.436014 3.52856e-21)
(-0.0246568 0.43846 3.57023e-21)
(-0.0308695 0.441661 -3.56333e-21)
(-0.0375299 0.445712 0)
(-0.0447187 0.45072 -7.29466e-21)
(-0.052506 0.456799 7.27184e-21)
(-0.0609389 0.464051 7.38986e-21)
(-0.0700239 0.472548 7.47961e-21)
(-0.0796999 0.482286 -1.47715e-20)
(-0.0898026 0.493129 0)
(-0.10002 0.50472 -1.46712e-20)
(-0.109843 0.516366 2.90223e-20)
(-0.11852 0.526894 -1.43608e-20)
(-0.125036 0.534494 0)
(-0.128149 0.536591 0)
(-0.126514 0.529795 0)
(-0.118934 0.510016 -1.08794e-20)
(-0.104732 0.47282 1.10347e-20)
(-0.0842113 0.414012 0)
(-0.0589282 0.330378 1.41995e-20)
(-0.0322938 0.220122 -1.4803e-20)
(-0.00853643 0.0832096 -8.74301e-21)
(0.00661898 0.0794149 0)
(0.0270366 0.2118 0)
(0.051238 0.320156 0)
(0.0751506 0.404105 0)
(0.0954117 0.464763 9.48788e-21)
(0.110263 0.50463 1.2238e-21)
(0.1191 0.52727 -2.19772e-20)
(0.12228 0.53667 -8.15071e-22)
(0.120738 0.53667 -6.129e-22)
(0.115643 0.530583 1.2919e-20)
(0.108149 0.52102 0)
(0.0992431 0.509885 0)
(0.0896934 0.498466 0)
(0.0800451 0.487561 7.04788e-21)
(0.0706527 0.477618 -2.77215e-23)
(0.0617209 0.468838 -1.41226e-20)
(0.0533457 0.461275 5.09804e-23)
(0.0455486 0.454888 7.03847e-21)
(0.0383037 0.449594 0)
(0.0315562 0.445291 0)
(0.0252365 0.441878 0)
(0.0192675 0.439264 0)
(0.0135702 0.437371 1.71346e-21)
(0.00806551 0.436141 -8.59716e-22)
(0.00267577 0.435536 -8.5667e-22)
(-0.00267577 0.435536 -8.5667e-22)
(-0.00806551 0.436141 -8.59716e-22)
(-0.0135702 0.437371 1.71346e-21)
(-0.0192675 0.439264 0)
(-0.0252365 0.441878 0)
(-0.0315562 0.445291 0)
(-0.0383037 0.449594 0)
(-0.0455486 0.454888 7.03847e-21)
(-0.0533457 0.461275 5.09804e-23)
(-0.0617209 0.468838 -1.41226e-20)
(-0.0706527 0.477618 -2.77214e-23)
(-0.0800451 0.487561 7.04788e-21)
(-0.0896934 0.498466 0)
(-0.0992431 0.509885 0)
(-0.108149 0.52102 0)
(-0.115643 0.530583 1.2919e-20)
(-0.120738 0.53667 -6.129e-22)
(-0.12228 0.53667 -8.15071e-22)
(-0.1191 0.52727 -2.19772e-20)
(-0.110263 0.50463 1.2238e-21)
(-0.0954117 0.464763 9.48788e-21)
(-0.0751506 0.404105 0)
(-0.051238 0.320156 0)
(-0.0270366 0.2118 0)
(-0.00661898 0.0794149 0)
(0.00483994 0.0757474 -1.6864e-21)
(0.0221456 0.203651 -1.94216e-21)
(0.0440096 0.309978 3.5898e-21)
(0.0665176 0.393994 -6.75858e-21)
(0.0863739 0.45623 6.60051e-21)
(0.101678 0.498554 0)
(0.111578 0.52394 0)
(0.116149 0.53593 0)
(0.116079 0.538094 5.90847e-21)
(0.112361 0.533635 -5.91927e-21)
(0.106047 0.525173 6.39269e-21)
(0.098084 0.514682 -6.4215e-21)
(0.0892432 0.503551 -6.64447e-21)
(0.0800961 0.492681 6.67714e-21)
(0.0710335 0.482606 0)
(0.0622976 0.473599 0)
(0.0540176 0.465763 3.37598e-21)
(0.046243 0.459094 -1.76454e-23)
(0.0389691 0.453532 -6.74132e-21)
(0.0321577 0.448989 3.37e-21)
(0.0257506 0.445371 0)
(0.019679 0.442591 -1.66789e-21)
(0.0138695 0.440574 1.67054e-21)
(0.00824708 0.439262 0)
(0.0027366 0.438616 0)
(-0.0027366 0.438616 0)
(-0.00824708 0.439262 0)
(-0.0138695 0.440574 1.67054e-21)
(-0.019679 0.442591 -1.66789e-21)
(-0.0257506 0.445371 0)
(-0.0321577 0.448989 3.37e-21)
(-0.0389691 0.453532 -6.74132e-21)
(-0.046243 0.459094 -1.76454e-23)
(-0.0540176 0.465763 3.37598e-21)
(-0.0622976 0.473599 0)
(-0.0710335 0.482606 0)
(-0.0800961 0.492681 6.67714e-21)
(-0.0892432 0.503551 -6.64447e-21)
(-0.098084 0.514682 -6.4215e-21)
(-0.106047 0.525173 6.39269e-21)
(-0.112361 0.533635 -5.91927e-21)
(-0.116079 0.538094 5.90847e-21)
(-0.116149 0.53593 0)
(-0.111578 0.52394 0)
(-0.101678 0.498554 0)
(-0.0863739 0.45623 6.60051e-21)
(-0.0665176 0.393994 -6.75858e-21)
(-0.0440096 0.309978 3.5898e-21)
(-0.0221456 0.203651 -1.94216e-21)
(-0.00483994 0.0757474 -1.6864e-21)
(0.00319659 0.0721828 0)
(0.0176058 0.195643 0)
(0.0372306 0.299833 0)
(0.058317 0.383698 2.68689e-21)
(0.0776507 0.447268 7.50497e-22)
(0.0932352 0.491843 -7.30851e-21)
(0.104019 0.519853 3.94959e-21)
(0.10983 0.534401 -5.00687e-21)
(0.111128 0.538778 4.99819e-21)
(0.108732 0.536047 2.8548e-21)
(0.103582 0.528808 1.13839e-22)
(0.0965772 0.519087 -2.9897e-21)
(0.0884767 0.508358 0)
(0.0798703 0.497619 0)
(0.0711786 0.487488 -3.21421e-21)
(0.0626773 0.47831 -3.98364e-24)
(0.0545277 0.470243 3.24522e-21)
(0.0468058 0.463321 -1.62209e-21)
(0.0395292 0.457511 1.62718e-21)
(0.032676 0.45274 1.6199e-21)
(0.0262005 0.448926 -1.62372e-21)
(0.020043 0.445986 0)
(0.0141362 0.443847 0)
(0.0084095 0.442454 0)
(0.00279112 0.441768 0)
(-0.00279112 0.441768 0)
(-0.0084095 0.442454 0)
(-0.0141362 0.443847 0)
(-0.020043 0.445986 0)
(-0.0262005 0.448926 -1.62372e-21)
(-0.032676 0.45274 1.6199e-21)
(-0.0395292 0.457511 1.62718e-21)
(-0.0468058 0.463321 -1.62209e-21)
(-0.0545277 0.470243 3.24522e-21)
(-0.0626773 0.47831 -3.98365e-24)
(-0.0711786 0.487488 -3.21421e-21)
(-0.0798703 0.497619 0)
(-0.0884767 0.508358 0)
(-0.0965772 0.519087 -2.9897e-21)
(-0.103582 0.528808 1.13839e-22)
(-0.108732 0.536047 2.8548e-21)
(-0.111128 0.538778 4.99819e-21)
(-0.10983 0.534401 -5.00687e-21)
(-0.104019 0.519853 3.94959e-21)
(-0.0932352 0.491843 -7.30851e-21)
(-0.0776507 0.447268 7.50497e-22)
(-0.058317 0.383698 2.68689e-21)
(-0.0372306 0.299833 0)
(-0.0176058 0.195643 0)
(-0.00319659 0.0721828 0)
(0.00168804 0.0687054 -7.84617e-22)
(0.013407 0.187757 4.95563e-22)
(0.0308927 0.289715 1.27587e-22)
(0.0505539 0.373236 7.1865e-22)
(0.0692688 0.437914 -3.11666e-22)
(0.0849824 0.484545 1.02794e-21)
(0.096484 0.515052 -1.68862e-21)
(0.103389 0.532118 0)
(0.105949 0.538737 0)
(0.104811 0.537818 1.31296e-21)
(0.100802 0.531912 6.58501e-23)
(0.0947576 0.523078 -1.38732e-21)
(0.0874198 0.512863 1.4769e-21)
(0.0793861 0.502348 -7.30414e-22)
(0.0711009 0.492239 7.7132e-22)
(0.0628695 0.48295 7.73215e-24)
(0.0548823 0.474696 3.03269e-24)
(0.0472419 0.467553 -7.79051e-22)
(0.0399871 0.461515 -1.06585e-24)
(0.0331135 0.456532 -3.92101e-22)
(0.0265882 0.45253 -3.91494e-22)
(0.0203608 0.449436 3.90664e-22)
(0.014371 0.44718 -3.91379e-22)
(0.00855329 0.445708 9.77326e-23)
(0.00283951 0.444982 -9.78578e-23)
(-0.00283951 0.444982 -9.78578e-23)
(-0.00855329 0.445708 9.77326e-23)
(-0.014371 0.44718 -3.91379e-22)
(-0.0203608 0.449436 3.90664e-22)
(-0.0265882 0.45253 -3.91494e-22)
(-0.0331135 0.456532 -3.92101e-22)
(-0.0399871 0.461515 -1.06585e-24)
(-0.0472419 0.467553 -7.79051e-22)
(-0.0548823 0.474696 3.03269e-24)
(-0.0628695 0.48295 7.73215e-24)
(-0.0711009 0.492239 7.7132e-22)
(-0.0793861 0.502348 -7.30414e-22)
(-0.0874198 0.512863 1.4769e-21)
(-0.0947576 0.523078 -1.38732e-21)
(-0.100802 0.531912 6.58501e-23)
(-0.104811 0.537818 1.31296e-21)
(-0.105949 0.538737 0)
(-0.103389 0.532118 0)
(-0.096484 0.515052 -1.68862e-21)
(-0.0849824 0.484545 1.02794e-21)
(-0.0692688 0.437914 -3.11666e-22)
(-0.0505539 0.373236 7.1865e-22)
(-0.0308927 0.289715 1.27586e-22)
(-0.013407 0.187757 4.95563e-22)
(-0.00168804 0.0687054 2.34188e-22)
(0.000314229 0.0653057 -5.5909e-22)
(0.00954231 0.179982 3.93213e-22)
(0.02499 0.279624 3.72669e-22)
(0.043233 0.362628 2.0417e-22)
(0.0612509 0.428208 7.47967e-22)
(0.0769609 0.476708 -3.69951e-22)
(0.0890285 0.509583 -7.12825e-22)
(0.0968883 0.529112 9.99574e-22)
(0.1006 0.53799 -9.96126e-22)
(0.100651 0.53895 1.20307e-21)
(0.0977478 0.534477 7.33954e-23)
(0.0926595 0.52664 -1.28313e-21)
(0.0860985 0.517043 1.38657e-21)
(0.0786629 0.506848 -6.81634e-22)
(0.0708146 0.496837 1.01391e-23)
(0.0628841 0.487498 7.41077e-22)
(0.0550888 0.479103 -7.33793e-22)
(0.0475564 0.471772 1.90636e-24)
(0.040347 0.465531 6.02862e-25)
(0.0334733 0.460351 -3.75888e-22)
(0.0269156 0.456173 -3.17818e-25)
(0.0206338 0.452931 -3.8597e-25)
(0.014575 0.450562 -1.88949e-22)
(0.00867904 0.449013 -1.18531e-25)
(0.00288196 0.448249 -1.89054e-22)
(-0.00288196 0.448249 -1.89054e-22)
(-0.00867904 0.449013 -1.18532e-25)
(-0.014575 0.450562 -1.88949e-22)
(-0.0206338 0.452931 -3.8597e-25)
(-0.0269156 0.456173 -3.17818e-25)
(-0.0334733 0.460351 -3.75888e-22)
(-0.040347 0.465531 6.02863e-25)
(-0.0475564 0.471772 1.90636e-24)
(-0.0550888 0.479103 -7.33793e-22)
(-0.0628841 0.487498 7.41077e-22)
(-0.0708146 0.496837 1.01391e-23)
(-0.0786629 0.506848 -6.81634e-22)
(-0.0860985 0.517043 1.38657e-21)
(-0.0926595 0.52664 -1.28313e-21)
(-0.0977478 0.534477 7.33954e-23)
(-0.100651 0.53895 1.20307e-21)
(-0.1006 0.53799 -9.96126e-22)
(-0.0968883 0.529112 9.99574e-22)
(-0.0890285 0.509583 -7.12825e-22)
(-0.0769609 0.476708 -3.69951e-22)
(-0.0612509 0.428208 7.47967e-22)
(-0.043233 0.362628 2.0417e-22)
(-0.02499 0.279624 3.72669e-22)
(-0.00954231 0.179982 3.93213e-22)
(-0.000314229 0.0653057 -5.5909e-22)
(-0.000924825 0.0619797 0)
(0.00600659 0.172313 0)
(0.0195185 0.269566 0)
(0.0363591 0.351897 -9.8987e-22)
(0.0536172 0.418187 9.64985e-22)
(0.0692072 0.468376 2.40281e-21)
(0.0817015 0.50349 -2.37054e-21)
(0.090382 0.525418 3.54029e-21)
(0.0951381 0.536557 -3.52512e-21)
(0.0963013 0.539452 -2.19592e-21)
(0.0944634 0.536498 -1.59207e-22)
(0.0903171 0.529759 2.36511e-21)
(0.0845392 0.520882 0)
(0.0777205 0.511096 0)
(0.0703342 0.501262 0)
(0.0627319 0.491935 2.79033e-21)
(0.0551552 0.483447 -2.80217e-21)
(0.0477552 0.475963 1.42605e-21)
(0.040613 0.469544 -1.43107e-21)
(0.0337584 0.464184 0)
(0.0271853 0.459842 0)
(0.020864 0.456461 0)
(0.0147494 0.453983 0)
(0.00878743 0.452361 0)
(0.00291869 0.451559 0)
(-0.00291869 0.451559 0)
(-0.00878743 0.452361 0)
(-0.0147494 0.453983 0)
(-0.020864 0.456461 0)
(-0.0271853 0.459842 0)
(-0.0337584 0.464184 0)
(-0.040613 0.469544 -1.43107e-21)
(-0.0477552 0.475963 1.42605e-21)
(-0.0551552 0.483447 -2.80217e-21)
(-0.0627319 0.491935 2.79033e-21)
(-0.0703342 0.501262 0)
(-0.0777205 0.511096 0)
(-0.0845392 0.520882 0)
(-0.0903171 0.529759 2.36511e-21)
(-0.0944634 0.536498 -1.59207e-22)
(-0.0963013 0.539452 -2.19592e-21)
(-0.0951381 0.536557 -3.52512e-21)
(-0.090382 0.525418 3.54029e-21)
(-0.0817015 0.50349 -2.37054e-21)
(-0.0692072 0.468376 2.40281e-21)
(-0.0536172 0.418187 9.64985e-22)
(-0.0363591 0.351897 -9.8987e-22)
(-0.0195185 0.269566 0)
(-0.00600659 0.172313 0)
(0.000924825 0.0619797 0)
(-0.0020296 0.0587272 -4.03999e-21)
(0.00279534 0.164753 1.95211e-21)
(0.0144748 0.259551 2.30125e-21)
(0.0299361 0.341067 1.08427e-21)
(0.0463848 0.407889 -1.05675e-21)
(0.0617528 0.459596 0)
(0.0745464 0.496817 0)
(0.0839205 0.521071 0)
(0.0896127 0.534462 -3.58602e-21)
(0.0918103 0.539332 3.57971e-21)
(0.0909893 0.537973 -4.33243e-21)
(0.0877638 0.532425 4.34339e-21)
(0.0827681 0.524363 4.84423e-21)
(0.076579 0.515077 -4.86496e-21)
(0.0696749 0.505495 0)
(0.0624241 0.496243 0)
(0.0550897 0.48771 -2.68575e-21)
(0.0478446 0.48011 -2.18577e-23)
(0.0407899 0.47354 5.47087e-21)
(0.0339724 0.46802 -2.7516e-21)
(0.0273998 0.463526 0)
(0.0210531 0.460014 1.39214e-21)
(0.0148955 0.457433 -1.39516e-21)
(0.00887923 0.455741 0)
(0.00294995 0.454903 0)
(-0.00294995 0.454903 0)
(-0.00887923 0.455741 0)
(-0.0148955 0.457433 -1.39516e-21)
(-0.0210531 0.460014 1.39214e-21)
(-0.0273998 0.463526 0)
(-0.0339724 0.46802 -2.7516e-21)
(-0.0407899 0.47354 5.47087e-21)
(-0.0478446 0.48011 -2.18577e-23)
(-0.0550897 0.48771 -2.68575e-21)
(-0.0624241 0.496243 0)
(-0.0696749 0.505495 0)
(-0.076579 0.515077 -4.86496e-21)
(-0.0827681 0.524363 4.84423e-21)
(-0.0877638 0.532425 4.34339e-21)
(-0.0909893 0.537973 -4.33243e-21)
(-0.0918103 0.539332 3.57971e-21)
(-0.0896127 0.534462 -3.58602e-21)
(-0.0839205 0.521071 0)
(-0.0745464 0.496817 0)
(-0.0617528 0.459596 0)
(-0.0463848 0.407889 -1.05675e-21)
(-0.0299361 0.341067 1.08427e-21)
(-0.0144748 0.259551 2.30125e-21)
(-0.00279534 0.164753 1.95211e-21)
(0.0020296 0.0587272 -4.03999e-21)
(-0.00300143 0.0555508 0)
(-9.6218e-05 0.157309 0)
(0.00985576 0.249595 0)
(0.0239677 0.330165 0)
(0.0395685 0.397353 -1.77672e-21)
(0.0546257 0.45041 -1.38387e-21)
(0.0676021 0.489606 7.42234e-21)
(0.0775492 0.51611 1.13324e-21)
(0.0840715 0.531731 9.90709e-22)
(0.0872222 0.538604 -6.37641e-21)
(0.0873648 0.538906 0)
(0.0850325 0.534632 0)
(0.0808117 0.527475 0)
(0.0752588 0.518773 -4.70494e-21)
(0.0688523 0.50952 -1.39119e-22)
(0.0619726 0.500405 9.87824e-21)
(0.0549012 0.491876 7.76562e-23)
(0.0478312 0.484199 -5.11157e-21)
(0.0408827 0.477506 0)
(0.0341192 0.471846 0)
(0.027562 0.467214 0)
(0.0212033 0.463581 0)
(0.0150147 0.460903 -1.33769e-21)
(0.00895525 0.459144 6.69681e-22)
(0.00297602 0.458272 6.7172e-22)
(-0.00297602 0.458272 6.7172e-22)
(-0.00895525 0.459144 6.69681e-22)
(-0.0150147 0.460903 -1.33769e-21)
(-0.0212033 0.463581 0)
(-0.027562 0.467214 0)
(-0.0341192 0.471846 0)
(-0.0408827 0.477506 0)
(-0.0478312 0.484199 -5.11157e-21)
(-0.0549012 0.491876 7.76563e-23)
(-0.0619726 0.500405 9.87824e-21)
(-0.0688523 0.50952 -1.39119e-22)
(-0.0752588 0.518773 -4.70494e-21)
(-0.0808117 0.527475 0)
(-0.0850325 0.534632 0)
(-0.0873648 0.538906 0)
(-0.0872222 0.538604 -6.37641e-21)
(-0.0840715 0.531731 9.90709e-22)
(-0.0775492 0.51611 1.13324e-21)
(-0.0676021 0.489606 7.42234e-21)
(-0.0546257 0.45041 -1.38387e-21)
(-0.0395685 0.397353 -1.77672e-21)
(-0.0239677 0.330165 0)
(-0.00985576 0.249595 0)
(9.62179e-05 0.157309 0)
(0.00300143 0.0555508 0)
(-0.00384276 0.0524552 1.23397e-20)
(-0.0026737 0.149991 -7.62321e-21)
(0.00565728 0.239716 7.36179e-21)
(0.0184559 0.319221 0)
(0.0331811 0.386616 -1.0762e-21)
(0.04785 0.440865 1.05402e-21)
(0.060903 0.481904 0)
(0.0713095 0.510572 0)
(0.0785578 0.528391 0)
(0.0825788 0.537286 6.50355e-21)
(0.0836274 0.5393 -1.37275e-20)
(0.0821551 0.536377 -6.02205e-22)
(0.0786958 0.530208 7.86391e-21)
(0.0737804 0.522173 8.77752e-21)
(0.067882 0.513321 -4.2538e-21)
(0.0613892 0.504406 -4.58164e-21)
(0.0545988 0.495933 -4.81132e-21)
(0.047722 0.488216 4.83116e-21)
(0.0408967 0.481429 0)
(0.0342026 0.47565 2.50994e-21)
(0.0276749 0.470896 -2.51771e-21)
(0.0213166 0.467151 0)
(0.0151084 0.464384 0)
(0.00901636 0.462561 6.41318e-22)
(0.00299717 0.461657 -6.42424e-22)
(-0.00299717 0.461657 -6.42424e-22)
(-0.00901636 0.462561 6.41318e-22)
(-0.0151084 0.464384 0)
(-0.0213166 0.467151 0)
(-0.0276749 0.470896 -2.51771e-21)
(-0.0342026 0.47565 2.50994e-21)
(-0.0408967 0.481429 0)
(-0.047722 0.488216 4.83116e-21)
(-0.0545988 0.495933 -4.81132e-21)
(-0.0613892 0.504406 -4.58164e-21)
(-0.067882 0.513321 -4.2538e-21)
(-0.0737804 0.522173 8.77752e-21)
(-0.0786958 0.530208 7.86391e-21)
(-0.0821551 0.536377 -6.02205e-22)
(-0.0836274 0.5393 -1.37275e-20)
(-0.0825788 0.537286 6.50355e-21)
(-0.0785578 0.528391 0)
(-0.0713095 0.510572 0)
(-0.060903 0.481904 0)
(-0.04785 0.440865 1.05402e-21)
(-0.0331811 0.386616 -1.0762e-21)
(-0.0184559 0.319221 0)
(-0.00565728 0.239716 7.36179e-21)
(0.0026737 0.149991 -7.62321e-21)
(0.00384276 0.0524552 0)
(-0.00455721 0.0494458 0)
(-0.00494395 0.142813 8.67511e-21)
(0.00187439 0.229935 -1.34656e-20)
(0.0134017 0.308265 6.86538e-21)
(0.0272327 0.375719 -1.88784e-21)
(0.041447 0.431005 -3.54079e-21)
(0.0544801 0.473755 3.48353e-21)
(0.0652386 0.504496 0)
(0.073112 0.524474 0)
(0.0779195 0.535396 5.82679e-21)
(0.079813 0.539167 -5.82059e-21)
(0.0791622 0.537659 0)
(0.0764457 0.532557 0)
(0.0721639 0.525265 8.16065e-21)
(0.06678 0.516887 -8.1945e-21)
(0.0606863 0.508232 0)
(0.0541918 0.499865 0)
(0.0475239 0.492149 0)
(0.0408373 0.485298 0)
(0.034227 0.479422 0)
(0.0277416 0.474562 0)
(0.0213955 0.470716 0)
(0.0151784 0.467866 0)
(0.00906348 0.465985 0)
(0.00301371 0.46505 0)
(-0.00301371 0.46505 0)
(-0.00906348 0.465985 0)
(-0.0151784 0.467866 0)
(-0.0213955 0.470716 0)
(-0.0277416 0.474562 0)
(-0.034227 0.479422 0)
(-0.0408373 0.485298 0)
(-0.0475239 0.492149 0)
(-0.0541918 0.499865 0)
(-0.0606863 0.508232 0)
(-0.06678 0.516887 -8.1945e-21)
(-0.0721639 0.525265 8.16065e-21)
(-0.0764457 0.532557 0)
(-0.0791622 0.537659 0)
(-0.079813 0.539167 -5.82059e-21)
(-0.0779195 0.535396 5.82679e-21)
(-0.073112 0.524474 0)
(-0.0652386 0.504496 0)
(-0.0544801 0.473755 3.48353e-21)
(-0.041447 0.431005 -3.54079e-21)
(-0.0272327 0.375719 -1.88784e-21)
(-0.0134017 0.308265 6.86538e-21)
(-0.00187439 0.229935 -1.34656e-20)
(0.00494395 0.142813 8.67511e-21)
(0.00455721 0.0494458 0)
(-0.00514952 0.0465284 0)
(-0.00691518 0.135787 0)
(-0.00149919 0.220274 5.98789e-21)
(0.00880467 0.297329 -8.732e-21)
(0.0217315 0.364703 2.84567e-21)
(0.0354347 0.420876 0)
(0.0483604 0.465205 0)
(0.0593704 0.497925 0)
(0.0677708 0.520012 8.71254e-21)
(0.073281 0.532957 -8.67247e-21)
(0.0759556 0.538516 0)
(0.0760837 0.538482 0)
(0.0740862 0.534516 0)
(0.0704294 0.528042 -7.56076e-21)
(0.0655618 0.520206 7.59085e-21)
(0.0598759 0.511873 0)
(0.0536897 0.503662 8.51825e-21)
(0.0472444 0.495986 -8.55403e-21)
(0.0407101 0.489102 0)
(0.0341964 0.483152 0)
(0.0277654 0.478202 0)
(0.0214422 0.474268 0)
(0.015226 0.471342 2.31688e-21)
(0.00909754 0.469406 -1.15854e-21)
(0.00302595 0.468444 -1.16566e-21)
(-0.00302595 0.468444 -1.16566e-21)
(-0.00909754 0.469406 -1.15854e-21)
(-0.015226 0.471342 2.31688e-21)
(-0.0214422 0.474268 0)
(-0.0277654 0.478202 0)
(-0.0341964 0.483152 0)
(-0.0407101 0.489102 0)
(-0.0472444 0.495986 -8.55403e-21)
(-0.0536897 0.503662 8.51825e-21)
(-0.0598759 0.511873 0)
(-0.0655618 0.520206 7.59085e-21)
(-0.0704294 0.528042 -7.56076e-21)
(-0.0740862 0.534516 0)
(-0.0760837 0.538482 0)
(-0.0759556 0.538516 0)
(-0.073281 0.532957 -8.67247e-21)
(-0.0677708 0.520012 8.71254e-21)
(-0.0593704 0.497925 0)
(-0.0483604 0.465205 0)
(-0.0354347 0.420876 0)
(-0.0217315 0.364703 2.84567e-21)
(-0.00880467 0.297329 -8.732e-21)
(0.00149919 0.220274 5.98789e-21)
(0.00691518 0.135787 0)
(0.00514952 0.0465284 0)
(-0.00562541 0.0437079 0)
(-0.00859688 0.128928 0)
(-0.00447105 0.210755 0)
(0.00466264 0.286445 0)
(0.0166837 0.353607 0)
(0.0298285 0.410524 0)
(0.042568 0.456301 0)
(0.0537352 0.4909 0)
(0.0625681 0.515039 0)
(0.0686973 0.529994 0)
(0.072087 0.537364 0)
(0.0729477 0.538853 0)
(0.0716413 0.536086 0)
(0.0685964 0.530498 0)
(0.0642432 0.52327 -7.37432e-21)
(0.0589703 0.515318 7.40515e-21)
(0.0531019 0.507313 0)
(0.0468908 0.499718 0)
(0.0405207 0.492832 0)
(0.0341154 0.486832 -4.2608e-21)
(0.0277494 0.481808 4.27516e-21)
(0.0214593 0.477797 0)
(0.0152531 0.474804 0)
(0.00911952 0.472819 0)
(0.00303421 0.471831 0)
(-0.00303421 0.471831 0)
(-0.00911952 0.472819 0)
(-0.0152531 0.474804 0)
(-0.0214593 0.477797 0)
(-0.0277494 0.481808 4.27516e-21)
(-0.0341154 0.486832 -4.2608e-21)
(-0.0405207 0.492832 0)
(-0.0468908 0.499718 0)
(-0.0531019 0.507313 0)
(-0.0589703 0.515318 7.40515e-21)
(-0.0642432 0.52327 -7.37432e-21)
(-0.0685964 0.530498 0)
(-0.0716413 0.536086 0)
(-0.0729477 0.538853 0)
(-0.072087 0.537364 0)
(-0.0686973 0.529994 0)
(-0.0625681 0.515039 0)
(-0.0537352 0.4909 0)
(-0.042568 0.456301 0)
(-0.0298285 0.410524 0)
(-0.0166837 0.353607 0)
(-0.00466264 0.286445 0)
(0.00447105 0.210755 0)
(0.00859688 0.128928 0)
(0.00562541 0.0437079 0)
(-0.00599138 0.0409885 -5.41902e-20)
(-0.00999966 0.122246 2.7674e-20)
(-0.00705003 0.201401 0)
(0.000972082 0.275644 -4.3758e-21)
(0.0120933 0.342473 2.4888e-21)
(0.0246411 0.399994 1.73698e-21)
(0.0371238 0.447089 0)
(0.0483604 0.483465 0)
(0.0575348 0.509593 0)
(0.0642002 0.526534 -8.09306e-21)
(0.0682376 0.535729 8.06946e-21)
(0.0697813 0.538779 0)
(0.069134 0.537269 1.18854e-20)
(0.066684 0.53263 -1.19177e-20)
(0.0628394 0.526073 0)
(0.0579816 0.518559 0)
(0.0524379 0.510809 7.44333e-21)
(0.0464702 0.503335 -7.47471e-21)
(0.0402747 0.496479 -7.86648e-21)
(0.0339881 0.490452 3.88669e-21)
(0.0276971 0.485373 -4.62695e-23)
(0.021449 0.481297 -3.35523e-23)
(0.0152613 0.478246 6.20166e-21)
(0.00913039 0.476217 -2.07969e-21)
(0.00303881 0.475206 0)
(-0.00303881 0.475206 0)
(-0.00913039 0.476217 -2.07969e-21)
(-0.0152613 0.478246 6.20166e-21)
(-0.021449 0.481297 -3.35523e-23)
(-0.0276971 0.485373 -4.62695e-23)
(-0.0339881 0.490452 3.88669e-21)
(-0.0402747 0.496479 -7.86648e-21)
(-0.0464702 0.503335 -7.47471e-21)
(-0.0524379 0.510809 7.44333e-21)
(-0.0579816 0.518559 0)
(-0.0628394 0.526073 0)
(-0.066684 0.53263 -1.19177e-20)
(-0.069134 0.537269 1.18854e-20)
(-0.0697813 0.538779 0)
(-0.0682376 0.535729 8.06946e-21)
(-0.0642002 0.526534 -8.09306e-21)
(-0.0575348 0.509593 0)
(-0.0483604 0.483465 0)
(-0.0371238 0.447089 0)
(-0.0246411 0.399994 1.73698e-21)
(-0.0120933 0.342473 2.4888e-21)
(-0.000972082 0.275644 -4.3758e-21)
(0.00705003 0.201401 0)
(0.00999966 0.122246 2.7674e-20)
(0.00599138 0.0409885 3.07811e-21)
(-0.00625441 0.0383724 5.43937e-20)
(-0.0111349 0.115753 -4.94731e-20)
(-0.00924599 0.19223 3.61966e-20)
(-0.00227186 0.264957 -2.45637e-20)
(0.00796263 0.331338 1.18805e-20)
(0.0198829 0.389333 -2.33276e-21)
(0.0320459 0.437617 -1.92506e-21)
(0.04327 0.475666 1.89801e-21)
(0.0526987 0.503712 0)
(0.0598189 0.522608 -7.06827e-21)
(0.0644352 0.53363 7.04332e-21)
(0.0666101 0.538275 0)
(0.0665864 0.53807 0)
(0.0647104 0.534438 -1.17477e-20)
(0.0613652 0.52861 1.1787e-20)
(0.0569215 0.521589 0)
(0.0517068 0.514142 -6.92031e-21)
(0.04599 0.506829 6.94937e-21)
(0.0399779 0.500035 0)
(0.033819 0.494005 0)
(0.0276117 0.488889 -3.82348e-21)
(0.0214138 0.484762 3.83557e-21)
(0.0152522 0.481661 1.95397e-21)
(0.00913112 0.479594 -2.94169e-21)
(0.00304006 0.478561 9.85003e-22)
(-0.00304006 0.478561 9.85003e-22)
(-0.00913112 0.479594 -2.94169e-21)
(-0.0152522 0.481661 1.95397e-21)
(-0.0214138 0.484762 3.83557e-21)
(-0.0276117 0.488889 -3.82348e-21)
(-0.033819 0.494005 0)
(-0.0399779 0.500035 0)
(-0.04599 0.506829 6.94937e-21)
(-0.0517068 0.514142 -6.92031e-21)
(-0.0569215 0.521589 0)
(-0.0613652 0.52861 1.1787e-20)
(-0.0647104 0.534438 -1.17477e-20)
(-0.0665864 0.53807 0)
(-0.0666101 0.538275 0)
(-0.0644352 0.53363 7.04332e-21)
(-0.0598189 0.522608 -7.06827e-21)
(-0.0526987 0.503712 0)
(-0.04327 0.475666 1.89801e-21)
(-0.0320459 0.437617 -1.92506e-21)
(-0.0198829 0.389333 -2.33276e-21)
(-0.00796263 0.331338 1.18805e-20)
(0.00227186 0.264957 -2.45637e-20)
(0.00924599 0.19223 3.61966e-20)
(0.0111349 0.115753 -4.94731e-20)
(0.00625441 0.0383724 -2.93816e-21)
(-0.00642168 0.0358601 0)
(-0.0120145 0.109456 2.17588e-20)
(-0.0110695 0.183261 -5.44234e-21)
(-0.00507517 0.254412 -1.52733e-20)
(0.00429228 0.320242 0)
(0.0155621 0.378585 0)
(0.0273497 0.427934 0)
(0.0384855 0.467548 2.99832e-21)
(0.0480851 0.497436 1.66467e-21)
(0.0555799 0.518247 1.5234e-21)
(0.0607062 0.531092 -6.0952e-21)
(0.0634579 0.537353 0)
(0.0640194 0.538495 0)
(0.0626934 0.535922 0)
(0.0598351 0.53088 0)
(0.0558017 0.524404 0)
(0.0509179 0.517307 6.40832e-21)
(0.0454574 0.510194 -6.43501e-21)
(0.0396358 0.503493 0)
(0.0336123 0.497486 0)
(0.0274965 0.492351 -3.57947e-21)
(0.0213562 0.488186 3.59101e-21)
(0.0152275 0.485043 -1.83375e-21)
(0.0091227 0.482944 9.15255e-22)
(0.0030383 0.481893 9.25023e-22)
(-0.0030383 0.481893 9.25023e-22)
(-0.0091227 0.482944 9.15255e-22)
(-0.0152275 0.485043 -1.83375e-21)
(-0.0213562 0.488186 3.59101e-21)
(-0.0274965 0.492351 -3.57947e-21)
(-0.0336123 0.497486 0)
(-0.0396358 0.503493 0)
(-0.0454574 0.510194 -6.43501e-21)
(-0.0509179 0.517307 6.40832e-21)
(-0.0558017 0.524404 0)
(-0.0598351 0.53088 0)
(-0.0626934 0.535922 0)
(-0.0640194 0.538495 0)
(-0.0634579 0.537353 0)
(-0.0607062 0.531092 -6.0952e-21)
(-0.0555799 0.518247 1.5234e-21)
(-0.0480851 0.497436 1.66467e-21)
(-0.0384855 0.467548 2.99832e-21)
(-0.0273497 0.427934 0)
(-0.0155621 0.378585 0)
(-0.00429228 0.320242 0)
(0.00507517 0.254412 -1.52733e-20)
(0.0110695 0.183261 -5.44234e-21)
(0.0120145 0.109456 2.17588e-20)
(0.00642168 0.0358601 0)
(-0.00650029 0.0334499 -5.30326e-20)
(-0.0126502 0.103358 5.71869e-21)
(-0.0125316 0.174506 5.17308e-21)
(-0.00744476 0.244034 1.5458e-20)
(0.00108136 0.309221 0)
(0.0116847 0.367793 -2.43502e-21)
(0.0230481 0.418085 2.38946e-21)
(0.0340254 0.459157 0)
(0.0437163 0.490808 3.82857e-21)
(0.0515076 0.513486 1.44805e-21)
(0.0570745 0.528141 1.32059e-21)
(0.0603472 0.536032 -6.52861e-21)
(0.0614529 0.538556 0)
(0.0606497 0.537088 -9.69882e-21)
(0.0582629 0.532882 9.72626e-21)
(0.0546332 0.527 0)
(0.0500799 0.520298 0)
(0.0448792 0.513424 0)
(0.0392537 0.506848 -6.36966e-21)
(0.0333724 0.500889 6.39437e-21)
(0.0273547 0.495753 0)
(0.0212786 0.491564 0)
(0.0151889 0.48839 1.71442e-21)
(0.00910611 0.486263 -1.71878e-21)
(0.00303385 0.485197 0)
(-0.00303385 0.485197 0)
(-0.00910611 0.486263 -1.71878e-21)
(-0.0151889 0.48839 1.71442e-21)
(-0.0212786 0.491564 0)
(-0.0273547 0.495753 0)
(-0.0333724 0.500889 6.39437e-21)
(-0.0392537 0.506848 -6.36966e-21)
(-0.0448792 0.513424 0)
(-0.0500799 0.520298 0)
(-0.0546332 0.527 0)
(-0.0582629 0.532882 9.72626e-21)
(-0.0606497 0.537088 -9.69882e-21)
(-0.0614529 0.538556 0)
(-0.0603472 0.536032 -6.52861e-21)
(-0.0570745 0.528141 1.32059e-21)
(-0.0515076 0.513486 1.44805e-21)
(-0.0437163 0.490808 3.82857e-21)
(-0.0340254 0.459157 0)
(-0.0230481 0.418085 2.38946e-21)
(-0.0116847 0.367793 -2.43502e-21)
(-0.00108136 0.309221 0)
(0.00744476 0.244034 1.5458e-20)
(0.0125316 0.174506 5.17308e-21)
(0.0126502 0.103358 5.71869e-21)
(0.00650029 0.0334499 2.64757e-21)
(-0.00649698 0.0311375 0)
(-0.0130533 0.0974594 0)
(-0.0136435 0.165978 0)
(-0.0093883 0.233847 0)
(-0.00167245 0.29831 0)
(0.00825474 0.357002 0)
(0.0191514 0.408118 0)
(0.0299056 0.45054 0)
(0.0396123 0.483869 0)
(0.0476237 0.508362 4.44233e-21)
(0.0535622 0.524803 -4.41865e-21)
(0.0572987 0.534331 0)
(0.0589054 0.538263 0)
(0.0585953 0.537941 0)
(0.0566618 0.534617 0)
(0.0534267 0.529377 0)
(0.0492015 0.523113 5.42043e-21)
(0.0442623 0.516515 -5.44238e-21)
(0.0388372 0.510095 0)
(0.0331034 0.504208 0)
(0.0271896 0.499091 3.09967e-21)
(0.0211833 0.494892 -3.10995e-21)
(0.0151381 0.491696 1.59621e-21)
(0.00908234 0.489548 -1.60035e-21)
(0.00302703 0.48847 0)
(-0.00302703 0.48847 0)
(-0.00908234 0.489548 -1.60035e-21)
(-0.0151381 0.491696 1.59621e-21)
(-0.0211833 0.494892 -3.10995e-21)
(-0.0271896 0.499091 3.09967e-21)
(-0.0331034 0.504208 0)
(-0.0388372 0.510095 0)
(-0.0442623 0.516515 -5.44238e-21)
(-0.0492015 0.523113 5.42043e-21)
(-0.0534267 0.529377 0)
(-0.0566618 0.534617 0)
(-0.0585953 0.537941 0)
(-0.0589054 0.538263 0)
(-0.0572987 0.534331 0)
(-0.0535622 0.524803 -4.41865e-21)
(-0.0476237 0.508362 4.44233e-21)
(-0.0396123 0.483869 0)
(-0.0299056 0.45054 0)
(-0.0191514 0.408118 0)
(-0.00825474 0.357002 0)
(0.00167245 0.29831 0)
(0.0093883 0.233847 0)
(0.0136435 0.165978 0)
(0.0130533 0.0974594 0)
(0.00649698 0.0311375 0)
(-0.00641795 0.0289165 2.60328e-20)
(-0.0132347 0.0917567 0)
(-0.0144161 0.157681 0)
(-0.0109142 0.223871 0)
(-0.00397294 0.287538 0)
(0.00527411 0.346251 -3.79339e-21)
(0.0156675 0.398079 4.38047e-21)
(0.0261391 0.441744 -6.49408e-22)
(0.0357901 0.476663 2.4526e-21)
(0.0439476 0.502911 -6.13401e-21)
(0.0501891 0.52111 3.68171e-21)
(0.0543316 0.532272 0)
(0.0563942 0.537632 0)
(0.0565451 0.538489 0)
(0.0550444 0.536088 0)
(0.0521927 0.531534 0)
(0.048291 0.525749 -4.94555e-21)
(0.0436133 0.519464 4.96517e-21)
(0.0383915 0.51323 0)
(0.0328094 0.50744 0)
(0.0270045 0.502361 0)
(0.0210728 0.498166 0)
(0.0150767 0.494958 -1.47934e-21)
(0.00905236 0.492795 7.37093e-22)
(0.00301817 0.491708 7.4782e-22)
(-0.00301817 0.491708 7.4782e-22)
(-0.00905236 0.492795 7.37093e-22)
(-0.0150767 0.494958 -1.47934e-21)
(-0.0210728 0.498166 0)
(-0.0270045 0.502361 0)
(-0.0328094 0.50744 0)
(-0.0383915 0.51323 0)
(-0.0436133 0.519464 4.96517e-21)
(-0.048291 0.525749 -4.94555e-21)
(-0.0521927 0.531534 0)
(-0.0550444 0.536088 0)
(-0.0565451 0.538489 0)
(-0.0563942 0.537632 0)
(-0.0543316 0.532272 0)
(-0.0501891 0.52111 3.68171e-21)
(-0.0439476 0.502911 -6.13401e-21)
(-0.0357901 0.476663 2.4526e-21)
(-0.0261391 0.441744 -6.49408e-22)
(-0.0156675 0.398079 4.38047e-21)
(-0.00527411 0.346251 -3.79339e-21)
(0.00397294 0.287538 0)
(0.0109142 0.223871 0)
(0.0144161 0.157681 0)
(0.0132347 0.0917567 0)
(0.00641795 0.0289165 -2.60328e-20)
(-0.0062687 0.026778 -2.26138e-20)
(-0.0132045 0.086242 2.46151e-20)
(-0.0148608 0.14962 0)
(-0.0120319 0.21412 -1.09391e-20)
(-0.00582561 0.276937 1.06783e-20)
(0.00274247 0.335579 -4.21226e-21)
(0.0126017 0.388013 4.13061e-21)
(0.0227364 0.432816 0)
(0.0322639 0.469235 0)
(0.0404961 0.497172 0)
(0.0469731 0.517092 0)
(0.0514632 0.529878 0)
(0.0539353 0.536678 6.0719e-21)
(0.0545132 0.538743 -6.07501e-21)
(0.0534225 0.537302 -7.69647e-21)
(0.0509408 0.533472 7.71893e-21)
(0.0473563 0.528205 0)
(0.0429388 0.522269 4.73704e-21)
(0.0379217 0.516251 1.9438e-22)
(0.0324946 0.510582 -4.96934e-21)
(0.0268024 0.505561 0)
(0.0209495 0.501384 2.68811e-21)
(0.0150064 0.498174 -2.69627e-21)
(0.00901719 0.496003 0)
(0.0030076 0.494909 0)
(-0.0030076 0.494909 0)
(-0.00901719 0.496003 0)
(-0.0150064 0.498174 -2.69627e-21)
(-0.0209495 0.501384 2.68811e-21)
(-0.0268024 0.505561 0)
(-0.0324946 0.510582 -4.96934e-21)
(-0.0379217 0.516251 1.9438e-22)
(-0.0429388 0.522269 4.73704e-21)
(-0.0473563 0.528205 0)
(-0.0509408 0.533472 7.71893e-21)
(-0.0534225 0.537302 -7.69647e-21)
(-0.0545132 0.538743 -6.07501e-21)
(-0.0539353 0.536678 6.0719e-21)
(-0.0514632 0.529878 0)
(-0.0469731 0.517092 0)
(-0.0404961 0.497172 0)
(-0.0322639 0.469235 0)
(-0.0227364 0.432816 0)
(-0.0126017 0.388013 4.13061e-21)
(-0.00274247 0.335579 -4.21226e-21)
(0.00582561 0.276937 1.06783e-20)
(0.0120319 0.21412 -1.09391e-20)
(0.0148608 0.14962 0)
(0.0132045 0.086242 2.46151e-20)
(0.0062687 0.026778 -2.26138e-20)
(-0.00605408 0.0247111 0)
(-0.0129719 0.0809036 0)
(-0.0149892 0.141791 0)
(-0.0127522 0.204607 -1.05753e-20)
(-0.00723834 0.266531 2.99557e-21)
(0.000656581 0.325023 7.17071e-21)
(0.00995592 0.377964 -1.91756e-21)
(0.0197047 0.423801 2.33705e-21)
(0.0290453 0.461629 -4.45305e-22)
(0.0372835 0.491186 0)
(0.0439298 0.512782 0)
(0.0487091 0.527176 0)
(0.0515434 0.535421 0)
(0.0525127 0.538714 0)
(0.0518076 0.538265 6.82561e-21)
(0.0496807 0.535195 6.45138e-22)
(0.0464053 0.530482 -7.51416e-21)
(0.042245 0.524927 0)
(0.037433 0.519156 0)
(0.0321631 0.513633 0)
(0.0265867 0.508687 0)
(0.0208159 0.504543 -2.46072e-21)
(0.014929 0.501341 2.46826e-21)
(0.00897786 0.499169 0)
(0.00299566 0.498072 0)
(-0.00299566 0.498072 0)
(-0.00897786 0.499169 0)
(-0.014929 0.501341 2.46826e-21)
(-0.0208159 0.504543 -2.46072e-21)
(-0.0265867 0.508687 0)
(-0.0321631 0.513633 0)
(-0.037433 0.519156 0)
(-0.042245 0.524927 0)
(-0.0464053 0.530482 -7.51416e-21)
(-0.0496807 0.535195 6.45138e-22)
(-0.0518076 0.538265 6.82561e-21)
(-0.0525127 0.538714 0)
(-0.0515434 0.535421 0)
(-0.0487091 0.527176 0)
(-0.0439298 0.512782 0)
(-0.0372835 0.491186 0)
(-0.0290453 0.461629 -4.45305e-22)
(-0.0197047 0.423801 2.33705e-21)
(-0.00995592 0.377964 -1.91756e-21)
(-0.000656581 0.325023 7.17071e-21)
(0.00723834 0.266531 2.99557e-21)
(0.0127522 0.204607 -1.05753e-20)
(0.0149892 0.141791 0)
(0.0129719 0.0809036 0)
(0.00605408 0.0247111 0)
(-0.00577834 0.0227028 0)
(-0.0125465 0.0757268 0)
(-0.0148143 0.13419 0)
(-0.0130888 0.19534 -1.00547e-20)
(-0.00822247 0.256342 9.8222e-21)
(-0.000990605 0.314617 0)
(0.00772852 0.367973 0)
(0.0170475 0.414746 0)
(0.0261423 0.453891 0)
(0.0343213 0.484993 0)
(0.0410725 0.508216 0)
(0.0460834 0.524192 0)
(0.0492319 0.533879 0)
(0.050556 0.538415 0)
(0.0502104 0.538984 0)
(0.0484215 0.536707 0)
(0.0454459 0.532582 0)
(0.0415384 0.52744 0)
(0.0369308 0.521943 0)
(0.0318193 0.516589 0)
(0.0263609 0.511739 0)
(0.0206746 0.507642 0)
(0.0148463 0.504459 0)
(0.00893548 0.502291 0)
(0.00298274 0.501195 0)
(-0.00298274 0.501195 0)
(-0.00893548 0.502291 0)
(-0.0148463 0.504459 0)
(-0.0206746 0.507642 0)
(-0.0263609 0.511739 0)
(-0.0318193 0.516589 0)
(-0.0369308 0.521943 0)
(-0.0415384 0.52744 0)
(-0.0454459 0.532582 0)
(-0.0484215 0.536707 0)
(-0.0502104 0.538984 0)
(-0.050556 0.538415 0)
(-0.0492319 0.533879 0)
(-0.0460834 0.524192 0)
(-0.0410725 0.508216 0)
(-0.0343213 0.484993 0)
(-0.0261423 0.453891 0)
(-0.0170475 0.414746 0)
(-0.00772852 0.367973 0)
(0.000990605 0.314617 0)
(0.00822247 0.256342 9.8222e-21)
(0.0130888 0.19534 -1.00547e-20)
(0.0148143 0.13419 0)
(0.0125465 0.0757268 0)
(0.00577834 0.0227028 0)
(-0.00544545 0.0207396 0)
(-0.0119386 0.0706943 1.61331e-20)
(-0.0143521 0.126809 -1.57883e-20)
(-0.0130599 0.186325 -9.39356e-21)
(-0.00879465 0.246389 9.17973e-21)
(-0.00221154 0.304392 4.65161e-21)
(0.00591268 0.358079 -4.55966e-21)
(0.0147639 0.405693 8.7094e-22)
(0.0235595 0.446062 -8.5853e-22)
(0.0316179 0.478633 2.5982e-21)
(0.0384124 0.503427 -2.57712e-21)
(0.0435983 0.520954 0)
(0.0470134 0.532074 0)
(0.0486549 0.537862 0)
(0.0486418 0.539469 0)
(0.0471728 0.538013 0)
(0.044486 0.534506 0)
(0.040826 0.529808 6.83398e-21)
(0.0364207 0.524612 -6.8594e-21)
(0.0314678 0.51945 0)
(0.0261286 0.514715 0)
(0.0205285 0.51068 0)
(0.0147604 0.507527 0)
(0.00889129 0.505371 1.04015e-21)
(0.00296923 0.504278 -1.04259e-21)
(-0.00296923 0.504278 -1.04259e-21)
(-0.00889129 0.505371 1.04015e-21)
(-0.0147604 0.507527 0)
(-0.0205285 0.51068 0)
(-0.0261286 0.514715 0)
(-0.0314678 0.51945 0)
(-0.0364207 0.524612 -6.8594e-21)
(-0.040826 0.529808 6.83398e-21)
(-0.044486 0.534506 0)
(-0.0471728 0.538013 0)
(-0.0486418 0.539469 0)
(-0.0486549 0.537862 0)
(-0.0470134 0.532074 0)
(-0.0435983 0.520954 0)
(-0.0384124 0.503427 -2.57712e-21)
(-0.0316179 0.478633 2.5982e-21)
(-0.0235595 0.446062 -8.5853e-22)
(-0.0147639 0.405693 8.70941e-22)
(-0.00591268 0.358079 -4.55966e-21)
(0.00221154 0.304392 4.65161e-21)
(0.00879465 0.246389 9.17973e-21)
(0.0130599 0.186325 -9.39356e-21)
(0.0143521 0.126809 -1.57883e-20)
(0.0119386 0.0706943 1.61331e-20)
(0.00544545 0.0207396 0)
(-0.00505952 0.0188069 0)
(-0.011161 0.0657872 0)
(-0.0136237 0.119637 -1.12218e-20)
(-0.0126909 0.177562 1.09735e-20)
(-0.0089796 0.236688 0)
(-0.00302651 0.294374 0)
(0.00449467 0.348319 0)
(0.0128474 0.396683 -1.40624e-21)
(0.0212967 0.438187 1.28325e-21)
(0.0291786 0.472146 1.01221e-22)
(0.0359584 0.498452 0)
(0.041265 0.517491 2.31405e-21)
(0.0448999 0.530028 7.40979e-22)
(0.0468212 0.53707 -3.04386e-21)
(0.0471127 0.539731 -4.40234e-21)
(0.0459445 0.53912 9.41043e-21)
(0.0435346 0.536259 -5.01373e-21)
(0.0401153 0.532032 0)
(0.0359093 0.527163 3.19928e-21)
(0.0311141 0.522217 1.53972e-22)
(0.0258943 0.517615 1.21714e-22)
(0.0203809 0.513657 -3.51068e-21)
(0.0146736 0.510544 0)
(0.00884671 0.508408 0)
(0.00295562 0.507322 0)
(-0.00295562 0.507322 0)
(-0.00884671 0.508408 0)
(-0.0146736 0.510544 0)
(-0.0203809 0.513657 -3.51068e-21)
(-0.0258943 0.517615 1.21714e-22)
(-0.0311141 0.522217 1.53972e-22)
(-0.0359093 0.527163 3.19928e-21)
(-0.0401153 0.532032 0)
(-0.0435346 0.536259 -5.01373e-21)
(-0.0459445 0.53912 9.41043e-21)
(-0.0471127 0.539731 -4.40234e-21)
(-0.0468212 0.53707 -3.04386e-21)
(-0.0448999 0.530028 7.40979e-22)
(-0.041265 0.517491 2.31405e-21)
(-0.0359584 0.498452 0)
(-0.0291786 0.472146 1.0122e-22)
(-0.0212967 0.438187 1.28325e-21)
(-0.0128474 0.396683 -1.40624e-21)
(-0.00449467 0.348319 0)
(0.00302651 0.294374 0)
(0.0089796 0.236688 0)
(0.0126909 0.177562 1.09735e-20)
(0.0136237 0.119637 -1.12218e-20)
(0.011161 0.0657872 0)
(0.00505952 0.0188069 0)
(-0.0046251 0.0168907 0)
(-0.0102312 0.0609862 0)
(-0.0126589 0.112661 0)
(-0.0120187 0.169051 -7.70763e-21)
(-0.00881405 0.227247 7.53756e-21)
(-0.00346707 0.284586 0)
(0.00345102 0.338723 0)
(0.0112836 0.387754 0)
(0.0193481 0.430303 6.16358e-22)
(0.0270047 0.465571 7.63543e-23)
(0.0337171 0.493324 -6.7903e-22)
(0.0390936 0.513832 0)
(0.0429033 0.527764 0)
(0.0450676 0.536055 0)
(0.0456357 0.539781 0)
(0.0447484 0.540034 0)
(0.0426022 0.537844 0)
(0.0394157 0.534114 0)
(0.0354046 0.529598 0)
(0.0307648 0.52489 0)
(0.0256634 0.52044 0)
(0.0202361 0.516574 0)
(0.014589 0.513513 0)
(0.00880352 0.511402 0)
(0.00294249 0.510327 0)
(-0.00294249 0.510327 0)
(-0.00880352 0.511402 0)
(-0.014589 0.513513 0)
(-0.0202361 0.516574 0)
(-0.0256634 0.52044 0)
(-0.0307648 0.52489 0)
(-0.0354046 0.529598 0)
(-0.0394157 0.534114 0)
(-0.0426022 0.537844 0)
(-0.0447484 0.540034 0)
(-0.0456357 0.539781 0)
(-0.0450676 0.536055 0)
(-0.0429033 0.527764 0)
(-0.0390936 0.513832 0)
(-0.0337171 0.493324 -6.7903e-22)
(-0.0270047 0.465571 7.63537e-23)
(-0.0193481 0.430303 6.16358e-22)
(-0.0112836 0.387754 0)
(-0.00345102 0.338723 0)
(0.00346707 0.284586 0)
(0.00881405 0.227247 7.53756e-21)
(0.0120187 0.169051 -7.70763e-21)
(0.0126589 0.112661 0)
(0.0102312 0.0609862 0)
(0.0046251 0.0168907 0)
(-0.00414742 0.0149803 -1.22877e-20)
(-0.00917448 0.0562769 1.34054e-20)
(-0.0115004 0.105874 8.39638e-21)
(-0.0110964 0.160792 -8.21993e-21)
(-0.00835198 0.21808 0)
(-0.0035809 0.275049 0)
(0.00274461 0.329322 3.25926e-21)
(0.0100474 0.378943 -3.20098e-21)
(0.0177004 0.422452 -1.27523e-21)
(0.0250929 0.458947 1.2593e-21)
(0.0316932 0.488079 0)
(0.0370944 0.510008 1.10735e-21)
(0.0410373 0.525306 6.26993e-22)
(0.0434096 0.534837 -4.06882e-21)
(0.0442264 0.539631 2.34221e-21)
(0.0435995 0.540764 -3.47259e-21)
(0.0417027 0.539265 -4.83637e-22)
(0.0387395 0.536056 3.97583e-21)
(0.0349172 0.531916 2.38358e-21)
(0.0304289 0.527467 -2.39196e-21)
(0.025443 0.523188 -2.66233e-21)
(0.0200995 0.519428 4.0503e-21)
(0.0145104 0.516429 -2.79694e-21)
(0.00876396 0.514353 6.99826e-22)
(0.00293058 0.513292 7.19346e-22)
(-0.00293058 0.513292 7.19346e-22)
(-0.00876396 0.514353 6.99826e-22)
(-0.0145104 0.516429 -2.79694e-21)
(-0.0200995 0.519428 4.0503e-21)
(-0.025443 0.523188 -2.66233e-21)
(-0.0304289 0.527467 -2.39196e-21)
(-0.0349172 0.531916 2.38358e-21)
(-0.0387395 0.536056 3.97583e-21)
(-0.0417027 0.539265 -4.83637e-22)
(-0.0435995 0.540764 -3.47259e-21)
(-0.0442264 0.539631 2.34221e-21)
(-0.0434096 0.534837 -4.06882e-21)
(-0.0410373 0.525306 6.26993e-22)
(-0.0370944 0.510008 1.10735e-21)
(-0.0316932 0.488079 0)
(-0.0250929 0.458947 1.2593e-21)
(-0.0177004 0.422452 -1.27523e-21)
(-0.0100474 0.378943 -3.20098e-21)
(-0.00274461 0.329322 3.25926e-21)
(0.0035809 0.275049 0)
(0.00835198 0.21808 0)
(0.0110964 0.160792 -8.21993e-21)
(0.0115004 0.105874 8.39638e-21)
(0.00917448 0.0562769 1.34054e-20)
(0.00414742 0.0149803 -1.22877e-20)
(-0.00363395 0.01308 0)
(-0.00802659 0.0516668 8.50508e-21)
(-0.0102088 0.0992921 -1.6655e-21)
(-0.00999971 0.152808 -6.54763e-21)
(-0.00767131 0.209215 4.62967e-21)
(-0.00343835 0.265799 -5.8849e-22)
(0.00231874 0.320161 -3.86426e-21)
(0.00909851 0.370298 0)
(0.0163295 0.414685 1.87985e-21)
(0.0234337 0.452324 -1.85561e-21)
(0.0298888 0.482764 -4.58593e-24)
(0.0352781 0.506057 4.55258e-24)
(0.0393185 0.522685 0)
(0.0418668 0.533438 1.68003e-21)
(0.0429059 0.539298 -3.90938e-21)
(0.0425186 0.541319 2.23235e-21)
(0.0408556 0.540528 -3.21375e-21)
(0.0381041 0.53786 -4.04041e-22)
(0.034462 0.534116 3.63832e-21)
(0.0301186 0.529947 -2.13764e-21)
(0.0252429 0.525855 2.14496e-21)
(0.0199783 0.522216 0)
(0.0144427 0.519291 0)
(0.00873099 0.517255 0)
(0.00292087 0.516212 0)
(-0.00292087 0.516212 0)
(-0.00873099 0.517255 0)
(-0.0144427 0.519291 0)
(-0.0199783 0.522216 0)
(-0.0252429 0.525855 2.14496e-21)
(-0.0301186 0.529947 -2.13764e-21)
(-0.034462 0.534116 3.63832e-21)
(-0.0381041 0.53786 -4.04041e-22)
(-0.0408556 0.540528 -3.21375e-21)
(-0.0425186 0.541319 2.23235e-21)
(-0.0429059 0.539298 -3.90938e-21)
(-0.0418668 0.533438 1.68003e-21)
(-0.0393185 0.522685 0)
(-0.0352781 0.506057 4.55237e-24)
(-0.0298888 0.482764 -4.58573e-24)
(-0.0234337 0.452324 -1.85561e-21)
(-0.0163295 0.414685 1.87985e-21)
(-0.00909851 0.370298 0)
(-0.00231874 0.320161 -3.86426e-21)
(0.00343835 0.265799 -5.8849e-22)
(0.00767131 0.209215 4.62967e-21)
(0.00999971 0.152808 -6.54763e-21)
(0.0102088 0.0992921 -1.6655e-21)
(0.00802659 0.0516668 8.50508e-21)
(0.00363395 0.01308 0)
(-0.00309849 0.011218 -6.79157e-21)
(-0.0068372 0.0471854 1.4333e-21)
(-0.00886875 0.0929379 5.87344e-21)
(-0.00883569 0.145107 -4.33018e-21)
(-0.00688397 0.200648 4.23867e-21)
(-0.00314271 0.256828 0)
(0.00208755 0.311229 0)
(0.00837297 0.361813 3.18475e-21)
(0.0151945 0.406997 -3.13401e-21)
(0.0220074 0.445701 0)
(0.0283023 0.477378 0)
(0.0336571 0.501984 1.08021e-22)
(0.0377691 0.519906 3.68616e-22)
(0.0404676 0.531865 -4.74702e-22)
(0.0417051 0.538792 0)
(0.0415367 0.541713 0)
(0.0400898 0.54165 0)
(0.0375354 0.539548 0)
(0.0340612 0.536227 0)
(0.0298521 0.53236 0)
(0.0250772 0.528478 -1.8908e-21)
(0.0198833 0.524977 9.07563e-22)
(0.0143933 0.522139 9.9234e-22)
(0.00870885 0.520152 0)
(0.00291475 0.519132 0)
(-0.00291475 0.519132 0)
(-0.00870885 0.520152 0)
(-0.0143933 0.522139 9.9234e-22)
(-0.0198833 0.524977 9.07564e-22)
(-0.0250772 0.528478 -1.8908e-21)
(-0.0298521 0.53236 0)
(-0.0340612 0.536227 0)
(-0.0375354 0.539548 0)
(-0.0400898 0.54165 0)
(-0.0415367 0.541713 0)
(-0.0417051 0.538792 0)
(-0.0404676 0.531865 -4.74702e-22)
(-0.0377691 0.519906 3.68616e-22)
(-0.0336571 0.501984 1.08022e-22)
(-0.0283023 0.477378 0)
(-0.0220074 0.445701 0)
(-0.0151945 0.406997 -3.13401e-21)
(-0.00837297 0.361813 3.18475e-21)
(-0.00208755 0.311229 0)
(0.00314271 0.256828 0)
(0.00688397 0.200648 4.23867e-21)
(0.00883569 0.145107 -4.33018e-21)
(0.00886875 0.0929379 5.87344e-21)
(0.0068372 0.0471854 1.4333e-21)
(0.00309849 0.011218 -6.79157e-21)
(-0.00255448 0.00936821 3.92341e-21)
(-0.00568602 0.0427719 -4.28193e-21)
(-0.00761276 0.0866912 0)
(-0.00776753 0.137502 0)
(-0.0061587 0.192138 0)
(-0.00284969 0.247858 0)
(0.00192097 0.302232 0)
(0.00777379 0.353196 0)
(0.014234 0.399113 -4.19629e-21)
(0.0207868 0.438831 4.13897e-21)
(0.0269366 0.471714 0)
(0.0322583 0.497621 0)
(0.0364334 0.516851 2.78163e-22)
(0.0392667 0.530047 -2.77238e-22)
(0.0406836 0.538088 0)
(0.040713 0.541966 0)
(0.0394609 0.542692 -1.8795e-21)
(0.0370826 0.541216 1.88389e-21)
(0.0337563 0.538371 0)
(0.029663 0.534856 0)
(0.024972 0.531224 0)
(0.0198332 0.527892 8.39902e-22)
(0.014375 0.525164 -8.42404e-22)
(0.00870497 0.523242 4.44664e-22)
(0.00291468 0.522252 -4.45712e-22)
(-0.00291468 0.522252 -4.45712e-22)
(-0.00870497 0.523242 4.44664e-22)
(-0.014375 0.525164 -8.42404e-22)
(-0.0198332 0.527892 8.39902e-22)
(-0.024972 0.531224 0)
(-0.029663 0.534856 0)
(-0.0337563 0.538371 0)
(-0.0370826 0.541216 1.88389e-21)
(-0.0394609 0.542692 -1.8795e-21)
(-0.040713 0.541966 0)
(-0.0406836 0.538088 0)
(-0.0392667 0.530047 -2.77238e-22)
(-0.0364334 0.516851 2.78163e-22)
(-0.0322583 0.497621 0)
(-0.0269366 0.471714 0)
(-0.0207868 0.438831 4.13897e-21)
(-0.014234 0.399113 -4.19629e-21)
(-0.00777379 0.353196 0)
(-0.00192097 0.302232 0)
(0.00284969 0.247858 0)
(0.0061587 0.192138 0)
(0.00776753 0.137502 0)
(0.00761276 0.0866912 0)
(0.00568602 0.0427719 -4.28193e-21)
(0.00255448 0.00936821 3.92341e-21)
(-0.00186359 0.00692692 0)
(-0.00469867 0.0373937 0)
(-0.00666004 0.0792673 0)
(-0.00704837 0.128598 0)
(-0.00574838 0.182266 0)
(-0.00278782 0.237511 0)
(0.00163241 0.291885 -8.71728e-21)
(0.00716804 0.343289 8.46827e-21)
(0.0133742 0.390034 0)
(0.0197569 0.43089 0)
(0.0258293 0.465122 0)
(0.0311621 0.492486 0)
(0.0354222 0.513181 0)
(0.0383931 0.527763 0)
(0.0399763 0.537048 -2.3239e-22)
(0.0401787 0.541991 2.32354e-22)
(0.0390886 0.54359 0)
(0.0368495 0.542798 0)
(0.0336333 0.540471 0)
(0.0296191 0.53733 0)
(0.0249783 0.533958 0)
(0.0198648 0.5308 0)
(0.014412 0.528181 0)
(0.0087331 0.526321 0)
(0.00292511 0.525359 0)
(-0.00292511 0.525359 0)
(-0.0087331 0.526321 0)
(-0.014412 0.528181 0)
(-0.0198648 0.5308 0)
(-0.0249783 0.533958 0)
(-0.0296191 0.53733 0)
(-0.0336333 0.540471 0)
(-0.0368495 0.542798 0)
(-0.0390886 0.54359 0)
(-0.0401787 0.541991 2.32354e-22)
(-0.0399763 0.537048 -2.3239e-22)
(-0.0383931 0.527763 0)
(-0.0354222 0.513181 0)
(-0.0311621 0.492486 0)
(-0.0258293 0.465122 0)
(-0.0197569 0.43089 0)
(-0.0133742 0.390034 0)
(-0.00716804 0.343289 8.46827e-21)
(-0.00163241 0.291885 -8.71728e-21)
(0.00278782 0.237511 0)
(0.00574838 0.182266 0)
(0.00704837 0.128598 0)
(0.00666004 0.0792673 0)
(0.00469867 0.0373937 0)
(0.00186359 0.00692692 0)
)
;

boundaryField
{
    left
    {
        type            noSlip;
    }
    right
    {
        type            noSlip;
    }
    up
    {
        type            zeroGradient;
    }
    down
    {
        type            fixedValue;
        value           uniform (0 0.4 0);
    }
    frontAndBack
    {
        type            empty;
    }
}


// ************************************************************************* //
