9.320530444383621216e-01
8.835921883583068848e-01
4.589366875588893890e-01
3.754600547254085541e-01
3.663278669118881226e-01
4.641039483249187469e-01
4.076923392713069916e-01
5.815470740199089050e-01
5.551779605448246002e-01
6.252620667219161987e-01
6.427944675087928772e-01
6.784613803029060364e-01
7.115537971258163452e-01
7.290957421064376831e-01
7.560476213693618774e-01
7.786115184426307678e-01
7.931622713804244995e-01
7.976665794849395752e-01
7.955627143383026123e-01
7.959941551089286804e-01
7.879767194390296936e-01
7.791200801730155945e-01
7.653052583336830139e-01
7.484441399574279785e-01
7.300440818071365356e-01
7.115170136094093323e-01
6.887877956032752991e-01
6.674526110291481018e-01
6.396177858114242554e-01
6.146028265357017517e-01
5.835071429610252380e-01
5.566198825836181641e-01
5.214068815112113953e-01
4.921610876917839050e-01
4.549608454108238220e-01
4.229323416948318481e-01
3.988659828901290894e-01
3.781788386404514313e-01
3.606686964631080627e-01
3.465910293161869049e-01
3.331605754792690277e-01
3.236386775970458984e-01
3.168243952095508575e-01
3.056950774043798447e-01
2.975684851408004761e-01
2.905410900712013245e-01
2.849839683622121811e-01
2.835315670818090439e-01
2.800287827849388123e-01
2.782634720206260681e-01
2.771241609007120132e-01
2.706390749663114548e-01
2.655012849718332291e-01
2.619953379034996033e-01
2.566583734005689621e-01
2.537444382905960083e-01
2.486889027059078217e-01
2.456508446484804153e-01
2.417355738580226898e-01
2.384976111352443695e-01
2.336073592305183411e-01
2.316195610910654068e-01
2.321649082005023956e-01
2.300204969942569733e-01
2.276933677494525909e-01
2.262188810855150223e-01
2.248215731233358383e-01
2.225863337516784668e-01
2.210869658738374710e-01
2.185870129615068436e-01
2.186458613723516464e-01
2.156872954219579697e-01
2.146187257021665573e-01
2.141744345426559448e-01
2.147026602178812027e-01
2.115046679973602295e-01
2.116446364670991898e-01
2.126675304025411606e-01
2.117140106856822968e-01
2.090123854577541351e-01
2.102910298854112625e-01
2.095281034708023071e-01
2.097255587577819824e-01
2.083965763449668884e-01
2.091743294149637222e-01
2.088922448456287384e-01
2.090151812881231308e-01
2.075345665216445923e-01
2.067591678351163864e-01
2.041818872094154358e-01
2.051787599921226501e-01
2.056039962917566299e-01
2.036577798426151276e-01
2.031898498535156250e-01
2.039337828755378723e-01
2.022851891815662384e-01
2.015096377581357956e-01
2.023090571165084839e-01
2.007444426417350769e-01
2.006145454943180084e-01
1.994768697768449783e-01
