3.715739880000000000e+08
2.043425020000000000e+08
9.079966000000000000e+07
5.546173700000000000e+07
3.374919925000000000e+07
2.184640400000000000e+07
1.442969375000000000e+07
1.028960625000000000e+07
7.761104687500000000e+06
6.091731687500000000e+06
5.187745437500000000e+06
4.647842437500000000e+06
4.250878500000000000e+06
3.952657375000000000e+06
3.724474437500000000e+06
3.528392125000000000e+06
3.347709656250000000e+06
3.180008625000000000e+06
3.021955156250000000e+06
2.867870218750000000e+06
2.714791906250000000e+06
2.566232687500000000e+06
2.419365218750000000e+06
2.275541187500000000e+06
2.133229781250000000e+06
1.994478046875000000e+06
1.860262078125000000e+06
1.729896953125000000e+06
1.602692187500000000e+06
1.475989734375000000e+06
1.356796671875000000e+06
1.245732125000000000e+06
1.143723250000000000e+06
1.046361585937500000e+06
9.560007812500000000e+05
8.778581093750000000e+05
8.154960546875000000e+05
7.630799140625000000e+05
7.182533046875000000e+05
6.824006796875000000e+05
6.447052890625000000e+05
6.128759609375000000e+05
5.876385781250000000e+05
5.628061562500000000e+05
5.408493359375000000e+05
5.215549179687500000e+05
5.022420312500000000e+05
4.827022421875000000e+05
4.660556601562500000e+05
4.526664218750000000e+05
4.376456132812500000e+05
4.245974843750000000e+05
4.125734609375000000e+05
4.008304687500000000e+05
3.907418984375000000e+05
3.814439843750000000e+05
3.712290195312500000e+05
3.620964140625000000e+05
3.531475195312500000e+05
3.452400625000000000e+05
3.386098085937500000e+05
3.312029062500000000e+05
3.251470078125000000e+05
3.180607343750000000e+05
3.114087734375000000e+05
3.066957812500000000e+05
3.038615859375000000e+05
2.941406484375000000e+05
2.894401171875000000e+05
2.834213632812500000e+05
2.778502421875000000e+05
2.729770664062500000e+05
2.675943554687500000e+05
2.636604433593750000e+05
2.570677851562500000e+05
2.521291562500000000e+05
2.473478710937500000e+05
2.436941757812500000e+05
2.405123437500000000e+05
2.356230800781250000e+05
2.326961875000000000e+05
2.283225214843750000e+05
2.228251093750000000e+05
2.183809355468750000e+05
2.130663593750000000e+05
2.094470585937500000e+05
2.049188300781250000e+05
2.012163593750000000e+05
1.977127597656250000e+05
1.934871660156250000e+05
1.902879218750000000e+05
1.870730878906250000e+05
1.834338769531250000e+05
1.807809140625000000e+05
1.768640585937500000e+05
1.738333750000000000e+05
1.700659726562500000e+05
1.676504492187500000e+05
1.652423593750000000e+05
1.635015371093750000e+05
1.592468359375000000e+05
