9.320530444383621216e-01
8.835921883583068848e-01
4.589366875588893890e-01
3.754600547254085541e-01
3.663278669118881226e-01
4.641039483249187469e-01
4.076923392713069916e-01
5.815470740199089050e-01
5.551779605448246002e-01
6.252620667219161987e-01
6.427944675087928772e-01
6.784613803029060364e-01
7.115537971258163452e-01
7.290957421064376831e-01
7.560476213693618774e-01
7.786115184426307678e-01
7.931622713804244995e-01
7.976665794849395752e-01
7.955627143383026123e-01
7.959941551089286804e-01
7.879767194390296936e-01
7.791200801730155945e-01
7.653052583336830139e-01
7.484441399574279785e-01
7.300440818071365356e-01
7.115170136094093323e-01
6.887877956032752991e-01
6.674526110291481018e-01
6.396177858114242554e-01
6.146028265357017517e-01
5.835071429610252380e-01
5.566198825836181641e-01
5.214068815112113953e-01
4.921610876917839050e-01
4.549608454108238220e-01
4.229323416948318481e-01
3.988659828901290894e-01
3.781788386404514313e-01
3.606686964631080627e-01
3.465910293161869049e-01
3.331605754792690277e-01
3.236386775970458984e-01
3.168243952095508575e-01
3.056950774043798447e-01
2.975684851408004761e-01
2.905410900712013245e-01
2.849839683622121811e-01
2.835315670818090439e-01
2.800287827849388123e-01
2.782634720206260681e-01
2.771241609007120132e-01
2.706390749663114548e-01
2.655012849718332291e-01
2.619953379034996033e-01
2.566583734005689621e-01
2.537444382905960083e-01
2.486889027059078217e-01
2.456508446484804153e-01
2.417355738580226898e-01
2.384976111352443695e-01
2.336073592305183411e-01
2.316195610910654068e-01
2.321649082005023956e-01
2.300204969942569733e-01
2.276933677494525909e-01
2.262188810855150223e-01
2.248215731233358383e-01
2.225863337516784668e-01
2.210869658738374710e-01
2.185870129615068436e-01
2.186458613723516464e-01
2.156872954219579697e-01
2.146187257021665573e-01
2.141744345426559448e-01
2.147026602178812027e-01
2.115046679973602295e-01
2.116446364670991898e-01
2.126675304025411606e-01
2.117140106856822968e-01
2.090123854577541351e-01
2.102910298854112625e-01
2.095281034708023071e-01
2.097255587577819824e-01
2.083965763449668884e-01
2.091743294149637222e-01
2.088922448456287384e-01
2.090151812881231308e-01
2.075345665216445923e-01
2.067591678351163864e-01
2.041818872094154358e-01
2.051787599921226501e-01
2.056039962917566299e-01
2.036577798426151276e-01
2.031898498535156250e-01
2.039337828755378723e-01
2.022851891815662384e-01
2.015096377581357956e-01
2.023090571165084839e-01
2.007444426417350769e-01
2.006145454943180084e-01
1.994768697768449783e-01
1.988112032413482666e-01
1.995236426591873169e-01
1.991343554109334946e-01
2.002231068909168243e-01
1.984813101589679718e-01
1.996202468872070312e-01
1.987254023551940918e-01
1.980638671666383743e-01
1.983193997293710709e-01
1.980994399636983871e-01
1.974940821528434753e-01
1.976177170872688293e-01
1.956721916794776917e-01
1.969622559845447540e-01
1.975014917552471161e-01
1.951357927173376083e-01
1.959738563746213913e-01
1.946717873215675354e-01
1.955390423536300659e-01
1.944365408271551132e-01
1.936814989894628525e-01
1.931215878576040268e-01
1.948134396225214005e-01
1.948207654058933258e-01
1.934907902032136917e-01
1.929606497287750244e-01
1.912655029445886612e-01
1.915271654725074768e-01
1.910333056002855301e-01
1.917807590216398239e-01
1.913837641477584839e-01
1.915963608771562576e-01
1.919182948768138885e-01
1.893667690455913544e-01
1.906403582543134689e-01
1.879888959228992462e-01
1.870241593569517136e-01
1.873109508305788040e-01
1.881246902048587799e-01
1.889484524726867676e-01
1.892121061682701111e-01
1.896881218999624252e-01
1.876367479562759399e-01
1.885204613208770752e-01
1.886603888124227524e-01
1.880736164748668671e-01
1.877494212239980698e-01
1.872551478445529938e-01
1.887333914637565613e-01
1.868750099092721939e-01
1.871646177023649216e-01
1.869934964925050735e-01
1.859462093561887741e-01
1.864083651453256607e-01
1.852025995030999184e-01
1.868208739906549454e-01
1.866711676120758057e-01
1.859808191657066345e-01
1.856980472803115845e-01
1.863930523395538330e-01
1.849020961672067642e-01
1.865275707095861435e-01
1.844097618013620377e-01
1.849196888506412506e-01
1.861734762787818909e-01
1.839822512120008469e-01
1.836721785366535187e-01
1.842362750321626663e-01
1.849238947033882141e-01
1.849663518369197845e-01
1.837190035730600357e-01
1.843210440129041672e-01
1.837904043495655060e-01
1.845692619681358337e-01
1.837919950485229492e-01
1.836394015699625015e-01
1.814175546169281006e-01
1.812791693955659866e-01
1.827389597892761230e-01
1.826071944087743759e-01
1.810057256370782852e-01
1.824126746505498886e-01
1.832130216062068939e-01
1.819544099271297455e-01
1.824560854583978653e-01
1.815185472369194031e-01
1.822441183030605316e-01
1.819077525287866592e-01
1.810436993837356567e-01
1.820045821368694305e-01
1.803460363298654556e-01
1.827998142689466476e-01
1.805384978652000427e-01
1.813340689986944199e-01
1.801325343549251556e-01
1.803158689290285110e-01
1.820715349167585373e-01
1.791525334119796753e-01
1.804838869720697403e-01
1.807355992496013641e-01
1.793812382966279984e-01
1.809342987835407257e-01
1.804520245641469955e-01
1.796508841216564178e-01
1.783457845449447632e-01
1.795435007661581039e-01
1.792107671499252319e-01
1.788427699357271194e-01
1.769272666424512863e-01
1.796809248626232147e-01
1.787145752459764481e-01
1.783817056566476822e-01
1.793691329658031464e-01
1.776268258690834045e-01
1.804835423827171326e-01
1.790647674351930618e-01
1.784980855882167816e-01
1.780300699174404144e-01
1.785547286272048950e-01
1.779750827699899673e-01
1.770219374448060989e-01
1.776204872876405716e-01
1.781128775328397751e-01
1.782055944204330444e-01
1.777552850544452667e-01
1.770766433328390121e-01
1.753829568624496460e-01
1.761933080852031708e-01
1.756088007241487503e-01
1.753500942140817642e-01
1.756808031350374222e-01
1.759552992880344391e-01
1.753114014863967896e-01
1.743848342448472977e-01
1.765923593193292618e-01
1.749809291213750839e-01
1.755891442298889160e-01
1.734036598354578018e-01
1.743970718234777451e-01
1.757401395589113235e-01
1.751888152211904526e-01
1.745661459863185883e-01
1.753911785781383514e-01
1.749651674181222916e-01
1.737835034728050232e-01
1.754669714719057083e-01
1.757768504321575165e-01
1.744920611381530762e-01
1.732352077960968018e-01
1.732691545039415359e-01
1.723039764910936356e-01
1.742052361369132996e-01
1.721345093101263046e-01
1.725589204579591751e-01
1.726201474666595459e-01
1.730584260076284409e-01
1.730441283434629440e-01
1.730997916311025620e-01
1.716288663446903229e-01
1.721263788640499115e-01
1.720649860799312592e-01
1.713928636163473129e-01
1.716208644211292267e-01
1.714497040957212448e-01
1.699630729854106903e-01
1.700872499495744705e-01
1.707406286150217056e-01
1.701981071382761002e-01
1.709227059036493301e-01
1.689451597630977631e-01
1.696651894599199295e-01
1.694737877696752548e-01
1.695813667029142380e-01
1.684853807091712952e-01
1.687834989279508591e-01
1.684417203068733215e-01
1.693645510822534561e-01
1.692208424210548401e-01
1.689333040267229080e-01
1.683087609708309174e-01
1.682079453021287918e-01
1.678395215421915054e-01
1.672491077333688736e-01
1.672029830515384674e-01
1.667733266949653625e-01
1.641155537217855453e-01
1.672843154519796371e-01
1.668784990906715393e-01
1.667957752943038940e-01
1.687584128230810165e-01
1.679161638021469116e-01
1.649948433041572571e-01
1.643622592091560364e-01
1.633300948888063431e-01
1.658303756266832352e-01
1.679570749402046204e-01
1.671243868768215179e-01
1.676969882100820541e-01
1.677481513470411301e-01
1.657554674893617630e-01
1.654235497117042542e-01
1.651289388537406921e-01
1.651883590966463089e-01
1.640427149832248688e-01
1.650790870189666748e-01
1.659343577921390533e-01
1.658132635056972504e-01
1.648102942854166031e-01
1.643488854169845581e-01
1.643678490072488785e-01
1.648030579090118408e-01
1.637942884117364883e-01
1.634064018726348877e-01
1.627985183149576187e-01
1.629077363759279251e-01
1.637377478182315826e-01
1.637455951422452927e-01
1.610014736652374268e-01
1.629056595265865326e-01
1.617538593709468842e-01
1.622315254062414169e-01
1.640001069754362106e-01
1.607964541763067245e-01
1.610054653137922287e-01
1.625167690217494965e-01
1.635765302926301956e-01
1.608499940484762192e-01
1.612104885280132294e-01
1.622253451496362686e-01
1.614420488476753235e-01
1.610053870826959610e-01
1.612774357199668884e-01
1.622679308056831360e-01
1.610278319567441940e-01
1.613182537257671356e-01
1.637260094285011292e-01
1.617113295942544937e-01
1.598044838756322861e-01
1.590809654444456100e-01
1.595203159376978874e-01
1.609077006578445435e-01
1.602237839251756668e-01
1.605255156755447388e-01
1.599855180829763412e-01
1.601017257198691368e-01
1.590617578476667404e-01
1.584208421409130096e-01
1.598937157541513443e-01
1.600668840110301971e-01
1.585271367803215981e-01
1.578783933073282242e-01
1.585071645677089691e-01
1.589318085461854935e-01
1.578594576567411423e-01
1.578850988298654556e-01
1.585700865834951401e-01
1.588771846145391464e-01
1.588404737412929535e-01
1.568792117759585381e-01
1.583785619586706161e-01
1.587879024446010590e-01
1.593106463551521301e-01
1.577770467847585678e-01
1.583090219646692276e-01
1.581442318856716156e-01
1.584150400012731552e-01
1.556956060230731964e-01
1.553684426471590996e-01
1.593093741685152054e-01
1.568362154066562653e-01
1.560200098901987076e-01
1.557041890919208527e-01
1.548088118433952332e-01
1.550061255693435669e-01
1.584903579205274582e-01
1.558279618620872498e-01
1.557970698922872543e-01
1.578379422426223755e-01
1.564191691577434540e-01
1.546267289668321609e-01
1.572841461747884750e-01
1.561020072549581528e-01
1.554682273417711258e-01
1.557280942797660828e-01
1.546406541019678116e-01
1.580272335559129715e-01
1.533988239243626595e-01
1.541129648685455322e-01
1.556926015764474869e-01
1.565257143229246140e-01
1.537191253155469894e-01
1.544271167367696762e-01
1.544063519686460495e-01
1.549796164035797119e-01
1.549606695771217346e-01
1.542033683508634567e-01
1.552817784249782562e-01
1.561672817915678024e-01
1.532566826790571213e-01
1.531900092959403992e-01
1.576685830950737000e-01
1.537857428193092346e-01
1.515593025833368301e-01
1.556143844500184059e-01
1.640389654785394669e-01
1.487728934735059738e-01
1.516561768949031830e-01
1.541753914207220078e-01
1.577428150922060013e-01
1.526590436697006226e-01
1.519648917019367218e-01
1.523197190836071968e-01
1.543328128755092621e-01
1.528798304498195648e-01
1.530993515625596046e-01
1.526965629309415817e-01
1.529474733397364616e-01
1.544035300612449646e-01
1.538274567574262619e-01
1.525443913415074348e-01
1.541552543640136719e-01
1.530675552785396576e-01
1.531614083796739578e-01
1.537643671035766602e-01
1.530970465391874313e-01
1.531730927526950836e-01
1.513867648318409920e-01
1.528770700097084045e-01
1.524227494373917580e-01
1.523987241089344025e-01
1.520234234631061554e-01
1.537220142781734467e-01
1.524039730429649353e-01
1.515781935304403305e-01
1.516865156590938568e-01
1.523075345903635025e-01
1.516117863357067108e-01
1.515388730913400650e-01
1.525479471310973167e-01
1.529347077012062073e-01
1.511416733264923096e-01
1.512287724763154984e-01
1.528721647337079048e-01
1.443314775824546814e-01
1.542578293010592461e-01
1.551591232419013977e-01
1.522482130676507950e-01
1.509869489818811417e-01
1.496358513832092285e-01
1.513786595314741135e-01
1.481742477044463158e-01
1.496071089059114456e-01
1.497756280004978180e-01
1.495266016572713852e-01
1.503969058394432068e-01
1.508837416768074036e-01
1.504291072487831116e-01
1.492834780365228653e-01
1.499892119318246841e-01
1.490232851356267929e-01
1.495005078613758087e-01
1.501206979155540466e-01
1.497098207473754883e-01
1.493457313627004623e-01
1.502951700240373611e-01
1.490942034870386124e-01
1.482661673799157143e-01
1.490475963801145554e-01
1.497890688478946686e-01
1.491546593606472015e-01
1.495847851037979126e-01
1.488384241238236427e-01
1.489995531737804413e-01
1.483590891584753990e-01
1.486756987869739532e-01
1.483042407780885696e-01
1.482624020427465439e-01
1.481369268149137497e-01
1.490469323471188545e-01
1.470937691628932953e-01
1.498210523277521133e-01
1.485711205750703812e-01
1.468159724026918411e-01
1.477836435660719872e-01
1.471912637352943420e-01
1.476750727742910385e-01
1.477163862437009811e-01
1.480243559926748276e-01
1.476762508973479271e-01
1.468720808625221252e-01
1.467780750244855881e-01
1.491822563111782074e-01
1.442386675626039505e-01
1.477731540799140930e-01
1.478417171165347099e-01
1.465299539268016815e-01
1.462430767714977264e-01
1.461127558723092079e-01
1.466842032968997955e-01
1.457222187891602516e-01
1.489326003938913345e-01
1.456549242138862610e-01
1.471776459366083145e-01
1.457667499780654907e-01
1.460733320564031601e-01
1.461246013641357422e-01
1.465713875368237495e-01
1.464329492300748825e-01
1.459201462566852570e-01
1.499983947724103928e-01
1.450129523873329163e-01
1.475010169669985771e-01
1.470043789595365524e-01
1.473163105547428131e-01
1.462813708931207657e-01
1.467067850753664970e-01
1.461068373173475266e-01
1.458344832062721252e-01
1.462422255426645279e-01
1.452817106619477272e-01
1.463555656373500824e-01
1.437519546598196030e-01
1.458795368671417236e-01
1.445514298975467682e-01
1.453017489984631538e-01
1.453124471008777618e-01
1.449287412688136101e-01
1.441517956554889679e-01
1.441382514312863350e-01
1.455092839896678925e-01
1.441252194344997406e-01
1.448820196092128754e-01
1.444016797468066216e-01
1.438845833763480186e-01
1.438764920458197594e-01
1.446326412260532379e-01
1.429589819163084030e-01
1.443780772387981415e-01
1.437058188021183014e-01
1.437550671398639679e-01
1.447360496968030930e-01
1.425460660830140114e-01
1.443280391395092010e-01
1.431548101827502251e-01
1.423173248767852783e-01
1.438845824450254440e-01
1.429646518081426620e-01
1.431364761665463448e-01
1.422112761065363884e-01
1.450982317328453064e-01
1.426096893846988678e-01
1.449168734252452850e-01
1.416322644799947739e-01
1.464943625032901764e-01
1.391446515917778015e-01
1.460846001282334328e-01
1.410948466509580612e-01
1.434124289080500603e-01
1.423764880746603012e-01
1.451891530305147171e-01
1.421662187203764915e-01
1.430311063304543495e-01
1.419783132150769234e-01
1.417526323348283768e-01
1.441861148923635483e-01
1.421918869018554688e-01
1.430486850440502167e-01
1.434285156428813934e-01
1.424512751400470734e-01
1.422751117497682571e-01
1.426152950152754784e-01
1.428346205502748489e-01
1.416752170771360397e-01
1.416528634727001190e-01
1.427459605038166046e-01
1.428495654836297035e-01
1.412071827799081802e-01
1.418029433116316795e-01
1.433598194271326065e-01
1.411431506276130676e-01
1.403623977676033974e-01
1.472369143739342690e-01
1.450151419267058372e-01
1.449985029175877571e-01
1.456913342699408531e-01
1.435538595542311668e-01
1.448438223451375961e-01
1.445248033851385117e-01
1.437158538028597832e-01
1.434840401634573936e-01
1.432250738143920898e-01
1.430193195119500160e-01
1.440887022763490677e-01
1.427837023511528969e-01
1.428135912865400314e-01
1.431220462545752525e-01
1.430772561579942703e-01
1.423529712483286858e-01
1.423211647197604179e-01
1.428616000339388847e-01
1.426954632624983788e-01
1.433142265304923058e-01
1.415443792939186096e-01
1.430970057845115662e-01
1.425562184303998947e-01
1.423541195690631866e-01
1.423348244279623032e-01
1.426300760358572006e-01
1.393810193985700607e-01
1.426005195826292038e-01
1.416955795139074326e-01
1.422264967113733292e-01
1.411353033035993576e-01
1.408282453194260597e-01
1.417087186127901077e-01
1.412066873162984848e-01
1.413327734917402267e-01
1.389590976759791374e-01
1.431928966194391251e-01
1.393781444057822227e-01
1.419697022065520287e-01
1.403963239863514900e-01
1.416665250435471535e-01
1.414359323680400848e-01
1.381138861179351807e-01
1.417794702574610710e-01
1.402276502922177315e-01
1.418876964598894119e-01
1.395640997216105461e-01
1.400949554517865181e-01
1.408572476357221603e-01
1.393223823979496956e-01
1.403144365176558495e-01
1.390459369868040085e-01
1.399672720581293106e-01
1.405214294791221619e-01
1.408298527821898460e-01
1.407606340944766998e-01
1.386861400678753853e-01
1.419372009113430977e-01
1.395063754171133041e-01
1.400095727294683456e-01
1.400361852720379829e-01
1.403935700654983521e-01
1.403287379071116447e-01
1.402438255026936531e-01
1.413276474922895432e-01
1.384343644604086876e-01
1.359940301626920700e-01
1.439581457525491714e-01
1.407036399468779564e-01
1.396319586783647537e-01
1.407386967912316322e-01
1.386608146131038666e-01
1.397186964750289917e-01
1.393868261948227882e-01
1.387375015765428543e-01
1.410548258572816849e-01
1.392162237316370010e-01
1.396686192601919174e-01
1.396100074052810669e-01
1.391089670360088348e-01
1.403777487576007843e-01
1.396756814792752266e-01
1.388448402285575867e-01
1.389524377882480621e-01
1.390588534995913506e-01
1.384948119521141052e-01
1.382258366793394089e-01
1.392236435785889626e-01
1.381597900763154030e-01
1.392791662365198135e-01
1.376295192167162895e-01
1.385451415553689003e-01
1.383077688515186310e-01
1.383064389228820801e-01
1.380823040381073952e-01
1.389439282938838005e-01
1.383298635482788086e-01
1.373978890478610992e-01
1.380868172273039818e-01
1.380976466462016106e-01
1.384081104770302773e-01
1.376831363886594772e-01
1.380322361364960670e-01
1.384227164089679718e-01
1.379186706617474556e-01
1.379683557897806168e-01
1.362898480147123337e-01
1.381100574508309364e-01
1.361426431685686111e-01
1.384775284677743912e-01
1.352442959323525429e-01
1.422146875411272049e-01
1.363059058785438538e-01
1.440940368920564651e-01
1.272755330428481102e-01
1.459417669102549553e-01
1.444683689624071121e-01
1.381506891921162605e-01
1.389029398560523987e-01
1.415133159607648849e-01
1.410346236079931259e-01
1.380713749676942825e-01
1.397564858198165894e-01
1.398841422051191330e-01
1.392314732074737549e-01
1.386814545840024948e-01
1.388566801324486732e-01
1.382839968428015709e-01
1.376001061871647835e-01
1.384615628048777580e-01
1.376705495640635490e-01
1.379368938505649567e-01
1.381254959851503372e-01
1.367836939170956612e-01
1.379674170166254044e-01
1.379976477473974228e-01
1.370514128357172012e-01
1.369943693280220032e-01
1.373772379010915756e-01
1.370760863646864891e-01
1.368802553042769432e-01
1.360584702342748642e-01
1.368648987263441086e-01
1.367540676146745682e-01
1.368056293576955795e-01
1.363791571930050850e-01
1.361175999045372009e-01
1.350364061072468758e-01
1.367367608472704887e-01
1.354607790708541870e-01
1.374185513705015182e-01
1.367682702839374542e-01
1.340698273852467537e-01
1.367154000326991081e-01
1.355010643601417542e-01
1.345874909311532974e-01
1.366564016789197922e-01
1.348385866731405258e-01
1.353132650256156921e-01
1.358304889872670174e-01
1.356789171695709229e-01
1.355926906690001488e-01
1.341462526470422745e-01
1.356448158621788025e-01
1.343545932322740555e-01
1.361105721443891525e-01
1.350275855511426926e-01
1.333553381264209747e-01
1.352889891713857651e-01
1.348907826468348503e-01
1.330724330618977547e-01
1.380677344277501106e-01
1.379794497042894363e-01
1.353231258690357208e-01
1.337000876665115356e-01
1.386076705530285835e-01
1.342411823570728302e-01
1.347092567011713982e-01
1.363233681768178940e-01
1.342845773324370384e-01
1.349647128954529762e-01
1.342939203605055809e-01
1.351697091013193130e-01
1.352462610229849815e-01
1.345202000811696053e-01
1.345678251236677170e-01
1.355217499658465385e-01
1.345611214637756348e-01
1.351056303828954697e-01
1.341087734326720238e-01
1.344916541129350662e-01
1.346146622672677040e-01
1.335646910592913628e-01
1.336147543042898178e-01
1.332934703677892685e-01
1.334341652691364288e-01
1.338076507672667503e-01
1.340875318273901939e-01
1.322305826470255852e-01
1.340224705636501312e-01
1.357493605464696884e-01
1.334934476763010025e-01
1.345324190333485603e-01
1.330667389556765556e-01
1.338279908522963524e-01
1.334546571597456932e-01
1.339155640453100204e-01
1.332875695079565048e-01
1.338904928416013718e-01
1.338016483932733536e-01
1.334096631035208702e-01
1.335355797782540321e-01
1.327733034268021584e-01
1.329804742708802223e-01
1.302604833617806435e-01
1.335890879854559898e-01
1.355129340663552284e-01
1.295226709917187691e-01
1.340259322896599770e-01
1.323140058666467667e-01
1.334823649376630783e-01
1.313921064138412476e-01
1.337020061910152435e-01
1.329224929213523865e-01
1.329448707401752472e-01
1.327915815636515617e-01
1.324990382418036461e-01
1.313208164647221565e-01
1.339255096390843391e-01
1.327844923362135887e-01
1.339283036068081856e-01
1.309025380760431290e-01
1.319556487724184990e-01
1.327134631574153900e-01
1.322642918676137924e-01
1.322392337024211884e-01
1.323553984984755516e-01
1.333662625402212143e-01
1.316258870065212250e-01
1.322475047782063484e-01
1.327010290697216988e-01
1.321739014238119125e-01
1.306177843362092972e-01
1.315502533689141273e-01
1.313889464363455772e-01
1.313290596008300781e-01
1.323707411065697670e-01
1.306822430342435837e-01
1.319174990057945251e-01
1.291955290362238884e-01
1.317910896614193916e-01
1.281329961493611336e-01
1.351564768701791763e-01
1.337790833786129951e-01
1.354497447609901428e-01
1.326372064650058746e-01
1.338070724159479141e-01
1.330082910135388374e-01
1.329934634268283844e-01
1.330786151811480522e-01
1.312236702069640160e-01
1.307525122538208961e-01
1.307621952146291733e-01
1.314116604626178741e-01
1.315957335755228996e-01
1.319554578512907028e-01
1.308194091543555260e-01
1.301080258563160896e-01
1.312099359929561615e-01
1.302082343026995659e-01
1.302118217572569847e-01
1.303902333602309227e-01
1.308647813275456429e-01
1.303951954469084740e-01
1.304022697731852531e-01
1.307257069274783134e-01
1.305068079382181168e-01
1.302559869363903999e-01
1.304834624752402306e-01
1.300330767408013344e-01
1.293416758999228477e-01
1.325413808226585388e-01
1.278208401054143906e-01
1.313900183886289597e-01
1.283629965037107468e-01
1.325065391138195992e-01
1.286763977259397507e-01
1.349803218618035316e-01
1.300442153587937355e-01
1.293143378570675850e-01
1.355584664270281792e-01
1.325597297400236130e-01
1.332264691591262817e-01
1.339085251092910767e-01
1.335821179673075676e-01
1.340158702805638313e-01
1.337185390293598175e-01
1.321827443316578865e-01
1.318669132888317108e-01
1.323589850217103958e-01
1.325042368844151497e-01
1.316899210214614868e-01
1.309241009876132011e-01
1.308487998321652412e-01
1.309951543807983398e-01
1.309401439502835274e-01
1.302457638084888458e-01
1.307985596358776093e-01
1.301742214709520340e-01
1.294865328818559647e-01
1.301463227719068527e-01
1.301311217248439789e-01
1.296481667086482048e-01
1.300102695822715759e-01
1.300135543569922447e-01
1.290693776682019234e-01
1.301163248717784882e-01
1.290339706465601921e-01
1.284226961433887482e-01
1.292275674641132355e-01
1.295098466798663139e-01
1.291838949546217918e-01
1.283151907846331596e-01
1.290336409583687782e-01
1.278643347322940826e-01
1.294900942593812943e-01
1.286790259182453156e-01
1.277810921892523766e-01
1.281251236796379089e-01
1.278869323432445526e-01
1.281928941607475281e-01
1.287474306300282478e-01
1.277932049706578255e-01
1.295687137171626091e-01
1.268525524064898491e-01
1.287760017439723015e-01
1.275797793641686440e-01
1.264852704480290413e-01
1.279176296666264534e-01
1.272721765562891960e-01
1.271852850914001465e-01
1.276871981099247932e-01
1.276242686435580254e-01
1.278367759659886360e-01
1.272814162075519562e-01
1.279002744704484940e-01
1.274323053658008575e-01
1.271614776924252510e-01
1.269542099907994270e-01
1.282627824693918228e-01
1.273095943033695221e-01
1.292303670197725296e-01
1.292716180905699730e-01
1.281712558120489120e-01
1.301331408321857452e-01
1.291956026107072830e-01
1.287215556949377060e-01
1.290093874558806419e-01
1.287904139608144760e-01
1.297420486807823181e-01
1.279335003346204758e-01
1.289621749892830849e-01
1.290867971256375313e-01
1.270110663026571274e-01
1.295076347887516022e-01
1.279662437736988068e-01
1.274705417454242706e-01
1.277110287919640541e-01
1.284275082871317863e-01
1.269168928265571594e-01
1.271981997415423393e-01
1.271426444873213768e-01
1.273202067241072655e-01
1.264244969934225082e-01
1.271470077335834503e-01
1.273377649486064911e-01
1.268322831019759178e-01
1.268608123064041138e-01
1.272221440449357033e-01
1.263226335868239403e-01
1.261849356815218925e-01
1.268317513167858124e-01
1.250837175175547600e-01
1.271350597962737083e-01
1.256743855774402618e-01
1.255761357024312019e-01
1.254675826057791710e-01
1.257210699841380119e-01
1.259347843006253242e-01
1.248181974515318871e-01
1.260426901280879974e-01
1.261424645781517029e-01
1.260937582701444626e-01
1.257401341572403908e-01
1.257171928882598877e-01
1.260721813887357712e-01
1.263795122504234314e-01
1.269142841920256615e-01
1.262406175956130028e-01
1.259151706472039223e-01
1.253207195550203323e-01
1.277087386697530746e-01
1.297575468197464943e-01
1.220496837049722672e-01
1.257971236482262611e-01
1.281674662604928017e-01
1.255828896537423134e-01
1.304875714704394341e-01
1.288480078801512718e-01
1.266873553395271301e-01
1.257288381457328796e-01
1.250606961548328400e-01
1.276838900521397591e-01
1.248508747667074203e-01
1.257399534806609154e-01
1.249945126473903656e-01
1.271623307839035988e-01
1.258164588361978531e-01
1.276749270036816597e-01
1.251053744927048683e-01
1.263310462236404419e-01
1.259261183440685272e-01
1.257423246279358864e-01
1.261198120191693306e-01
1.246578395366668701e-01
1.237207585945725441e-01
1.254070959985256195e-01
1.250870143994688988e-01
1.239738240838050842e-01
1.255698679015040398e-01
1.236883345991373062e-01
1.248189648613333702e-01
1.235981928184628487e-01
1.245639380067586899e-01
1.245885090902447701e-01
1.238767411559820175e-01
1.253524832427501678e-01
1.240400075912475586e-01
1.254233364015817642e-01
1.249417830258607864e-01
1.251738881692290306e-01
1.251481007784605026e-01
1.244583101943135262e-01
1.232586577534675598e-01
1.244807774201035500e-01
1.247189091518521309e-01
1.240437878295779228e-01
1.246884064748883247e-01
1.228717593476176262e-01
1.238839291036128998e-01
1.275961799547076225e-01
1.274224231019616127e-01
1.252915449440479279e-01
1.266599334776401520e-01
1.250116135925054550e-01
1.262787934392690659e-01
1.251531569287180901e-01
1.261135889217257500e-01
1.252322494983673096e-01
1.262044245377182961e-01
1.242257691919803619e-01
1.246956465765833855e-01
1.239977087825536728e-01
1.242401208728551865e-01
1.252183355391025543e-01
1.232376238331198692e-01
1.249593226239085197e-01
1.230588387697935104e-01
1.222337298095226288e-01
1.245163381099700928e-01
1.243494004011154175e-01
1.234197271987795830e-01
1.243368349969387054e-01
1.245670011267066002e-01
1.248857323080301285e-01
1.233551166951656342e-01
1.238812170922756195e-01
1.248988518491387367e-01
1.251563532277941704e-01
1.236506924033164978e-01
1.244915286079049110e-01
1.233863243833184242e-01
1.245961440727114677e-01
1.239805389195680618e-01
1.198002314195036888e-01
1.287011913955211639e-01
1.278030639514327049e-01
1.270169019699096680e-01
1.279806783422827721e-01
1.257830988615751266e-01
1.272394480183720589e-01
1.242408147081732750e-01
1.272866884246468544e-01
1.244703074917197227e-01
1.267000613734126091e-01
1.248185709118843079e-01
1.245708158239722252e-01
1.237830119207501411e-01
1.235778024420142174e-01
1.226963493973016739e-01
1.233677472919225693e-01
1.227305540814995766e-01
1.238154759630560875e-01
1.233240868896245956e-01
1.229427307844161987e-01
1.226996965706348419e-01
1.231054784730076790e-01
1.227939156815409660e-01
1.228076340630650520e-01
1.235605562105774879e-01
1.225606286898255348e-01
1.223328029736876488e-01
1.228391909971833229e-01
1.226563565433025360e-01
1.230762265622615814e-01
1.220407504588365555e-01
1.224304493516683578e-01
1.228676345199346542e-01
1.218463294208049774e-01
1.219409778714179993e-01
1.216599242761731148e-01
1.217406839132308960e-01
1.217204742133617401e-01
1.217291457578539848e-01
1.222409382462501526e-01
1.220975480973720551e-01
1.213232409209012985e-01
1.217201724648475647e-01
1.205732719972729683e-01
1.219488084316253662e-01
1.209969585761427879e-01
1.214800840243697166e-01
1.222848314791917801e-01
1.208478622138500214e-01
1.220664288848638535e-01
1.206771526485681534e-01
1.207892959937453270e-01
1.194108370691537857e-01
1.237128889188170433e-01
1.195797482505440712e-01
1.260855691507458687e-01
1.275626197457313538e-01
1.259175240993499756e-01
1.266672816127538681e-01
1.267311796545982361e-01
1.264721574261784554e-01
1.259227329865098000e-01
1.242888793349266052e-01
1.237721452489495277e-01
1.231143539771437645e-01
1.235470017418265343e-01
1.226414702832698822e-01
1.233309386298060417e-01
1.220094552263617516e-01
1.227023489773273468e-01
1.220547091215848923e-01
1.216496545821428299e-01
1.216424517333507538e-01
1.221204893663525581e-01
1.225230554118752480e-01
1.216996796429157257e-01
1.216176012530922890e-01
1.213054005056619644e-01
1.215310078114271164e-01
1.223418880254030228e-01
1.210111826658248901e-01
1.213243631646037102e-01
1.225482122972607613e-01
1.203682105988264084e-01
1.204942502081394196e-01
1.215750193223357201e-01
1.206006612628698349e-01
1.220904616639018059e-01
1.212475048378109932e-01
1.209691846743226051e-01
1.220769872888922691e-01
1.217510253190994263e-01
1.165201552212238312e-01
1.243996703997254372e-01
1.223633047193288803e-01
1.204480463638901711e-01
1.250663390383124352e-01
1.221493035554885864e-01
1.229816628620028496e-01
1.217680843546986580e-01
1.217924039810895920e-01
1.216345950961112976e-01
1.213147817179560661e-01
1.207254510372877121e-01
1.194333275780081749e-01
1.202188050374388695e-01
1.209301659837365150e-01
1.211540056392550468e-01
1.194816427305340767e-01
1.205173293128609657e-01
1.200725538656115532e-01
1.200444232672452927e-01
1.199659612029790878e-01
1.196898147463798523e-01
1.193743329495191574e-01
1.200632080435752869e-01
1.197183672338724136e-01
1.194256637245416641e-01
1.203558901324868202e-01
1.196164870634675026e-01
1.208699177950620651e-01
1.191371437162160873e-01
1.186702130362391472e-01
1.198764825239777565e-01
1.216209419071674347e-01
1.198176564648747444e-01
1.245520357042551041e-01
1.200200002640485764e-01
1.228939220309257507e-01
1.217574253678321838e-01
1.228605266660451889e-01
1.203526100143790245e-01
1.227130908519029617e-01
1.226837243884801865e-01
1.212775334715843201e-01
1.230224110186100006e-01
1.201505390927195549e-01
1.214815005660057068e-01
1.219134917482733727e-01
1.219736319035291672e-01
1.211268324404954910e-01
1.211318308487534523e-01
1.198089299723505974e-01
1.203523613512516022e-01
1.196528831496834755e-01
1.196749676018953323e-01
1.190443895757198334e-01
1.189906625077128410e-01
1.183912111446261406e-01
1.198928952217102051e-01
1.177853168919682503e-01
1.186374612152576447e-01
1.186129255220293999e-01
1.189668783918023109e-01
1.185212619602680206e-01
1.185857858508825302e-01
1.187163311988115311e-01
1.187702799215912819e-01
1.186046665534377098e-01
1.184294009581208229e-01
1.187888551503419876e-01
1.182454945519566536e-01
1.180247226729989052e-01
1.181721733883023262e-01
1.181023195385932922e-01
1.183084240183234215e-01
1.179628884419798851e-01
1.184474239125847816e-01
1.182091506198048592e-01
1.177627556025981903e-01
1.176227359101176262e-01
1.183373313397169113e-01
1.171257756650447845e-01
1.164404163137078285e-01
1.192178977653384209e-01
1.165819335728883743e-01
1.180381877347826958e-01
1.198681928217411041e-01
1.156509872525930405e-01
1.179485889151692390e-01
1.181114139035344124e-01
1.184854106977581978e-01
1.174887046217918396e-01
1.188987679779529572e-01
1.197681501507759094e-01
1.166087826713919640e-01
1.183870080858469009e-01
1.178177418187260628e-01
1.182770216837525368e-01
1.185673521831631660e-01
1.181253585964441299e-01
1.175676323473453522e-01
1.181506728753447533e-01
1.180207189172506332e-01
1.177244829013943672e-01
1.176342070102691650e-01
1.175830084830522537e-01
1.165296239778399467e-01
1.161950482055544853e-01
1.173551287502050400e-01
1.179710309952497482e-01
1.174171958118677139e-01
1.178341694176197052e-01
1.169515317305922508e-01
1.156682120636105537e-01
1.146598747000098228e-01
1.200324017554521561e-01
1.137355426326394081e-01
1.220318293198943138e-01
1.201724158599972725e-01
1.189543297514319420e-01
1.230254480615258217e-01
1.194388726726174355e-01
1.207816218957304955e-01
1.200857851654291153e-01
1.182114426046609879e-01
1.182251125574111938e-01
1.183388065546751022e-01
1.190276555716991425e-01
1.173272076994180679e-01
1.188582424074411392e-01
1.170003330335021019e-01
1.169396135956048965e-01
1.177635891363024712e-01
1.173117468133568764e-01
1.168077597394585609e-01
1.167445452883839607e-01
1.181610142812132835e-01
1.166085153818130493e-01
1.170395445078611374e-01
1.165177309885621071e-01
1.166556561365723610e-01
1.165164383128285408e-01
1.167040439322590828e-01
1.165100233629345894e-01
1.169576067477464676e-01
1.163295991718769073e-01
1.173329465091228485e-01
1.157411970198154449e-01
1.161977872252464294e-01
1.161104543134570122e-01
1.162398234009742737e-01
1.173570929095149040e-01
1.151875806972384453e-01
1.152047887444496155e-01
1.199198057875037193e-01
1.151366187259554863e-01
1.211363328620791435e-01
1.207623984664678574e-01
1.188098480924963951e-01
1.267632795497775078e-01
1.194705842062830925e-01
1.226575188338756561e-01
1.222196752205491066e-01
1.213488867506384850e-01
1.215423727408051491e-01
1.202426636591553688e-01
1.198005639016628265e-01
1.194438831880688667e-01
1.186248455196619034e-01
1.186575964093208313e-01
1.178701296448707581e-01
1.187181742861866951e-01
1.185854729264974594e-01
1.182335680350661278e-01
1.177237313240766525e-01
1.178043540567159653e-01
1.177250314503908157e-01
1.173364799469709396e-01
1.166229406371712685e-01
1.164604229852557182e-01
1.165362372994422913e-01
1.175309568643569946e-01
1.169512495398521423e-01
1.150120254606008530e-01
1.161464927718043327e-01
1.166287520900368690e-01
1.164959324523806572e-01
1.167996907606720924e-01
1.163533283397555351e-01
1.153748920187354088e-01
1.200931491330265999e-01
1.177199268713593483e-01
1.203526351600885391e-01
1.143007976934313774e-01
1.224635448306798935e-01
1.168077355250716209e-01
1.222844542935490608e-01
1.177945258095860481e-01
1.188540505245327950e-01
1.167863607406616211e-01
1.185337873175740242e-01
1.174970585852861404e-01
1.172133116051554680e-01
1.167146209627389908e-01
1.173533722758293152e-01
1.161912288516759872e-01
1.168259624391794205e-01
1.167947929352521896e-01
1.143082557246088982e-01
1.159763112664222717e-01
1.161377672106027603e-01
1.157828057184815407e-01
1.161762699484825134e-01
1.156908264383673668e-01
1.156869046390056610e-01
1.159272324293851852e-01
1.158513631671667099e-01
1.151070995256304741e-01
1.156172985211014748e-01
1.143272817134857178e-01
1.146332807838916779e-01
1.159053780138492584e-01
1.152554145082831383e-01
1.147253541275858879e-01
1.154872188344597816e-01
1.150186760351061821e-01
1.149523500353097916e-01
1.142599415034055710e-01
1.137471180409193039e-01
1.154843932017683983e-01
1.141296699643135071e-01
1.145006883889436722e-01
1.141516799107193947e-01
1.140146404504776001e-01
1.143732517957687378e-01
1.143142376095056534e-01
1.148952897638082504e-01
1.139065241441130638e-01
1.146096391603350639e-01
1.145176216959953308e-01
1.140644764527678490e-01
1.137174786999821663e-01
1.121046114712953568e-01
1.150064980611205101e-01
1.142535889521241188e-01
1.139815794304013252e-01
1.148294601589441299e-01
1.139298500493168831e-01
1.178738074377179146e-01
1.163242198526859283e-01
1.166563089936971664e-01
1.226835418492555618e-01
1.188255865126848221e-01
1.238922076299786568e-01
1.181511888280510902e-01
1.229027025401592255e-01
1.151003008708357811e-01
1.189242778345942497e-01
1.184988636523485184e-01
1.169624021276831627e-01
1.166065242141485214e-01
1.169954231008887291e-01
1.159898852929472923e-01
1.165574714541435242e-01
1.153420256450772285e-01
1.156238578259944916e-01
1.155536593869328499e-01
1.152086667716503143e-01
1.151902973651885986e-01
1.152790300548076630e-01
1.155027747154235840e-01
1.149605419486761093e-01
1.136352531611919403e-01
1.139105409383773804e-01
1.142862457782030106e-01
1.147874835878610611e-01
1.135906651616096497e-01
1.150194229558110237e-01
1.138722570613026619e-01
1.150188427418470383e-01
1.135687157511711121e-01
1.139934277161955833e-01
1.132250139489769936e-01
1.134848613291978836e-01
1.139335446059703827e-01
1.132275387644767761e-01
1.141060190275311470e-01
1.126099284738302231e-01
1.140242181718349457e-01
1.152161629870533943e-01
1.130968853831291199e-01
1.154379574581980705e-01
1.132581774145364761e-01
1.147035574540495872e-01
1.144444923847913742e-01
1.152357542887330055e-01
1.142207533121109009e-01
1.136443587020039558e-01
1.147651616483926773e-01
1.134518105536699295e-01
1.128489887341856956e-01
1.158433640375733376e-01
1.129600116983056068e-01
1.137450914829969406e-01
1.161563303321599960e-01
1.152720525860786438e-01
1.135918525978922844e-01
1.162044219672679901e-01
1.164637515321373940e-01
1.130022825673222542e-01
1.143148755654692650e-01
1.164933862164616585e-01
1.152375722303986549e-01
1.135899992659687996e-01
1.158144650980830193e-01
1.144999051466584206e-01
1.148587008938193321e-01
1.130807287991046906e-01
1.139168292284011841e-01
1.141696451231837273e-01
1.128317359834909439e-01
1.146578323096036911e-01
1.132438564673066139e-01
1.137374099344015121e-01
1.123302010819315910e-01
1.149880625307559967e-01
1.124883657321333885e-01
1.141411764547228813e-01
1.152975894510746002e-01
1.125782504677772522e-01
1.149013154208660126e-01
1.136126834899187088e-01
1.133445650339126587e-01
1.127169979736208916e-01
1.154484851285815239e-01
1.144565977156162262e-01
1.137952189892530441e-01
1.129709323868155479e-01
1.134977377951145172e-01
1.132875597104430199e-01
1.127503896132111549e-01
1.131985858082771301e-01
1.129075009375810623e-01
1.132742809131741524e-01
1.133754132315516472e-01
1.121481852605938911e-01
1.120467763394117355e-01
1.129480814561247826e-01
1.135599939152598381e-01
1.122796246781945229e-01
1.121019134297966957e-01
1.123908096924424171e-01
1.126763168722391129e-01
1.122418064624071121e-01
1.123720817267894745e-01
1.137889465317130089e-01
1.132182581350207329e-01
1.121954638510942459e-01
1.128397854045033455e-01
1.136295581236481667e-01
1.131565123796463013e-01
1.146509796380996704e-01
1.126408716663718224e-01
1.123726628720760345e-01
1.122491629794239998e-01
1.119315568357706070e-01
1.127178166061639786e-01
1.125011108815670013e-01
1.125078033655881882e-01
1.120673827826976776e-01
1.116773374378681183e-01
1.132305804640054703e-01
1.121709449216723442e-01
1.124328514561057091e-01
1.128654368221759796e-01
1.118411887437105179e-01
1.112625095993280411e-01
1.156953452154994011e-01
1.166851222515106201e-01
1.127622053027153015e-01
1.122570699080824852e-01
1.163456998765468597e-01
1.153393434360623360e-01
1.137527395039796829e-01
1.137500088661909103e-01
1.128560053184628487e-01
1.122243599966168404e-01
1.127264015376567841e-01
1.129798479378223419e-01
1.121687255799770355e-01
1.115083973854780197e-01
1.124290591105818748e-01
1.117522530257701874e-01
1.125130224972963333e-01
1.122876070439815521e-01
1.116994889453053474e-01
1.121938861906528473e-01
1.138008330017328262e-01
1.111596906557679176e-01
1.124808667227625847e-01
1.120528783649206161e-01
1.121864626184105873e-01
1.110659837722778320e-01
1.126779709011316299e-01
1.117444764822721481e-01
1.108788391575217247e-01
1.113213896751403809e-01
1.120174936950206757e-01
1.120479721575975418e-01
1.114567667245864868e-01
1.102712675929069519e-01
1.106635443866252899e-01
1.114340377971529961e-01
1.119452957063913345e-01
1.118931639939546585e-01
1.116101182997226715e-01
1.118252594023942947e-01
1.115339333191514015e-01
1.111217774450778961e-01
1.114553241059184074e-01
1.120530338957905769e-01
1.097281612455844879e-01
1.111161997541785240e-01
1.119836904108524323e-01
1.121841622516512871e-01
1.123878797516226768e-01
1.116808000952005386e-01
1.116789700463414192e-01
1.116885757073760033e-01
1.126730013638734818e-01
1.101364539936184883e-01
1.122315740212798119e-01
1.115683894604444504e-01
1.147530516609549522e-01
1.131043219938874245e-01
1.105421045795083046e-01
1.108199264854192734e-01
1.115712802857160568e-01
1.138785053044557571e-01
1.133755305781960487e-01
1.133923074230551720e-01
1.135094221681356430e-01
1.111391717568039894e-01
1.114124096930027008e-01
1.112155169248580933e-01
1.106185549870133400e-01
1.108953747898340225e-01
1.113669974729418755e-01
1.110951341688632965e-01
1.103861993178725243e-01
1.116181267425417900e-01
1.117991823703050613e-01
1.096035270020365715e-01
1.107661342248320580e-01
1.156406328082084656e-01
1.133893225342035294e-01
1.138287009671330452e-01
1.143957041203975677e-01
1.130361463874578476e-01
1.109358323737978935e-01
1.107916031032800674e-01
1.107971845194697380e-01
1.114941798150539398e-01
1.111589148640632629e-01
1.111793704330921173e-01
1.108327321708202362e-01
1.105747334659099579e-01
1.098474226891994476e-01
1.101290043443441391e-01
1.104571893811225891e-01
1.104279886931180954e-01
1.104278806596994400e-01
1.103789033368229866e-01
1.095085730776190758e-01
1.108303358778357506e-01
1.087202765047550201e-01
1.099972808733582497e-01
1.095713358372449875e-01
1.102534476667642593e-01
1.099710455164313316e-01
1.110884863883256912e-01
1.109218550845980644e-01
1.090834215283393860e-01
1.107279052957892418e-01
1.106038782745599747e-01
1.100775795057415962e-01
1.123049817979335785e-01
1.149268532171845436e-01
1.134920306503772736e-01
1.111226035282015800e-01
1.094924295321106911e-01
1.109445458278059959e-01
1.111640594899654388e-01
1.113087562844157219e-01
1.104851122945547104e-01
1.106588551774621010e-01
1.101104253903031349e-01
1.103013865649700165e-01
1.101547246798872948e-01
1.091424692422151566e-01
1.094100261107087135e-01
1.094068232923746109e-01
1.094681425020098686e-01
1.097350576892495155e-01
1.077453233301639557e-01
1.089823357760906219e-01
1.092882156372070312e-01
1.098462808877229691e-01
1.099012708291411400e-01
1.097227446734905243e-01
1.096706166863441467e-01
1.099454378709197044e-01
1.092634787783026695e-01
1.089666523039340973e-01
1.105958707630634308e-01
1.099660852923989296e-01
1.073836861178278923e-01
1.147594237700104713e-01
1.124043138697743416e-01
1.226485753431916237e-01
1.283240392804145813e-01
1.519766049459576607e-01
1.587137728929519653e-01
1.415059100836515427e-01
1.385620478540658951e-01
1.347815729677677155e-01
1.296188747510313988e-01
1.289475709199905396e-01
1.273266300559043884e-01
1.271947259083390236e-01
1.261138534173369408e-01
1.248841518536210060e-01
1.240190900862216949e-01
1.237426791340112686e-01
1.232010824605822563e-01
1.228702357038855553e-01
1.218418488278985023e-01
1.227357499301433563e-01
1.215001381933689117e-01
1.218004012480378151e-01
1.201603710651397705e-01
1.210141275078058243e-01
1.201602276414632797e-01
1.194664724171161652e-01
1.195185352116823196e-01
1.196673717349767685e-01
1.194727569818496704e-01
1.191039429977536201e-01
1.179671548306941986e-01
1.186308981850743294e-01
1.178696760907769203e-01
1.172362100332975388e-01
1.168549731373786926e-01
1.177866123616695404e-01
1.165509810671210289e-01
1.168517498299479485e-01
1.172658912837505341e-01
1.169383320957422256e-01
1.169637609273195267e-01
1.169523755088448524e-01
1.157957985997200012e-01
1.173084490001201630e-01
1.165403127670288086e-01
1.162986485287547112e-01
1.166149331256747246e-01
1.160096358507871628e-01
1.164084114134311676e-01
1.158988699316978455e-01
1.154347974807024002e-01
1.155811138451099396e-01
1.159048555418848991e-01
1.151175927370786667e-01
1.150964619591832161e-01
1.154562588781118393e-01
1.157616944983601570e-01
1.144328881055116653e-01
1.142668770626187325e-01
1.149781504645943642e-01
1.143825156614184380e-01
1.153301047161221504e-01
1.146838357672095299e-01
1.148315500468015671e-01
1.141516901552677155e-01
1.142936022952198982e-01
1.132720923051238060e-01
1.144650541245937347e-01
1.143709020689129829e-01
1.141617605462670326e-01
1.146205784752964973e-01
1.139518115669488907e-01
1.136153182014822960e-01
1.134783821180462837e-01
1.130305388942360878e-01
1.121868742629885674e-01
1.134603787213563919e-01
1.139532737433910370e-01
1.128251114860177040e-01
1.146760853007435799e-01
1.139048673212528229e-01
1.140491608530282974e-01
1.135377734899520874e-01
1.128395395353436470e-01
1.118158185854554176e-01
1.135892085731029510e-01
1.130716335028409958e-01
1.132228812202811241e-01
1.131422296166419983e-01
1.118643647059798241e-01
1.129134660586714745e-01
1.129938224330544472e-01
1.129158865660429001e-01
1.123775346204638481e-01
1.150273336097598076e-01
1.127087529748678207e-01
1.149361208081245422e-01
1.143498998135328293e-01
1.141475532203912735e-01
1.136464485898613930e-01
1.129947695881128311e-01
1.126019125804305077e-01
1.132432855665683746e-01
1.110570048913359642e-01
1.129645342007279396e-01
1.130220582708716393e-01
1.123824845999479294e-01
1.134928762912750244e-01
1.108233891427516937e-01
1.135330833494663239e-01
1.123037850484251976e-01
1.165879992768168449e-01
1.137714954093098640e-01
1.132363993674516678e-01
1.138881705701351166e-01
1.143728652969002724e-01
1.116989841684699059e-01
1.129392879083752632e-01
1.127035459503531456e-01
1.134355226531624794e-01
1.129137231037020683e-01
1.129062231630086899e-01
1.124371802434325218e-01
1.124850222840905190e-01
1.115509755909442902e-01
1.125617278739809990e-01
1.115850433707237244e-01
1.116877961903810501e-01
1.115054190158843994e-01
1.095799701288342476e-01
1.113562174141407013e-01
1.116134813055396080e-01
1.115550771355628967e-01
1.122586401179432869e-01
1.106795379891991615e-01
1.113692764192819595e-01
1.121225059032440186e-01
1.108080921694636345e-01
1.123992837965488434e-01
1.109466794878244400e-01
1.113348491489887238e-01
1.118118483573198318e-01
1.104903789237141609e-01
1.102674575522542000e-01
1.134475199505686760e-01
1.131522255018353462e-01
1.123995939269661903e-01
1.135778352618217468e-01
1.137636546045541763e-01
1.145279258489608765e-01
1.111399298533797264e-01
1.120812809094786644e-01
1.154295485466718674e-01
1.112787285819649696e-01
1.200707219541072845e-01
1.149967033416032791e-01
1.180053865537047386e-01
1.184411188587546349e-01
1.177835920825600624e-01
1.161632211878895760e-01
1.147311376407742500e-01
1.144486768171191216e-01
1.144723519682884216e-01
1.132370298728346825e-01
1.129312040284276009e-01
1.128593767061829567e-01
1.126584745943546295e-01
1.104728197678923607e-01
1.121464045718312263e-01
1.113111460581421852e-01
1.115174386650323868e-01
1.123850923031568527e-01
1.116987932473421097e-01
1.112782908603549004e-01
1.115202652290463448e-01
1.111568957567214966e-01
1.115550184622406960e-01
1.109081469476222992e-01
1.114322775974869728e-01
1.085600070655345917e-01
1.100034629926085472e-01
1.108557749539613724e-01
1.109557328745722771e-01
1.111863628029823303e-01
1.105494489893317223e-01
1.110677001997828484e-01
1.113100731745362282e-01
1.110131731256842613e-01
1.105197742581367493e-01
1.099315816536545753e-01
1.110149240121245384e-01
1.104087121784687042e-01
1.107573723420500755e-01
1.106002926826477051e-01
1.106588756665587425e-01
1.110585145652294159e-01
1.094401730224490166e-01
1.101719606667757034e-01
1.104038003832101822e-01
1.103795468807220459e-01
1.099988510832190514e-01
1.095358571037650108e-01
1.114250877872109413e-01
1.085687931627035141e-01
1.100636823102831841e-01
1.095176851376891136e-01
1.098106140270829201e-01
1.099626328796148300e-01
1.102718915790319443e-01
1.111754151061177254e-01
1.086727380752563477e-01
1.090327501296997070e-01
1.102341180667281151e-01
1.099322400987148285e-01
1.105611771345138550e-01
1.098064640536904335e-01
1.101653734222054482e-01
1.112730167806148529e-01
1.121803401038050652e-01
1.094711190089583397e-01
1.108290832489728928e-01
1.166031043976545334e-01
1.159996921196579933e-01
1.137267248705029488e-01
1.170529294759035110e-01
1.126393321901559830e-01
1.136075304821133614e-01
1.121806288138031960e-01
1.108608786016702652e-01
1.105137597769498825e-01
1.096103787422180176e-01
1.096427319571375847e-01
1.095107924193143845e-01
1.089393980801105499e-01
1.096182465553283691e-01
1.090124836191534996e-01
1.087113572284579277e-01
1.087406072765588760e-01
1.093422910198569298e-01
1.093102106824517250e-01
1.087552113458514214e-01
1.093203583732247353e-01
1.091349711641669273e-01
1.082614967599511147e-01
1.083105467259883881e-01
1.088617434725165367e-01
1.083791404962539673e-01
1.083379751071333885e-01
1.079024570062756538e-01
1.082744086161255836e-01
1.085214950144290924e-01
1.085748774930834770e-01
1.086165383458137512e-01
1.088285567238926888e-01
1.091248346492648125e-01
1.082799481227993965e-01
1.083261342719197273e-01
1.084788450971245766e-01
1.081740241497755051e-01
1.084499694406986237e-01
1.079924097284674644e-01
1.093236496672034264e-01
1.078636543825268745e-01
1.085563972592353821e-01
1.080890689045190811e-01
1.081563150510191917e-01
1.121382387354969978e-01
1.122318841516971588e-01
1.102345185354351997e-01
1.107081435620784760e-01
1.090363031253218651e-01
1.095450948923826218e-01
1.090911906212568283e-01
1.087879305705428123e-01
1.102537568658590317e-01
1.098514348268508911e-01
1.094349017366766930e-01
1.084575178101658821e-01
1.074643423780798912e-01
1.080441316589713097e-01
1.079621119424700737e-01
1.076042894273996353e-01
1.075060926377773285e-01
1.087165800854563713e-01
1.078125024214386940e-01
1.079163551330566406e-01
1.072889231145381927e-01
1.071898471564054489e-01
1.066349400207400322e-01
1.084296423941850662e-01
1.118450732901692390e-01
1.077968496829271317e-01
1.102472553029656410e-01
1.102884970605373383e-01
1.081689903512597084e-01
1.092494158074259758e-01
1.085564484819769859e-01
1.097832564264535904e-01
1.077437298372387886e-01
1.073245871812105179e-01
1.086095236241817474e-01
1.081138886511325836e-01
1.076183402910828590e-01
1.078221034258604050e-01
1.074657822027802467e-01
1.080117011442780495e-01
1.076208129525184631e-01
1.079545430839061737e-01
1.075984211638569832e-01
1.074903570115566254e-01
1.066636741161346436e-01
1.085067829117178917e-01
1.091593597084283829e-01
1.083590155467391014e-01
1.096762614324688911e-01
1.104765003547072411e-01
1.122328061610460281e-01
1.124906474724411964e-01
1.102746827527880669e-01
1.106544593349099159e-01
1.086170533671975136e-01
1.081198193132877350e-01
1.075970018282532692e-01
1.073691127821803093e-01
1.084997337311506271e-01
1.074685519561171532e-01
1.065356731414794922e-01
1.075414586812257767e-01
1.071406919509172440e-01
1.069937720894813538e-01
1.071662278845906258e-01
1.067134384065866470e-01
1.071334192529320717e-01
1.070820372551679611e-01
1.065332395955920219e-01
1.064976584166288376e-01
1.066612862050533295e-01
1.064903791993856430e-01
1.056658755987882614e-01
1.070359479635953903e-01
1.071097413077950478e-01
1.066364813596010208e-01
1.068226005882024765e-01
1.056404216215014458e-01
1.087544728070497513e-01
1.071395426988601685e-01
1.072424706071615219e-01
1.081137526780366898e-01
1.094225710257887840e-01
1.121420748531818390e-01
1.127525689080357552e-01
1.073595350608229637e-01
1.076759062707424164e-01
1.083937855437397957e-01
1.082523632794618607e-01
1.098182415589690208e-01
1.089979466050863266e-01
1.069241603836417198e-01
1.068554967641830444e-01
1.069394201040267944e-01
1.077428190037608147e-01
1.067421166226267815e-01
1.068836878985166550e-01
1.060838839039206505e-01
1.073164669796824455e-01
1.071887146681547165e-01
1.068022083491086960e-01
1.060301428660750389e-01
1.060097506269812584e-01
1.063308594748377800e-01
1.055434811860322952e-01
1.060851728543639183e-01
1.062926659360527992e-01
1.062234211713075638e-01
1.054115779697895050e-01
1.061414992436766624e-01
1.056989403441548347e-01
1.059580566361546516e-01
1.066648876294493675e-01
1.056158328428864479e-01
1.064777551218867302e-01
1.079422784969210625e-01
1.099656140431761742e-01
1.124126687645912170e-01
1.126784598454833031e-01
1.088721845299005508e-01
1.112943300977349281e-01
1.082853144034743309e-01
1.070884689688682556e-01
1.064380342140793800e-01
1.064841207116842270e-01
1.057860022410750389e-01
1.064349105581641197e-01
1.068437248468399048e-01
1.065647564828395844e-01
1.051050247624516487e-01
1.065329853445291519e-01
1.053610472008585930e-01
1.057909354567527771e-01
1.059607407078146935e-01
1.050186604261398315e-01
1.054105134680867195e-01
1.058706901967525482e-01
1.056494098156690598e-01
1.043912274762988091e-01
1.062327781692147255e-01
1.056126346811652184e-01
1.057007536292076111e-01
1.054680822417140007e-01
1.055107852444052696e-01
1.053809439763426781e-01
1.054751761257648468e-01
1.055619427934288979e-01
1.052513103932142258e-01
1.048443103209137917e-01
1.053452808409929276e-01
1.051615020260214806e-01
1.052266657352447510e-01
1.063262028619647026e-01
1.061211181804537773e-01
1.050905939191579819e-01
1.058343788608908653e-01
1.044515315443277359e-01
1.055697761476039886e-01
1.062133256345987320e-01
1.067092446610331535e-01
1.045967433601617813e-01
1.047581396996974945e-01
1.049988744780421257e-01
1.049284376204013824e-01
1.054756389930844307e-01
1.050843773409724236e-01
1.053083539009094238e-01
1.068774024024605751e-01
1.059657270088791847e-01
1.087788278236985207e-01
1.062726229429244995e-01
1.050178641453385353e-01
1.067064851522445679e-01
1.064552506431937218e-01
1.093598362058401108e-01
1.071127653121948242e-01
1.088393600657582283e-01
1.076764678582549095e-01
1.070263804867863655e-01
1.086931442841887474e-01
1.047236891463398933e-01
1.041225669905543327e-01
1.082597970962524414e-01
1.061399318277835846e-01
1.035718368366360664e-01
1.040199417620897293e-01
1.046602874994277954e-01
1.053809924051165581e-01
1.056457608938217163e-01
1.056195171549916267e-01
1.039143595844507217e-01
1.059306841343641281e-01
1.055971914902329445e-01
1.060820287093520164e-01
1.049717580899596214e-01
1.038247216492891312e-01
1.044557122513651848e-01
1.048275940120220184e-01
1.040469342842698097e-01
1.053839381784200668e-01
1.050277417525649071e-01
1.048757294192910194e-01
1.043781898915767670e-01
1.041061319410800934e-01
1.042436435818672180e-01
1.055305516347289085e-01
1.036266172304749489e-01
1.034914255142211914e-01
1.048749554902315140e-01
1.048002466559410095e-01
1.050954060629010201e-01
1.048175925388932228e-01
1.098522869870066643e-01
1.090855561196804047e-01
1.072712270542979240e-01
1.072859345003962517e-01
1.055503739044070244e-01
1.057896008715033531e-01
1.064208438619971275e-01
1.054590959101915359e-01
1.037757378071546555e-01
1.042277254164218903e-01
1.048653721809387207e-01
1.055722814053297043e-01
1.047452371567487717e-01
1.048586554825305939e-01
1.045293062925338745e-01
1.044845469295978546e-01
1.045084148645401001e-01
1.042162105441093445e-01
1.039194753393530846e-01
1.032773004844784737e-01
1.047850353643298149e-01
1.042810054495930672e-01
1.042372621595859528e-01
1.042313138023018837e-01
1.021761400625109673e-01
1.031903624534606934e-01
1.039847359061241150e-01
1.045515425503253937e-01
1.033834414556622505e-01
1.031183674931526184e-01
1.055352175608277321e-01
1.051826681941747665e-01
1.040294533595442772e-01
1.053131595253944397e-01
1.053586872294545174e-01
1.085670981556177139e-01
1.080343862995505333e-01
1.139306481927633286e-01
1.082549141719937325e-01
1.055534062907099724e-01
1.086360476911067963e-01
1.050166934728622437e-01
1.082958150655031204e-01
1.052645463496446609e-01
1.058880807831883430e-01
1.050649080425500870e-01
1.046310681849718094e-01
1.053305501118302345e-01
1.051501221954822540e-01
1.053593382239341736e-01
1.045887600630521774e-01
1.051741046831011772e-01
1.039332486689090729e-01
1.044412087649106979e-01
1.046393606811761856e-01
1.042093187570571899e-01
1.033695777878165245e-01
1.042968975380063057e-01
1.046933038160204887e-01
1.038784785196185112e-01
1.023493241518735886e-01
1.042126454412937164e-01
1.033236328512430191e-01
1.043510260060429573e-01
1.037949528545141220e-01
1.045812219381332397e-01
1.037035742774605751e-01
1.033503925427794456e-01
1.036603357642889023e-01
1.043912721797823906e-01
1.039821282029151917e-01
1.030080802738666534e-01
1.040435042232275009e-01
1.044151615351438522e-01
1.034085927531123161e-01
1.033466085791587830e-01
1.034677354618906975e-01
1.022310340777039528e-01
1.042693965137004852e-01
1.038006125018000603e-01
1.035867379978299141e-01
1.051149703562259674e-01
1.049786377698183060e-01
1.043185824528336525e-01
1.040839813649654388e-01
1.026711910963058472e-01
1.044772453606128693e-01
1.052540987730026245e-01
1.037183944135904312e-01
1.039642319083213806e-01
1.016777139157056808e-01
1.022762749344110489e-01
1.037153061479330063e-01
1.021625278517603874e-01
1.039997618645429611e-01
1.033477233722805977e-01
1.037642024457454681e-01
1.025483822450041771e-01
1.038816235959529877e-01
1.030588848516345024e-01
1.022338615730404854e-01
1.067701838910579681e-01
1.031871624290943146e-01
1.058257995173335075e-01
1.066748658195137978e-01
1.047896919772028923e-01
1.058258991688489914e-01
1.041948758065700531e-01
1.048274198547005653e-01
1.056666038930416107e-01
1.046729153022170067e-01
1.055080676451325417e-01
1.052297353744506836e-01
1.038873158395290375e-01
1.041447985917329788e-01
1.034662043675780296e-01
1.043987013399600983e-01
1.051394781097769737e-01
1.045063761994242668e-01
1.021666424348950386e-01
1.012546792626380920e-01
1.032497752457857132e-01
1.040302980691194534e-01
1.033005909994244576e-01
1.031494121998548508e-01
1.023124316707253456e-01
1.036840202286839485e-01
1.027567898854613304e-01
1.032972866669297218e-01
1.029241569340229034e-01
1.024373089894652367e-01
1.025363057851791382e-01
1.052354592829942703e-01
1.032170914113521576e-01
1.032037250697612762e-01
1.021437393501400948e-01
1.037151599302887917e-01
1.029720054939389229e-01
1.019597789272665977e-01
1.020243344828486443e-01
1.032851329073309898e-01
1.040190663188695908e-01
1.053526215255260468e-01
1.020239060744643211e-01
1.026124134659767151e-01
1.032353127375245094e-01
1.032597487792372704e-01
1.029458548873662949e-01
1.017131740227341652e-01
1.029643304646015167e-01
1.033073421567678452e-01
1.033380674198269844e-01
1.017658254131674767e-01
1.044718418270349503e-01
1.025353595614433289e-01
1.071895323693752289e-01
1.078295260667800903e-01
1.037867441773414612e-01
1.064767250791192055e-01
1.059073833748698235e-01
1.050427677109837532e-01
1.057659462094306946e-01
1.046922197565436363e-01
1.025273231789469719e-01
1.032654158771038055e-01
1.021828837692737579e-01
1.030113315209746361e-01
1.027498831972479820e-01
1.022395454347133636e-01
1.038136305287480354e-01
1.014037160202860832e-01
1.020651059225201607e-01
1.024778867140412331e-01
1.030271137133240700e-01
1.019822824746370316e-01
1.016162764281034470e-01
1.018610196188092232e-01
1.036601308733224869e-01
1.043714992702007294e-01
1.039772853255271912e-01
1.043086098507046700e-01
1.041393810883164406e-01
1.023223334923386574e-01
1.022215401753783226e-01
1.031533069908618927e-01
1.024997113272547722e-01
1.030348930507898331e-01
1.038649389520287514e-01
1.022635363042354584e-01
1.021091286092996597e-01
1.026786863803863525e-01
1.030104374513030052e-01
1.022800644859671593e-01
1.014076089486479759e-01
1.012160386890172958e-01
1.035273233428597450e-01
1.026468584313988686e-01
1.024558274075388908e-01
1.017150161787867546e-01
1.016060253605246544e-01
1.027297656983137131e-01
1.024407632648944855e-01
1.015824321657419205e-01
1.015354823321104050e-01
1.024064682424068451e-01
1.020362377166748047e-01
1.017810469493269920e-01
1.013230858370661736e-01
1.015968397259712219e-01
1.008353419601917267e-01
1.029718937352299690e-01
1.052139690145850182e-01
1.064302753657102585e-01
1.072810916230082512e-01
1.038297135382890701e-01
1.041818270459771156e-01
1.085372827947139740e-01
1.031395504251122475e-01
1.044546086341142654e-01
1.057453267276287079e-01
1.031806850805878639e-01
1.053253188729286194e-01
1.029941262677311897e-01
1.069311210885643959e-01
1.050599673762917519e-01
1.022644629701972008e-01
1.022660024464130402e-01
1.008429247885942459e-01
1.037493804469704628e-01
1.018807813525199890e-01
1.015632711350917816e-01
1.016154270619153976e-01
1.025120830163359642e-01
1.020951969549059868e-01
1.019923891872167587e-01
1.016220878809690475e-01
1.013801302760839462e-01
1.017563473433256149e-01
1.016285531222820282e-01
1.012159185484051704e-01
1.019677668809890747e-01
1.021170001477003098e-01
1.015794435515999794e-01
1.008121753111481667e-01
1.019952632486820221e-01
1.016893247142434120e-01
1.015982162207365036e-01
1.013706568628549576e-01
1.015509841963648796e-01
1.005104696378111839e-01
1.019876739010214806e-01
1.009788755327463150e-01
1.017712634056806564e-01
1.000623628497123718e-01
1.014627907425165176e-01
1.020594621077179909e-01
1.033790456131100655e-01
1.106196511536836624e-01
1.030335491523146629e-01
1.069962969049811363e-01
1.029018433764576912e-01
1.038028160110116005e-01
1.074645826593041420e-01
1.045233206823468208e-01
1.042001219466328621e-01
1.051722262054681778e-01
1.012018704786896706e-01
1.017694314941763878e-01
1.037919772788882256e-01
1.026216456666588783e-01
1.023459369316697121e-01
1.030248943716287613e-01
1.022424129769206047e-01
1.021865159273147583e-01
1.014539599418640137e-01
1.019590357318520546e-01
1.016381690278649330e-01
1.020250963047146797e-01
1.019780151546001434e-01
1.014467589557170868e-01
1.019181944429874420e-01
1.017321078106760979e-01
1.017828574404120445e-01
1.021743295714259148e-01
1.016638251021504402e-01
1.014338703826069832e-01
1.015335954725742340e-01
1.013520779088139534e-01
1.008233614265918732e-01
1.004595570266246796e-01
1.007714066654443741e-01
1.010560933500528336e-01
1.007780097424983978e-01
1.014332054182887077e-01
1.013222243636846542e-01
1.014341302216053009e-01
1.010701358318328857e-01
1.013187039643526077e-01
1.007565604522824287e-01
1.005673492327332497e-01
1.008281316608190536e-01
1.011312110349535942e-01
1.009721448644995689e-01
1.017927210777997971e-01
1.034007528796792030e-01
1.018187347799539566e-01
1.040338100865483284e-01
1.028337869793176651e-01
1.034825118258595467e-01
1.021841932088136673e-01
1.029434893280267715e-01
1.021300842985510826e-01
1.023092633113265038e-01
1.010047579184174538e-01
1.018505245447158813e-01
1.021020924672484398e-01
1.009621797129511833e-01
1.009747385978698730e-01
1.005072351545095444e-01
1.007106769829988480e-01
1.010487088933587074e-01
1.008310737088322639e-01
1.016448102891445160e-01
1.015914827585220337e-01
1.005700305104255676e-01
1.042622588574886322e-01
1.000501094385981560e-01
1.030340166762471199e-01
1.029631914570927620e-01
1.059141512960195541e-01
1.025967299938201904e-01
1.023748666048049927e-01
1.029073884710669518e-01
1.025050068274140358e-01
1.020240020006895065e-01
1.013116156682372093e-01
1.016354411840438843e-01
1.029948005452752113e-01
1.017799749970436096e-01
1.018529254943132401e-01
1.023265914991497993e-01
1.018705284222960472e-01
1.011989852413535118e-01
1.015941165387630463e-01
1.015596510842442513e-01
1.011485112830996513e-01
9.931280557066202164e-02
