3.715739880000000000e+08
2.043425020000000000e+08
9.079966000000000000e+07
5.546173700000000000e+07
3.374919925000000000e+07
2.184640400000000000e+07
1.442969375000000000e+07
1.028960625000000000e+07
7.761104687500000000e+06
6.091731687500000000e+06
5.187745437500000000e+06
4.647842437500000000e+06
4.250878500000000000e+06
3.952657375000000000e+06
3.724474437500000000e+06
3.528392125000000000e+06
3.347709656250000000e+06
3.180008625000000000e+06
3.021955156250000000e+06
2.867870218750000000e+06
2.714791906250000000e+06
2.566232687500000000e+06
2.419365218750000000e+06
2.275541187500000000e+06
2.133229781250000000e+06
1.994478046875000000e+06
1.860262078125000000e+06
1.729896953125000000e+06
1.602692187500000000e+06
1.475989734375000000e+06
1.356796671875000000e+06
1.245732125000000000e+06
1.143723250000000000e+06
1.046361585937500000e+06
9.560007812500000000e+05
8.778581093750000000e+05
8.154960546875000000e+05
7.630799140625000000e+05
7.182533046875000000e+05
6.824006796875000000e+05
6.447052890625000000e+05
6.128759609375000000e+05
5.876385781250000000e+05
5.628061562500000000e+05
5.408493359375000000e+05
5.215549179687500000e+05
5.022420312500000000e+05
4.827022421875000000e+05
4.660556601562500000e+05
4.526664218750000000e+05
4.376456132812500000e+05
4.245974843750000000e+05
4.125734609375000000e+05
4.008304687500000000e+05
3.907418984375000000e+05
3.814439843750000000e+05
3.712290195312500000e+05
3.620964140625000000e+05
3.531475195312500000e+05
3.452400625000000000e+05
3.386098085937500000e+05
3.312029062500000000e+05
3.251470078125000000e+05
3.180607343750000000e+05
3.114087734375000000e+05
3.066957812500000000e+05
3.038615859375000000e+05
2.941406484375000000e+05
2.894401171875000000e+05
2.834213632812500000e+05
2.778502421875000000e+05
2.729770664062500000e+05
2.675943554687500000e+05
2.636604433593750000e+05
2.570677851562500000e+05
2.521291562500000000e+05
2.473478710937500000e+05
2.436941757812500000e+05
2.405123437500000000e+05
2.356230800781250000e+05
2.326961875000000000e+05
2.283225214843750000e+05
2.228251093750000000e+05
2.183809355468750000e+05
2.130663593750000000e+05
2.094470585937500000e+05
2.049188300781250000e+05
2.012163593750000000e+05
1.977127597656250000e+05
1.934871660156250000e+05
1.902879218750000000e+05
1.870730878906250000e+05
1.834338769531250000e+05
1.807809140625000000e+05
1.768640585937500000e+05
1.738333750000000000e+05
1.700659726562500000e+05
1.676504492187500000e+05
1.652423593750000000e+05
1.635015371093750000e+05
1.592468359375000000e+05
1.581564375000000000e+05
1.545639121093750000e+05
1.493507851562500000e+05
1.466756113281250000e+05
1.427796738281250000e+05
1.399247558593750000e+05
1.378631289062500000e+05
1.366612500000000000e+05
1.313918613281250000e+05
1.283267832031250000e+05
1.254035019531250000e+05
1.228792578125000000e+05
1.227823085937500000e+05
1.218601279296875000e+05
1.147040820312500000e+05
1.125714033203125000e+05
1.118761337890625000e+05
1.076231679687500000e+05
1.056390302734375000e+05
1.035579941406250000e+05
1.014930087890625000e+05
1.123953759765625000e+05
1.041195361328125000e+05
9.892100585937500000e+04
9.578909179687500000e+04
9.288806933593750000e+04
9.116871777343750000e+04
8.913919921875000000e+04
8.734606738281250000e+04
8.644433203125000000e+04
8.572017382812500000e+04
8.278209375000000000e+04
8.678185253906250000e+04
8.605725781250000000e+04
8.010402539062500000e+04
7.929898437500000000e+04
7.848924609375000000e+04
7.727830859375000000e+04
7.994114550781250000e+04
7.714355859375000000e+04
7.021584667968750000e+04
6.849510058593750000e+04
6.767198095703125000e+04
6.832111132812500000e+04
6.812015039062500000e+04
6.821958837890625000e+04
6.610471582031250000e+04
6.682084228515625000e+04
6.503117724609375000e+04
5.979363427734375000e+04
6.159871875000000000e+04
6.319287500000000000e+04
5.943554003906250000e+04
6.113729248046875000e+04
5.650555957031250000e+04
5.505669873046875000e+04
5.415571826171875000e+04
5.847971582031250000e+04
5.375389501953125000e+04
5.354315869140625000e+04
5.260711083984375000e+04
5.804648876953125000e+04
5.300204199218750000e+04
5.500673535156250000e+04
5.070292529296875000e+04
5.518015673828125000e+04
5.208015087890625000e+04
4.539665136718750000e+04
4.263978857421875000e+04
4.382450488281250000e+04
4.269372705078125000e+04
4.293357373046875000e+04
4.799821044921875000e+04
5.469066943359375000e+04
4.412495263671875000e+04
4.681269775390625000e+04
4.535552734375000000e+04
4.341525830078125000e+04
3.831406201171875000e+04
3.672275537109375000e+04
3.673666015625000000e+04
3.564753027343750000e+04
3.463105078125000000e+04
3.522221459960937500e+04
3.728184619140625000e+04
3.809892163085937500e+04
3.307654541015625000e+04
3.184456860351562500e+04
3.339506201171875000e+04
4.114386914062500000e+04
3.357353906250000000e+04
3.207747827148437500e+04
3.194727124023437500e+04
3.395022070312500000e+04
4.882721484375000000e+04
4.172806469726562500e+04
4.213292968750000000e+04
3.479551074218750000e+04
2.997910546875000000e+04
3.082803833007812500e+04
3.257300366210937500e+04
2.861891381835937500e+04
2.707162158203125000e+04
2.665881176757812500e+04
2.547993212890625000e+04
2.634873291015625000e+04
4.017036206054687500e+04
5.108790258789062500e+04
4.345350195312500000e+04
3.892830859375000000e+04
3.372190136718750000e+04
2.914041650390625000e+04
3.058888208007812500e+04
2.938716748046875000e+04
3.241656689453125000e+04
2.334410278320312500e+04
2.283372070312500000e+04
2.204275219726562500e+04
2.169272729492187500e+04
2.127851708984375000e+04
2.359401464843750000e+04
2.251227856445312500e+04
2.061600122070312500e+04
2.150285815429687500e+04
3.396659521484375000e+04
2.477394189453125000e+04
2.207420532226562500e+04
2.139170263671875000e+04
1.970186083984375000e+04
2.012946777343750000e+04
2.220535937500000000e+04
2.930343383789062500e+04
2.450695996093750000e+04
2.471793237304687500e+04
2.241514672851562500e+04
2.379646582031250000e+04
1.922042675781250000e+04
1.785251525878906250e+04
2.741938085937500000e+04
3.752713330078125000e+04
1.958393432617187500e+04
1.951222924804687500e+04
2.596625073242187500e+04
2.552866577148437500e+04
3.377047705078125000e+04
2.454001660156250000e+04
2.124815942382812500e+04
2.642815966796875000e+04
2.889272155761718750e+04
2.769335461425781250e+04
2.691488623046875000e+04
1.903843359375000000e+04
2.009069152832031250e+04
1.782399914550781250e+04
1.570863049316406250e+04
1.533660083007812500e+04
1.513750585937500000e+04
1.807368566894531250e+04
1.815553479003906250e+04
1.566879394531250000e+04
3.017093371582031250e+04
2.453879345703125000e+04
2.014622290039062500e+04
1.789159997558593750e+04
1.437904296875000000e+04
1.362541894531250000e+04
2.323991613769531250e+04
3.119418469238281250e+04
2.594011730957031250e+04
2.034474255371093750e+04
1.993102416992187500e+04
2.670766284179687500e+04
1.897241198730468750e+04
1.451097363281250000e+04
1.326834948730468750e+04
1.327587512207031250e+04
1.341336633300781250e+04
1.301932092285156250e+04
1.238941857910156250e+04
1.517291406250000000e+04
1.700110412597656250e+04
2.073038073730468750e+04
2.472942724609375000e+04
2.191182238769531250e+04
1.543566662597656250e+04
1.490955322265625000e+04
1.413715527343750000e+04
2.521007849121093750e+04
3.361722070312500000e+04
1.960619689941406250e+04
2.505359790039062500e+04
2.773554675292968750e+04
2.985912011718750000e+04
5.282183776855468750e+04
5.209150952148437500e+04
4.049295019531250000e+04
3.142157568359375000e+04
2.050356445312500000e+04
1.897803625488281250e+04
1.612744433593750000e+04
1.200629162597656250e+04
1.121863891601562500e+04
1.162035583496093750e+04
1.102570605468750000e+04
1.040805334472656250e+04
1.092476086425781250e+04
1.078655297851562500e+04
1.150239514160156250e+04
1.121159960937500000e+04
1.478339685058593750e+04
1.285147119140625000e+04
1.150868762207031250e+04
1.101723754882812500e+04
1.038410217285156250e+04
1.018940478515625000e+04
1.110403076171875000e+04
1.294975366210937500e+04
1.035502319335937500e+04
1.026054846191406250e+04
1.080979577636718750e+04
1.752801110839843750e+04
4.108535485839843750e+04
1.376653405761718750e+04
1.255957055664062500e+04
1.324964953613281250e+04
1.615329699707031250e+04
1.658637011718750000e+04
1.404538403320312500e+04
9.425177978515625000e+03
9.908384277343750000e+03
1.190999670410156250e+04
1.144435870361328125e+04
1.553470874023437500e+04
6.126839892578125000e+04
2.135545922851562500e+04
2.462794458007812500e+04
1.332199597167968750e+04
1.776570214843750000e+04
9.410992126464843750e+03
9.032313354492187500e+03
1.140599884033203125e+04
1.035519995117187500e+04
1.641413122558593750e+04
1.100326013183593750e+04
1.825466259765625000e+04
1.308084887695312500e+04
1.737608764648437500e+04
2.113326464843750000e+04
1.708703491210937500e+04
1.245689416503906250e+04
2.218667224121093750e+04
2.034766894531250000e+04
1.159579895019531250e+04
1.080461566162109375e+04
1.163561499023437500e+04
1.284594329833984375e+04
1.260666040039062500e+04
1.169725976562500000e+04
8.666990783691406250e+03
2.128218713378906250e+04
3.281680163574218750e+04
2.784797729492187500e+04
1.481682104492187500e+04
1.490378723144531250e+04
2.815735058593750000e+04
1.515941625976562500e+04
1.435326354980468750e+04
1.285315844726562500e+04
1.760579052734375000e+04
2.338165576171875000e+04
2.488246386718750000e+04
3.402902368164062500e+04
1.920642755126953125e+04
1.364145788574218750e+04
1.350105334472656250e+04
1.045835711669921875e+04
1.279583752441406250e+04
8.434586914062500000e+03
8.179034240722656250e+03
1.343342126464843750e+04
1.846871057128906250e+04
1.491416137695312500e+04
9.219737243652343750e+03
1.306547009277343750e+04
1.349287902832031250e+04
1.453156933593750000e+04
4.333510717773437500e+04
2.964350891113281250e+04
2.173659594726562500e+04
1.758867260742187500e+04
1.069630145263671875e+04
8.307084411621093750e+03
8.509366210937500000e+03
8.573334716796875000e+03
8.765686889648437500e+03
8.745191833496093750e+03
1.137812713623046875e+04
1.665201965332031250e+04
2.161808447265625000e+04
1.885271166992187500e+04
2.286069848632812500e+04
2.684710009765625000e+04
1.412722558593750000e+04
1.423193500976562500e+05
5.314185302734375000e+04
2.931920776367187500e+04
3.298885009765625000e+04
2.848733050537109375e+04
3.480046923828125000e+04
1.619700036621093750e+04
1.182729931640625000e+04
8.663742004394531250e+03
8.449438781738281250e+03
7.770801147460937500e+03
7.147984619140625000e+03
6.940624694824218750e+03
6.589698852539062500e+03
6.745344726562500000e+03
6.880344909667968750e+03
6.730645935058593750e+03
6.119689636230468750e+03
6.486205932617187500e+03
6.070743041992187500e+03
7.812589294433593750e+03
9.228228515625000000e+03
8.833554504394531250e+03
8.196971984863281250e+03
8.170306030273437500e+03
7.611197265625000000e+03
1.012884783935546875e+04
7.989186279296875000e+03
7.091260253906250000e+03
6.172084167480468750e+03
6.040658325195312500e+03
7.204465881347656250e+03
6.890751892089843750e+03
5.851372680664062500e+03
6.146289367675781250e+03
9.740066040039062500e+03
1.712090197753906250e+04
8.350688110351562500e+03
2.773132977294921875e+04
2.378261445312500000e+05
2.238883544921875000e+05
1.231160151367187500e+05
4.242206689453125000e+04
2.404033471679687500e+04
1.605842614746093750e+04
1.113976782226562500e+04
9.188503662109375000e+03
8.628914001464843750e+03
8.063798706054687500e+03
7.590854309082031250e+03
7.566408874511718750e+03
7.277543212890625000e+03
7.201574279785156250e+03
7.220321838378906250e+03
7.584480102539062500e+03
7.246046020507812500e+03
6.813417602539062500e+03
6.633546875000000000e+03
6.667248474121093750e+03
6.609564086914062500e+03
7.063501708984375000e+03
6.811499389648437500e+03
6.487297424316406250e+03
6.665958129882812500e+03
6.906469787597656250e+03
6.896394287109375000e+03
6.950679626464843750e+03
6.877350830078125000e+03
6.861907836914062500e+03
6.157171875000000000e+03
6.479946350097656250e+03
6.387009033203125000e+03
7.619537719726562500e+03
7.047232604980468750e+03
7.570622131347656250e+03
8.187110778808593750e+03
6.973829162597656250e+03
6.667427612304687500e+03
6.447688537597656250e+03
6.022676513671875000e+03
6.033476135253906250e+03
5.703468200683593750e+03
5.700831420898437500e+03
6.665867797851562500e+03
5.733637207031250000e+03
5.566702270507812500e+03
6.579659545898437500e+03
2.585783740234375000e+04
6.056721472167968750e+04
2.586069909667968750e+04
1.140782733154296875e+04
9.906788452148437500e+03
8.332564575195312500e+03
9.276233154296875000e+03
9.604727172851562500e+03
9.138612976074218750e+03
2.290503479003906250e+04
1.813810943603515625e+04
9.958327148437500000e+03
6.781293640136718750e+03
6.896346435546875000e+03
8.414651672363281250e+03
9.401391052246093750e+03
1.206733215332031250e+04
3.546933654785156250e+04
1.166423500976562500e+05
1.097514477539062500e+05
3.641580163574218750e+04
2.107584936523437500e+04
1.546079339599609375e+04
1.441852258300781250e+04
8.854882995605468750e+03
8.342484191894531250e+03
6.147777221679687500e+03
6.826235229492187500e+03
6.930552185058593750e+03
1.069596136474609375e+04
1.857441766357421875e+04
1.532181848144531250e+04
2.353433020019531250e+04
1.137476336669921875e+04
7.689455566406250000e+03
6.977292480468750000e+03
7.324428405761718750e+03
6.321035766601562500e+03
6.645181091308593750e+03
6.577357482910156250e+03
5.026669494628906250e+03
4.979627990722656250e+03
4.884689270019531250e+03
4.843127136230468750e+03
5.194048950195312500e+03
5.604848571777343750e+03
5.592668212890625000e+03
6.037889526367187500e+03
7.914676147460937500e+03
6.539877136230468750e+03
4.986998046875000000e+03
4.933316070556640625e+03
5.653759796142578125e+03
6.879846862792968750e+03
1.106710937500000000e+04
6.367648437500000000e+03
1.270226605224609375e+04
7.365317993164062500e+03
1.051967565917968750e+04
2.420350372314453125e+04
1.339523419189453125e+04
2.341578344726562500e+04
1.951685461425781250e+04
3.049025341796875000e+04
5.196451843261718750e+04
1.534654150390625000e+04
4.371829028320312500e+04
2.382021777343750000e+04
2.531859497070312500e+04
1.554105456542968750e+04
7.811372558593750000e+03
5.534449707031250000e+03
6.137941040039062500e+03
7.193748107910156250e+03
7.968888427734375000e+03
6.873451660156250000e+03
6.815098022460937500e+03
4.663033386230468750e+03
4.475797485351562500e+03
4.962563995361328125e+03
9.431143676757812500e+03
6.924560211181640625e+03
6.399769775390625000e+03
7.080080627441406250e+03
7.611572082519531250e+03
7.607434509277343750e+03
1.510364910888671875e+04
1.640980541992187500e+04
3.508505322265625000e+04
1.142838504638671875e+05
2.885773046875000000e+05
7.756472802734375000e+04
4.678726538085937500e+04
2.897555615234375000e+04
1.866736804199218750e+04
1.261839514160156250e+04
8.504593933105468750e+03
6.646248596191406250e+03
5.872618957519531250e+03
5.854219360351562500e+03
5.268765533447265625e+03
5.141582458496093750e+03
5.082867858886718750e+03
5.144614929199218750e+03
4.814572814941406250e+03
4.557485595703125000e+03
4.550279388427734375e+03
4.609663482666015625e+03
4.639405242919921875e+03
4.665671478271484375e+03
4.853806579589843750e+03
4.691689056396484375e+03
4.687117797851562500e+03
4.874359802246093750e+03
4.477159271240234375e+03
4.523844116210937500e+03
4.515858032226562500e+03
4.316137878417968750e+03
4.198358001708984375e+03
4.138101989746093750e+03
4.287135772705078125e+03
4.651006195068359375e+03
4.690731353759765625e+03
5.820582031250000000e+03
5.516490234375000000e+03
5.242106323242187500e+03
1.017554638671875000e+04
6.936906005859375000e+03
5.493075408935546875e+03
9.496786193847656250e+03
6.231054382324218750e+03
8.396134033203125000e+03
1.570758691406250000e+04
1.144961529541015625e+04
6.535146545410156250e+03
5.745361328125000000e+03
6.278601196289062500e+03
5.690498229980468750e+03
4.816888519287109375e+03
6.702184875488281250e+03
5.612491882324218750e+03
2.516278454589843750e+04
6.087429052734375000e+04
1.889107159423828125e+04
2.262685913085937500e+04
1.217536929321289062e+04
1.049420941162109375e+04
1.155776342773437500e+04
1.351793676757812500e+04
1.019079541015625000e+04
6.449580017089843750e+03
4.321368896484375000e+03
5.064287017822265625e+03
5.576972412109375000e+03
1.412686828613281250e+04
1.347460278320312500e+04
7.021127526855468750e+04
1.938754045410156250e+05
7.274528442382812500e+04
3.943872619628906250e+04
2.564581201171875000e+04
1.702067181396484375e+04
1.119385815429687500e+04
7.389702209472656250e+03
8.087984069824218750e+03
7.014891754150390625e+03
5.862565490722656250e+03
5.450924743652343750e+03
5.124031005859375000e+03
4.482835113525390625e+03
4.308832092285156250e+03
4.098969604492187500e+03
4.296363647460937500e+03
4.073935089111328125e+03
4.079993804931640625e+03
4.131861938476562500e+03
4.258426239013671875e+03
4.337442687988281250e+03
3.993054199218750000e+03
3.834412048339843750e+03
3.828640258789062500e+03
3.935758666992187500e+03
3.984159118652343750e+03
3.716577178955078125e+03
3.738501220703125000e+03
4.097559295654296875e+03
4.473491790771484375e+03
3.902647644042968750e+03
3.668393890380859375e+03
3.620611846923828125e+03
3.616950775146484375e+03
3.744495391845703125e+03
4.398087799072265625e+03
4.368711669921875000e+03
5.501531097412109375e+03
4.587337799072265625e+03
5.765477783203125000e+03
8.900285278320312500e+03
7.936261230468750000e+03
5.474365173339843750e+03
6.280644287109375000e+03
2.452885559082031250e+04
6.666666943359375000e+04
7.530206542968750000e+04
1.593430683593750000e+05
1.531608105468750000e+05
7.567988793945312500e+04
4.952145422363281250e+04
2.912428564453125000e+04
1.766699884033203125e+04
1.199950494384765625e+04
8.639731506347656250e+03
6.290867553710937500e+03
5.060530303955078125e+03
4.135727691650390625e+03
4.095018157958984375e+03
4.267985137939453125e+03
4.338629852294921875e+03
4.734561248779296875e+03
4.031554229736328125e+03
3.896215240478515625e+03
3.819249481201171875e+03
3.568531402587890625e+03
3.679422058105468750e+03
3.690738800048828125e+03
3.541962402343750000e+03
3.555273803710937500e+03
3.516057617187500000e+03
3.592233795166015625e+03
3.504428283691406250e+03
3.497613830566406250e+03
3.572531463623046875e+03
3.931413177490234375e+03
3.705181549072265625e+03
3.562223907470703125e+03
3.745050567626953125e+03
3.961123260498046875e+03
5.091384429931640625e+03
5.103881896972656250e+03
5.886109069824218750e+03
8.900561676025390625e+03
8.289477630615234375e+03
8.423579589843750000e+03
1.399614813232421875e+04
4.710595184326171875e+03
6.122898223876953125e+03
9.770097412109375000e+03
6.589793273925781250e+03
4.142200714111328125e+03
4.573646026611328125e+03
4.828384307861328125e+03
5.304198577880859375e+03
4.494730743408203125e+03
8.995811157226562500e+03
6.095224273681640625e+03
1.288308782958984375e+04
2.119742016601562500e+04
5.918895965576171875e+03
4.307997039794921875e+03
6.833307922363281250e+03
4.426810394287109375e+03
4.607243530273437500e+03
6.199308398437500000e+04
8.525429779052734375e+04
1.713534179687500000e+04
1.285382446289062500e+04
2.413937536621093750e+04
2.284826147460937500e+04
1.973497222900390625e+04
1.748778961181640625e+04
8.553614746093750000e+03
8.649961822509765625e+03
5.102064666748046875e+03
4.136326507568359375e+03
4.319664886474609375e+03
3.818111389160156250e+03
3.660304229736328125e+03
3.409099487304687500e+03
3.387452423095703125e+03
3.419656646728515625e+03
3.590451416015625000e+03
3.945481811523437500e+03
3.390055267333984375e+03
3.449967468261718750e+03
3.308597808837890625e+03
3.378049926757812500e+03
4.342303222656250000e+03
8.211097778320312500e+03
3.547361083984375000e+03
3.536235687255859375e+03
5.086909973144531250e+03
4.943340637207031250e+04
4.210203125000000000e+04
1.588303784179687500e+04
5.965723571777343750e+03
6.964890869140625000e+03
4.425428802490234375e+03
3.941323394775390625e+03
3.574184051513671875e+03
4.032396728515625000e+03
5.233182678222656250e+03
3.616862945556640625e+03
3.350639526367187500e+03
3.534795318603515625e+03
5.283479339599609375e+03
8.422194885253906250e+03
3.746030346679687500e+04
4.738951770019531250e+04
3.554348992919921875e+04
1.009472906494140625e+04
5.382474853515625000e+03
4.660900665283203125e+03
4.136446624755859375e+03
3.913153991699218750e+03
3.511789703369140625e+03
3.522351104736328125e+03
3.456900329589843750e+03
3.642046325683593750e+03
8.869921447753906250e+03
2.594220874023437500e+04
2.360821740722656250e+04
3.532931213378906250e+04
1.913927954101562500e+04
8.333486450195312500e+03
5.064363922119140625e+03
3.886547424316406250e+03
3.670586822509765625e+03
3.494147979736328125e+03
5.795227874755859375e+03
8.586301879882812500e+03
2.152327990722656250e+04
7.993336029052734375e+03
3.356299621582031250e+03
3.620890686035156250e+03
6.229764404296875000e+03
8.195047546386718750e+03
4.165567169189453125e+03
4.047473815917968750e+03
6.412496765136718750e+03
8.713634124755859375e+03
2.809699462890625000e+04
2.737732141113281250e+04
1.250177456054687500e+05
5.900735888671875000e+04
4.753239349365234375e+04
2.794494958496093750e+04
1.270801153564453125e+04
7.704986206054687500e+03
4.751198883056640625e+03
3.939095733642578125e+03
3.373630981445312500e+03
3.100027404785156250e+03
3.073794036865234375e+03
3.308650512695312500e+03
3.234277679443359375e+03
3.346335968017578125e+03
3.174631988525390625e+03
3.124435272216796875e+03
3.362582305908203125e+03
3.648486663818359375e+03
3.289818481445312500e+03
3.066826599121093750e+03
3.169419555664062500e+03
3.093373840332031250e+03
3.166881744384765625e+03
3.470295410156250000e+03
3.463981933593750000e+03
3.729915130615234375e+03
3.279864715576171875e+03
3.929659729003906250e+03
1.865762335205078125e+04
1.231749337768554688e+04
1.039397729492187500e+04
2.396955786132812500e+04
8.569853027343750000e+03
8.354542175292968750e+03
9.094910339355468750e+03
2.296711492919921875e+04
6.382088903808593750e+04
1.664834038085937500e+05
1.230750405273437500e+05
7.084133837890625000e+04
3.077138659667968750e+04
1.268433105468750000e+04
6.580897552490234375e+03
5.526756134033203125e+03
4.500603759765625000e+03
3.631923431396484375e+03
3.349646392822265625e+03
3.293065063476562500e+03
3.163672882080078125e+03
3.086414215087890625e+03
3.177301971435546875e+03
3.045097534179687500e+03
3.044163909912109375e+03
2.969637969970703125e+03
2.939724060058593750e+03
2.997352447509765625e+03
2.958645050048828125e+03
2.939720581054687500e+03
2.939291900634765625e+03
2.983217681884765625e+03
3.053331420898437500e+03
2.983138427734375000e+03
3.020859619140625000e+03
2.924627044677734375e+03
2.914940368652343750e+03
2.989216308593750000e+03
3.137270690917968750e+03
3.200815948486328125e+03
2.943125946044921875e+03
2.890247375488281250e+03
3.014797515869140625e+03
3.148548339843750000e+03
3.058084838867187500e+03
3.113901275634765625e+03
2.875250671386718750e+03
2.893953796386718750e+03
2.940433380126953125e+03
2.928663116455078125e+03
3.076754058837890625e+03
2.982701568603515625e+03
3.079963623046875000e+03
3.723127288818359375e+03
3.138100372314453125e+03
3.814208038330078125e+03
3.317344818115234375e+03
4.186353668212890625e+03
3.284814361572265625e+03
5.269292480468750000e+03
4.044035644531250000e+03
3.630860168457031250e+03
3.472056793212890625e+03
3.166976409912109375e+03
2.986394378662109375e+03
3.097398162841796875e+03
3.258860229492187500e+03
3.133303009033203125e+03
3.568257659912109375e+03
6.540601013183593750e+03
5.272255767822265625e+03
2.102822949218750000e+04
4.265992633056640625e+04
1.507974710693359375e+05
5.935207592773437500e+04
3.307965087890625000e+04
1.756305578613281250e+04
1.145885791015625000e+04
7.178062255859375000e+03
5.430364135742187500e+03
4.901076965332031250e+03
4.526739013671875000e+03
4.137339263916015625e+03
3.630767486572265625e+03
3.725404632568359375e+03
4.195526031494140625e+03
3.554839324951171875e+03
3.023825622558593750e+03
3.005493072509765625e+03
2.960549835205078125e+03
3.062919433593750000e+03
2.869296752929687500e+03
2.939467681884765625e+03
2.848183746337890625e+03
2.802545379638671875e+03
2.819586090087890625e+03
2.838506286621093750e+03
2.920295349121093750e+03
3.368992095947265625e+03
3.267278381347656250e+03
5.400041381835937500e+03
3.397595672607421875e+03
3.673448974609375000e+03
3.572660491943359375e+03
2.937732299804687500e+03
2.902867187500000000e+03
2.925938079833984375e+03
2.886192077636718750e+03
3.370709777832031250e+03
3.677373138427734375e+03
5.914726135253906250e+03
4.509475921630859375e+03
6.646937622070312500e+03
5.084668151855468750e+03
8.903427978515625000e+03
4.368572052001953125e+03
3.639729431152343750e+03
5.773049621582031250e+03
2.708573168945312500e+04
2.562659240722656250e+04
1.090941156005859375e+04
5.979217315673828125e+03
1.023580090332031250e+04
2.215055700683593750e+04
4.615479272460937500e+04
6.875383886718750000e+04
1.868295605468750000e+04
2.741123828125000000e+04
1.195424163818359375e+04
1.761101116943359375e+04
1.231850744628906250e+04
8.018272094726562500e+03
7.220234222412109375e+03
6.377558258056640625e+03
6.422903015136718750e+03
1.403491171264648438e+04
3.026562292480468750e+04
9.307413818359375000e+03
8.757992828369140625e+03
5.037406097412109375e+03
3.328652465820312500e+03
2.876047363281250000e+03
2.753755065917968750e+03
2.705918426513671875e+03
2.704628295898437500e+03
3.024748901367187500e+03
2.753597106933593750e+03
2.790063308715820312e+03
2.744593246459960938e+03
2.776325500488281250e+03
3.015254638671875000e+03
5.752425445556640625e+03
6.061693176269531250e+03
3.933668487548828125e+03
5.167596130371093750e+03
3.803291778564453125e+03
3.590069885253906250e+03
3.432900634765625000e+03
4.383190917968750000e+03
6.071033203125000000e+03
8.849677917480468750e+03
5.326983520507812500e+03
4.345058807373046875e+03
4.782715484619140625e+03
3.108695526123046875e+03
3.076721374511718750e+03
3.566418243408203125e+03
2.774132339477539062e+03
3.809840637207031250e+03
2.158175415039062500e+04
6.357374951171875000e+04
7.554800805664062500e+04
2.363739636230468750e+04
2.080821429443359375e+04
7.847432250976562500e+03
5.785539886474609375e+03
3.798058837890625000e+03
3.078113494873046875e+03
3.245675048828125000e+03
3.621102569580078125e+03
4.651531463623046875e+03
5.738854644775390625e+03
3.535949920654296875e+03
3.389417877197265625e+03
3.026731903076171875e+03
2.926998107910156250e+03
3.648184173583984375e+03
5.559699554443359375e+03
6.085963531494140625e+03
4.436981506347656250e+03
6.474863464355468750e+03
3.484470581054687500e+03
4.311787414550781250e+03
3.985624420166015625e+03
5.157046844482421875e+03
2.328099414062500000e+04
1.921277410888671875e+04
1.107590954589843750e+04
5.562279632568359375e+03
4.608592346191406250e+03
1.318686712646484375e+04
1.014989385986328125e+04
9.317318115234375000e+03
1.131844934082031250e+04
1.202452243041992188e+04
3.518169775390625000e+04
2.974489428710937500e+04
9.617273034667968750e+04
5.517966491699218750e+04
2.286880932617187500e+04
1.605003781127929688e+04
1.328642163085937500e+04
1.085749621582031250e+04
8.122887756347656250e+03
5.833259033203125000e+03
4.528925079345703125e+03
5.204548431396484375e+03
3.602938354492187500e+03
2.951078216552734375e+03
3.733815948486328125e+03
4.792318084716796875e+03
3.502103942871093750e+03
2.924901733398437500e+03
2.958770904541015625e+03
2.679064758300781250e+03
2.865597412109375000e+03
3.254217803955078125e+03
2.832070068359375000e+03
2.822442718505859375e+03
3.066286926269531250e+03
3.617961151123046875e+03
4.474450225830078125e+03
3.940824920654296875e+03
3.769323059082031250e+03
4.190526672363281250e+03
3.801490356445312500e+03
3.336237396240234375e+03
2.649028533935546875e+03
2.733632888793945312e+03
2.913707427978515625e+03
2.626422454833984375e+03
2.652875427246093750e+03
2.890968231201171875e+03
2.631328399658203125e+03
2.839748413085937500e+03
2.940435333251953125e+03
3.233446929931640625e+03
3.831009979248046875e+03
2.936923645019531250e+03
2.523739471435546875e+03
2.594111999511718750e+03
4.141246582031250000e+03
5.040907440185546875e+03
4.025709930419921875e+03
5.411503570556640625e+03
3.617638458251953125e+03
4.939777252197265625e+03
1.076336492919921875e+04
2.626718194580078125e+04
9.544153564453125000e+04
4.362552246093750000e+04
7.728838830566406250e+04
3.460767895507812500e+04
1.863690966796875000e+04
8.369753479003906250e+03
4.990365295410156250e+03
4.347696502685546875e+03
3.761984283447265625e+03
4.280275207519531250e+03
4.222299011230468750e+03
3.770627899169921875e+03
3.246674438476562500e+03
3.230929962158203125e+03
3.586012023925781250e+03
2.800651947021484375e+03
2.720948837280273438e+03
2.856573333740234375e+03
2.681164459228515625e+03
2.729525268554687500e+03
2.730010314941406250e+03
2.910270263671875000e+03
3.148071166992187500e+03
3.196294403076171875e+03
2.707430725097656250e+03
2.754477233886718750e+03
2.819916137695312500e+03
2.981790405273437500e+03
3.359679840087890625e+03
1.033422998046875000e+04
4.165009246826171875e+03
3.738034332275390625e+03
2.868997802734375000e+03
3.372296356201171875e+03
4.435886871337890625e+03
6.764761535644531250e+03
6.694579284667968750e+03
5.033275512695312500e+03
1.514184326171875000e+04
3.580307788085937500e+04
4.333257519531250000e+04
5.139898547363281250e+04
2.746252545166015625e+04
1.052599377441406250e+04
5.131563140869140625e+03
4.015486877441406250e+03
3.645007324218750000e+03
3.056118072509765625e+03
2.903039276123046875e+03
3.357772644042968750e+03
2.529151275634765625e+03
2.484698608398437500e+03
2.496758163452148438e+03
2.473497589111328125e+03
2.584574951171875000e+03
2.450965789794921875e+03
2.389565933227539062e+03
2.412592544555664062e+03
2.423019409179687500e+03
2.444182556152343750e+03
2.531116088867187500e+03
2.405433425903320312e+03
3.477166549682617188e+03
5.068334625244140625e+03
3.135249206542968750e+03
7.378593872070312500e+03
4.884768890380859375e+03
3.963766723632812500e+03
3.465831665039062500e+03
2.207537835693359375e+04
1.016583339843750000e+05
2.730665771484375000e+04
1.822248388671875000e+04
2.847567260742187500e+04
4.079517150878906250e+04
1.065892370605468750e+04
1.097295758056640625e+04
8.860699798583984375e+03
1.756420788574218750e+04
1.598434777832031250e+04
1.441126055908203125e+04
1.388193518066406250e+04
1.222264642333984375e+04
2.027757702636718750e+04
1.347758587646484375e+04
1.071094958496093750e+04
5.935949707031250000e+03
3.870141998291015625e+03
3.004287445068359375e+03
2.592640441894531250e+03
2.491792129516601562e+03
2.392913192749023438e+03
2.409330322265625000e+03
2.371578430175781250e+03
2.424684051513671875e+03
2.767413604736328125e+03
2.994896118164062500e+03
2.668705993652343750e+03
2.555702331542968750e+03
2.523943176269531250e+03
2.367071243286132812e+03
2.323080276489257812e+03
2.354882598876953125e+03
2.473352142333984375e+03
2.467666839599609375e+03
2.495403961181640625e+03
2.647155807495117188e+03
2.826750228881835938e+03
2.865101715087890625e+03
2.591577117919921875e+03
2.680146697998046875e+03
2.588700698852539062e+03
2.693595092773437500e+03
3.066787765502929688e+03
2.743177215576171875e+03
2.633750091552734375e+03
2.911229309082031250e+03
2.516883605957031250e+03
2.627158752441406250e+03
3.803134033203125000e+03
4.802335571289062500e+03
7.150063262939453125e+03
5.220393920898437500e+03
4.511427581787109375e+03
8.012706604003906250e+03
1.298139208984375000e+04
9.402542572021484375e+03
2.567038439941406250e+04
8.149426452636718750e+03
5.101312072753906250e+03
3.786668670654296875e+03
6.399219512939453125e+03
1.808598419189453125e+04
1.768175006103515625e+04
6.714728271484375000e+03
5.689606597900390625e+03
6.439411437988281250e+03
5.660067810058593750e+03
4.570320617675781250e+03
4.140649765014648438e+03
2.420629714965820312e+03
3.278068359375000000e+03
2.542555984497070312e+03
2.472435821533203125e+03
2.697753326416015625e+03
2.417056884765625000e+03
2.557415374755859375e+03
2.692316558837890625e+03
2.328484863281250000e+03
2.576128906250000000e+03
3.350709594726562500e+03
7.231837463378906250e+03
3.238689514160156250e+04
3.851819311523437500e+04
5.471989001464843750e+04
2.447539599609375000e+04
4.022788745117187500e+04
2.524671130371093750e+04
1.043951428222656250e+04
7.443240020751953125e+03
5.555349334716796875e+03
4.273484130859375000e+03
3.733965545654296875e+03
3.955233459472656250e+03
3.116655914306640625e+03
2.752891265869140625e+03
2.462838455200195312e+03
2.468885726928710938e+03
2.447349334716796875e+03
2.353826614379882812e+03
2.419354339599609375e+03
2.415738327026367188e+03
2.635311477661132812e+03
2.714488708496093750e+03
2.896810272216796875e+03
2.654490325927734375e+03
2.336349395751953125e+03
2.331367065429687500e+03
2.474450042724609375e+03
2.497344314575195312e+03
2.418103271484375000e+03
2.671725494384765625e+03
2.989403808593750000e+03
2.833912185668945312e+03
2.382955871582031250e+03
3.241474060058593750e+03
2.407158203125000000e+03
2.797687927246093750e+03
2.891240386962890625e+03
4.779079406738281250e+03
2.144034851074218750e+04
2.455283178710937500e+04
7.548027612304687500e+04
2.873512377929687500e+04
4.881274694824218750e+04
4.048415942382812500e+04
3.908107421875000000e+04
1.495340673828125000e+04
2.024044628906250000e+04
1.066264526367187500e+04
8.081259277343750000e+03
4.612737426757812500e+03
3.573790710449218750e+03
3.452103790283203125e+03
2.688869567871093750e+03
2.760927581787109375e+03
2.620194763183593750e+03
2.843919738769531250e+03
2.780414947509765625e+03
3.092040145874023438e+03
2.558756774902343750e+03
2.346105255126953125e+03
2.262143524169921875e+03
2.410706146240234375e+03
2.456534332275390625e+03
2.302600875854492188e+03
2.421719802856445312e+03
2.690930007934570312e+03
2.376719009399414062e+03
2.971382263183593750e+03
2.936361618041992188e+03
2.531088256835937500e+03
2.588691970825195312e+03
2.328304870605468750e+03
2.619690628051757812e+03
5.019500427246093750e+03
7.025479675292968750e+03
3.479869580078125000e+04
3.262715087890625000e+04
9.206697265625000000e+04
3.459908142089843750e+04
1.887900238037109375e+04
2.751629553222656250e+04
1.930747619628906250e+04
8.390139892578125000e+03
6.813279113769531250e+03
6.236047821044921875e+03
5.756060424804687500e+03
5.064651489257812500e+03
4.040269439697265625e+03
3.497495880126953125e+03
2.781532012939453125e+03
2.672159576416015625e+03
2.381597824096679688e+03
2.288604034423828125e+03
2.246658615112304688e+03
2.191142990112304688e+03
2.170176162719726562e+03
2.182262008666992188e+03
2.173096710205078125e+03
2.261868637084960938e+03
2.218315475463867188e+03
2.202764221191406250e+03
2.333789840698242188e+03
2.235584533691406250e+03
2.184660491943359375e+03
2.162502716064453125e+03
2.178984481811523438e+03
2.234482894897460938e+03
2.265685226440429688e+03
2.341646896362304688e+03
2.333235000610351562e+03
2.362469604492187500e+03
2.148549499511718750e+03
2.147611862182617188e+03
2.189485443115234375e+03
2.217856658935546875e+03
2.383813323974609375e+03
2.401055419921875000e+03
2.390872955322265625e+03
2.341889465332031250e+03
2.448052444458007812e+03
2.938521850585937500e+03
2.788195404052734375e+03
2.321379257202148438e+03
2.434872436523437500e+03
2.662429321289062500e+03
3.522310150146484375e+03
9.971241333007812500e+03
3.600671264648437500e+03
4.443106231689453125e+03
7.824969757080078125e+03
3.006963043212890625e+03
3.481722900390625000e+03
1.194673303222656250e+04
1.504728073120117188e+04
1.402134686279296875e+04
2.021790551757812500e+04
9.352243090820312500e+04
4.909260668945312500e+04
4.980703759765625000e+04
3.053200659179687500e+04
1.667225610351562500e+04
1.159456054687500000e+04
7.432088867187500000e+03
6.044438232421875000e+03
8.804233184814453125e+03
6.798255126953125000e+03
3.531547882080078125e+03
3.352797210693359375e+03
2.930139556884765625e+03
2.710203903198242188e+03
2.543067657470703125e+03
2.598425140380859375e+03
2.695657562255859375e+03
2.542600555419921875e+03
2.589166259765625000e+03
2.693877609252929688e+03
2.872250640869140625e+03
3.045867919921875000e+03
2.743304992675781250e+03
2.591163772583007812e+03
2.665614532470703125e+03
2.436134674072265625e+03
2.613599426269531250e+03
3.076768951416015625e+03
2.725604278564453125e+03
2.655723632812500000e+03
2.621879638671875000e+03
2.902841918945312500e+03
2.878604522705078125e+03
3.691543243408203125e+03
5.569938232421875000e+03
4.907611572265625000e+03
9.557723571777343750e+03
9.805567901611328125e+03
8.809465240478515625e+03
7.242756958007812500e+03
6.595997253417968750e+03
4.762078247070312500e+03
4.944257446289062500e+03
3.697518585205078125e+03
3.174067474365234375e+03
3.101193572998046875e+03
4.570526123046875000e+03
3.236078781127929688e+03
2.797375457763671875e+03
1.103726968383789062e+04
2.181904638671875000e+04
7.182862365722656250e+03
4.363540069580078125e+03
4.036915496826171875e+03
1.396606896972656250e+04
8.618612792968750000e+03
1.467218096923828125e+04
1.685984442138671875e+04
1.769748919677734375e+04
1.340244979858398438e+04
9.093252929687500000e+03
6.460523315429687500e+03
6.207761322021484375e+03
7.746787994384765625e+03
4.269470428466796875e+03
8.545247833251953125e+03
5.660051757812500000e+03
6.016126770019531250e+03
3.209304901123046875e+03
3.535721023559570312e+03
4.994141357421875000e+03
3.307963134765625000e+03
5.401083831787109375e+03
5.145684844970703125e+03
6.002234039306640625e+03
6.473275238037109375e+03
5.267909423828125000e+03
5.721095855712890625e+03
5.364645111083984375e+03
1.038069110107421875e+04
1.800931103515625000e+04
1.638326358032226562e+04
1.517111682128906250e+04
6.709666748046875000e+03
5.071608123779296875e+03
5.353261962890625000e+03
3.227867019653320312e+03
2.871974334716796875e+03
2.730503326416015625e+03
3.558138824462890625e+03
4.953208343505859375e+03
3.901020324707031250e+03
2.677728546142578125e+03
2.882977020263671875e+03
2.704428665161132812e+03
3.174350372314453125e+03
6.540199279785156250e+03
8.136340576171875000e+03
1.024442498779296875e+04
3.889491882324218750e+03
2.891179351806640625e+03
3.607456832885742188e+03
5.640578521728515625e+03
7.555481018066406250e+03
9.689722534179687500e+03
6.598519195556640625e+03
5.844504089355468750e+03
7.101235656738281250e+03
9.871869659423828125e+03
1.158920898437500000e+04
9.568718994140625000e+03
9.384926239013671875e+03
4.913987701416015625e+03
3.596755035400390625e+03
4.405381103515625000e+03
2.986341491699218750e+03
2.896154998779296875e+03
2.379509231567382812e+03
2.250889709472656250e+03
2.299036483764648438e+03
2.457219238281250000e+03
2.607534851074218750e+03
3.684666992187500000e+03
5.095647155761718750e+03
3.073257232666015625e+03
9.419164550781250000e+03
5.406853540039062500e+04
2.412105151367187500e+04
2.273968066406250000e+04
2.930116577148437500e+04
1.232889575195312500e+04
2.009949267578125000e+04
7.484638061523437500e+03
4.432596771240234375e+03
5.371537567138671875e+03
3.047004669189453125e+03
2.864292572021484375e+03
2.343359039306640625e+03
2.317410003662109375e+03
2.205182250976562500e+03
2.204290618896484375e+03
2.497427703857421875e+03
2.560566268920898438e+03
2.582316101074218750e+03
2.745090637207031250e+03
2.832722290039062500e+03
3.734542144775390625e+03
9.450482116699218750e+03
8.983665649414062500e+03
5.638357727050781250e+03
3.428307830810546875e+03
3.393501220703125000e+03
3.242969726562500000e+03
4.073691192626953125e+03
3.369468643188476562e+03
3.759776763916015625e+03
2.980910873413085938e+03
2.843480056762695312e+03
3.068730010986328125e+03
3.438488815307617188e+03
5.769070770263671875e+03
4.241733917236328125e+03
2.788131210327148438e+03
2.663714035034179688e+03
2.924444412231445312e+03
2.626407745361328125e+03
4.052174285888671875e+03
9.388756011962890625e+03
1.342727703857421875e+04
5.701734588623046875e+03
8.606283569335937500e+03
3.132173431396484375e+03
2.466012969970703125e+03
5.273122009277343750e+03
1.115639801025390625e+04
3.290565795898437500e+03
3.595096191406250000e+03
3.150167236328125000e+03
3.614480316162109375e+03
1.071145022583007812e+04
1.363254269409179688e+04
6.290006927490234375e+03
1.076065502929687500e+04
1.228417004394531250e+04
3.118540649414062500e+04
2.648309802246093750e+04
1.012854345703125000e+04
1.030225622558593750e+04
7.908891662597656250e+03
5.782650360107421875e+03
6.471040527343750000e+03
4.124951690673828125e+03
3.648307907104492188e+03
3.349941864013671875e+03
4.042909027099609375e+03
3.505735641479492188e+03
3.437500457763671875e+03
3.307868896484375000e+03
2.753521545410156250e+03
2.532322113037109375e+03
2.317946975708007812e+03
4.697495574951171875e+03
2.015070983886718750e+04
1.877575952148437500e+04
1.704782995605468750e+04
2.496663305664062500e+04
2.025587103271484375e+04
5.030898651123046875e+03
4.233804748535156250e+03
4.311896759033203125e+03
3.972224639892578125e+03
2.915630401611328125e+03
2.704844909667968750e+03
2.089740417480468750e+03
2.119390869140625000e+03
2.075772781372070312e+03
2.083812988281250000e+03
3.048534454345703125e+03
3.231359786987304688e+03
2.490206573486328125e+03
2.456163085937500000e+03
2.608775451660156250e+03
2.211399246215820312e+03
2.103980224609375000e+03
2.981433334350585938e+03
2.829633071899414062e+03
3.709867340087890625e+03
3.717132720947265625e+03
3.249476593017578125e+03
7.779904754638671875e+03
5.798670013427734375e+03
8.085199829101562500e+03
1.124751824951171875e+04
9.098178405761718750e+03
1.254864605712890625e+04
2.058625366210937500e+04
2.779723632812500000e+04
1.587690466308593750e+04
1.638916674804687500e+04
8.651289367675781250e+03
6.483960144042968750e+03
4.949964904785156250e+03
3.459722167968750000e+03
3.098765136718750000e+03
2.474763778686523438e+03
2.773224243164062500e+03
2.428974014282226562e+03
2.159185089111328125e+03
1.973014251708984375e+03
1.963441284179687500e+03
1.947080718994140625e+03
2.184562789916992188e+03
2.121946014404296875e+03
2.126791381835937500e+03
2.007768325805664062e+03
2.083200134277343750e+03
2.088199676513671875e+03
2.163535247802734375e+03
2.246326705932617188e+03
2.446699981689453125e+03
6.330825378417968750e+03
5.075617736816406250e+03
6.256279235839843750e+03
1.193094393920898438e+04
1.300923403930664062e+04
1.892243164062500000e+04
2.096835375976562500e+04
7.230444677734375000e+04
1.557333740234375000e+05
1.393372133789062500e+05
2.796466435546875000e+05
2.958245722656250000e+05
1.510308803710937500e+05
6.175367871093750000e+04
3.276504223632812500e+04
1.783497204589843750e+04
1.057076611328125000e+04
6.735660278320312500e+03
5.254559936523437500e+03
4.410281982421875000e+03
3.993586730957031250e+03
3.802238739013671875e+03
3.597563018798828125e+03
3.439990081787109375e+03
3.308725616455078125e+03
3.222522460937500000e+03
3.134924255371093750e+03
3.077124603271484375e+03
3.056319152832031250e+03
2.979251220703125000e+03
2.921677368164062500e+03
2.924422393798828125e+03
2.843853240966796875e+03
2.772734130859375000e+03
2.736530426025390625e+03
2.712634002685546875e+03
2.687801757812500000e+03
2.694278945922851562e+03
2.653588348388671875e+03
2.624197967529296875e+03
2.581382263183593750e+03
2.589860916137695312e+03
2.574311676025390625e+03
2.532052856445312500e+03
2.499058288574218750e+03
2.501231887817382812e+03
2.559841156005859375e+03
2.657478820800781250e+03
2.894406585693359375e+03
2.832857635498046875e+03
2.829007141113281250e+03
2.775682434082031250e+03
2.650345443725585938e+03
2.555218719482421875e+03
2.528189758300781250e+03
2.465456588745117188e+03
2.387959533691406250e+03
2.360787750244140625e+03
2.359854949951171875e+03
2.360413864135742188e+03
2.344886184692382812e+03
2.351453628540039062e+03
2.372239028930664062e+03
2.305482559204101562e+03
2.283413040161132812e+03
2.283376953125000000e+03
2.289909240722656250e+03
2.355169143676757812e+03
2.296488052368164062e+03
2.292387588500976562e+03
2.238113510131835938e+03
2.232456756591796875e+03
2.271149703979492188e+03
2.277582824707031250e+03
2.243737670898437500e+03
2.264587539672851562e+03
2.353207366943359375e+03
2.360447082519531250e+03
2.315063827514648438e+03
2.343410354614257812e+03
2.216711441040039062e+03
2.243295898437500000e+03
2.415983001708984375e+03
2.380274230957031250e+03
3.354228088378906250e+03
2.986654205322265625e+03
2.442584197998046875e+03
2.667525924682617188e+03
2.332271148681640625e+03
2.333117385864257812e+03
2.534290344238281250e+03
3.337180328369140625e+03
3.246123184204101562e+03
3.467917633056640625e+03
3.096126861572265625e+03
2.530972473144531250e+03
2.430175109863281250e+03
2.847578308105468750e+03
2.638427032470703125e+03
2.965944702148437500e+03
2.302936187744140625e+03
2.811785964965820312e+03
1.153785797119140625e+04
1.284696032714843750e+04
7.504903717041015625e+03
8.256444976806640625e+03
6.272188201904296875e+03
4.365400970458984375e+03
2.573634704589843750e+03
3.241778961181640625e+03
3.565522644042968750e+03
2.958785125732421875e+03
3.081232910156250000e+03
5.609053894042968750e+03
2.885118621826171875e+03
3.357445159912109375e+03
5.123700073242187500e+03
7.198517944335937500e+03
1.545329577636718750e+04
1.827553265380859375e+04
2.144521475219726562e+04
1.300738702392578125e+04
1.002902493286132812e+04
9.535350677490234375e+03
6.946358581542968750e+03
5.108400726318359375e+03
8.175588775634765625e+03
2.655140151977539062e+03
2.502168106079101562e+03
2.448256454467773438e+03
2.346045776367187500e+03
2.255164947509765625e+03
2.259802902221679688e+03
2.488939453125000000e+03
2.490859924316406250e+03
2.306375030517578125e+03
2.174351409912109375e+03
2.183014572143554688e+03
2.192507141113281250e+03
2.111143554687500000e+03
2.609701385498046875e+03
2.808486694335937500e+03
6.885156555175781250e+03
5.897650314331054688e+03
3.309260726928710938e+03
2.367466018676757812e+03
2.324958709716796875e+03
2.711613464355468750e+03
2.739509796142578125e+03
3.633142822265625000e+03
5.371038574218750000e+03
2.251338159179687500e+04
1.456721487426757812e+04
6.845837646484375000e+03
7.030909667968750000e+03
5.611539337158203125e+03
5.490554840087890625e+03
4.981239898681640625e+03
8.456716491699218750e+03
1.755185168457031250e+04
3.698828817749023438e+04
4.335623620605468750e+04
3.791011389160156250e+04
2.407464868164062500e+04
1.877800921630859375e+04
1.652138385009765625e+04
8.425688964843750000e+03
7.315847167968750000e+03
4.908054962158203125e+03
3.430361175537109375e+03
3.055611938476562500e+03
2.797357681274414062e+03
2.875775192260742188e+03
2.662955871582031250e+03
2.482742721557617188e+03
2.365830047607421875e+03
2.439557998657226562e+03
2.253661575317382812e+03
2.454358367919921875e+03
2.801145370483398438e+03
2.316499450683593750e+03
2.125215164184570312e+03
2.092625686645507812e+03
2.102094345092773438e+03
2.133010818481445312e+03
2.149866455078125000e+03
2.053751373291015625e+03
2.116729507446289062e+03
2.159715072631835938e+03
2.090881332397460938e+03
2.213897521972656250e+03
2.090403274536132812e+03
2.109349166870117188e+03
2.126869308471679688e+03
2.101528594970703125e+03
2.046896362304687500e+03
2.167205352783203125e+03
2.229538406372070312e+03
2.084943069458007812e+03
2.032952575683593750e+03
2.094568099975585938e+03
2.239276214599609375e+03
2.174210281372070312e+03
2.054417343139648438e+03
1.996125488281250000e+03
2.619597106933593750e+03
2.417318496704101562e+03
2.099985626220703125e+03
6.235918579101562500e+03
5.902252838134765625e+03
2.597144226074218750e+03
2.367565567016601562e+03
2.181835800170898438e+03
2.112954421997070312e+03
3.426640548706054688e+03
1.162540777587890625e+04
1.375716583251953125e+04
3.513937927246093750e+03
2.728143859863281250e+03
2.492496582031250000e+03
3.507184509277343750e+03
8.910644897460937500e+03
6.493837341308593750e+03
6.128464050292968750e+03
3.360570373535156250e+03
5.956398132324218750e+03
9.933068542480468750e+03
1.004200335693359375e+04
3.253988769531250000e+04
4.070806298828125000e+04
2.954331994628906250e+04
4.439903540039062500e+04
1.737917199707031250e+04
1.133383837890625000e+04
5.413145202636718750e+03
3.893786163330078125e+03
4.201647613525390625e+03
3.465590881347656250e+03
3.291184356689453125e+03
3.247200805664062500e+03
2.565658309936523438e+03
2.394922012329101562e+03
2.298731262207031250e+03
2.238909378051757812e+03
2.031257232666015625e+03
2.042353530883789062e+03
2.058282028198242188e+03
2.077071701049804688e+03
1.959747528076171875e+03
1.973363281250000000e+03
1.922943832397460938e+03
2.004590454101562500e+03
2.154297393798828125e+03
1.946433944702148438e+03
1.959754196166992188e+03
2.204084014892578125e+03
2.349911178588867188e+03
1.954054412841796875e+03
2.039897933959960938e+03
1.970417266845703125e+03
1.934675521850585938e+03
1.957228500366210938e+03
2.282154830932617188e+03
2.087243743896484375e+03
2.730655624389648438e+03
2.304358657836914062e+03
2.065360015869140625e+03
1.995512451171875000e+03
1.973940795898437500e+03
2.897485153198242188e+03
5.828366699218750000e+03
1.360052600097656250e+04
1.270794027709960938e+04
4.110067700195312500e+04
1.309830187988281250e+04
1.219252331542968750e+04
8.280151428222656250e+03
5.327534942626953125e+03
3.587631774902343750e+03
5.756989837646484375e+03
1.054099057006835938e+04
1.251972985839843750e+04
5.244494812011718750e+03
2.810558044433593750e+03
2.614863769531250000e+03
2.237376617431640625e+03
2.324340652465820312e+03
2.053981094360351562e+03
1.983538833618164062e+03
2.152032730102539062e+03
2.898577316284179688e+03
2.595760589599609375e+03
3.631031494140625000e+03
4.480320098876953125e+03
3.074726211547851562e+03
2.462345428466796875e+03
2.389672210693359375e+03
6.076822998046875000e+03
1.945628137207031250e+04
1.797398553466796875e+04
7.221727966308593750e+03
5.036289733886718750e+03
7.976444030761718750e+03
6.548108276367187500e+03
1.333772885131835938e+04
3.224667877197265625e+03
3.413253021240234375e+03
2.493538330078125000e+03
2.107790451049804688e+03
2.351077194213867188e+03
1.997806961059570312e+03
2.024265823364257812e+03
2.094868957519531250e+03
2.346534072875976562e+03
2.042715347290039062e+03
2.409119018554687500e+03
1.916603637695312500e+03
3.168925094604492188e+03
3.258737396240234375e+03
3.248297836303710938e+03
2.374550213623046875e+04
3.880589880371093750e+04
2.640451626586914062e+04
1.377910601806640625e+04
8.166536560058593750e+03
8.226111846923828125e+03
8.334487396240234375e+03
6.446511810302734375e+03
4.599161682128906250e+03
3.559127166748046875e+03
3.510038269042968750e+03
2.607614852905273438e+03
2.149457000732421875e+03
2.092652191162109375e+03
1.894142669677734375e+03
1.955070800781250000e+03
1.906940353393554688e+03
1.911921295166015625e+03
2.016471710205078125e+03
2.054161026000976562e+03
2.049705795288085938e+03
1.994094100952148438e+03
1.932133804321289062e+03
1.951405242919921875e+03
1.932811019897460938e+03
2.032945083618164062e+03
2.278721176147460938e+03
2.206391769409179688e+03
1.966014373779296875e+03
1.930521438598632812e+03
2.144775283813476562e+03
3.902937835693359375e+03
3.505217086791992188e+03
1.456602069091796875e+04
1.493903137207031250e+04
7.653457397460937500e+03
2.590774273681640625e+04
1.970394903564453125e+04
1.459182318115234375e+04
8.903422424316406250e+03
4.750014053344726562e+03
9.940931030273437500e+03
1.428242614746093750e+04
7.321362182617187500e+03
5.025107910156250000e+03
3.832546936035156250e+03
3.107566009521484375e+03
2.409137344360351562e+03
2.321728576660156250e+03
2.310830200195312500e+03
2.276831588745117188e+03
2.233630554199218750e+03
2.476482711791992188e+03
2.118214599609375000e+03
2.120255722045898438e+03
1.983455474853515625e+03
1.988406997680664062e+03
2.075270721435546875e+03
2.142128036499023438e+03
2.108162780761718750e+03
2.055166076660156250e+03
2.026275863647460938e+03
1.925658996582031250e+03
2.399381240844726562e+03
1.944899047851562500e+03
2.064093322753906250e+03
2.565376342773437500e+03
6.577805389404296875e+03
1.502696578979492188e+04
7.826190673828125000e+03
6.064569360351562500e+04
3.821873559570312500e+04
1.968217718505859375e+04
1.139150115966796875e+04
4.388223358154296875e+03
3.311451171875000000e+03
2.502019546508789062e+03
2.463549301147460938e+03
2.618175506591796875e+03
2.414238220214843750e+03
2.088598312377929688e+03
1.870540786743164062e+03
1.864449798583984375e+03
1.893694778442382812e+03
1.824960723876953125e+03
1.894425842285156250e+03
1.884004226684570312e+03
2.072114517211914062e+03
1.877203674316406250e+03
1.893842041015625000e+03
1.819959793090820312e+03
1.773869018554687500e+03
1.766254852294921875e+03
1.829298263549804688e+03
1.863733078002929688e+03
1.876006683349609375e+03
2.063485397338867188e+03
2.417042831420898438e+03
2.136206970214843750e+03
2.397705429077148438e+03
2.423111145019531250e+03
2.348545684814453125e+03
2.698378112792968750e+03
3.258989868164062500e+03
2.433155105590820312e+03
2.781505752563476562e+03
7.409731353759765625e+03
5.176101379394531250e+03
4.119216644287109375e+03
2.485987991333007812e+03
4.009855224609375000e+03
5.058766662597656250e+03
4.334175964355468750e+03
2.296394485473632812e+03
2.199778152465820312e+03
2.234869583129882812e+03
1.958318862915039062e+03
2.811597702026367188e+03
4.268396636962890625e+03
1.194509808349609375e+04
4.457752075195312500e+03
5.433501159667968750e+03
6.786127929687500000e+03
1.375245861816406250e+04
6.422413482666015625e+03
6.316721740722656250e+03
6.710584594726562500e+03
1.547187487792968750e+04
2.602979391479492188e+04
1.534397900390625000e+04
1.626887860107421875e+04
8.278293518066406250e+03
7.249801116943359375e+03
8.770190612792968750e+03
8.239447814941406250e+03
5.735421997070312500e+03
3.663075897216796875e+03
3.825526367187500000e+03
2.681242706298828125e+03
2.400559432983398438e+03
2.037894332885742188e+03
1.903036132812500000e+03
1.998935409545898438e+03
2.906967880249023438e+03
4.876897171020507812e+03
4.200522735595703125e+03
2.941992462158203125e+03
3.083697540283203125e+03
3.447730499267578125e+03
2.469256942749023438e+03
2.355869247436523438e+03
2.194949890136718750e+03
2.005086471557617188e+03
2.021015075683593750e+03
2.410902801513671875e+03
2.248687179565429688e+03
2.184011001586914062e+03
2.136566574096679688e+03
2.455150817871093750e+03
3.510878234863281250e+03
2.695581573486328125e+03
4.594015045166015625e+03
2.687537338256835938e+03
2.743270660400390625e+03
1.932646209716796875e+04
1.869088537597656250e+04
2.363391784667968750e+04
1.062796722412109375e+04
7.775991363525390625e+03
8.782355316162109375e+03
1.087841592407226562e+04
7.524206207275390625e+03
4.863542724609375000e+03
5.857143280029296875e+03
4.282491973876953125e+03
4.028434295654296875e+03
3.387412017822265625e+03
4.047531219482421875e+03
4.348171875000000000e+03
2.854386657714843750e+03
2.690315032958984375e+03
2.739661193847656250e+03
2.256246093750000000e+03
2.167610092163085938e+03
1.899387435913085938e+03
1.799013748168945312e+03
1.825688522338867188e+03
1.923898010253906250e+03
1.910588989257812500e+03
1.998488159179687500e+03
2.952247894287109375e+03
2.468682846069335938e+03
2.466352874755859375e+03
2.797215103149414062e+03
5.190073852539062500e+03
4.865739685058593750e+03
2.435911849975585938e+03
2.074310394287109375e+03
3.958545074462890625e+03
7.945392150878906250e+03
8.651695373535156250e+03
5.750930883789062500e+04
4.739829980468750000e+04
3.653476733398437500e+04
2.241330541992187500e+04
1.031324926757812500e+04
9.589809997558593750e+03
7.102061767578125000e+03
4.360827331542968750e+03
7.455045074462890625e+03
5.318593872070312500e+03
3.766913208007812500e+03
3.119358810424804688e+03
2.483908416748046875e+03
2.178712677001953125e+03
1.932122238159179688e+03
1.827621307373046875e+03
1.797557525634765625e+03
1.841694030761718750e+03
1.784469924926757812e+03
1.733402038574218750e+03
1.756104156494140625e+03
1.781502914428710938e+03
1.801312103271484375e+03
1.753324966430664062e+03
1.745341918945312500e+03
1.713436141967773438e+03
1.744993484497070312e+03
1.733121475219726562e+03
1.744534606933593750e+03
1.842158065795898438e+03
2.775529602050781250e+03
2.257045104980468750e+03
2.307201873779296875e+03
2.534293899536132812e+03
2.244198120117187500e+03
3.447231414794921875e+03
3.225752609252929688e+03
2.483276794433593750e+03
2.553108306884765625e+03
2.401452651977539062e+03
2.165833908081054688e+03
1.869276077270507812e+03
4.288952880859375000e+03
4.699602569580078125e+03
4.974485046386718750e+03
7.663915649414062500e+03
4.610862472534179688e+03
3.859647750854492188e+03
5.269877258300781250e+03
8.068703674316406250e+03
5.527915618896484375e+03
3.804834808349609375e+03
3.568625762939453125e+03
2.677510971069335938e+03
2.243187667846679688e+03
2.709354019165039062e+03
2.401757934570312500e+03
5.967963714599609375e+03
5.173041625976562500e+03
2.261365295410156250e+03
1.960042068481445312e+03
2.115791625976562500e+03
2.157262725830078125e+03
3.106418457031250000e+03
2.765235885620117188e+03
3.018377258300781250e+03
1.129173785400390625e+04
2.318470715332031250e+04
1.200294244384765625e+04
7.765696441650390625e+03
6.032526245117187500e+03
5.105337249755859375e+03
5.075884857177734375e+03
3.133141738891601562e+03
1.436859039306640625e+04
1.570834191894531250e+04
8.056961883544921875e+03
8.984332763671875000e+03
1.037626348876953125e+04
9.659219177246093750e+03
6.698319213867187500e+03
7.118064392089843750e+03
4.459598205566406250e+03
2.731717544555664062e+03
2.237945083618164062e+03
1.814503219604492188e+03
1.804367904663085938e+03
2.389916381835937500e+03
2.148572250366210938e+03
1.970762496948242188e+03
3.381188888549804688e+03
3.324908630371093750e+03
2.494992858886718750e+03
2.303100585937500000e+03
3.624336181640625000e+03
3.812189056396484375e+03
3.683972091674804688e+03
5.602745269775390625e+03
5.995608398437500000e+03
4.540596862792968750e+03
4.217341003417968750e+03
4.451885803222656250e+03
5.076318542480468750e+03
2.660208908081054688e+03
1.302216989135742188e+04
7.882136108398437500e+03
6.649911529541015625e+03
3.899830627441406250e+03
2.311122390747070312e+03
2.293295745849609375e+03
2.154889709472656250e+03
2.107246383666992188e+03
2.585687820434570312e+03
1.940671691894531250e+03
1.921650344848632812e+03
2.774108245849609375e+03
8.087815551757812500e+03
6.253652221679687500e+03
7.347641876220703125e+03
1.425273962402343750e+04
4.479005932617187500e+04
2.405226837158203125e+04
1.473960607910156250e+04
1.266464797973632812e+04
1.191569152832031250e+04
6.147237396240234375e+03
4.940144439697265625e+03
3.447383346557617188e+03
3.762411651611328125e+03
4.478303863525390625e+03
2.834336929321289062e+03
3.199175048828125000e+03
2.407659347534179688e+03
1.964823608398437500e+03
1.844506347656250000e+03
1.843091140747070312e+03
1.957499771118164062e+03
1.855292572021484375e+03
1.724133346557617188e+03
1.724456298828125000e+03
1.849847412109375000e+03
2.979988830566406250e+03
7.057369079589843750e+03
5.141720550537109375e+03
6.899674072265625000e+03
5.297036804199218750e+03
7.667362182617187500e+03
9.336639099121093750e+03
8.644597473144531250e+03
5.432746520996093750e+03
4.393082000732421875e+03
3.543149383544921875e+03
2.610715667724609375e+03
2.516449798583984375e+03
2.485610946655273438e+03
2.247099731445312500e+03
2.107838897705078125e+03
1.761780899047851562e+03
1.766314788818359375e+03
1.958680130004882812e+03
2.796034881591796875e+03
2.909338943481445312e+03
2.655258102416992188e+03
2.092674697875976562e+03
1.887727752685546875e+03
2.107168029785156250e+03
2.333128784179687500e+03
1.920334945678710938e+03
1.748511901855468750e+03
1.830750839233398438e+03
2.092572418212890625e+03
2.296827133178710938e+03
2.552365219116210938e+03
3.584684188842773438e+03
4.509414337158203125e+03
3.866008593750000000e+04
1.384226733398437500e+04
1.831212243652343750e+04
1.831652050781250000e+04
1.111375653076171875e+04
4.855597045898437500e+03
4.987936737060546875e+03
7.449708740234375000e+03
1.018014013671875000e+04
8.107982910156250000e+03
9.253052734375000000e+03
1.028801647949218750e+04
1.089352630615234375e+04
1.539620697021484375e+04
5.647080963134765625e+03
4.561434356689453125e+03
4.150706909179687500e+03
2.666379257202148438e+03
2.081305038452148438e+03
1.980360336303710938e+03
1.790396255493164062e+03
1.827997787475585938e+03
1.893346496582031250e+03
1.762229644775390625e+03
1.872759399414062500e+03
1.875906082153320312e+03
1.681197341918945312e+03
1.652402069091796875e+03
1.687119338989257812e+03
1.748093795776367188e+03
1.789442031860351562e+03
1.749840225219726562e+03
1.737446731567382812e+03
1.741016433715820312e+03
1.663332885742187500e+03
1.692863723754882812e+03
1.819984069824218750e+03
1.693530426025390625e+03
1.673162124633789062e+03
1.794340820312500000e+03
1.706999404907226562e+03
1.725112014770507812e+03
2.442617111206054688e+03
1.863500732421875000e+03
2.275827011108398438e+03
1.148389916992187500e+04
2.274421148681640625e+04
3.285871423339843750e+04
3.979205383300781250e+04
2.473258129882812500e+04
1.135342456054687500e+04
8.825506408691406250e+03
1.154872543334960938e+04
1.466189086914062500e+04
1.684720922851562500e+04
1.565604553222656250e+04
8.806114685058593750e+03
6.652826751708984375e+03
4.415674011230468750e+03
2.840475326538085938e+03
2.289745162963867188e+03
2.003024887084960938e+03
1.837501052856445312e+03
1.742252288818359375e+03
1.703786178588867188e+03
1.806563125610351562e+03
1.733602844238281250e+03
1.686916763305664062e+03
1.684006790161132812e+03
1.714626480102539062e+03
1.626834426879882812e+03
1.655269638061523438e+03
1.656762161254882812e+03
1.631093063354492188e+03
1.635343734741210938e+03
1.649872116088867188e+03
1.695763854980468750e+03
1.674621444702148438e+03
1.748859130859375000e+03
1.719741165161132812e+03
1.729746673583984375e+03
1.666638046264648438e+03
1.667175231933593750e+03
1.640893447875976562e+03
1.702448791503906250e+03
1.707882034301757812e+03
1.647072875976562500e+03
1.792621017456054688e+03
1.740894454956054688e+03
1.869134368896484375e+03
3.296198562622070312e+03
2.145063125610351562e+03
3.720654296875000000e+03
4.744017028808593750e+03
2.549938342285156250e+04
7.677855285644531250e+03
6.576872467041015625e+03
7.155470947265625000e+03
6.112031799316406250e+03
3.388972717285156250e+03
3.721905975341796875e+03
3.756688507080078125e+03
2.510474212646484375e+03
2.092030181884765625e+03
1.803286483764648438e+03
1.773942214965820312e+03
1.731159500122070312e+03
1.692806213378906250e+03
1.705386917114257812e+03
1.728993194580078125e+03
1.682393554687500000e+03
1.820480300903320312e+03
2.541193344116210938e+03
3.746616302490234375e+03
1.048478234863281250e+04
1.810873193359375000e+04
1.404816497802734375e+04
1.275766003417968750e+04
1.128155252075195312e+04
5.693375579833984375e+03
1.313496130371093750e+04
7.534031860351562500e+03
5.348097930908203125e+03
3.021549682617187500e+03
2.123331771850585938e+03
1.911750167846679688e+03
1.857217819213867188e+03
1.855065856933593750e+03
1.760004745483398438e+03
1.812667526245117188e+03
1.735721389770507812e+03
1.814672149658203125e+03
1.880553787231445312e+03
1.949080490112304688e+03
1.693080139160156250e+03
1.683186141967773438e+03
1.670728561401367188e+03
1.675522140502929688e+03
