9.320530444383621216e-01
8.835921883583068848e-01
4.589366875588893890e-01
3.754600547254085541e-01
3.663278669118881226e-01
4.641039483249187469e-01
4.076923392713069916e-01
5.815470740199089050e-01
5.551779605448246002e-01
6.252620667219161987e-01
6.427944675087928772e-01
6.784613803029060364e-01
7.115537971258163452e-01
7.290957421064376831e-01
7.560476213693618774e-01
7.786115184426307678e-01
7.931622713804244995e-01
7.976665794849395752e-01
7.955627143383026123e-01
7.959941551089286804e-01
7.879767194390296936e-01
7.791200801730155945e-01
7.653052583336830139e-01
7.484441399574279785e-01
7.300440818071365356e-01
7.115170136094093323e-01
6.887877956032752991e-01
6.674526110291481018e-01
6.396177858114242554e-01
6.146028265357017517e-01
5.835071429610252380e-01
5.566198825836181641e-01
5.214068815112113953e-01
4.921610876917839050e-01
4.549608454108238220e-01
4.229323416948318481e-01
3.988659828901290894e-01
3.781788386404514313e-01
3.606686964631080627e-01
3.465910293161869049e-01
3.331605754792690277e-01
3.236386775970458984e-01
3.168243952095508575e-01
3.056950774043798447e-01
2.975684851408004761e-01
