3.715739880000000000e+08
2.043425020000000000e+08
9.079966000000000000e+07
5.546173700000000000e+07
3.374919925000000000e+07
2.184640400000000000e+07
1.442969375000000000e+07
1.028960625000000000e+07
7.761104687500000000e+06
6.091731687500000000e+06
5.187745437500000000e+06
4.647842437500000000e+06
4.250878500000000000e+06
3.952657375000000000e+06
3.724474437500000000e+06
3.528392125000000000e+06
3.347709656250000000e+06
3.180008625000000000e+06
3.021955156250000000e+06
2.867870218750000000e+06
2.714791906250000000e+06
2.566232687500000000e+06
2.419365218750000000e+06
2.275541187500000000e+06
2.133229781250000000e+06
1.994478046875000000e+06
1.860262078125000000e+06
1.729896953125000000e+06
1.602692187500000000e+06
1.475989734375000000e+06
1.356796671875000000e+06
1.245732125000000000e+06
1.143723250000000000e+06
1.046361585937500000e+06
9.560007812500000000e+05
8.778581093750000000e+05
8.154960546875000000e+05
7.630799140625000000e+05
7.182533046875000000e+05
6.824006796875000000e+05
6.447052890625000000e+05
6.128759609375000000e+05
5.876385781250000000e+05
5.628061562500000000e+05
5.408493359375000000e+05
