/*--------------------------------*- C++ -*----------------------------------*\
  =========                 |
  \\      /  F ield         | OpenFOAM: The Open Source CFD Toolbox
   \\    /   O peration     | Website:  https://openfoam.org
    \\  /    A nd           | Version:  6
     \\/     M anipulation  |
\*---------------------------------------------------------------------------*/
FoamFile
{
    version     2.0;
    format      ascii;
    class       volScalarField;
    location    "0";
    object      V;
}
// * * * * * * * * * * * * * * * * * * * * * * * * * * * * * * * * * * * * * //

dimensions      [0 3 0 0 0 0 0];

internalField   nonuniform List<scalar> 
3773
(
2.02599e-07
2.04625e-07
2.05825e-07
2.06539e-07
2.07062e-07
2.07575e-07
2.08121e-07
2.08769e-07
2.0948e-07
2.10107e-07
2.10989e-07
2.11851e-07
2.12559e-07
2.1307e-07
2.12322e-07
2.11218e-07
2.10036e-07
2.11094e-07
2.13296e-07
2.15921e-07
2.18354e-07
2.18891e-07
2.18075e-07
2.15919e-07
2.11068e-07
2.04929e-07
1.98631e-07
1.91775e-07
1.87444e-07
1.8484e-07
1.81466e-07
1.79489e-07
1.80255e-07
2.01874e-07
2.03874e-07
2.05058e-07
2.05762e-07
2.06276e-07
2.0678e-07
2.07319e-07
2.07961e-07
2.08669e-07
2.09297e-07
2.1018e-07
2.11047e-07
2.11761e-07
2.12286e-07
2.11578e-07
2.1052e-07
2.09385e-07
2.10437e-07
2.12588e-07
2.15146e-07
2.17505e-07
2.1801e-07
2.172e-07
2.15095e-07
2.10369e-07
2.044e-07
1.98287e-07
1.91623e-07
1.87411e-07
1.84879e-07
1.81595e-07
1.79687e-07
1.80501e-07
2.01148e-07
2.03122e-07
2.0429e-07
2.04983e-07
2.05488e-07
2.05982e-07
2.06516e-07
2.07152e-07
2.07856e-07
2.08486e-07
2.0937e-07
2.10241e-07
2.10961e-07
2.115e-07
2.10833e-07
2.09821e-07
2.08732e-07
2.09779e-07
2.11879e-07
2.1437e-07
2.16653e-07
2.17126e-07
2.16323e-07
2.14268e-07
2.09668e-07
2.03869e-07
1.97941e-07
1.9147e-07
1.87378e-07
1.84918e-07
1.81724e-07
1.79885e-07
1.80746e-07
2.0042e-07
2.02368e-07
2.03521e-07
2.04203e-07
2.04699e-07
2.05184e-07
2.05711e-07
2.06341e-07
2.07041e-07
2.07673e-07
2.08559e-07
2.09434e-07
2.1016e-07
2.10713e-07
2.10086e-07
2.0912e-07
2.08078e-07
2.09118e-07
2.11168e-07
2.13591e-07
2.15799e-07
2.1624e-07
2.15443e-07
2.1344e-07
2.08964e-07
2.03336e-07
1.97594e-07
1.91315e-07
1.87343e-07
1.84956e-07
1.81852e-07
1.80082e-07
1.80991e-07
1.9969e-07
2.01613e-07
2.0275e-07
2.03421e-07
2.03908e-07
2.04384e-07
2.04904e-07
2.05529e-07
2.06225e-07
2.06858e-07
2.07745e-07
2.08625e-07
2.09358e-07
2.09924e-07
2.09338e-07
2.08418e-07
2.07422e-07
2.08456e-07
2.10456e-07
2.12811e-07
2.14943e-07
2.15352e-07
2.14561e-07
2.12609e-07
2.08259e-07
2.02802e-07
1.97245e-07
1.91159e-07
1.87308e-07
1.84993e-07
1.81979e-07
1.80278e-07
1.81236e-07
1.9896e-07
2.00857e-07
2.01978e-07
2.02638e-07
2.03116e-07
2.03582e-07
2.04096e-07
2.04715e-07
2.05408e-07
2.06042e-07
2.06931e-07
2.07815e-07
2.08553e-07
2.09134e-07
2.08587e-07
2.07714e-07
2.06764e-07
2.07792e-07
2.09741e-07
2.12028e-07
2.14085e-07
2.14462e-07
2.13677e-07
2.11776e-07
2.07551e-07
2.02266e-07
1.96895e-07
1.91002e-07
1.87272e-07
1.85029e-07
1.82106e-07
1.80474e-07
1.8148e-07
1.98228e-07
2.00099e-07
2.01204e-07
2.01853e-07
2.02323e-07
2.02779e-07
2.03286e-07
2.039e-07
2.04588e-07
2.05224e-07
2.06114e-07
2.07003e-07
2.07747e-07
2.08342e-07
2.07836e-07
2.07008e-07
2.06104e-07
2.07126e-07
2.09025e-07
2.11243e-07
2.13224e-07
2.13569e-07
2.12791e-07
2.10941e-07
2.06842e-07
2.01727e-07
1.96543e-07
1.90844e-07
1.87234e-07
1.85065e-07
1.82233e-07
1.8067e-07
1.81724e-07
1.97494e-07
1.9934e-07
2.00428e-07
2.01066e-07
2.01527e-07
2.01974e-07
2.02475e-07
2.03083e-07
2.03767e-07
2.04405e-07
2.05296e-07
2.06189e-07
2.06939e-07
2.07548e-07
2.07082e-07
2.06301e-07
2.05443e-07
2.06459e-07
2.08306e-07
2.10457e-07
2.12361e-07
2.12674e-07
2.11902e-07
2.10103e-07
2.0613e-07
2.01187e-07
1.96189e-07
1.90684e-07
1.87196e-07
1.85099e-07
1.82358e-07
1.80865e-07
1.81967e-07
1.96759e-07
1.98579e-07
1.99651e-07
2.00279e-07
2.0073e-07
2.01168e-07
2.01662e-07
2.02265e-07
2.02945e-07
2.03584e-07
2.04477e-07
2.05374e-07
2.0613e-07
2.06753e-07
2.06327e-07
2.05592e-07
2.0478e-07
2.05789e-07
2.07586e-07
2.09668e-07
2.11496e-07
2.11777e-07
2.11011e-07
2.09264e-07
2.05416e-07
2.00645e-07
1.95834e-07
1.90523e-07
1.87156e-07
1.85133e-07
1.82483e-07
1.8106e-07
1.82211e-07
1.96022e-07
1.97816e-07
1.98873e-07
1.99489e-07
1.99932e-07
2.0036e-07
2.00847e-07
2.01445e-07
2.02121e-07
2.02761e-07
2.03655e-07
2.04556e-07
2.05318e-07
2.05955e-07
2.0557e-07
2.04881e-07
2.04115e-07
2.05118e-07
2.06863e-07
2.08877e-07
2.10629e-07
2.10877e-07
2.10118e-07
2.08421e-07
2.047e-07
2.00101e-07
1.95477e-07
1.90361e-07
1.87115e-07
1.85166e-07
1.82608e-07
1.81254e-07
1.82453e-07
1.95284e-07
1.97052e-07
1.98092e-07
1.98698e-07
1.99132e-07
1.9955e-07
2.00031e-07
2.00623e-07
2.01295e-07
2.01936e-07
2.02832e-07
2.03737e-07
2.04505e-07
2.05156e-07
2.04811e-07
2.04168e-07
2.03448e-07
2.04445e-07
2.06139e-07
2.08084e-07
2.09759e-07
2.09975e-07
2.09222e-07
2.07577e-07
2.03982e-07
1.99555e-07
1.95118e-07
1.90197e-07
1.87074e-07
1.85198e-07
1.82731e-07
1.81448e-07
1.82696e-07
1.94544e-07
1.96286e-07
1.9731e-07
1.97905e-07
1.9833e-07
1.98738e-07
1.99213e-07
1.99799e-07
2.00467e-07
2.0111e-07
2.02007e-07
2.02917e-07
2.0369e-07
2.04355e-07
2.0405e-07
2.03453e-07
2.0278e-07
2.0377e-07
2.05412e-07
2.07288e-07
2.08887e-07
2.0907e-07
2.08323e-07
2.0673e-07
2.03262e-07
1.99007e-07
1.94757e-07
1.90032e-07
1.87031e-07
1.8523e-07
1.82855e-07
1.81641e-07
1.82938e-07
1.93802e-07
1.95519e-07
1.96527e-07
1.9711e-07
1.97526e-07
1.97925e-07
1.98393e-07
1.98973e-07
1.99638e-07
2.00282e-07
2.0118e-07
2.02094e-07
2.02874e-07
2.03552e-07
2.03287e-07
2.02736e-07
2.02109e-07
2.03092e-07
2.04683e-07
2.06491e-07
2.08013e-07
2.08162e-07
2.07422e-07
2.0588e-07
2.02539e-07
1.98457e-07
1.94395e-07
1.89865e-07
1.86987e-07
1.8526e-07
1.82977e-07
1.81834e-07
1.83179e-07
1.93059e-07
1.9475e-07
1.95742e-07
1.96314e-07
1.96721e-07
1.9711e-07
1.97572e-07
1.98146e-07
1.98806e-07
1.99452e-07
2.00352e-07
2.01269e-07
2.02055e-07
2.02747e-07
2.02522e-07
2.02018e-07
2.01437e-07
2.02413e-07
2.03952e-07
2.05691e-07
2.07136e-07
2.07252e-07
2.06518e-07
2.05028e-07
2.01813e-07
1.97905e-07
1.94031e-07
1.89697e-07
1.86942e-07
1.8529e-07
1.83099e-07
1.82026e-07
1.83421e-07
1.92314e-07
1.93979e-07
1.94955e-07
1.95516e-07
1.95914e-07
1.96293e-07
1.96749e-07
1.97317e-07
1.97973e-07
1.9862e-07
1.99521e-07
2.00443e-07
2.01234e-07
2.0194e-07
2.01756e-07
2.01297e-07
2.00762e-07
2.01732e-07
2.03219e-07
2.04888e-07
2.06256e-07
2.06339e-07
2.05611e-07
2.04173e-07
2.01086e-07
1.97351e-07
1.93665e-07
1.89527e-07
1.86895e-07
1.85318e-07
1.8322e-07
1.82218e-07
1.83661e-07
1.91568e-07
1.93207e-07
1.94166e-07
1.94716e-07
1.95105e-07
1.95475e-07
1.95923e-07
1.96486e-07
1.97138e-07
1.97787e-07
1.98689e-07
1.99614e-07
2.00412e-07
2.01131e-07
2.00987e-07
2.00575e-07
2.00086e-07
2.01048e-07
2.02483e-07
2.04083e-07
2.05373e-07
2.05424e-07
2.04702e-07
2.03315e-07
2.00356e-07
1.96794e-07
1.93297e-07
1.89356e-07
1.86848e-07
1.85346e-07
1.83341e-07
1.8241e-07
1.83902e-07
1.90819e-07
1.92432e-07
1.93375e-07
1.93914e-07
1.94294e-07
1.94654e-07
1.95096e-07
1.95653e-07
1.96301e-07
1.96951e-07
1.97855e-07
1.98784e-07
1.99587e-07
2.0032e-07
2.00216e-07
1.9985e-07
1.99407e-07
2.00363e-07
2.01746e-07
2.03276e-07
2.04488e-07
2.04506e-07
2.0379e-07
2.02455e-07
1.99623e-07
1.96235e-07
1.92927e-07
1.89183e-07
1.86799e-07
1.85373e-07
1.83461e-07
1.82601e-07
1.84142e-07
1.90069e-07
1.91656e-07
1.92583e-07
1.9311e-07
1.93482e-07
1.93832e-07
1.94267e-07
1.94818e-07
1.95462e-07
1.96113e-07
1.97018e-07
1.97952e-07
1.9876e-07
1.99507e-07
1.99443e-07
1.99124e-07
1.98726e-07
1.99675e-07
2.01005e-07
2.02466e-07
2.03601e-07
2.03585e-07
2.02875e-07
2.01592e-07
1.98888e-07
1.95674e-07
1.92555e-07
1.89008e-07
1.8675e-07
1.85399e-07
1.8358e-07
1.82792e-07
1.84382e-07
1.89317e-07
1.90878e-07
1.91788e-07
1.92305e-07
1.92667e-07
1.93007e-07
1.93436e-07
1.93982e-07
1.94621e-07
1.95274e-07
1.9618e-07
1.97117e-07
1.97931e-07
1.98692e-07
1.98668e-07
1.98395e-07
1.98044e-07
1.98985e-07
2.00263e-07
2.01654e-07
2.0271e-07
2.02661e-07
2.01957e-07
2.00726e-07
1.9815e-07
1.95111e-07
1.92181e-07
1.88832e-07
1.86699e-07
1.85424e-07
1.83699e-07
1.82982e-07
1.84621e-07
1.88563e-07
1.90098e-07
1.90992e-07
1.91497e-07
1.9185e-07
1.92181e-07
1.92603e-07
1.93143e-07
1.93779e-07
1.94432e-07
1.95339e-07
1.96281e-07
1.97101e-07
1.97875e-07
1.97891e-07
1.97664e-07
1.97359e-07
1.98293e-07
1.99518e-07
2.00839e-07
2.01817e-07
2.01734e-07
2.01036e-07
1.99857e-07
1.97409e-07
1.94545e-07
1.91805e-07
1.88655e-07
1.86646e-07
1.85448e-07
1.83816e-07
1.83171e-07
1.8486e-07
1.87808e-07
1.89316e-07
1.90194e-07
1.90688e-07
1.91032e-07
1.91352e-07
1.91768e-07
1.92302e-07
1.92934e-07
1.93589e-07
1.94497e-07
1.95442e-07
1.96268e-07
1.97055e-07
1.97112e-07
1.96931e-07
1.96671e-07
1.97599e-07
1.9877e-07
2.00021e-07
2.00921e-07
2.00804e-07
2.00112e-07
1.98985e-07
1.96666e-07
1.93977e-07
1.91428e-07
1.88475e-07
1.86593e-07
1.85471e-07
1.83934e-07
1.83361e-07
1.85098e-07
1.8705e-07
1.88533e-07
1.89394e-07
1.89876e-07
1.90211e-07
1.90522e-07
1.90931e-07
1.91459e-07
1.92086e-07
1.92743e-07
1.93652e-07
1.94601e-07
1.95432e-07
1.96234e-07
1.96331e-07
1.96196e-07
1.95982e-07
1.96902e-07
1.9802e-07
1.992e-07
2.00021e-07
1.99871e-07
1.99185e-07
1.98111e-07
1.9592e-07
1.93406e-07
1.91048e-07
1.88295e-07
1.86538e-07
1.85493e-07
1.8405e-07
1.83549e-07
1.85337e-07
1.86291e-07
1.87747e-07
1.88591e-07
1.89063e-07
1.89388e-07
1.8969e-07
1.90092e-07
1.90614e-07
1.91237e-07
1.91895e-07
1.92805e-07
1.93758e-07
1.94595e-07
1.9541e-07
1.95547e-07
1.95458e-07
1.9529e-07
1.96202e-07
1.97268e-07
1.98377e-07
1.99119e-07
1.98935e-07
1.98255e-07
1.97233e-07
1.95171e-07
1.92833e-07
1.90665e-07
1.88112e-07
1.86482e-07
1.85514e-07
1.84166e-07
1.83738e-07
1.85574e-07
1.85529e-07
1.86959e-07
1.87787e-07
1.88247e-07
1.88564e-07
1.88855e-07
1.8925e-07
1.89767e-07
1.90386e-07
1.91045e-07
1.91956e-07
1.92913e-07
1.93755e-07
1.94584e-07
1.94761e-07
1.94718e-07
1.94596e-07
1.95501e-07
1.96513e-07
1.97551e-07
1.98214e-07
1.97995e-07
1.97322e-07
1.96352e-07
1.9442e-07
1.92258e-07
1.90281e-07
1.87927e-07
1.86425e-07
1.85535e-07
1.84281e-07
1.83926e-07
1.85812e-07
1.84766e-07
1.86169e-07
1.86981e-07
1.87429e-07
1.87737e-07
1.88018e-07
1.88407e-07
1.88917e-07
1.89532e-07
1.90192e-07
1.91105e-07
1.92065e-07
1.92913e-07
1.93755e-07
1.93973e-07
1.93976e-07
1.939e-07
1.94797e-07
1.95755e-07
1.96722e-07
1.97306e-07
1.97053e-07
1.96385e-07
1.95468e-07
1.93665e-07
1.91679e-07
1.89895e-07
1.87741e-07
1.86366e-07
1.85554e-07
1.84396e-07
1.84113e-07
1.86049e-07
1.84e-07
1.85378e-07
1.86172e-07
1.86609e-07
1.86908e-07
1.87179e-07
1.87561e-07
1.88066e-07
1.88676e-07
1.89338e-07
1.90251e-07
1.91215e-07
1.92069e-07
1.92924e-07
1.93182e-07
1.93231e-07
1.93201e-07
1.9409e-07
1.94994e-07
1.95891e-07
1.96395e-07
1.96107e-07
1.95445e-07
1.94581e-07
1.92908e-07
1.91099e-07
1.89506e-07
1.87553e-07
1.86306e-07
1.85572e-07
1.8451e-07
1.843e-07
1.86286e-07
1.83232e-07
1.84584e-07
1.85362e-07
1.85787e-07
1.86076e-07
1.86338e-07
1.86713e-07
1.87212e-07
1.87818e-07
1.88481e-07
1.89395e-07
1.90363e-07
1.91222e-07
1.92091e-07
1.92389e-07
1.92484e-07
1.92499e-07
1.93381e-07
1.94231e-07
1.95056e-07
1.9548e-07
1.95158e-07
1.94502e-07
1.93691e-07
1.92148e-07
1.90515e-07
1.89115e-07
1.87364e-07
1.86244e-07
1.85589e-07
1.84623e-07
1.84486e-07
1.86522e-07
1.82463e-07
1.83787e-07
1.84549e-07
1.84963e-07
1.85243e-07
1.85494e-07
1.85863e-07
1.86356e-07
1.86958e-07
1.87622e-07
1.88537e-07
1.89508e-07
1.90373e-07
1.91255e-07
1.91593e-07
1.91735e-07
1.91796e-07
1.92669e-07
1.93465e-07
1.94218e-07
1.94562e-07
1.94205e-07
1.93555e-07
1.92797e-07
1.91384e-07
1.89929e-07
1.88722e-07
1.87172e-07
1.86181e-07
1.85605e-07
1.84735e-07
1.84672e-07
1.86758e-07
1.81691e-07
1.82989e-07
1.83734e-07
1.84137e-07
1.84407e-07
1.84648e-07
1.8501e-07
1.85497e-07
1.86095e-07
1.8676e-07
1.87676e-07
1.88651e-07
1.89521e-07
1.90416e-07
1.90795e-07
1.90983e-07
1.91089e-07
1.91955e-07
1.92696e-07
1.93378e-07
1.93641e-07
1.9325e-07
1.92605e-07
1.919e-07
1.90618e-07
1.8934e-07
1.88327e-07
1.86978e-07
1.86117e-07
1.8562e-07
1.84847e-07
1.84858e-07
1.86993e-07
1.80917e-07
1.82189e-07
1.82917e-07
1.83308e-07
1.83569e-07
1.838e-07
1.84155e-07
1.84636e-07
1.8523e-07
1.85896e-07
1.86813e-07
1.87791e-07
1.88667e-07
1.89576e-07
1.89994e-07
1.90229e-07
1.9038e-07
1.91238e-07
1.91925e-07
1.92534e-07
1.92717e-07
1.9229e-07
1.91652e-07
1.91e-07
1.89848e-07
1.88749e-07
1.87929e-07
1.86783e-07
1.86052e-07
1.85634e-07
1.84957e-07
1.85043e-07
1.87228e-07
1.8014e-07
1.81386e-07
1.82097e-07
1.82477e-07
1.82728e-07
1.8295e-07
1.83298e-07
1.83773e-07
1.84362e-07
1.8503e-07
1.85948e-07
1.86929e-07
1.8781e-07
1.88732e-07
1.89191e-07
1.89472e-07
1.89669e-07
1.90518e-07
1.9115e-07
1.91687e-07
1.91789e-07
1.91327e-07
1.90695e-07
1.90096e-07
1.89076e-07
1.88154e-07
1.87528e-07
1.86586e-07
1.85984e-07
1.85647e-07
1.85067e-07
1.85227e-07
1.87463e-07
1.79362e-07
1.80581e-07
1.81275e-07
1.81643e-07
1.81885e-07
1.82097e-07
1.82438e-07
1.82907e-07
1.83492e-07
1.84161e-07
1.8508e-07
1.86065e-07
1.86951e-07
1.87886e-07
1.88385e-07
1.88712e-07
1.88955e-07
1.89796e-07
1.90372e-07
1.90837e-07
1.90858e-07
1.90361e-07
1.89734e-07
1.89189e-07
1.883e-07
1.87557e-07
1.87126e-07
1.86386e-07
1.85916e-07
1.85659e-07
1.85177e-07
1.85411e-07
1.87697e-07
1.78581e-07
1.79774e-07
1.80451e-07
1.80807e-07
1.8104e-07
1.81242e-07
1.81576e-07
1.82039e-07
1.8262e-07
1.8329e-07
1.84209e-07
1.85198e-07
1.86089e-07
1.87037e-07
1.87577e-07
1.8795e-07
1.88238e-07
1.8907e-07
1.89592e-07
1.89984e-07
1.89923e-07
1.89391e-07
1.8877e-07
1.88278e-07
1.87521e-07
1.86957e-07
1.8672e-07
1.86185e-07
1.85846e-07
1.8567e-07
1.85285e-07
1.85594e-07
1.87931e-07
1.77798e-07
1.78964e-07
1.79624e-07
1.79969e-07
1.80192e-07
1.80384e-07
1.80711e-07
1.81168e-07
1.81745e-07
1.82416e-07
1.83336e-07
1.84328e-07
1.85225e-07
1.86186e-07
1.86766e-07
1.87185e-07
1.87519e-07
1.88342e-07
1.88808e-07
1.89127e-07
1.88985e-07
1.88417e-07
1.87802e-07
1.87364e-07
1.86738e-07
1.86354e-07
1.86313e-07
1.85982e-07
1.85774e-07
1.85679e-07
1.85393e-07
1.85777e-07
1.88165e-07
1.77013e-07
1.78152e-07
1.78795e-07
1.79128e-07
1.79342e-07
1.79523e-07
1.79844e-07
1.80295e-07
1.80867e-07
1.81539e-07
1.8246e-07
1.83455e-07
1.84358e-07
1.85332e-07
1.85952e-07
1.86418e-07
1.86797e-07
1.87612e-07
1.88022e-07
1.88267e-07
1.88043e-07
1.87439e-07
1.8683e-07
1.86446e-07
1.85953e-07
1.85748e-07
1.85902e-07
1.85776e-07
1.85701e-07
1.85688e-07
1.855e-07
1.8596e-07
1.88398e-07
1.76225e-07
1.77337e-07
1.77964e-07
1.78285e-07
1.78489e-07
1.7866e-07
1.78974e-07
1.79419e-07
1.79987e-07
1.8066e-07
1.81582e-07
1.8258e-07
1.83488e-07
1.84475e-07
1.85135e-07
1.85647e-07
1.86072e-07
1.86878e-07
1.87232e-07
1.87404e-07
1.87098e-07
1.86458e-07
1.85854e-07
1.85524e-07
1.85163e-07
1.85139e-07
1.85489e-07
1.85569e-07
1.85626e-07
1.85695e-07
1.85606e-07
1.86141e-07
1.8863e-07
1.75435e-07
1.7652e-07
1.7713e-07
1.77439e-07
1.77634e-07
1.77795e-07
1.78102e-07
1.7854e-07
1.79104e-07
1.79778e-07
1.80701e-07
1.81702e-07
1.82615e-07
1.83615e-07
1.84316e-07
1.84874e-07
1.85344e-07
1.86141e-07
1.86439e-07
1.86537e-07
1.86149e-07
1.85472e-07
1.84874e-07
1.84598e-07
1.84371e-07
1.84527e-07
1.85074e-07
1.85359e-07
1.8555e-07
1.85701e-07
1.85711e-07
1.86323e-07
1.88862e-07
1.74642e-07
1.75701e-07
1.76293e-07
1.76591e-07
1.76776e-07
1.76927e-07
1.77227e-07
1.77659e-07
1.78218e-07
1.78894e-07
1.79817e-07
1.80822e-07
1.81739e-07
1.82753e-07
1.83493e-07
1.84098e-07
1.84613e-07
1.85401e-07
1.85643e-07
1.85667e-07
1.85196e-07
1.84483e-07
1.83891e-07
1.83669e-07
1.83575e-07
1.83912e-07
1.84656e-07
1.85148e-07
1.85472e-07
1.85706e-07
1.85816e-07
1.86503e-07
1.89094e-07
1.73847e-07
1.74879e-07
1.75454e-07
1.7574e-07
1.75915e-07
1.76056e-07
1.76349e-07
1.76775e-07
1.7733e-07
1.78007e-07
1.7893e-07
1.79938e-07
1.80861e-07
1.81887e-07
1.82668e-07
1.83319e-07
1.83879e-07
1.84658e-07
1.84843e-07
1.84794e-07
1.84239e-07
1.8349e-07
1.82903e-07
1.82736e-07
1.82775e-07
1.83293e-07
1.84235e-07
1.84934e-07
1.85392e-07
1.85709e-07
1.85919e-07
1.86683e-07
1.89325e-07
1.73049e-07
1.74054e-07
1.74613e-07
1.74886e-07
1.75052e-07
1.75182e-07
1.75469e-07
1.75889e-07
1.76439e-07
1.77117e-07
1.78041e-07
1.79052e-07
1.7998e-07
1.81019e-07
1.8184e-07
1.82538e-07
1.83143e-07
1.83913e-07
1.8404e-07
1.83917e-07
1.83279e-07
1.82493e-07
1.81912e-07
1.81799e-07
1.81972e-07
1.82672e-07
1.83811e-07
1.84718e-07
1.85311e-07
1.85712e-07
1.86022e-07
1.86863e-07
1.89556e-07
1.72249e-07
1.73227e-07
1.73768e-07
1.7403e-07
1.74186e-07
1.74306e-07
1.74585e-07
1.74999e-07
1.75545e-07
1.76224e-07
1.77149e-07
1.78163e-07
1.79096e-07
1.80148e-07
1.81009e-07
1.81753e-07
1.82403e-07
1.83164e-07
1.83234e-07
1.83036e-07
1.82314e-07
1.81492e-07
1.80916e-07
1.80858e-07
1.81165e-07
1.82047e-07
1.83385e-07
1.84499e-07
1.85228e-07
1.85713e-07
1.86124e-07
1.87042e-07
1.89786e-07
1.71446e-07
1.72398e-07
1.72921e-07
1.73171e-07
1.73317e-07
1.73427e-07
1.73699e-07
1.74107e-07
1.74648e-07
1.75329e-07
1.76253e-07
1.77271e-07
1.78209e-07
1.79274e-07
1.80175e-07
1.80965e-07
1.81661e-07
1.82412e-07
1.82425e-07
1.82151e-07
1.81346e-07
1.80486e-07
1.79917e-07
1.79913e-07
1.80355e-07
1.81419e-07
1.82956e-07
1.84279e-07
1.85143e-07
1.85713e-07
1.86224e-07
1.8722e-07
1.90015e-07
1.70641e-07
1.71565e-07
1.72072e-07
1.72309e-07
1.72446e-07
1.72545e-07
1.72811e-07
1.73212e-07
1.73748e-07
1.7443e-07
1.75355e-07
1.76376e-07
1.77319e-07
1.78396e-07
1.79338e-07
1.80175e-07
1.80915e-07
1.81656e-07
1.81612e-07
1.81263e-07
1.80374e-07
1.79477e-07
1.78913e-07
1.78964e-07
1.79541e-07
1.80788e-07
1.82524e-07
1.84056e-07
1.85057e-07
1.85711e-07
1.86324e-07
1.87398e-07
1.90244e-07
1.69833e-07
1.7073e-07
1.71219e-07
1.71445e-07
1.71571e-07
1.7166e-07
1.71919e-07
1.72314e-07
1.72846e-07
1.73529e-07
1.74454e-07
1.75478e-07
1.76426e-07
1.77516e-07
1.78498e-07
1.79381e-07
1.80167e-07
1.80898e-07
1.80796e-07
1.80372e-07
1.79397e-07
1.78463e-07
1.77905e-07
1.78011e-07
1.78723e-07
1.80154e-07
1.82089e-07
1.8383e-07
1.84969e-07
1.85708e-07
1.86423e-07
1.87575e-07
1.90473e-07
1.69023e-07
1.69892e-07
1.70364e-07
1.70577e-07
1.70694e-07
1.70773e-07
1.71024e-07
1.71413e-07
1.71941e-07
1.72625e-07
1.7355e-07
1.74576e-07
1.7553e-07
1.76632e-07
1.77655e-07
1.78584e-07
1.79415e-07
1.80136e-07
1.79976e-07
1.79476e-07
1.78417e-07
1.77445e-07
1.76892e-07
1.77054e-07
1.77901e-07
1.79516e-07
1.81652e-07
1.83603e-07
1.84878e-07
1.85704e-07
1.86521e-07
1.87751e-07
1.90701e-07
1.68209e-07
1.69052e-07
1.69506e-07
1.69707e-07
1.69814e-07
1.69882e-07
1.70127e-07
1.7051e-07
1.71032e-07
1.71717e-07
1.72644e-07
1.73672e-07
1.7463e-07
1.75746e-07
1.76808e-07
1.77784e-07
1.7866e-07
1.79371e-07
1.79152e-07
1.78577e-07
1.77432e-07
1.76423e-07
1.75876e-07
1.76092e-07
1.77076e-07
1.78874e-07
1.81211e-07
1.83373e-07
1.84787e-07
1.85698e-07
1.86618e-07
1.87927e-07
1.90928e-07
1.67393e-07
1.68208e-07
1.68645e-07
1.68834e-07
1.68931e-07
1.68989e-07
1.69226e-07
1.69603e-07
1.70121e-07
1.70807e-07
1.71734e-07
1.72765e-07
1.73728e-07
1.74856e-07
1.75959e-07
1.76981e-07
1.77902e-07
1.78603e-07
1.78325e-07
1.77674e-07
1.76444e-07
1.75396e-07
1.74855e-07
1.75127e-07
1.76247e-07
1.7823e-07
1.80767e-07
1.8314e-07
1.84693e-07
1.85691e-07
1.86714e-07
1.88101e-07
1.91155e-07
1.66574e-07
1.67362e-07
1.67781e-07
1.67958e-07
1.68045e-07
1.68093e-07
1.68323e-07
1.68693e-07
1.69206e-07
1.69894e-07
1.70821e-07
1.71855e-07
1.72823e-07
1.73963e-07
1.75106e-07
1.76175e-07
1.7714e-07
1.77831e-07
1.77495e-07
1.76767e-07
1.75451e-07
1.74366e-07
1.73829e-07
1.74157e-07
1.75414e-07
1.77581e-07
1.80321e-07
1.82905e-07
1.84597e-07
1.85683e-07
1.86809e-07
1.88275e-07
1.91381e-07
1.65753e-07
1.66513e-07
1.66915e-07
1.67079e-07
1.67156e-07
1.67193e-07
1.67416e-07
1.6778e-07
1.68289e-07
1.68977e-07
1.69904e-07
1.70941e-07
1.71914e-07
1.73067e-07
1.7425e-07
1.75365e-07
1.76376e-07
1.77056e-07
1.7666e-07
1.75856e-07
1.74454e-07
1.7333e-07
1.72799e-07
1.73183e-07
1.74577e-07
1.7693e-07
1.79871e-07
1.82668e-07
1.845e-07
1.85673e-07
1.86902e-07
1.88449e-07
1.91606e-07
1.93079e-07
1.9367e-07
1.96575e-07
2.00221e-07
2.05909e-07
2.14283e-07
2.23529e-07
2.34619e-07
2.47879e-07
2.66407e-07
2.84236e-07
3.01726e-07
3.16269e-07
3.24018e-07
3.25716e-07
3.24157e-07
3.20859e-07
3.17426e-07
3.13194e-07
3.11091e-07
3.07927e-07
3.06103e-07
3.04558e-07
1.91968e-07
1.92613e-07
1.95527e-07
1.99181e-07
2.04829e-07
2.13103e-07
2.2224e-07
2.33164e-07
2.46227e-07
2.64432e-07
2.81951e-07
2.99126e-07
3.13402e-07
3.21013e-07
3.22682e-07
3.21154e-07
3.17913e-07
3.14536e-07
3.1037e-07
3.08284e-07
3.05162e-07
3.03338e-07
3.01789e-07
1.90865e-07
1.91565e-07
1.94486e-07
1.98147e-07
2.03756e-07
2.1193e-07
2.20957e-07
2.31717e-07
2.44582e-07
2.62464e-07
2.79672e-07
2.96532e-07
3.1054e-07
3.18013e-07
3.19652e-07
3.18155e-07
3.14972e-07
3.11652e-07
3.0755e-07
3.05482e-07
3.02401e-07
3.00579e-07
2.99025e-07
1.89769e-07
1.90524e-07
1.93454e-07
1.97122e-07
2.02691e-07
2.10764e-07
2.19683e-07
2.30278e-07
2.42944e-07
2.60503e-07
2.774e-07
2.93945e-07
3.07685e-07
3.15019e-07
3.16629e-07
3.15161e-07
3.12037e-07
3.08772e-07
3.04735e-07
3.02685e-07
2.99644e-07
2.97824e-07
2.96265e-07
1.88681e-07
1.89491e-07
1.92429e-07
1.96105e-07
2.01634e-07
2.09607e-07
2.18416e-07
2.28847e-07
2.41314e-07
2.58549e-07
2.75135e-07
2.91364e-07
3.04836e-07
3.1203e-07
3.1361e-07
3.12174e-07
3.09106e-07
3.05898e-07
3.01926e-07
2.99892e-07
2.96893e-07
2.95074e-07
2.93509e-07
1.87601e-07
1.88466e-07
1.91413e-07
1.95095e-07
2.00584e-07
2.08457e-07
2.17157e-07
2.27422e-07
2.39691e-07
2.56602e-07
2.72876e-07
2.88789e-07
3.01992e-07
3.09047e-07
3.10598e-07
3.09191e-07
3.06182e-07
3.03029e-07
2.99122e-07
2.97106e-07
2.94147e-07
2.9233e-07
2.9076e-07
1.86529e-07
1.87449e-07
1.90404e-07
1.94094e-07
1.99543e-07
2.07315e-07
2.15905e-07
2.26005e-07
2.38075e-07
2.54661e-07
2.70623e-07
2.86221e-07
2.99154e-07
3.0607e-07
3.07591e-07
3.06215e-07
3.03263e-07
3.00166e-07
2.96325e-07
2.94325e-07
2.91407e-07
2.89591e-07
2.88016e-07
1.8544e-07
1.86393e-07
1.89333e-07
1.93007e-07
1.98395e-07
2.06046e-07
2.14507e-07
2.24426e-07
2.36283e-07
2.52543e-07
2.68198e-07
2.83497e-07
2.96196e-07
3.03014e-07
3.04544e-07
3.03235e-07
3.00375e-07
2.97361e-07
2.93613e-07
2.91644e-07
2.88787e-07
2.86983e-07
2.85411e-07
1.84348e-07
1.85346e-07
1.88287e-07
1.91959e-07
1.97298e-07
2.0484e-07
2.13184e-07
2.22931e-07
2.34585e-07
2.50518e-07
2.65862e-07
2.8085e-07
2.9329e-07
2.99983e-07
3.01497e-07
3.00231e-07
2.9744e-07
2.94491e-07
2.90818e-07
2.88871e-07
2.86063e-07
2.84262e-07
2.82689e-07
1.83263e-07
1.84317e-07
1.87266e-07
1.90944e-07
1.96243e-07
2.03684e-07
2.11918e-07
2.21499e-07
2.32952e-07
2.4856e-07
2.6359e-07
2.78259e-07
2.90428e-07
2.96979e-07
2.98461e-07
2.97223e-07
2.94489e-07
2.91595e-07
2.87986e-07
2.86055e-07
2.83287e-07
2.81488e-07
2.79908e-07
1.82187e-07
1.83294e-07
1.86249e-07
1.89933e-07
1.9519e-07
2.02529e-07
2.10651e-07
2.20064e-07
2.31316e-07
2.46597e-07
2.61313e-07
2.75665e-07
2.87564e-07
2.93975e-07
2.95428e-07
2.94221e-07
2.91546e-07
2.88709e-07
2.85165e-07
2.83251e-07
2.80525e-07
2.78726e-07
2.77141e-07
1.81074e-07
1.82198e-07
1.85124e-07
1.88777e-07
1.93957e-07
2.0116e-07
2.0914e-07
2.1836e-07
2.2939e-07
2.4434e-07
2.5875e-07
2.72811e-07
2.84493e-07
2.9083e-07
2.92316e-07
2.91198e-07
2.88633e-07
2.85895e-07
2.82461e-07
2.80584e-07
2.77931e-07
2.76148e-07
2.74569e-07
1.79957e-07
1.81129e-07
1.84056e-07
1.87709e-07
1.92842e-07
1.99938e-07
2.078e-07
2.16849e-07
2.27674e-07
2.42296e-07
2.5639e-07
2.70136e-07
2.81552e-07
2.87756e-07
2.89219e-07
2.88137e-07
2.85636e-07
2.82959e-07
2.79596e-07
2.77738e-07
2.7513e-07
2.73349e-07
2.71766e-07
1.78814e-07
1.80014e-07
1.82921e-07
1.86552e-07
1.91618e-07
1.98587e-07
2.06315e-07
2.15176e-07
2.25784e-07
2.40073e-07
2.53856e-07
2.673e-07
2.78481e-07
2.84588e-07
2.86062e-07
2.8505e-07
2.82642e-07
2.8005e-07
2.76782e-07
2.74953e-07
2.72408e-07
2.70637e-07
2.69055e-07
1.77656e-07
1.78894e-07
1.81794e-07
1.85415e-07
1.90424e-07
1.97276e-07
2.04878e-07
2.13561e-07
2.23956e-07
2.37915e-07
2.51382e-07
2.64515e-07
2.75441e-07
2.81428e-07
2.82893e-07
2.8193e-07
2.79597e-07
2.77076e-07
2.73887e-07
2.72081e-07
2.69588e-07
2.67821e-07
2.66237e-07
1.76466e-07
1.77729e-07
1.80605e-07
1.84201e-07
1.89139e-07
1.95861e-07
2.03325e-07
2.11817e-07
2.21991e-07
2.35615e-07
2.48769e-07
2.61598e-07
2.72288e-07
2.78179e-07
2.79657e-07
2.78764e-07
2.76525e-07
2.7409e-07
2.70997e-07
2.69219e-07
2.6679e-07
2.65032e-07
2.63447e-07
1.7528e-07
1.76597e-07
1.79481e-07
1.83083e-07
1.87979e-07
1.94598e-07
2.0195e-07
2.10273e-07
2.20243e-07
2.33536e-07
2.4637e-07
2.58873e-07
2.69282e-07
2.75022e-07
2.76461e-07
2.75591e-07
2.73403e-07
2.71019e-07
2.67986e-07
2.66222e-07
2.63831e-07
2.62071e-07
2.60479e-07
1.74036e-07
1.75355e-07
1.78194e-07
1.81749e-07
1.86552e-07
1.9302e-07
2.00212e-07
2.08329e-07
2.18061e-07
2.31014e-07
2.43533e-07
2.55744e-07
2.65944e-07
2.71619e-07
2.73104e-07
2.72333e-07
2.70264e-07
2.67989e-07
2.65072e-07
2.63343e-07
2.61032e-07
2.59283e-07
2.57694e-07
1.72778e-07
1.74144e-07
1.76982e-07
1.80535e-07
1.85289e-07
1.91646e-07
1.98718e-07
2.06659e-07
2.16182e-07
2.288e-07
2.40998e-07
2.52885e-07
2.6281e-07
2.68342e-07
2.69797e-07
2.69057e-07
2.67046e-07
2.64829e-07
2.61978e-07
2.60264e-07
2.57996e-07
2.56246e-07
2.54649e-07
1.71492e-07
1.72885e-07
1.75703e-07
1.79233e-07
1.83917e-07
1.90146e-07
1.97079e-07
2.0483e-07
2.1413e-07
2.26408e-07
2.38285e-07
2.49859e-07
2.59534e-07
2.64954e-07
2.6641e-07
2.65728e-07
2.63799e-07
2.6166e-07
2.58894e-07
2.57203e-07
2.54993e-07
2.53245e-07
2.51644e-07
1.70155e-07
1.71562e-07
1.74348e-07
1.77843e-07
1.82446e-07
1.88533e-07
1.95316e-07
2.02868e-07
2.11934e-07
2.23869e-07
2.35423e-07
2.46688e-07
2.56126e-07
2.61449e-07
2.62921e-07
2.6231e-07
2.60475e-07
2.58425e-07
2.55755e-07
2.54088e-07
2.51943e-07
2.50197e-07
2.48591e-07
1.68817e-07
1.70278e-07
1.73071e-07
1.7657e-07
1.8113e-07
1.87113e-07
1.93781e-07
2.01162e-07
2.10021e-07
2.2162e-07
2.32848e-07
2.4378e-07
2.52927e-07
2.5809e-07
2.59515e-07
2.5892e-07
2.5713e-07
2.55126e-07
2.52511e-07
2.50856e-07
2.48746e-07
2.46996e-07
2.45381e-07
1.67393e-07
1.68839e-07
1.7157e-07
1.75002e-07
1.79451e-07
1.85265e-07
1.91754e-07
1.9891e-07
2.07512e-07
2.18757e-07
2.29658e-07
2.40291e-07
2.49229e-07
2.5433e-07
2.55809e-07
2.55318e-07
2.5365e-07
2.5176e-07
2.49262e-07
2.47635e-07
2.45609e-07
2.43859e-07
2.42236e-07
1.65948e-07
1.67444e-07
1.70177e-07
1.7361e-07
1.78011e-07
1.83716e-07
1.90085e-07
1.97066e-07
2.05457e-07
2.16362e-07
2.26934e-07
2.37231e-07
2.45879e-07
2.5082e-07
2.52254e-07
2.5178e-07
2.50156e-07
2.48315e-07
2.45873e-07
2.44257e-07
2.42267e-07
2.40512e-07
2.3888e-07
1.64459e-07
1.65969e-07
1.6867e-07
1.72067e-07
1.76386e-07
1.81949e-07
1.88165e-07
1.94943e-07
2.03096e-07
2.13651e-07
2.2389e-07
2.33866e-07
2.4226e-07
2.47086e-07
2.48522e-07
2.48105e-07
2.46562e-07
2.44801e-07
2.42442e-07
2.40843e-07
2.38911e-07
2.37149e-07
2.35505e-07
1.62906e-07
1.64431e-07
1.67098e-07
1.70458e-07
1.74693e-07
1.80112e-07
1.86173e-07
1.92747e-07
2.00658e-07
2.1086e-07
2.20764e-07
2.30415e-07
2.38551e-07
2.43257e-07
2.44692e-07
2.44329e-07
2.42863e-07
2.41179e-07
2.38901e-07
2.37315e-07
2.3544e-07
2.33669e-07
2.32011e-07
1.61344e-07
1.6292e-07
1.65591e-07
1.68952e-07
1.73139e-07
1.7845e-07
1.84391e-07
1.9079e-07
1.98489e-07
2.08348e-07
2.17919e-07
2.27229e-07
2.35067e-07
2.39603e-07
2.40984e-07
2.40632e-07
2.39205e-07
2.37564e-07
2.35337e-07
2.33761e-07
2.31919e-07
2.30142e-07
2.28473e-07
1.59707e-07
1.61278e-07
1.63896e-07
1.672e-07
1.71284e-07
1.76432e-07
1.82198e-07
1.88376e-07
1.95815e-07
2.05311e-07
2.14539e-07
2.23522e-07
2.31113e-07
2.35542e-07
2.36938e-07
2.36653e-07
2.35312e-07
2.33759e-07
2.31619e-07
2.30052e-07
2.28273e-07
2.26478e-07
2.24788e-07
1.57997e-07
1.59586e-07
1.62176e-07
1.65446e-07
1.6945e-07
1.74457e-07
1.8007e-07
1.86045e-07
1.93241e-07
2.0238e-07
2.11264e-07
2.1991e-07
2.27224e-07
2.31512e-07
2.32888e-07
2.32639e-07
2.31359e-07
2.29871e-07
2.27797e-07
2.26237e-07
2.24506e-07
2.22695e-07
2.20985e-07
1.56229e-07
1.57838e-07
1.60399e-07
1.63637e-07
1.67561e-07
1.72428e-07
1.77887e-07
1.83659e-07
1.90613e-07
1.99392e-07
2.0793e-07
2.16234e-07
2.23266e-07
2.27407e-07
2.28757e-07
2.28539e-07
2.27314e-07
2.25887e-07
2.23876e-07
2.2232e-07
2.20634e-07
2.18805e-07
2.17074e-07
1.54401e-07
1.56029e-07
1.58561e-07
1.61767e-07
1.65609e-07
1.70335e-07
1.7564e-07
1.81208e-07
1.87916e-07
1.96334e-07
2.04523e-07
2.12481e-07
2.19228e-07
2.23215e-07
2.24535e-07
2.24344e-07
2.2317e-07
2.21803e-07
2.1985e-07
2.18296e-07
2.16653e-07
2.14803e-07
2.13048e-07
1.52511e-07
1.54157e-07
1.5666e-07
1.59832e-07
1.63593e-07
1.68177e-07
1.73325e-07
1.78688e-07
1.8515e-07
1.93203e-07
2.0104e-07
2.0865e-07
2.15105e-07
2.18934e-07
2.2022e-07
2.20052e-07
2.18924e-07
2.17613e-07
2.15715e-07
2.1416e-07
2.12558e-07
2.10685e-07
2.08905e-07
1.50552e-07
1.52214e-07
1.54685e-07
1.5782e-07
1.61497e-07
1.65935e-07
1.70923e-07
1.76077e-07
1.82288e-07
1.89974e-07
1.97454e-07
2.04711e-07
2.10872e-07
2.14538e-07
2.15787e-07
2.15638e-07
2.14554e-07
2.13297e-07
2.11451e-07
2.09892e-07
2.08329e-07
2.06428e-07
2.04619e-07
1.48511e-07
1.50183e-07
1.52616e-07
1.55707e-07
1.59293e-07
1.63579e-07
1.684e-07
1.73339e-07
1.79291e-07
1.86603e-07
1.93722e-07
2.0062e-07
2.06483e-07
2.09983e-07
2.11194e-07
2.11063e-07
2.10018e-07
2.08814e-07
2.07016e-07
2.05448e-07
2.03923e-07
2.01988e-07
2.00145e-07
1.46378e-07
1.48058e-07
1.50452e-07
1.53497e-07
1.56988e-07
1.6112e-07
1.6577e-07
1.70492e-07
1.7618e-07
1.83115e-07
1.89866e-07
1.96401e-07
2.0196e-07
2.05286e-07
2.06454e-07
2.06334e-07
2.05322e-07
2.04167e-07
2.02412e-07
2.0083e-07
1.9934e-07
1.97366e-07
1.95484e-07
1.44202e-07
1.4592e-07
1.48304e-07
1.51334e-07
1.54763e-07
1.5877e-07
1.63282e-07
1.67813e-07
1.73267e-07
1.79843e-07
1.86241e-07
1.92414e-07
1.97655e-07
2.00789e-07
2.01889e-07
2.01763e-07
2.00774e-07
1.99655e-07
1.97937e-07
1.96354e-07
1.94893e-07
1.92899e-07
1.90997e-07
1.41919e-07
1.43628e-07
1.45953e-07
1.48917e-07
1.52232e-07
1.56064e-07
1.60382e-07
1.64677e-07
1.69844e-07
1.76025e-07
1.82036e-07
1.87831e-07
1.92759e-07
1.95708e-07
1.96763e-07
1.9664e-07
1.95673e-07
1.94599e-07
1.92912e-07
1.91297e-07
1.89865e-07
1.87809e-07
1.85849e-07
1.39579e-07
1.41328e-07
1.43646e-07
1.46598e-07
1.49852e-07
1.53562e-07
1.57743e-07
1.61848e-07
1.66783e-07
1.72603e-07
1.7826e-07
1.83689e-07
1.88291e-07
1.91039e-07
1.92017e-07
1.9188e-07
1.90929e-07
1.89887e-07
1.88231e-07
1.86614e-07
1.85209e-07
1.83134e-07
1.81154e-07
1.37131e-07
1.38872e-07
1.41132e-07
1.44018e-07
1.47158e-07
1.50692e-07
1.54677e-07
1.58545e-07
1.63187e-07
1.68607e-07
1.73868e-07
1.78905e-07
1.83177e-07
1.85719e-07
1.86634e-07
1.86482e-07
1.85535e-07
1.84525e-07
1.82884e-07
1.81226e-07
1.7984e-07
1.77693e-07
1.75649e-07
1.34611e-07
1.36385e-07
1.38631e-07
1.41498e-07
1.4457e-07
1.47974e-07
1.51814e-07
1.55485e-07
1.59885e-07
1.64937e-07
1.69835e-07
1.74498e-07
1.78437e-07
1.80768e-07
1.816e-07
1.81427e-07
1.80487e-07
1.79505e-07
1.77888e-07
1.7622e-07
1.74858e-07
1.72683e-07
1.70611e-07
1.31996e-07
1.33775e-07
1.35977e-07
1.38791e-07
1.4176e-07
1.45002e-07
1.48658e-07
1.52101e-07
1.56219e-07
1.60876e-07
1.6538e-07
1.69647e-07
1.73242e-07
1.75348e-07
1.76097e-07
1.75893e-07
1.74943e-07
1.73982e-07
1.7237e-07
1.70662e-07
1.69312e-07
1.6707e-07
1.64939e-07
1.29294e-07
1.31096e-07
1.33273e-07
1.36054e-07
1.38944e-07
1.42043e-07
1.45537e-07
1.48773e-07
1.52632e-07
1.56909e-07
1.61035e-07
1.64914e-07
1.68163e-07
1.70044e-07
1.70703e-07
1.70465e-07
1.69507e-07
1.68566e-07
1.66964e-07
1.65232e-07
1.63899e-07
1.61611e-07
1.59439e-07
1.26507e-07
1.28326e-07
1.30471e-07
1.33212e-07
1.36013e-07
1.38961e-07
1.42286e-07
1.45305e-07
1.48895e-07
1.52783e-07
1.56521e-07
1.60004e-07
1.629e-07
1.64544e-07
1.65105e-07
1.64825e-07
1.6385e-07
1.62923e-07
1.61321e-07
1.59553e-07
1.58232e-07
1.55886e-07
1.53662e-07
1.2362e-07
1.25453e-07
1.27564e-07
1.30262e-07
1.3297e-07
1.35765e-07
1.38914e-07
1.41715e-07
1.45029e-07
1.48525e-07
1.51869e-07
1.54948e-07
1.57483e-07
1.5888e-07
1.59337e-07
1.59005e-07
1.58002e-07
1.57083e-07
1.55473e-07
1.53664e-07
1.52348e-07
1.49937e-07
1.47657e-07
1.20657e-07
1.22519e-07
1.24609e-07
1.2728e-07
1.29912e-07
1.32569e-07
1.35561e-07
1.38157e-07
1.41215e-07
1.44333e-07
1.47297e-07
1.49984e-07
1.52163e-07
1.53318e-07
1.53669e-07
1.53291e-07
1.52267e-07
1.5136e-07
1.4975e-07
1.47915e-07
1.46612e-07
1.44156e-07
1.41837e-07
1.17611e-07
1.19492e-07
1.21553e-07
1.24185e-07
1.26729e-07
1.29236e-07
1.32057e-07
1.34438e-07
1.37224e-07
1.39951e-07
1.42522e-07
1.44802e-07
1.46612e-07
1.4751e-07
1.47745e-07
1.47305e-07
1.46244e-07
1.45338e-07
1.43712e-07
1.41836e-07
1.40535e-07
1.38014e-07
1.3564e-07
1.14465e-07
1.16364e-07
1.18395e-07
1.20986e-07
1.23441e-07
1.25797e-07
1.28444e-07
1.30609e-07
1.3312e-07
1.35454e-07
1.37627e-07
1.39496e-07
1.4093e-07
1.4156e-07
1.41672e-07
1.41161e-07
1.40055e-07
1.39145e-07
1.37495e-07
1.35572e-07
1.3427e-07
1.31679e-07
1.29246e-07
1.11226e-07
1.13148e-07
1.15153e-07
1.1771e-07
1.2008e-07
1.22291e-07
1.2477e-07
1.26723e-07
1.28965e-07
1.30912e-07
1.32691e-07
1.34152e-07
1.3521e-07
1.35571e-07
1.35557e-07
1.34974e-07
1.33821e-07
1.32907e-07
1.31234e-07
1.29268e-07
1.27967e-07
1.25312e-07
1.22827e-07
1.07899e-07
1.09846e-07
1.11827e-07
1.14349e-07
1.16637e-07
1.18703e-07
1.21015e-07
1.22759e-07
1.24733e-07
1.26292e-07
1.27679e-07
1.2873e-07
1.29409e-07
1.29496e-07
1.29351e-07
1.28691e-07
1.27487e-07
1.26565e-07
1.24866e-07
1.22856e-07
1.21553e-07
1.18836e-07
1.16298e-07
2.90333e-07
2.89051e-07
2.88256e-07
2.86111e-07
2.83975e-07
2.81882e-07
2.79271e-07
2.75991e-07
2.72359e-07
2.68378e-07
2.64524e-07
2.59798e-07
2.56447e-07
2.5021e-07
2.47523e-07
2.39245e-07
2.33058e-07
2.26627e-07
2.14675e-07
2.05991e-07
1.97702e-07
2.90127e-07
2.88783e-07
2.87906e-07
2.85712e-07
2.83481e-07
2.8128e-07
2.786e-07
2.75217e-07
2.71608e-07
2.67754e-07
2.64125e-07
2.59657e-07
2.56405e-07
2.50219e-07
2.47489e-07
2.39305e-07
2.33199e-07
2.2687e-07
2.15168e-07
2.06706e-07
1.98602e-07
2.89917e-07
2.8851e-07
2.87552e-07
2.85308e-07
2.82982e-07
2.80672e-07
2.77923e-07
2.74439e-07
2.70854e-07
2.67126e-07
2.63722e-07
2.59512e-07
2.56358e-07
2.50223e-07
2.47451e-07
2.3936e-07
2.33335e-07
2.27109e-07
2.15656e-07
2.07417e-07
1.99498e-07
2.897e-07
2.88232e-07
2.87191e-07
2.849e-07
2.82478e-07
2.8006e-07
2.77242e-07
2.73656e-07
2.70094e-07
2.66492e-07
2.63314e-07
2.59362e-07
2.56305e-07
2.5022e-07
2.47407e-07
2.39408e-07
2.33465e-07
2.27341e-07
2.16138e-07
2.08121e-07
2.00387e-07
2.89478e-07
2.87948e-07
2.86826e-07
2.84485e-07
2.81968e-07
2.79442e-07
2.76555e-07
2.72867e-07
2.69329e-07
2.65854e-07
2.629e-07
2.59207e-07
2.56248e-07
2.50213e-07
2.47358e-07
2.39451e-07
2.33588e-07
2.27567e-07
2.16614e-07
2.08819e-07
2.0127e-07
2.89251e-07
2.87659e-07
2.86455e-07
2.84067e-07
2.81455e-07
2.7882e-07
2.75865e-07
2.72075e-07
2.68561e-07
2.65213e-07
2.62484e-07
2.59048e-07
2.56187e-07
2.50203e-07
2.47305e-07
2.39492e-07
2.33711e-07
2.27793e-07
2.1709e-07
2.09518e-07
2.02154e-07
2.89018e-07
2.87364e-07
2.86079e-07
2.83642e-07
2.80935e-07
2.78193e-07
2.75169e-07
2.71278e-07
2.67787e-07
2.64566e-07
2.62062e-07
2.58885e-07
2.56121e-07
2.50187e-07
2.47248e-07
2.39528e-07
2.33828e-07
2.28013e-07
2.17561e-07
2.10212e-07
2.03034e-07
2.88905e-07
2.87187e-07
2.85811e-07
2.83329e-07
2.80526e-07
2.77672e-07
2.74581e-07
2.70595e-07
2.67143e-07
2.64075e-07
2.61831e-07
2.58971e-07
2.56357e-07
2.50552e-07
2.47611e-07
2.40067e-07
2.34506e-07
2.28848e-07
2.18727e-07
2.11646e-07
2.04685e-07
2.88663e-07
2.86882e-07
2.85421e-07
2.82891e-07
2.79992e-07
2.77027e-07
2.73868e-07
2.69782e-07
2.6636e-07
2.63429e-07
2.61425e-07
2.58849e-07
2.56357e-07
2.50634e-07
2.47668e-07
2.40249e-07
2.34791e-07
2.29255e-07
2.19414e-07
2.12569e-07
2.05802e-07
2.88352e-07
2.86509e-07
2.84967e-07
2.82389e-07
2.79395e-07
2.76322e-07
2.73093e-07
2.68906e-07
2.65507e-07
2.62704e-07
2.60927e-07
2.58611e-07
2.5622e-07
2.50549e-07
2.47543e-07
2.40217e-07
2.34839e-07
2.29407e-07
2.19813e-07
2.13188e-07
2.06602e-07
2.8804e-07
2.86136e-07
2.84513e-07
2.81886e-07
2.78797e-07
2.75615e-07
2.72318e-07
2.68029e-07
2.64655e-07
2.61981e-07
2.60433e-07
2.58383e-07
2.56097e-07
2.50483e-07
2.47439e-07
2.40212e-07
2.3492e-07
2.29593e-07
2.20252e-07
2.1385e-07
2.07446e-07
2.87891e-07
2.85914e-07
2.84189e-07
2.81514e-07
2.78319e-07
2.75014e-07
2.71646e-07
2.67257e-07
2.63932e-07
2.61431e-07
2.60181e-07
2.58513e-07
2.56443e-07
2.51032e-07
2.48028e-07
2.4104e-07
2.35928e-07
2.30795e-07
2.21834e-07
2.15712e-07
2.0952e-07
2.87505e-07
2.85465e-07
2.83655e-07
2.80931e-07
2.77639e-07
2.74222e-07
2.70783e-07
2.66291e-07
2.62994e-07
2.6063e-07
2.59622e-07
2.58241e-07
2.56297e-07
2.50967e-07
2.47939e-07
2.41069e-07
2.36055e-07
2.31039e-07
2.22344e-07
2.16447e-07
2.10436e-07
2.87181e-07
2.85069e-07
2.83159e-07
2.80384e-07
2.76985e-07
2.73445e-07
2.69932e-07
2.65336e-07
2.62079e-07
2.59878e-07
2.59155e-07
2.58137e-07
2.56396e-07
2.51237e-07
2.48236e-07
2.41569e-07
2.36708e-07
2.31859e-07
2.23502e-07
2.17857e-07
2.12034e-07
2.86736e-07
2.84555e-07
2.82553e-07
2.79727e-07
2.76224e-07
2.72565e-07
2.68979e-07
2.64277e-07
2.61052e-07
2.59001e-07
2.58543e-07
2.57853e-07
2.5628e-07
2.51248e-07
2.4825e-07
2.41738e-07
2.36999e-07
2.3229e-07
2.24227e-07
2.18813e-07
2.13165e-07
2.86285e-07
2.84028e-07
2.81921e-07
2.7904e-07
2.75424e-07
2.71636e-07
2.67971e-07
2.63158e-07
2.59974e-07
2.58091e-07
2.57933e-07
2.57632e-07
2.56291e-07
2.51454e-07
2.48499e-07
2.42204e-07
2.37627e-07
2.33091e-07
2.25369e-07
2.20198e-07
2.1472e-07
2.8566e-07
2.83341e-07
2.81153e-07
2.78222e-07
2.7451e-07
2.70611e-07
2.66877e-07
2.61958e-07
2.58797e-07
2.57044e-07
2.5712e-07
2.57091e-07
2.55867e-07
2.51089e-07
2.48101e-07
2.41895e-07
2.37397e-07
2.3296e-07
2.25473e-07
2.20507e-07
2.15191e-07
2.85142e-07
2.82729e-07
2.80413e-07
2.77417e-07
2.73571e-07
2.69519e-07
2.65694e-07
2.60651e-07
2.57539e-07
2.55986e-07
2.56421e-07
2.56891e-07
2.56012e-07
2.5155e-07
2.48675e-07
2.42783e-07
2.38507e-07
2.34295e-07
2.27213e-07
2.22495e-07
2.17326e-07
2.84384e-07
2.81904e-07
2.79499e-07
2.76451e-07
2.725e-07
2.68331e-07
2.64431e-07
2.59278e-07
2.56192e-07
2.5478e-07
2.55471e-07
2.56254e-07
2.55535e-07
2.51172e-07
2.4829e-07
2.42519e-07
2.38341e-07
2.34244e-07
2.27416e-07
2.22899e-07
2.17879e-07
2.83615e-07
2.81052e-07
2.78538e-07
2.75428e-07
2.71355e-07
2.67048e-07
2.63062e-07
2.57786e-07
2.54736e-07
2.53491e-07
2.54492e-07
2.55684e-07
2.55224e-07
2.51068e-07
2.48241e-07
2.42679e-07
2.38654e-07
2.3472e-07
2.28206e-07
2.23898e-07
2.19008e-07
2.82749e-07
2.8009e-07
2.77451e-07
2.74271e-07
2.70062e-07
2.656e-07
2.61518e-07
2.5611e-07
2.53097e-07
2.52038e-07
2.53383e-07
2.55051e-07
2.54924e-07
2.51047e-07
2.48318e-07
2.43017e-07
2.3918e-07
2.35435e-07
2.29265e-07
2.25161e-07
2.20377e-07
2.81759e-07
2.79037e-07
2.76316e-07
2.73086e-07
2.68777e-07
2.64202e-07
2.60049e-07
2.54531e-07
2.5154e-07
2.50612e-07
2.522e-07
2.54155e-07
2.54163e-07
2.50352e-07
2.47599e-07
2.42385e-07
2.38622e-07
2.3497e-07
2.2902e-07
2.25102e-07
2.20455e-07
2.80673e-07
2.7782e-07
2.7493e-07
2.71605e-07
2.67116e-07
2.62341e-07
2.58062e-07
2.52377e-07
2.49429e-07
2.48728e-07
2.50756e-07
2.53367e-07
2.53904e-07
2.50561e-07
2.48022e-07
2.43208e-07
2.39715e-07
2.3632e-07
2.30786e-07
2.27048e-07
2.22431e-07
2.79465e-07
2.76544e-07
2.73567e-07
2.70187e-07
2.65591e-07
2.60696e-07
2.56341e-07
2.50539e-07
2.47614e-07
2.47052e-07
2.49338e-07
2.52266e-07
2.52975e-07
2.49726e-07
2.47184e-07
2.42471e-07
2.39062e-07
2.35766e-07
2.30454e-07
2.26887e-07
2.22386e-07
2.78126e-07
2.75096e-07
2.71982e-07
2.68519e-07
2.63768e-07
2.58702e-07
2.54237e-07
2.48282e-07
2.45386e-07
2.4501e-07
2.47661e-07
2.5111e-07
2.5221e-07
2.49273e-07
2.46858e-07
2.4241e-07
2.39182e-07
2.36066e-07
2.31066e-07
2.27652e-07
2.23189e-07
2.76618e-07
2.73474e-07
2.70217e-07
2.66666e-07
2.61753e-07
2.56508e-07
2.51928e-07
2.45812e-07
2.42942e-07
2.42753e-07
2.45779e-07
2.49765e-07
2.51281e-07
2.48672e-07
2.46396e-07
2.42216e-07
2.39171e-07
2.36234e-07
2.31537e-07
2.28258e-07
2.23809e-07
2.75133e-07
2.7192e-07
2.68577e-07
2.64971e-07
2.59951e-07
2.54586e-07
2.49928e-07
2.43694e-07
2.40845e-07
2.40793e-07
2.44079e-07
2.48385e-07
2.5008e-07
2.47563e-07
2.45285e-07
2.41198e-07
2.38229e-07
2.35383e-07
2.3089e-07
2.27767e-07
2.23416e-07
2.73281e-07
2.69918e-07
2.66392e-07
2.6267e-07
2.57444e-07
2.51857e-07
2.47052e-07
2.40619e-07
2.37791e-07
2.37953e-07
2.41687e-07
2.46678e-07
2.48958e-07
2.46919e-07
2.44876e-07
2.41151e-07
2.38418e-07
2.35787e-07
2.31623e-07
2.28581e-07
2.24145e-07
2.71331e-07
2.67847e-07
2.64175e-07
2.60357e-07
2.5496e-07
2.49186e-07
2.44259e-07
2.37653e-07
2.34842e-07
2.35184e-07
2.39294e-07
2.44831e-07
2.47547e-07
2.45835e-07
2.43939e-07
2.40461e-07
2.37892e-07
2.35419e-07
2.31517e-07
2.28565e-07
2.24092e-07
2.69222e-07
2.65615e-07
2.61794e-07
2.57878e-07
2.52307e-07
2.46344e-07
2.4129e-07
2.34507e-07
2.31711e-07
2.32232e-07
2.36718e-07
2.42806e-07
2.45967e-07
2.44584e-07
2.42838e-07
2.39601e-07
2.37193e-07
2.3487e-07
2.31215e-07
2.28337e-07
2.2381e-07
2.66941e-07
2.63205e-07
2.5923e-07
2.55211e-07
2.49459e-07
2.433e-07
2.38115e-07
2.31149e-07
2.28363e-07
2.29062e-07
2.33931e-07
2.40586e-07
2.44214e-07
2.43173e-07
2.41588e-07
2.38595e-07
2.36345e-07
2.34171e-07
2.30751e-07
2.27929e-07
2.23321e-07
2.64479e-07
2.60608e-07
2.56476e-07
2.52348e-07
2.46408e-07
2.40047e-07
2.34726e-07
2.27567e-07
2.24788e-07
2.25666e-07
2.30925e-07
2.38161e-07
2.42277e-07
2.41592e-07
2.4018e-07
2.37432e-07
2.3534e-07
2.33309e-07
2.30114e-07
2.27326e-07
2.22612e-07
2.61796e-07
2.5778e-07
2.53479e-07
2.49233e-07
2.43092e-07
2.36517e-07
2.31049e-07
2.23686e-07
2.2091e-07
2.21968e-07
2.27631e-07
2.35481e-07
2.40129e-07
2.39832e-07
2.38616e-07
2.36126e-07
2.34196e-07
2.3231e-07
2.29329e-07
2.26547e-07
2.21686e-07
2.58817e-07
2.54637e-07
2.50147e-07
2.45767e-07
2.39403e-07
2.32591e-07
2.26959e-07
2.19371e-07
2.16589e-07
2.17833e-07
2.23926e-07
2.3245e-07
2.37706e-07
2.37857e-07
2.36877e-07
2.34674e-07
2.32919e-07
2.31183e-07
2.28406e-07
2.25588e-07
2.20517e-07
2.55557e-07
2.51202e-07
2.46512e-07
2.41988e-07
2.35387e-07
2.28325e-07
2.22518e-07
2.14691e-07
2.11896e-07
2.13325e-07
2.19861e-07
2.29088e-07
2.34992e-07
2.35619e-07
2.34899e-07
2.3299e-07
2.3141e-07
2.29819e-07
2.2723e-07
2.2434e-07
2.19012e-07
2.52613e-07
2.48151e-07
2.43337e-07
2.38723e-07
2.31965e-07
2.24733e-07
2.18811e-07
2.10814e-07
2.08023e-07
2.09603e-07
2.1647e-07
2.26167e-07
2.32445e-07
2.33303e-07
2.32687e-07
2.30918e-07
2.29431e-07
2.27929e-07
2.25487e-07
2.2262e-07
2.17206e-07
2.48551e-07
2.43849e-07
2.3877e-07
2.33958e-07
2.26887e-07
2.19331e-07
2.13177e-07
2.04871e-07
2.02041e-07
2.03818e-07
2.11211e-07
2.21798e-07
2.28966e-07
2.30494e-07
2.30272e-07
2.28891e-07
2.27621e-07
2.26279e-07
2.23996e-07
2.20916e-07
2.15037e-07
2.45287e-07
2.40478e-07
2.35278e-07
2.30376e-07
2.23149e-07
2.15425e-07
2.09155e-07
2.00678e-07
1.97848e-07
1.99772e-07
2.07491e-07
2.18541e-07
2.26084e-07
2.27833e-07
2.27714e-07
2.26456e-07
2.25265e-07
2.23999e-07
2.21836e-07
2.18759e-07
2.12772e-07
2.40654e-07
2.35586e-07
2.30102e-07
2.24983e-07
2.17421e-07
2.09351e-07
2.0283e-07
1.94019e-07
1.91133e-07
1.93244e-07
2.01494e-07
2.13467e-07
2.21959e-07
2.24411e-07
2.24717e-07
2.23841e-07
2.22853e-07
2.21726e-07
2.19667e-07
2.16298e-07
2.09748e-07
2.36833e-07
2.31633e-07
2.26002e-07
2.20769e-07
2.13019e-07
2.04752e-07
1.9809e-07
1.89078e-07
1.86179e-07
1.88437e-07
1.97045e-07
2.09556e-07
2.18525e-07
2.21275e-07
2.2174e-07
2.21016e-07
2.20117e-07
2.19063e-07
2.17096e-07
2.13654e-07
2.06893e-07
2.31938e-07
2.26498e-07
2.20608e-07
2.15171e-07
2.07109e-07
1.9852e-07
1.91623e-07
1.82294e-07
1.79336e-07
1.81761e-07
1.90854e-07
2.04204e-07
2.14038e-07
2.17404e-07
2.18246e-07
2.17834e-07
2.17094e-07
2.16143e-07
2.14227e-07
2.10487e-07
2.0318e-07
2.27343e-07
2.21721e-07
2.15635e-07
2.10043e-07
2.01736e-07
1.92895e-07
1.85814e-07
1.7623e-07
1.73234e-07
1.75808e-07
1.85308e-07
1.99323e-07
2.09808e-07
2.13605e-07
2.14706e-07
2.145e-07
2.13867e-07
2.12987e-07
2.11117e-07
2.07177e-07
1.99484e-07
2.22273e-07
2.16437e-07
2.10123e-07
2.04346e-07
1.95758e-07
1.86627e-07
1.79332e-07
1.69458e-07
1.66406e-07
1.69127e-07
1.79066e-07
1.93827e-07
2.05077e-07
2.09394e-07
2.10816e-07
2.10852e-07
2.10337e-07
2.09527e-07
2.0767e-07
2.03445e-07
1.95247e-07
2.16814e-07
2.10744e-07
2.04183e-07
1.98204e-07
1.89313e-07
1.79872e-07
1.72346e-07
1.62159e-07
1.59038e-07
1.61902e-07
1.72292e-07
1.87838e-07
1.99916e-07
2.04798e-07
2.06578e-07
2.06867e-07
2.0647e-07
2.05721e-07
2.03845e-07
1.99272e-07
1.90488e-07
2.11656e-07
2.05403e-07
1.98648e-07
1.92511e-07
1.83373e-07
1.7368e-07
1.65968e-07
1.55521e-07
1.52353e-07
1.5535e-07
1.66132e-07
1.82328e-07
1.95061e-07
2.00362e-07
2.02404e-07
2.02868e-07
2.02553e-07
2.01847e-07
1.9996e-07
1.95134e-07
1.85907e-07
2.05836e-07
1.9935e-07
1.92351e-07
1.86011e-07
1.7657e-07
1.66569e-07
1.58626e-07
1.47866e-07
1.44621e-07
1.47748e-07
1.58964e-07
1.75927e-07
1.89484e-07
1.95335e-07
1.97733e-07
1.98424e-07
1.98207e-07
1.9754e-07
1.95589e-07
1.90378e-07
1.80527e-07
1.99664e-07
1.9293e-07
1.85674e-07
1.79117e-07
1.69359e-07
1.59035e-07
1.50848e-07
1.39759e-07
1.36427e-07
1.39676e-07
1.51329e-07
1.69081e-07
1.83506e-07
1.89936e-07
1.92718e-07
1.93639e-07
1.93514e-07
1.92874e-07
1.90825e-07
1.85173e-07
1.74631e-07
1.93427e-07
1.8646e-07
1.78962e-07
1.722e-07
1.62139e-07
1.5151e-07
1.4309e-07
1.31687e-07
1.2827e-07
1.31635e-07
1.43705e-07
1.62204e-07
1.77449e-07
1.84417e-07
1.87558e-07
1.8868e-07
1.88632e-07
1.88007e-07
1.85848e-07
1.79766e-07
1.68556e-07
1.86973e-07
1.79769e-07
1.72028e-07
1.65057e-07
1.54692e-07
1.43756e-07
1.35101e-07
1.2338e-07
1.19874e-07
1.23347e-07
1.35826e-07
1.5507e-07
1.71144e-07
1.78651e-07
1.82158e-07
1.83473e-07
1.83493e-07
1.82873e-07
1.80579e-07
1.74038e-07
1.6213e-07
)
;

boundaryField
{
    low
    {
        type            calculated;
        value           uniform 0;
    }
    left
    {
        type            calculated;
        value           uniform 0;
    }
    rifht
    {
        type            calculated;
        value           uniform 0;
    }
    up
    {
        type            calculated;
        value           uniform 0;
    }
    frontAndBackPlanes
    {
        type            empty;
    }
}


// ************************************************************************* //
