/*--------------------------------*- C++ -*----------------------------------*\
  =========                 |
  \\      /  F ield         | OpenFOAM: The Open Source CFD Toolbox
   \\    /   O peration     | Website:  https://openfoam.org
    \\  /    A nd           | Version:  6
     \\/     M anipulation  |
\*---------------------------------------------------------------------------*/
FoamFile
{
    version     2.0;
    format      ascii;
    class       vectorField;
    location    "constant/polyMesh";
    object      points;
}
// * * * * * * * * * * * * * * * * * * * * * * * * * * * * * * * * * * * * * //


5202
(
(-0.5 -0.25 0)
(-0.48 -0.25 0)
(-0.46 -0.25 0)
(-0.44 -0.25 0)
(-0.42 -0.25 0)
(-0.4 -0.25 0)
(-0.38 -0.25 0)
(-0.36 -0.25 0)
(-0.34 -0.25 0)
(-0.32 -0.25 0)
(-0.3 -0.25 0)
(-0.28 -0.25 0)
(-0.26 -0.25 0)
(-0.24 -0.25 0)
(-0.22 -0.25 0)
(-0.2 -0.25 0)
(-0.18 -0.25 0)
(-0.16 -0.25 0)
(-0.14 -0.25 0)
(-0.12 -0.25 0)
(-0.1 -0.25 0)
(-0.08 -0.25 0)
(-0.06 -0.25 0)
(-0.04 -0.25 0)
(-0.02 -0.25 0)
(0 -0.25 0)
(0.02 -0.25 0)
(0.04 -0.25 0)
(0.06 -0.25 0)
(0.08 -0.25 0)
(0.1 -0.25 0)
(0.12 -0.25 0)
(0.14 -0.25 0)
(0.16 -0.25 0)
(0.18 -0.25 0)
(0.2 -0.25 0)
(0.22 -0.25 0)
(0.24 -0.25 0)
(0.26 -0.25 0)
(0.28 -0.25 0)
(0.3 -0.25 0)
(0.32 -0.25 0)
(0.34 -0.25 0)
(0.36 -0.25 0)
(0.38 -0.25 0)
(0.4 -0.25 0)
(0.42 -0.25 0)
(0.44 -0.25 0)
(0.46 -0.25 0)
(0.48 -0.25 0)
(0.5 -0.25 0)
(-0.5 -0.24 0)
(-0.48 -0.24 0)
(-0.46 -0.24 0)
(-0.44 -0.24 0)
(-0.42 -0.24 0)
(-0.4 -0.24 0)
(-0.38 -0.24 0)
(-0.36 -0.24 0)
(-0.34 -0.24 0)
(-0.32 -0.24 0)
(-0.3 -0.24 0)
(-0.28 -0.24 0)
(-0.26 -0.24 0)
(-0.24 -0.24 0)
(-0.22 -0.24 0)
(-0.2 -0.24 0)
(-0.18 -0.24 0)
(-0.16 -0.24 0)
(-0.14 -0.24 0)
(-0.12 -0.24 0)
(-0.1 -0.24 0)
(-0.08 -0.24 0)
(-0.06 -0.24 0)
(-0.04 -0.24 0)
(-0.02 -0.24 0)
(0 -0.24 0)
(0.02 -0.24 0)
(0.04 -0.24 0)
(0.06 -0.24 0)
(0.08 -0.24 0)
(0.1 -0.24 0)
(0.12 -0.24 0)
(0.14 -0.24 0)
(0.16 -0.24 0)
(0.18 -0.24 0)
(0.2 -0.24 0)
(0.22 -0.24 0)
(0.24 -0.24 0)
(0.26 -0.24 0)
(0.28 -0.24 0)
(0.3 -0.24 0)
(0.32 -0.24 0)
(0.34 -0.24 0)
(0.36 -0.24 0)
(0.38 -0.24 0)
(0.4 -0.24 0)
(0.42 -0.24 0)
(0.44 -0.24 0)
(0.46 -0.24 0)
(0.48 -0.24 0)
(0.5 -0.24 0)
(-0.5 -0.23 0)
(-0.48 -0.23 0)
(-0.46 -0.23 0)
(-0.44 -0.23 0)
(-0.42 -0.23 0)
(-0.4 -0.23 0)
(-0.38 -0.23 0)
(-0.36 -0.23 0)
(-0.34 -0.23 0)
(-0.32 -0.23 0)
(-0.3 -0.23 0)
(-0.28 -0.23 0)
(-0.26 -0.23 0)
(-0.24 -0.23 0)
(-0.22 -0.23 0)
(-0.2 -0.23 0)
(-0.18 -0.23 0)
(-0.16 -0.23 0)
(-0.14 -0.23 0)
(-0.12 -0.23 0)
(-0.1 -0.23 0)
(-0.08 -0.23 0)
(-0.06 -0.23 0)
(-0.04 -0.23 0)
(-0.02 -0.23 0)
(0 -0.23 0)
(0.02 -0.23 0)
(0.04 -0.23 0)
(0.06 -0.23 0)
(0.08 -0.23 0)
(0.1 -0.23 0)
(0.12 -0.23 0)
(0.14 -0.23 0)
(0.16 -0.23 0)
(0.18 -0.23 0)
(0.2 -0.23 0)
(0.22 -0.23 0)
(0.24 -0.23 0)
(0.26 -0.23 0)
(0.28 -0.23 0)
(0.3 -0.23 0)
(0.32 -0.23 0)
(0.34 -0.23 0)
(0.36 -0.23 0)
(0.38 -0.23 0)
(0.4 -0.23 0)
(0.42 -0.23 0)
(0.44 -0.23 0)
(0.46 -0.23 0)
(0.48 -0.23 0)
(0.5 -0.23 0)
(-0.5 -0.22 0)
(-0.48 -0.22 0)
(-0.46 -0.22 0)
(-0.44 -0.22 0)
(-0.42 -0.22 0)
(-0.4 -0.22 0)
(-0.38 -0.22 0)
(-0.36 -0.22 0)
(-0.34 -0.22 0)
(-0.32 -0.22 0)
(-0.3 -0.22 0)
(-0.28 -0.22 0)
(-0.26 -0.22 0)
(-0.24 -0.22 0)
(-0.22 -0.22 0)
(-0.2 -0.22 0)
(-0.18 -0.22 0)
(-0.16 -0.22 0)
(-0.14 -0.22 0)
(-0.12 -0.22 0)
(-0.1 -0.22 0)
(-0.08 -0.22 0)
(-0.06 -0.22 0)
(-0.04 -0.22 0)
(-0.02 -0.22 0)
(0 -0.22 0)
(0.02 -0.22 0)
(0.04 -0.22 0)
(0.06 -0.22 0)
(0.08 -0.22 0)
(0.1 -0.22 0)
(0.12 -0.22 0)
(0.14 -0.22 0)
(0.16 -0.22 0)
(0.18 -0.22 0)
(0.2 -0.22 0)
(0.22 -0.22 0)
(0.24 -0.22 0)
(0.26 -0.22 0)
(0.28 -0.22 0)
(0.3 -0.22 0)
(0.32 -0.22 0)
(0.34 -0.22 0)
(0.36 -0.22 0)
(0.38 -0.22 0)
(0.4 -0.22 0)
(0.42 -0.22 0)
(0.44 -0.22 0)
(0.46 -0.22 0)
(0.48 -0.22 0)
(0.5 -0.22 0)
(-0.5 -0.21 0)
(-0.48 -0.21 0)
(-0.46 -0.21 0)
(-0.44 -0.21 0)
(-0.42 -0.21 0)
(-0.4 -0.21 0)
(-0.38 -0.21 0)
(-0.36 -0.21 0)
(-0.34 -0.21 0)
(-0.32 -0.21 0)
(-0.3 -0.21 0)
(-0.28 -0.21 0)
(-0.26 -0.21 0)
(-0.24 -0.21 0)
(-0.22 -0.21 0)
(-0.2 -0.21 0)
(-0.18 -0.21 0)
(-0.16 -0.21 0)
(-0.14 -0.21 0)
(-0.12 -0.21 0)
(-0.1 -0.21 0)
(-0.08 -0.21 0)
(-0.06 -0.21 0)
(-0.04 -0.21 0)
(-0.02 -0.21 0)
(0 -0.21 0)
(0.02 -0.21 0)
(0.04 -0.21 0)
(0.06 -0.21 0)
(0.08 -0.21 0)
(0.1 -0.21 0)
(0.12 -0.21 0)
(0.14 -0.21 0)
(0.16 -0.21 0)
(0.18 -0.21 0)
(0.2 -0.21 0)
(0.22 -0.21 0)
(0.24 -0.21 0)
(0.26 -0.21 0)
(0.28 -0.21 0)
(0.3 -0.21 0)
(0.32 -0.21 0)
(0.34 -0.21 0)
(0.36 -0.21 0)
(0.38 -0.21 0)
(0.4 -0.21 0)
(0.42 -0.21 0)
(0.44 -0.21 0)
(0.46 -0.21 0)
(0.48 -0.21 0)
(0.5 -0.21 0)
(-0.5 -0.2 0)
(-0.48 -0.2 0)
(-0.46 -0.2 0)
(-0.44 -0.2 0)
(-0.42 -0.2 0)
(-0.4 -0.2 0)
(-0.38 -0.2 0)
(-0.36 -0.2 0)
(-0.34 -0.2 0)
(-0.32 -0.2 0)
(-0.3 -0.2 0)
(-0.28 -0.2 0)
(-0.26 -0.2 0)
(-0.24 -0.2 0)
(-0.22 -0.2 0)
(-0.2 -0.2 0)
(-0.18 -0.2 0)
(-0.16 -0.2 0)
(-0.14 -0.2 0)
(-0.12 -0.2 0)
(-0.1 -0.2 0)
(-0.08 -0.2 0)
(-0.06 -0.2 0)
(-0.04 -0.2 0)
(-0.02 -0.2 0)
(0 -0.2 0)
(0.02 -0.2 0)
(0.04 -0.2 0)
(0.06 -0.2 0)
(0.08 -0.2 0)
(0.1 -0.2 0)
(0.12 -0.2 0)
(0.14 -0.2 0)
(0.16 -0.2 0)
(0.18 -0.2 0)
(0.2 -0.2 0)
(0.22 -0.2 0)
(0.24 -0.2 0)
(0.26 -0.2 0)
(0.28 -0.2 0)
(0.3 -0.2 0)
(0.32 -0.2 0)
(0.34 -0.2 0)
(0.36 -0.2 0)
(0.38 -0.2 0)
(0.4 -0.2 0)
(0.42 -0.2 0)
(0.44 -0.2 0)
(0.46 -0.2 0)
(0.48 -0.2 0)
(0.5 -0.2 0)
(-0.5 -0.19 0)
(-0.48 -0.19 0)
(-0.46 -0.19 0)
(-0.44 -0.19 0)
(-0.42 -0.19 0)
(-0.4 -0.19 0)
(-0.38 -0.19 0)
(-0.36 -0.19 0)
(-0.34 -0.19 0)
(-0.32 -0.19 0)
(-0.3 -0.19 0)
(-0.28 -0.19 0)
(-0.26 -0.19 0)
(-0.24 -0.19 0)
(-0.22 -0.19 0)
(-0.2 -0.19 0)
(-0.18 -0.19 0)
(-0.16 -0.19 0)
(-0.14 -0.19 0)
(-0.12 -0.19 0)
(-0.1 -0.19 0)
(-0.08 -0.19 0)
(-0.06 -0.19 0)
(-0.04 -0.19 0)
(-0.02 -0.19 0)
(0 -0.19 0)
(0.02 -0.19 0)
(0.04 -0.19 0)
(0.06 -0.19 0)
(0.08 -0.19 0)
(0.1 -0.19 0)
(0.12 -0.19 0)
(0.14 -0.19 0)
(0.16 -0.19 0)
(0.18 -0.19 0)
(0.2 -0.19 0)
(0.22 -0.19 0)
(0.24 -0.19 0)
(0.26 -0.19 0)
(0.28 -0.19 0)
(0.3 -0.19 0)
(0.32 -0.19 0)
(0.34 -0.19 0)
(0.36 -0.19 0)
(0.38 -0.19 0)
(0.4 -0.19 0)
(0.42 -0.19 0)
(0.44 -0.19 0)
(0.46 -0.19 0)
(0.48 -0.19 0)
(0.5 -0.19 0)
(-0.5 -0.18 0)
(-0.48 -0.18 0)
(-0.46 -0.18 0)
(-0.44 -0.18 0)
(-0.42 -0.18 0)
(-0.4 -0.18 0)
(-0.38 -0.18 0)
(-0.36 -0.18 0)
(-0.34 -0.18 0)
(-0.32 -0.18 0)
(-0.3 -0.18 0)
(-0.28 -0.18 0)
(-0.26 -0.18 0)
(-0.24 -0.18 0)
(-0.22 -0.18 0)
(-0.2 -0.18 0)
(-0.18 -0.18 0)
(-0.16 -0.18 0)
(-0.14 -0.18 0)
(-0.12 -0.18 0)
(-0.1 -0.18 0)
(-0.08 -0.18 0)
(-0.06 -0.18 0)
(-0.04 -0.18 0)
(-0.02 -0.18 0)
(0 -0.18 0)
(0.02 -0.18 0)
(0.04 -0.18 0)
(0.06 -0.18 0)
(0.08 -0.18 0)
(0.1 -0.18 0)
(0.12 -0.18 0)
(0.14 -0.18 0)
(0.16 -0.18 0)
(0.18 -0.18 0)
(0.2 -0.18 0)
(0.22 -0.18 0)
(0.24 -0.18 0)
(0.26 -0.18 0)
(0.28 -0.18 0)
(0.3 -0.18 0)
(0.32 -0.18 0)
(0.34 -0.18 0)
(0.36 -0.18 0)
(0.38 -0.18 0)
(0.4 -0.18 0)
(0.42 -0.18 0)
(0.44 -0.18 0)
(0.46 -0.18 0)
(0.48 -0.18 0)
(0.5 -0.18 0)
(-0.5 -0.17 0)
(-0.48 -0.17 0)
(-0.46 -0.17 0)
(-0.44 -0.17 0)
(-0.42 -0.17 0)
(-0.4 -0.17 0)
(-0.38 -0.17 0)
(-0.36 -0.17 0)
(-0.34 -0.17 0)
(-0.32 -0.17 0)
(-0.3 -0.17 0)
(-0.28 -0.17 0)
(-0.26 -0.17 0)
(-0.24 -0.17 0)
(-0.22 -0.17 0)
(-0.2 -0.17 0)
(-0.18 -0.17 0)
(-0.16 -0.17 0)
(-0.14 -0.17 0)
(-0.12 -0.17 0)
(-0.1 -0.17 0)
(-0.08 -0.17 0)
(-0.06 -0.17 0)
(-0.04 -0.17 0)
(-0.02 -0.17 0)
(0 -0.17 0)
(0.02 -0.17 0)
(0.04 -0.17 0)
(0.06 -0.17 0)
(0.08 -0.17 0)
(0.1 -0.17 0)
(0.12 -0.17 0)
(0.14 -0.17 0)
(0.16 -0.17 0)
(0.18 -0.17 0)
(0.2 -0.17 0)
(0.22 -0.17 0)
(0.24 -0.17 0)
(0.26 -0.17 0)
(0.28 -0.17 0)
(0.3 -0.17 0)
(0.32 -0.17 0)
(0.34 -0.17 0)
(0.36 -0.17 0)
(0.38 -0.17 0)
(0.4 -0.17 0)
(0.42 -0.17 0)
(0.44 -0.17 0)
(0.46 -0.17 0)
(0.48 -0.17 0)
(0.5 -0.17 0)
(-0.5 -0.16 0)
(-0.48 -0.16 0)
(-0.46 -0.16 0)
(-0.44 -0.16 0)
(-0.42 -0.16 0)
(-0.4 -0.16 0)
(-0.38 -0.16 0)
(-0.36 -0.16 0)
(-0.34 -0.16 0)
(-0.32 -0.16 0)
(-0.3 -0.16 0)
(-0.28 -0.16 0)
(-0.26 -0.16 0)
(-0.24 -0.16 0)
(-0.22 -0.16 0)
(-0.2 -0.16 0)
(-0.18 -0.16 0)
(-0.16 -0.16 0)
(-0.14 -0.16 0)
(-0.12 -0.16 0)
(-0.1 -0.16 0)
(-0.08 -0.16 0)
(-0.06 -0.16 0)
(-0.04 -0.16 0)
(-0.02 -0.16 0)
(0 -0.16 0)
(0.02 -0.16 0)
(0.04 -0.16 0)
(0.06 -0.16 0)
(0.08 -0.16 0)
(0.1 -0.16 0)
(0.12 -0.16 0)
(0.14 -0.16 0)
(0.16 -0.16 0)
(0.18 -0.16 0)
(0.2 -0.16 0)
(0.22 -0.16 0)
(0.24 -0.16 0)
(0.26 -0.16 0)
(0.28 -0.16 0)
(0.3 -0.16 0)
(0.32 -0.16 0)
(0.34 -0.16 0)
(0.36 -0.16 0)
(0.38 -0.16 0)
(0.4 -0.16 0)
(0.42 -0.16 0)
(0.44 -0.16 0)
(0.46 -0.16 0)
(0.48 -0.16 0)
(0.5 -0.16 0)
(-0.5 -0.15 0)
(-0.48 -0.15 0)
(-0.46 -0.15 0)
(-0.44 -0.15 0)
(-0.42 -0.15 0)
(-0.4 -0.15 0)
(-0.38 -0.15 0)
(-0.36 -0.15 0)
(-0.34 -0.15 0)
(-0.32 -0.15 0)
(-0.3 -0.15 0)
(-0.28 -0.15 0)
(-0.26 -0.15 0)
(-0.24 -0.15 0)
(-0.22 -0.15 0)
(-0.2 -0.15 0)
(-0.18 -0.15 0)
(-0.16 -0.15 0)
(-0.14 -0.15 0)
(-0.12 -0.15 0)
(-0.1 -0.15 0)
(-0.08 -0.15 0)
(-0.06 -0.15 0)
(-0.04 -0.15 0)
(-0.02 -0.15 0)
(0 -0.15 0)
(0.02 -0.15 0)
(0.04 -0.15 0)
(0.06 -0.15 0)
(0.08 -0.15 0)
(0.1 -0.15 0)
(0.12 -0.15 0)
(0.14 -0.15 0)
(0.16 -0.15 0)
(0.18 -0.15 0)
(0.2 -0.15 0)
(0.22 -0.15 0)
(0.24 -0.15 0)
(0.26 -0.15 0)
(0.28 -0.15 0)
(0.3 -0.15 0)
(0.32 -0.15 0)
(0.34 -0.15 0)
(0.36 -0.15 0)
(0.38 -0.15 0)
(0.4 -0.15 0)
(0.42 -0.15 0)
(0.44 -0.15 0)
(0.46 -0.15 0)
(0.48 -0.15 0)
(0.5 -0.15 0)
(-0.5 -0.14 0)
(-0.48 -0.14 0)
(-0.46 -0.14 0)
(-0.44 -0.14 0)
(-0.42 -0.14 0)
(-0.4 -0.14 0)
(-0.38 -0.14 0)
(-0.36 -0.14 0)
(-0.34 -0.14 0)
(-0.32 -0.14 0)
(-0.3 -0.14 0)
(-0.28 -0.14 0)
(-0.26 -0.14 0)
(-0.24 -0.14 0)
(-0.22 -0.14 0)
(-0.2 -0.14 0)
(-0.18 -0.14 0)
(-0.16 -0.14 0)
(-0.14 -0.14 0)
(-0.12 -0.14 0)
(-0.1 -0.14 0)
(-0.08 -0.14 0)
(-0.06 -0.14 0)
(-0.04 -0.14 0)
(-0.02 -0.14 0)
(0 -0.14 0)
(0.02 -0.14 0)
(0.04 -0.14 0)
(0.06 -0.14 0)
(0.08 -0.14 0)
(0.1 -0.14 0)
(0.12 -0.14 0)
(0.14 -0.14 0)
(0.16 -0.14 0)
(0.18 -0.14 0)
(0.2 -0.14 0)
(0.22 -0.14 0)
(0.24 -0.14 0)
(0.26 -0.14 0)
(0.28 -0.14 0)
(0.3 -0.14 0)
(0.32 -0.14 0)
(0.34 -0.14 0)
(0.36 -0.14 0)
(0.38 -0.14 0)
(0.4 -0.14 0)
(0.42 -0.14 0)
(0.44 -0.14 0)
(0.46 -0.14 0)
(0.48 -0.14 0)
(0.5 -0.14 0)
(-0.5 -0.13 0)
(-0.48 -0.13 0)
(-0.46 -0.13 0)
(-0.44 -0.13 0)
(-0.42 -0.13 0)
(-0.4 -0.13 0)
(-0.38 -0.13 0)
(-0.36 -0.13 0)
(-0.34 -0.13 0)
(-0.32 -0.13 0)
(-0.3 -0.13 0)
(-0.28 -0.13 0)
(-0.26 -0.13 0)
(-0.24 -0.13 0)
(-0.22 -0.13 0)
(-0.2 -0.13 0)
(-0.18 -0.13 0)
(-0.16 -0.13 0)
(-0.14 -0.13 0)
(-0.12 -0.13 0)
(-0.1 -0.13 0)
(-0.08 -0.13 0)
(-0.06 -0.13 0)
(-0.04 -0.13 0)
(-0.02 -0.13 0)
(0 -0.13 0)
(0.02 -0.13 0)
(0.04 -0.13 0)
(0.06 -0.13 0)
(0.08 -0.13 0)
(0.1 -0.13 0)
(0.12 -0.13 0)
(0.14 -0.13 0)
(0.16 -0.13 0)
(0.18 -0.13 0)
(0.2 -0.13 0)
(0.22 -0.13 0)
(0.24 -0.13 0)
(0.26 -0.13 0)
(0.28 -0.13 0)
(0.3 -0.13 0)
(0.32 -0.13 0)
(0.34 -0.13 0)
(0.36 -0.13 0)
(0.38 -0.13 0)
(0.4 -0.13 0)
(0.42 -0.13 0)
(0.44 -0.13 0)
(0.46 -0.13 0)
(0.48 -0.13 0)
(0.5 -0.13 0)
(-0.5 -0.12 0)
(-0.48 -0.12 0)
(-0.46 -0.12 0)
(-0.44 -0.12 0)
(-0.42 -0.12 0)
(-0.4 -0.12 0)
(-0.38 -0.12 0)
(-0.36 -0.12 0)
(-0.34 -0.12 0)
(-0.32 -0.12 0)
(-0.3 -0.12 0)
(-0.28 -0.12 0)
(-0.26 -0.12 0)
(-0.24 -0.12 0)
(-0.22 -0.12 0)
(-0.2 -0.12 0)
(-0.18 -0.12 0)
(-0.16 -0.12 0)
(-0.14 -0.12 0)
(-0.12 -0.12 0)
(-0.1 -0.12 0)
(-0.08 -0.12 0)
(-0.06 -0.12 0)
(-0.04 -0.12 0)
(-0.02 -0.12 0)
(0 -0.12 0)
(0.02 -0.12 0)
(0.04 -0.12 0)
(0.06 -0.12 0)
(0.08 -0.12 0)
(0.1 -0.12 0)
(0.12 -0.12 0)
(0.14 -0.12 0)
(0.16 -0.12 0)
(0.18 -0.12 0)
(0.2 -0.12 0)
(0.22 -0.12 0)
(0.24 -0.12 0)
(0.26 -0.12 0)
(0.28 -0.12 0)
(0.3 -0.12 0)
(0.32 -0.12 0)
(0.34 -0.12 0)
(0.36 -0.12 0)
(0.38 -0.12 0)
(0.4 -0.12 0)
(0.42 -0.12 0)
(0.44 -0.12 0)
(0.46 -0.12 0)
(0.48 -0.12 0)
(0.5 -0.12 0)
(-0.5 -0.11 0)
(-0.48 -0.11 0)
(-0.46 -0.11 0)
(-0.44 -0.11 0)
(-0.42 -0.11 0)
(-0.4 -0.11 0)
(-0.38 -0.11 0)
(-0.36 -0.11 0)
(-0.34 -0.11 0)
(-0.32 -0.11 0)
(-0.3 -0.11 0)
(-0.28 -0.11 0)
(-0.26 -0.11 0)
(-0.24 -0.11 0)
(-0.22 -0.11 0)
(-0.2 -0.11 0)
(-0.18 -0.11 0)
(-0.16 -0.11 0)
(-0.14 -0.11 0)
(-0.12 -0.11 0)
(-0.1 -0.11 0)
(-0.08 -0.11 0)
(-0.06 -0.11 0)
(-0.04 -0.11 0)
(-0.02 -0.11 0)
(0 -0.11 0)
(0.02 -0.11 0)
(0.04 -0.11 0)
(0.06 -0.11 0)
(0.08 -0.11 0)
(0.1 -0.11 0)
(0.12 -0.11 0)
(0.14 -0.11 0)
(0.16 -0.11 0)
(0.18 -0.11 0)
(0.2 -0.11 0)
(0.22 -0.11 0)
(0.24 -0.11 0)
(0.26 -0.11 0)
(0.28 -0.11 0)
(0.3 -0.11 0)
(0.32 -0.11 0)
(0.34 -0.11 0)
(0.36 -0.11 0)
(0.38 -0.11 0)
(0.4 -0.11 0)
(0.42 -0.11 0)
(0.44 -0.11 0)
(0.46 -0.11 0)
(0.48 -0.11 0)
(0.5 -0.11 0)
(-0.5 -0.1 0)
(-0.48 -0.1 0)
(-0.46 -0.1 0)
(-0.44 -0.1 0)
(-0.42 -0.1 0)
(-0.4 -0.1 0)
(-0.38 -0.1 0)
(-0.36 -0.1 0)
(-0.34 -0.1 0)
(-0.32 -0.1 0)
(-0.3 -0.1 0)
(-0.28 -0.1 0)
(-0.26 -0.1 0)
(-0.24 -0.1 0)
(-0.22 -0.1 0)
(-0.2 -0.1 0)
(-0.18 -0.1 0)
(-0.16 -0.1 0)
(-0.14 -0.1 0)
(-0.12 -0.1 0)
(-0.1 -0.1 0)
(-0.08 -0.1 0)
(-0.06 -0.1 0)
(-0.04 -0.1 0)
(-0.02 -0.1 0)
(0 -0.1 0)
(0.02 -0.1 0)
(0.04 -0.1 0)
(0.06 -0.1 0)
(0.08 -0.1 0)
(0.1 -0.1 0)
(0.12 -0.1 0)
(0.14 -0.1 0)
(0.16 -0.1 0)
(0.18 -0.1 0)
(0.2 -0.1 0)
(0.22 -0.1 0)
(0.24 -0.1 0)
(0.26 -0.1 0)
(0.28 -0.1 0)
(0.3 -0.1 0)
(0.32 -0.1 0)
(0.34 -0.1 0)
(0.36 -0.1 0)
(0.38 -0.1 0)
(0.4 -0.1 0)
(0.42 -0.1 0)
(0.44 -0.1 0)
(0.46 -0.1 0)
(0.48 -0.1 0)
(0.5 -0.1 0)
(-0.5 -0.09 0)
(-0.48 -0.09 0)
(-0.46 -0.09 0)
(-0.44 -0.09 0)
(-0.42 -0.09 0)
(-0.4 -0.09 0)
(-0.38 -0.09 0)
(-0.36 -0.09 0)
(-0.34 -0.09 0)
(-0.32 -0.09 0)
(-0.3 -0.09 0)
(-0.28 -0.09 0)
(-0.26 -0.09 0)
(-0.24 -0.09 0)
(-0.22 -0.09 0)
(-0.2 -0.09 0)
(-0.18 -0.09 0)
(-0.16 -0.09 0)
(-0.14 -0.09 0)
(-0.12 -0.09 0)
(-0.1 -0.09 0)
(-0.08 -0.09 0)
(-0.06 -0.09 0)
(-0.04 -0.09 0)
(-0.02 -0.09 0)
(0 -0.09 0)
(0.02 -0.09 0)
(0.04 -0.09 0)
(0.06 -0.09 0)
(0.08 -0.09 0)
(0.1 -0.09 0)
(0.12 -0.09 0)
(0.14 -0.09 0)
(0.16 -0.09 0)
(0.18 -0.09 0)
(0.2 -0.09 0)
(0.22 -0.09 0)
(0.24 -0.09 0)
(0.26 -0.09 0)
(0.28 -0.09 0)
(0.3 -0.09 0)
(0.32 -0.09 0)
(0.34 -0.09 0)
(0.36 -0.09 0)
(0.38 -0.09 0)
(0.4 -0.09 0)
(0.42 -0.09 0)
(0.44 -0.09 0)
(0.46 -0.09 0)
(0.48 -0.09 0)
(0.5 -0.09 0)
(-0.5 -0.08 0)
(-0.48 -0.08 0)
(-0.46 -0.08 0)
(-0.44 -0.08 0)
(-0.42 -0.08 0)
(-0.4 -0.08 0)
(-0.38 -0.08 0)
(-0.36 -0.08 0)
(-0.34 -0.08 0)
(-0.32 -0.08 0)
(-0.3 -0.08 0)
(-0.28 -0.08 0)
(-0.26 -0.08 0)
(-0.24 -0.08 0)
(-0.22 -0.08 0)
(-0.2 -0.08 0)
(-0.18 -0.08 0)
(-0.16 -0.08 0)
(-0.14 -0.08 0)
(-0.12 -0.08 0)
(-0.1 -0.08 0)
(-0.08 -0.08 0)
(-0.06 -0.08 0)
(-0.04 -0.08 0)
(-0.02 -0.08 0)
(0 -0.08 0)
(0.02 -0.08 0)
(0.04 -0.08 0)
(0.06 -0.08 0)
(0.08 -0.08 0)
(0.1 -0.08 0)
(0.12 -0.08 0)
(0.14 -0.08 0)
(0.16 -0.08 0)
(0.18 -0.08 0)
(0.2 -0.08 0)
(0.22 -0.08 0)
(0.24 -0.08 0)
(0.26 -0.08 0)
(0.28 -0.08 0)
(0.3 -0.08 0)
(0.32 -0.08 0)
(0.34 -0.08 0)
(0.36 -0.08 0)
(0.38 -0.08 0)
(0.4 -0.08 0)
(0.42 -0.08 0)
(0.44 -0.08 0)
(0.46 -0.08 0)
(0.48 -0.08 0)
(0.5 -0.08 0)
(-0.5 -0.07 0)
(-0.48 -0.07 0)
(-0.46 -0.07 0)
(-0.44 -0.07 0)
(-0.42 -0.07 0)
(-0.4 -0.07 0)
(-0.38 -0.07 0)
(-0.36 -0.07 0)
(-0.34 -0.07 0)
(-0.32 -0.07 0)
(-0.3 -0.07 0)
(-0.28 -0.07 0)
(-0.26 -0.07 0)
(-0.24 -0.07 0)
(-0.22 -0.07 0)
(-0.2 -0.07 0)
(-0.18 -0.07 0)
(-0.16 -0.07 0)
(-0.14 -0.07 0)
(-0.12 -0.07 0)
(-0.1 -0.07 0)
(-0.08 -0.07 0)
(-0.06 -0.07 0)
(-0.04 -0.07 0)
(-0.02 -0.07 0)
(0 -0.07 0)
(0.02 -0.07 0)
(0.04 -0.07 0)
(0.06 -0.07 0)
(0.08 -0.07 0)
(0.1 -0.07 0)
(0.12 -0.07 0)
(0.14 -0.07 0)
(0.16 -0.07 0)
(0.18 -0.07 0)
(0.2 -0.07 0)
(0.22 -0.07 0)
(0.24 -0.07 0)
(0.26 -0.07 0)
(0.28 -0.07 0)
(0.3 -0.07 0)
(0.32 -0.07 0)
(0.34 -0.07 0)
(0.36 -0.07 0)
(0.38 -0.07 0)
(0.4 -0.07 0)
(0.42 -0.07 0)
(0.44 -0.07 0)
(0.46 -0.07 0)
(0.48 -0.07 0)
(0.5 -0.07 0)
(-0.5 -0.06 0)
(-0.48 -0.06 0)
(-0.46 -0.06 0)
(-0.44 -0.06 0)
(-0.42 -0.06 0)
(-0.4 -0.06 0)
(-0.38 -0.06 0)
(-0.36 -0.06 0)
(-0.34 -0.06 0)
(-0.32 -0.06 0)
(-0.3 -0.06 0)
(-0.28 -0.06 0)
(-0.26 -0.06 0)
(-0.24 -0.06 0)
(-0.22 -0.06 0)
(-0.2 -0.06 0)
(-0.18 -0.06 0)
(-0.16 -0.06 0)
(-0.14 -0.06 0)
(-0.12 -0.06 0)
(-0.1 -0.06 0)
(-0.08 -0.06 0)
(-0.06 -0.06 0)
(-0.04 -0.06 0)
(-0.02 -0.06 0)
(0 -0.06 0)
(0.02 -0.06 0)
(0.04 -0.06 0)
(0.06 -0.06 0)
(0.08 -0.06 0)
(0.1 -0.06 0)
(0.12 -0.06 0)
(0.14 -0.06 0)
(0.16 -0.06 0)
(0.18 -0.06 0)
(0.2 -0.06 0)
(0.22 -0.06 0)
(0.24 -0.06 0)
(0.26 -0.06 0)
(0.28 -0.06 0)
(0.3 -0.06 0)
(0.32 -0.06 0)
(0.34 -0.06 0)
(0.36 -0.06 0)
(0.38 -0.06 0)
(0.4 -0.06 0)
(0.42 -0.06 0)
(0.44 -0.06 0)
(0.46 -0.06 0)
(0.48 -0.06 0)
(0.5 -0.06 0)
(-0.5 -0.05 0)
(-0.48 -0.05 0)
(-0.46 -0.05 0)
(-0.44 -0.05 0)
(-0.42 -0.05 0)
(-0.4 -0.05 0)
(-0.38 -0.05 0)
(-0.36 -0.05 0)
(-0.34 -0.05 0)
(-0.32 -0.05 0)
(-0.3 -0.05 0)
(-0.28 -0.05 0)
(-0.26 -0.05 0)
(-0.24 -0.05 0)
(-0.22 -0.05 0)
(-0.2 -0.05 0)
(-0.18 -0.05 0)
(-0.16 -0.05 0)
(-0.14 -0.05 0)
(-0.12 -0.05 0)
(-0.1 -0.05 0)
(-0.08 -0.05 0)
(-0.06 -0.05 0)
(-0.04 -0.05 0)
(-0.02 -0.05 0)
(0 -0.05 0)
(0.02 -0.05 0)
(0.04 -0.05 0)
(0.06 -0.05 0)
(0.08 -0.05 0)
(0.1 -0.05 0)
(0.12 -0.05 0)
(0.14 -0.05 0)
(0.16 -0.05 0)
(0.18 -0.05 0)
(0.2 -0.05 0)
(0.22 -0.05 0)
(0.24 -0.05 0)
(0.26 -0.05 0)
(0.28 -0.05 0)
(0.3 -0.05 0)
(0.32 -0.05 0)
(0.34 -0.05 0)
(0.36 -0.05 0)
(0.38 -0.05 0)
(0.4 -0.05 0)
(0.42 -0.05 0)
(0.44 -0.05 0)
(0.46 -0.05 0)
(0.48 -0.05 0)
(0.5 -0.05 0)
(-0.5 -0.04 0)
(-0.48 -0.04 0)
(-0.46 -0.04 0)
(-0.44 -0.04 0)
(-0.42 -0.04 0)
(-0.4 -0.04 0)
(-0.38 -0.04 0)
(-0.36 -0.04 0)
(-0.34 -0.04 0)
(-0.32 -0.04 0)
(-0.3 -0.04 0)
(-0.28 -0.04 0)
(-0.26 -0.04 0)
(-0.24 -0.04 0)
(-0.22 -0.04 0)
(-0.2 -0.04 0)
(-0.18 -0.04 0)
(-0.16 -0.04 0)
(-0.14 -0.04 0)
(-0.12 -0.04 0)
(-0.1 -0.04 0)
(-0.08 -0.04 0)
(-0.06 -0.04 0)
(-0.04 -0.04 0)
(-0.02 -0.04 0)
(0 -0.04 0)
(0.02 -0.04 0)
(0.04 -0.04 0)
(0.06 -0.04 0)
(0.08 -0.04 0)
(0.1 -0.04 0)
(0.12 -0.04 0)
(0.14 -0.04 0)
(0.16 -0.04 0)
(0.18 -0.04 0)
(0.2 -0.04 0)
(0.22 -0.04 0)
(0.24 -0.04 0)
(0.26 -0.04 0)
(0.28 -0.04 0)
(0.3 -0.04 0)
(0.32 -0.04 0)
(0.34 -0.04 0)
(0.36 -0.04 0)
(0.38 -0.04 0)
(0.4 -0.04 0)
(0.42 -0.04 0)
(0.44 -0.04 0)
(0.46 -0.04 0)
(0.48 -0.04 0)
(0.5 -0.04 0)
(-0.5 -0.03 0)
(-0.48 -0.03 0)
(-0.46 -0.03 0)
(-0.44 -0.03 0)
(-0.42 -0.03 0)
(-0.4 -0.03 0)
(-0.38 -0.03 0)
(-0.36 -0.03 0)
(-0.34 -0.03 0)
(-0.32 -0.03 0)
(-0.3 -0.03 0)
(-0.28 -0.03 0)
(-0.26 -0.03 0)
(-0.24 -0.03 0)
(-0.22 -0.03 0)
(-0.2 -0.03 0)
(-0.18 -0.03 0)
(-0.16 -0.03 0)
(-0.14 -0.03 0)
(-0.12 -0.03 0)
(-0.1 -0.03 0)
(-0.08 -0.03 0)
(-0.06 -0.03 0)
(-0.04 -0.03 0)
(-0.02 -0.03 0)
(0 -0.03 0)
(0.02 -0.03 0)
(0.04 -0.03 0)
(0.06 -0.03 0)
(0.08 -0.03 0)
(0.1 -0.03 0)
(0.12 -0.03 0)
(0.14 -0.03 0)
(0.16 -0.03 0)
(0.18 -0.03 0)
(0.2 -0.03 0)
(0.22 -0.03 0)
(0.24 -0.03 0)
(0.26 -0.03 0)
(0.28 -0.03 0)
(0.3 -0.03 0)
(0.32 -0.03 0)
(0.34 -0.03 0)
(0.36 -0.03 0)
(0.38 -0.03 0)
(0.4 -0.03 0)
(0.42 -0.03 0)
(0.44 -0.03 0)
(0.46 -0.03 0)
(0.48 -0.03 0)
(0.5 -0.03 0)
(-0.5 -0.02 0)
(-0.48 -0.02 0)
(-0.46 -0.02 0)
(-0.44 -0.02 0)
(-0.42 -0.02 0)
(-0.4 -0.02 0)
(-0.38 -0.02 0)
(-0.36 -0.02 0)
(-0.34 -0.02 0)
(-0.32 -0.02 0)
(-0.3 -0.02 0)
(-0.28 -0.02 0)
(-0.26 -0.02 0)
(-0.24 -0.02 0)
(-0.22 -0.02 0)
(-0.2 -0.02 0)
(-0.18 -0.02 0)
(-0.16 -0.02 0)
(-0.14 -0.02 0)
(-0.12 -0.02 0)
(-0.1 -0.02 0)
(-0.08 -0.02 0)
(-0.06 -0.02 0)
(-0.04 -0.02 0)
(-0.02 -0.02 0)
(0 -0.02 0)
(0.02 -0.02 0)
(0.04 -0.02 0)
(0.06 -0.02 0)
(0.08 -0.02 0)
(0.1 -0.02 0)
(0.12 -0.02 0)
(0.14 -0.02 0)
(0.16 -0.02 0)
(0.18 -0.02 0)
(0.2 -0.02 0)
(0.22 -0.02 0)
(0.24 -0.02 0)
(0.26 -0.02 0)
(0.28 -0.02 0)
(0.3 -0.02 0)
(0.32 -0.02 0)
(0.34 -0.02 0)
(0.36 -0.02 0)
(0.38 -0.02 0)
(0.4 -0.02 0)
(0.42 -0.02 0)
(0.44 -0.02 0)
(0.46 -0.02 0)
(0.48 -0.02 0)
(0.5 -0.02 0)
(-0.5 -0.01 0)
(-0.48 -0.01 0)
(-0.46 -0.01 0)
(-0.44 -0.01 0)
(-0.42 -0.01 0)
(-0.4 -0.01 0)
(-0.38 -0.01 0)
(-0.36 -0.01 0)
(-0.34 -0.01 0)
(-0.32 -0.01 0)
(-0.3 -0.01 0)
(-0.28 -0.01 0)
(-0.26 -0.01 0)
(-0.24 -0.01 0)
(-0.22 -0.01 0)
(-0.2 -0.01 0)
(-0.18 -0.01 0)
(-0.16 -0.01 0)
(-0.14 -0.01 0)
(-0.12 -0.01 0)
(-0.1 -0.01 0)
(-0.08 -0.01 0)
(-0.06 -0.01 0)
(-0.04 -0.01 0)
(-0.02 -0.01 0)
(0 -0.01 0)
(0.02 -0.01 0)
(0.04 -0.01 0)
(0.06 -0.01 0)
(0.08 -0.01 0)
(0.1 -0.01 0)
(0.12 -0.01 0)
(0.14 -0.01 0)
(0.16 -0.01 0)
(0.18 -0.01 0)
(0.2 -0.01 0)
(0.22 -0.01 0)
(0.24 -0.01 0)
(0.26 -0.01 0)
(0.28 -0.01 0)
(0.3 -0.01 0)
(0.32 -0.01 0)
(0.34 -0.01 0)
(0.36 -0.01 0)
(0.38 -0.01 0)
(0.4 -0.01 0)
(0.42 -0.01 0)
(0.44 -0.01 0)
(0.46 -0.01 0)
(0.48 -0.01 0)
(0.5 -0.01 0)
(-0.5 -1.734723476e-18 0)
(-0.48 -1.734723476e-18 0)
(-0.46 -1.734723476e-18 0)
(-0.44 -1.734723476e-18 0)
(-0.42 -1.734723476e-18 0)
(-0.4 -1.734723476e-18 0)
(-0.38 -1.734723476e-18 0)
(-0.36 -1.734723476e-18 0)
(-0.34 -1.734723476e-18 0)
(-0.32 -1.734723476e-18 0)
(-0.3 -1.734723476e-18 0)
(-0.28 -1.734723476e-18 0)
(-0.26 -1.734723476e-18 0)
(-0.24 -1.734723476e-18 0)
(-0.22 -1.734723476e-18 0)
(-0.2 -1.734723476e-18 0)
(-0.18 -1.734723476e-18 0)
(-0.16 -1.734723476e-18 0)
(-0.14 -1.734723476e-18 0)
(-0.12 -1.734723476e-18 0)
(-0.1 -1.734723476e-18 0)
(-0.08 -1.734723476e-18 0)
(-0.06 -1.734723476e-18 0)
(-0.04 -1.734723476e-18 0)
(-0.02 -1.734723476e-18 0)
(0 -1.734723476e-18 0)
(0.02 -1.734723476e-18 0)
(0.04 -1.734723476e-18 0)
(0.06 -1.734723476e-18 0)
(0.08 -1.734723476e-18 0)
(0.1 -1.734723476e-18 0)
(0.12 -1.734723476e-18 0)
(0.14 -1.734723476e-18 0)
(0.16 -1.734723476e-18 0)
(0.18 -1.734723476e-18 0)
(0.2 -1.734723476e-18 0)
(0.22 -1.734723476e-18 0)
(0.24 -1.734723476e-18 0)
(0.26 -1.734723476e-18 0)
(0.28 -1.734723476e-18 0)
(0.3 -1.734723476e-18 0)
(0.32 -1.734723476e-18 0)
(0.34 -1.734723476e-18 0)
(0.36 -1.734723476e-18 0)
(0.38 -1.734723476e-18 0)
(0.4 -1.734723476e-18 0)
(0.42 -1.734723476e-18 0)
(0.44 -1.734723476e-18 0)
(0.46 -1.734723476e-18 0)
(0.48 -1.734723476e-18 0)
(0.5 -1.734723476e-18 0)
(-0.5 0.01 0)
(-0.48 0.01 0)
(-0.46 0.01 0)
(-0.44 0.01 0)
(-0.42 0.01 0)
(-0.4 0.01 0)
(-0.38 0.01 0)
(-0.36 0.01 0)
(-0.34 0.01 0)
(-0.32 0.01 0)
(-0.3 0.01 0)
(-0.28 0.01 0)
(-0.26 0.01 0)
(-0.24 0.01 0)
(-0.22 0.01 0)
(-0.2 0.01 0)
(-0.18 0.01 0)
(-0.16 0.01 0)
(-0.14 0.01 0)
(-0.12 0.01 0)
(-0.1 0.01 0)
(-0.08 0.01 0)
(-0.06 0.01 0)
(-0.04 0.01 0)
(-0.02 0.01 0)
(0 0.01 0)
(0.02 0.01 0)
(0.04 0.01 0)
(0.06 0.01 0)
(0.08 0.01 0)
(0.1 0.01 0)
(0.12 0.01 0)
(0.14 0.01 0)
(0.16 0.01 0)
(0.18 0.01 0)
(0.2 0.01 0)
(0.22 0.01 0)
(0.24 0.01 0)
(0.26 0.01 0)
(0.28 0.01 0)
(0.3 0.01 0)
(0.32 0.01 0)
(0.34 0.01 0)
(0.36 0.01 0)
(0.38 0.01 0)
(0.4 0.01 0)
(0.42 0.01 0)
(0.44 0.01 0)
(0.46 0.01 0)
(0.48 0.01 0)
(0.5 0.01 0)
(-0.5 0.02 0)
(-0.48 0.02 0)
(-0.46 0.02 0)
(-0.44 0.02 0)
(-0.42 0.02 0)
(-0.4 0.02 0)
(-0.38 0.02 0)
(-0.36 0.02 0)
(-0.34 0.02 0)
(-0.32 0.02 0)
(-0.3 0.02 0)
(-0.28 0.02 0)
(-0.26 0.02 0)
(-0.24 0.02 0)
(-0.22 0.02 0)
(-0.2 0.02 0)
(-0.18 0.02 0)
(-0.16 0.02 0)
(-0.14 0.02 0)
(-0.12 0.02 0)
(-0.1 0.02 0)
(-0.08 0.02 0)
(-0.06 0.02 0)
(-0.04 0.02 0)
(-0.02 0.02 0)
(0 0.02 0)
(0.02 0.02 0)
(0.04 0.02 0)
(0.06 0.02 0)
(0.08 0.02 0)
(0.1 0.02 0)
(0.12 0.02 0)
(0.14 0.02 0)
(0.16 0.02 0)
(0.18 0.02 0)
(0.2 0.02 0)
(0.22 0.02 0)
(0.24 0.02 0)
(0.26 0.02 0)
(0.28 0.02 0)
(0.3 0.02 0)
(0.32 0.02 0)
(0.34 0.02 0)
(0.36 0.02 0)
(0.38 0.02 0)
(0.4 0.02 0)
(0.42 0.02 0)
(0.44 0.02 0)
(0.46 0.02 0)
(0.48 0.02 0)
(0.5 0.02 0)
(-0.5 0.03 0)
(-0.48 0.03 0)
(-0.46 0.03 0)
(-0.44 0.03 0)
(-0.42 0.03 0)
(-0.4 0.03 0)
(-0.38 0.03 0)
(-0.36 0.03 0)
(-0.34 0.03 0)
(-0.32 0.03 0)
(-0.3 0.03 0)
(-0.28 0.03 0)
(-0.26 0.03 0)
(-0.24 0.03 0)
(-0.22 0.03 0)
(-0.2 0.03 0)
(-0.18 0.03 0)
(-0.16 0.03 0)
(-0.14 0.03 0)
(-0.12 0.03 0)
(-0.1 0.03 0)
(-0.08 0.03 0)
(-0.06 0.03 0)
(-0.04 0.03 0)
(-0.02 0.03 0)
(0 0.03 0)
(0.02 0.03 0)
(0.04 0.03 0)
(0.06 0.03 0)
(0.08 0.03 0)
(0.1 0.03 0)
(0.12 0.03 0)
(0.14 0.03 0)
(0.16 0.03 0)
(0.18 0.03 0)
(0.2 0.03 0)
(0.22 0.03 0)
(0.24 0.03 0)
(0.26 0.03 0)
(0.28 0.03 0)
(0.3 0.03 0)
(0.32 0.03 0)
(0.34 0.03 0)
(0.36 0.03 0)
(0.38 0.03 0)
(0.4 0.03 0)
(0.42 0.03 0)
(0.44 0.03 0)
(0.46 0.03 0)
(0.48 0.03 0)
(0.5 0.03 0)
(-0.5 0.04 0)
(-0.48 0.04 0)
(-0.46 0.04 0)
(-0.44 0.04 0)
(-0.42 0.04 0)
(-0.4 0.04 0)
(-0.38 0.04 0)
(-0.36 0.04 0)
(-0.34 0.04 0)
(-0.32 0.04 0)
(-0.3 0.04 0)
(-0.28 0.04 0)
(-0.26 0.04 0)
(-0.24 0.04 0)
(-0.22 0.04 0)
(-0.2 0.04 0)
(-0.18 0.04 0)
(-0.16 0.04 0)
(-0.14 0.04 0)
(-0.12 0.04 0)
(-0.1 0.04 0)
(-0.08 0.04 0)
(-0.06 0.04 0)
(-0.04 0.04 0)
(-0.02 0.04 0)
(0 0.04 0)
(0.02 0.04 0)
(0.04 0.04 0)
(0.06 0.04 0)
(0.08 0.04 0)
(0.1 0.04 0)
(0.12 0.04 0)
(0.14 0.04 0)
(0.16 0.04 0)
(0.18 0.04 0)
(0.2 0.04 0)
(0.22 0.04 0)
(0.24 0.04 0)
(0.26 0.04 0)
(0.28 0.04 0)
(0.3 0.04 0)
(0.32 0.04 0)
(0.34 0.04 0)
(0.36 0.04 0)
(0.38 0.04 0)
(0.4 0.04 0)
(0.42 0.04 0)
(0.44 0.04 0)
(0.46 0.04 0)
(0.48 0.04 0)
(0.5 0.04 0)
(-0.5 0.05 0)
(-0.48 0.05 0)
(-0.46 0.05 0)
(-0.44 0.05 0)
(-0.42 0.05 0)
(-0.4 0.05 0)
(-0.38 0.05 0)
(-0.36 0.05 0)
(-0.34 0.05 0)
(-0.32 0.05 0)
(-0.3 0.05 0)
(-0.28 0.05 0)
(-0.26 0.05 0)
(-0.24 0.05 0)
(-0.22 0.05 0)
(-0.2 0.05 0)
(-0.18 0.05 0)
(-0.16 0.05 0)
(-0.14 0.05 0)
(-0.12 0.05 0)
(-0.1 0.05 0)
(-0.08 0.05 0)
(-0.06 0.05 0)
(-0.04 0.05 0)
(-0.02 0.05 0)
(0 0.05 0)
(0.02 0.05 0)
(0.04 0.05 0)
(0.06 0.05 0)
(0.08 0.05 0)
(0.1 0.05 0)
(0.12 0.05 0)
(0.14 0.05 0)
(0.16 0.05 0)
(0.18 0.05 0)
(0.2 0.05 0)
(0.22 0.05 0)
(0.24 0.05 0)
(0.26 0.05 0)
(0.28 0.05 0)
(0.3 0.05 0)
(0.32 0.05 0)
(0.34 0.05 0)
(0.36 0.05 0)
(0.38 0.05 0)
(0.4 0.05 0)
(0.42 0.05 0)
(0.44 0.05 0)
(0.46 0.05 0)
(0.48 0.05 0)
(0.5 0.05 0)
(-0.5 0.06 0)
(-0.48 0.06 0)
(-0.46 0.06 0)
(-0.44 0.06 0)
(-0.42 0.06 0)
(-0.4 0.06 0)
(-0.38 0.06 0)
(-0.36 0.06 0)
(-0.34 0.06 0)
(-0.32 0.06 0)
(-0.3 0.06 0)
(-0.28 0.06 0)
(-0.26 0.06 0)
(-0.24 0.06 0)
(-0.22 0.06 0)
(-0.2 0.06 0)
(-0.18 0.06 0)
(-0.16 0.06 0)
(-0.14 0.06 0)
(-0.12 0.06 0)
(-0.1 0.06 0)
(-0.08 0.06 0)
(-0.06 0.06 0)
(-0.04 0.06 0)
(-0.02 0.06 0)
(0 0.06 0)
(0.02 0.06 0)
(0.04 0.06 0)
(0.06 0.06 0)
(0.08 0.06 0)
(0.1 0.06 0)
(0.12 0.06 0)
(0.14 0.06 0)
(0.16 0.06 0)
(0.18 0.06 0)
(0.2 0.06 0)
(0.22 0.06 0)
(0.24 0.06 0)
(0.26 0.06 0)
(0.28 0.06 0)
(0.3 0.06 0)
(0.32 0.06 0)
(0.34 0.06 0)
(0.36 0.06 0)
(0.38 0.06 0)
(0.4 0.06 0)
(0.42 0.06 0)
(0.44 0.06 0)
(0.46 0.06 0)
(0.48 0.06 0)
(0.5 0.06 0)
(-0.5 0.07 0)
(-0.48 0.07 0)
(-0.46 0.07 0)
(-0.44 0.07 0)
(-0.42 0.07 0)
(-0.4 0.07 0)
(-0.38 0.07 0)
(-0.36 0.07 0)
(-0.34 0.07 0)
(-0.32 0.07 0)
(-0.3 0.07 0)
(-0.28 0.07 0)
(-0.26 0.07 0)
(-0.24 0.07 0)
(-0.22 0.07 0)
(-0.2 0.07 0)
(-0.18 0.07 0)
(-0.16 0.07 0)
(-0.14 0.07 0)
(-0.12 0.07 0)
(-0.1 0.07 0)
(-0.08 0.07 0)
(-0.06 0.07 0)
(-0.04 0.07 0)
(-0.02 0.07 0)
(0 0.07 0)
(0.02 0.07 0)
(0.04 0.07 0)
(0.06 0.07 0)
(0.08 0.07 0)
(0.1 0.07 0)
(0.12 0.07 0)
(0.14 0.07 0)
(0.16 0.07 0)
(0.18 0.07 0)
(0.2 0.07 0)
(0.22 0.07 0)
(0.24 0.07 0)
(0.26 0.07 0)
(0.28 0.07 0)
(0.3 0.07 0)
(0.32 0.07 0)
(0.34 0.07 0)
(0.36 0.07 0)
(0.38 0.07 0)
(0.4 0.07 0)
(0.42 0.07 0)
(0.44 0.07 0)
(0.46 0.07 0)
(0.48 0.07 0)
(0.5 0.07 0)
(-0.5 0.08 0)
(-0.48 0.08 0)
(-0.46 0.08 0)
(-0.44 0.08 0)
(-0.42 0.08 0)
(-0.4 0.08 0)
(-0.38 0.08 0)
(-0.36 0.08 0)
(-0.34 0.08 0)
(-0.32 0.08 0)
(-0.3 0.08 0)
(-0.28 0.08 0)
(-0.26 0.08 0)
(-0.24 0.08 0)
(-0.22 0.08 0)
(-0.2 0.08 0)
(-0.18 0.08 0)
(-0.16 0.08 0)
(-0.14 0.08 0)
(-0.12 0.08 0)
(-0.1 0.08 0)
(-0.08 0.08 0)
(-0.06 0.08 0)
(-0.04 0.08 0)
(-0.02 0.08 0)
(0 0.08 0)
(0.02 0.08 0)
(0.04 0.08 0)
(0.06 0.08 0)
(0.08 0.08 0)
(0.1 0.08 0)
(0.12 0.08 0)
(0.14 0.08 0)
(0.16 0.08 0)
(0.18 0.08 0)
(0.2 0.08 0)
(0.22 0.08 0)
(0.24 0.08 0)
(0.26 0.08 0)
(0.28 0.08 0)
(0.3 0.08 0)
(0.32 0.08 0)
(0.34 0.08 0)
(0.36 0.08 0)
(0.38 0.08 0)
(0.4 0.08 0)
(0.42 0.08 0)
(0.44 0.08 0)
(0.46 0.08 0)
(0.48 0.08 0)
(0.5 0.08 0)
(-0.5 0.09 0)
(-0.48 0.09 0)
(-0.46 0.09 0)
(-0.44 0.09 0)
(-0.42 0.09 0)
(-0.4 0.09 0)
(-0.38 0.09 0)
(-0.36 0.09 0)
(-0.34 0.09 0)
(-0.32 0.09 0)
(-0.3 0.09 0)
(-0.28 0.09 0)
(-0.26 0.09 0)
(-0.24 0.09 0)
(-0.22 0.09 0)
(-0.2 0.09 0)
(-0.18 0.09 0)
(-0.16 0.09 0)
(-0.14 0.09 0)
(-0.12 0.09 0)
(-0.1 0.09 0)
(-0.08 0.09 0)
(-0.06 0.09 0)
(-0.04 0.09 0)
(-0.02 0.09 0)
(0 0.09 0)
(0.02 0.09 0)
(0.04 0.09 0)
(0.06 0.09 0)
(0.08 0.09 0)
(0.1 0.09 0)
(0.12 0.09 0)
(0.14 0.09 0)
(0.16 0.09 0)
(0.18 0.09 0)
(0.2 0.09 0)
(0.22 0.09 0)
(0.24 0.09 0)
(0.26 0.09 0)
(0.28 0.09 0)
(0.3 0.09 0)
(0.32 0.09 0)
(0.34 0.09 0)
(0.36 0.09 0)
(0.38 0.09 0)
(0.4 0.09 0)
(0.42 0.09 0)
(0.44 0.09 0)
(0.46 0.09 0)
(0.48 0.09 0)
(0.5 0.09 0)
(-0.5 0.1 0)
(-0.48 0.1 0)
(-0.46 0.1 0)
(-0.44 0.1 0)
(-0.42 0.1 0)
(-0.4 0.1 0)
(-0.38 0.1 0)
(-0.36 0.1 0)
(-0.34 0.1 0)
(-0.32 0.1 0)
(-0.3 0.1 0)
(-0.28 0.1 0)
(-0.26 0.1 0)
(-0.24 0.1 0)
(-0.22 0.1 0)
(-0.2 0.1 0)
(-0.18 0.1 0)
(-0.16 0.1 0)
(-0.14 0.1 0)
(-0.12 0.1 0)
(-0.1 0.1 0)
(-0.08 0.1 0)
(-0.06 0.1 0)
(-0.04 0.1 0)
(-0.02 0.1 0)
(0 0.1 0)
(0.02 0.1 0)
(0.04 0.1 0)
(0.06 0.1 0)
(0.08 0.1 0)
(0.1 0.1 0)
(0.12 0.1 0)
(0.14 0.1 0)
(0.16 0.1 0)
(0.18 0.1 0)
(0.2 0.1 0)
(0.22 0.1 0)
(0.24 0.1 0)
(0.26 0.1 0)
(0.28 0.1 0)
(0.3 0.1 0)
(0.32 0.1 0)
(0.34 0.1 0)
(0.36 0.1 0)
(0.38 0.1 0)
(0.4 0.1 0)
(0.42 0.1 0)
(0.44 0.1 0)
(0.46 0.1 0)
(0.48 0.1 0)
(0.5 0.1 0)
(-0.5 0.11 0)
(-0.48 0.11 0)
(-0.46 0.11 0)
(-0.44 0.11 0)
(-0.42 0.11 0)
(-0.4 0.11 0)
(-0.38 0.11 0)
(-0.36 0.11 0)
(-0.34 0.11 0)
(-0.32 0.11 0)
(-0.3 0.11 0)
(-0.28 0.11 0)
(-0.26 0.11 0)
(-0.24 0.11 0)
(-0.22 0.11 0)
(-0.2 0.11 0)
(-0.18 0.11 0)
(-0.16 0.11 0)
(-0.14 0.11 0)
(-0.12 0.11 0)
(-0.1 0.11 0)
(-0.08 0.11 0)
(-0.06 0.11 0)
(-0.04 0.11 0)
(-0.02 0.11 0)
(0 0.11 0)
(0.02 0.11 0)
(0.04 0.11 0)
(0.06 0.11 0)
(0.08 0.11 0)
(0.1 0.11 0)
(0.12 0.11 0)
(0.14 0.11 0)
(0.16 0.11 0)
(0.18 0.11 0)
(0.2 0.11 0)
(0.22 0.11 0)
(0.24 0.11 0)
(0.26 0.11 0)
(0.28 0.11 0)
(0.3 0.11 0)
(0.32 0.11 0)
(0.34 0.11 0)
(0.36 0.11 0)
(0.38 0.11 0)
(0.4 0.11 0)
(0.42 0.11 0)
(0.44 0.11 0)
(0.46 0.11 0)
(0.48 0.11 0)
(0.5 0.11 0)
(-0.5 0.12 0)
(-0.48 0.12 0)
(-0.46 0.12 0)
(-0.44 0.12 0)
(-0.42 0.12 0)
(-0.4 0.12 0)
(-0.38 0.12 0)
(-0.36 0.12 0)
(-0.34 0.12 0)
(-0.32 0.12 0)
(-0.3 0.12 0)
(-0.28 0.12 0)
(-0.26 0.12 0)
(-0.24 0.12 0)
(-0.22 0.12 0)
(-0.2 0.12 0)
(-0.18 0.12 0)
(-0.16 0.12 0)
(-0.14 0.12 0)
(-0.12 0.12 0)
(-0.1 0.12 0)
(-0.08 0.12 0)
(-0.06 0.12 0)
(-0.04 0.12 0)
(-0.02 0.12 0)
(0 0.12 0)
(0.02 0.12 0)
(0.04 0.12 0)
(0.06 0.12 0)
(0.08 0.12 0)
(0.1 0.12 0)
(0.12 0.12 0)
(0.14 0.12 0)
(0.16 0.12 0)
(0.18 0.12 0)
(0.2 0.12 0)
(0.22 0.12 0)
(0.24 0.12 0)
(0.26 0.12 0)
(0.28 0.12 0)
(0.3 0.12 0)
(0.32 0.12 0)
(0.34 0.12 0)
(0.36 0.12 0)
(0.38 0.12 0)
(0.4 0.12 0)
(0.42 0.12 0)
(0.44 0.12 0)
(0.46 0.12 0)
(0.48 0.12 0)
(0.5 0.12 0)
(-0.5 0.13 0)
(-0.48 0.13 0)
(-0.46 0.13 0)
(-0.44 0.13 0)
(-0.42 0.13 0)
(-0.4 0.13 0)
(-0.38 0.13 0)
(-0.36 0.13 0)
(-0.34 0.13 0)
(-0.32 0.13 0)
(-0.3 0.13 0)
(-0.28 0.13 0)
(-0.26 0.13 0)
(-0.24 0.13 0)
(-0.22 0.13 0)
(-0.2 0.13 0)
(-0.18 0.13 0)
(-0.16 0.13 0)
(-0.14 0.13 0)
(-0.12 0.13 0)
(-0.1 0.13 0)
(-0.08 0.13 0)
(-0.06 0.13 0)
(-0.04 0.13 0)
(-0.02 0.13 0)
(0 0.13 0)
(0.02 0.13 0)
(0.04 0.13 0)
(0.06 0.13 0)
(0.08 0.13 0)
(0.1 0.13 0)
(0.12 0.13 0)
(0.14 0.13 0)
(0.16 0.13 0)
(0.18 0.13 0)
(0.2 0.13 0)
(0.22 0.13 0)
(0.24 0.13 0)
(0.26 0.13 0)
(0.28 0.13 0)
(0.3 0.13 0)
(0.32 0.13 0)
(0.34 0.13 0)
(0.36 0.13 0)
(0.38 0.13 0)
(0.4 0.13 0)
(0.42 0.13 0)
(0.44 0.13 0)
(0.46 0.13 0)
(0.48 0.13 0)
(0.5 0.13 0)
(-0.5 0.14 0)
(-0.48 0.14 0)
(-0.46 0.14 0)
(-0.44 0.14 0)
(-0.42 0.14 0)
(-0.4 0.14 0)
(-0.38 0.14 0)
(-0.36 0.14 0)
(-0.34 0.14 0)
(-0.32 0.14 0)
(-0.3 0.14 0)
(-0.28 0.14 0)
(-0.26 0.14 0)
(-0.24 0.14 0)
(-0.22 0.14 0)
(-0.2 0.14 0)
(-0.18 0.14 0)
(-0.16 0.14 0)
(-0.14 0.14 0)
(-0.12 0.14 0)
(-0.1 0.14 0)
(-0.08 0.14 0)
(-0.06 0.14 0)
(-0.04 0.14 0)
(-0.02 0.14 0)
(0 0.14 0)
(0.02 0.14 0)
(0.04 0.14 0)
(0.06 0.14 0)
(0.08 0.14 0)
(0.1 0.14 0)
(0.12 0.14 0)
(0.14 0.14 0)
(0.16 0.14 0)
(0.18 0.14 0)
(0.2 0.14 0)
(0.22 0.14 0)
(0.24 0.14 0)
(0.26 0.14 0)
(0.28 0.14 0)
(0.3 0.14 0)
(0.32 0.14 0)
(0.34 0.14 0)
(0.36 0.14 0)
(0.38 0.14 0)
(0.4 0.14 0)
(0.42 0.14 0)
(0.44 0.14 0)
(0.46 0.14 0)
(0.48 0.14 0)
(0.5 0.14 0)
(-0.5 0.15 0)
(-0.48 0.15 0)
(-0.46 0.15 0)
(-0.44 0.15 0)
(-0.42 0.15 0)
(-0.4 0.15 0)
(-0.38 0.15 0)
(-0.36 0.15 0)
(-0.34 0.15 0)
(-0.32 0.15 0)
(-0.3 0.15 0)
(-0.28 0.15 0)
(-0.26 0.15 0)
(-0.24 0.15 0)
(-0.22 0.15 0)
(-0.2 0.15 0)
(-0.18 0.15 0)
(-0.16 0.15 0)
(-0.14 0.15 0)
(-0.12 0.15 0)
(-0.1 0.15 0)
(-0.08 0.15 0)
(-0.06 0.15 0)
(-0.04 0.15 0)
(-0.02 0.15 0)
(0 0.15 0)
(0.02 0.15 0)
(0.04 0.15 0)
(0.06 0.15 0)
(0.08 0.15 0)
(0.1 0.15 0)
(0.12 0.15 0)
(0.14 0.15 0)
(0.16 0.15 0)
(0.18 0.15 0)
(0.2 0.15 0)
(0.22 0.15 0)
(0.24 0.15 0)
(0.26 0.15 0)
(0.28 0.15 0)
(0.3 0.15 0)
(0.32 0.15 0)
(0.34 0.15 0)
(0.36 0.15 0)
(0.38 0.15 0)
(0.4 0.15 0)
(0.42 0.15 0)
(0.44 0.15 0)
(0.46 0.15 0)
(0.48 0.15 0)
(0.5 0.15 0)
(-0.5 0.16 0)
(-0.48 0.16 0)
(-0.46 0.16 0)
(-0.44 0.16 0)
(-0.42 0.16 0)
(-0.4 0.16 0)
(-0.38 0.16 0)
(-0.36 0.16 0)
(-0.34 0.16 0)
(-0.32 0.16 0)
(-0.3 0.16 0)
(-0.28 0.16 0)
(-0.26 0.16 0)
(-0.24 0.16 0)
(-0.22 0.16 0)
(-0.2 0.16 0)
(-0.18 0.16 0)
(-0.16 0.16 0)
(-0.14 0.16 0)
(-0.12 0.16 0)
(-0.1 0.16 0)
(-0.08 0.16 0)
(-0.06 0.16 0)
(-0.04 0.16 0)
(-0.02 0.16 0)
(0 0.16 0)
(0.02 0.16 0)
(0.04 0.16 0)
(0.06 0.16 0)
(0.08 0.16 0)
(0.1 0.16 0)
(0.12 0.16 0)
(0.14 0.16 0)
(0.16 0.16 0)
(0.18 0.16 0)
(0.2 0.16 0)
(0.22 0.16 0)
(0.24 0.16 0)
(0.26 0.16 0)
(0.28 0.16 0)
(0.3 0.16 0)
(0.32 0.16 0)
(0.34 0.16 0)
(0.36 0.16 0)
(0.38 0.16 0)
(0.4 0.16 0)
(0.42 0.16 0)
(0.44 0.16 0)
(0.46 0.16 0)
(0.48 0.16 0)
(0.5 0.16 0)
(-0.5 0.17 0)
(-0.48 0.17 0)
(-0.46 0.17 0)
(-0.44 0.17 0)
(-0.42 0.17 0)
(-0.4 0.17 0)
(-0.38 0.17 0)
(-0.36 0.17 0)
(-0.34 0.17 0)
(-0.32 0.17 0)
(-0.3 0.17 0)
(-0.28 0.17 0)
(-0.26 0.17 0)
(-0.24 0.17 0)
(-0.22 0.17 0)
(-0.2 0.17 0)
(-0.18 0.17 0)
(-0.16 0.17 0)
(-0.14 0.17 0)
(-0.12 0.17 0)
(-0.1 0.17 0)
(-0.08 0.17 0)
(-0.06 0.17 0)
(-0.04 0.17 0)
(-0.02 0.17 0)
(0 0.17 0)
(0.02 0.17 0)
(0.04 0.17 0)
(0.06 0.17 0)
(0.08 0.17 0)
(0.1 0.17 0)
(0.12 0.17 0)
(0.14 0.17 0)
(0.16 0.17 0)
(0.18 0.17 0)
(0.2 0.17 0)
(0.22 0.17 0)
(0.24 0.17 0)
(0.26 0.17 0)
(0.28 0.17 0)
(0.3 0.17 0)
(0.32 0.17 0)
(0.34 0.17 0)
(0.36 0.17 0)
(0.38 0.17 0)
(0.4 0.17 0)
(0.42 0.17 0)
(0.44 0.17 0)
(0.46 0.17 0)
(0.48 0.17 0)
(0.5 0.17 0)
(-0.5 0.18 0)
(-0.48 0.18 0)
(-0.46 0.18 0)
(-0.44 0.18 0)
(-0.42 0.18 0)
(-0.4 0.18 0)
(-0.38 0.18 0)
(-0.36 0.18 0)
(-0.34 0.18 0)
(-0.32 0.18 0)
(-0.3 0.18 0)
(-0.28 0.18 0)
(-0.26 0.18 0)
(-0.24 0.18 0)
(-0.22 0.18 0)
(-0.2 0.18 0)
(-0.18 0.18 0)
(-0.16 0.18 0)
(-0.14 0.18 0)
(-0.12 0.18 0)
(-0.1 0.18 0)
(-0.08 0.18 0)
(-0.06 0.18 0)
(-0.04 0.18 0)
(-0.02 0.18 0)
(0 0.18 0)
(0.02 0.18 0)
(0.04 0.18 0)
(0.06 0.18 0)
(0.08 0.18 0)
(0.1 0.18 0)
(0.12 0.18 0)
(0.14 0.18 0)
(0.16 0.18 0)
(0.18 0.18 0)
(0.2 0.18 0)
(0.22 0.18 0)
(0.24 0.18 0)
(0.26 0.18 0)
(0.28 0.18 0)
(0.3 0.18 0)
(0.32 0.18 0)
(0.34 0.18 0)
(0.36 0.18 0)
(0.38 0.18 0)
(0.4 0.18 0)
(0.42 0.18 0)
(0.44 0.18 0)
(0.46 0.18 0)
(0.48 0.18 0)
(0.5 0.18 0)
(-0.5 0.19 0)
(-0.48 0.19 0)
(-0.46 0.19 0)
(-0.44 0.19 0)
(-0.42 0.19 0)
(-0.4 0.19 0)
(-0.38 0.19 0)
(-0.36 0.19 0)
(-0.34 0.19 0)
(-0.32 0.19 0)
(-0.3 0.19 0)
(-0.28 0.19 0)
(-0.26 0.19 0)
(-0.24 0.19 0)
(-0.22 0.19 0)
(-0.2 0.19 0)
(-0.18 0.19 0)
(-0.16 0.19 0)
(-0.14 0.19 0)
(-0.12 0.19 0)
(-0.1 0.19 0)
(-0.08 0.19 0)
(-0.06 0.19 0)
(-0.04 0.19 0)
(-0.02 0.19 0)
(0 0.19 0)
(0.02 0.19 0)
(0.04 0.19 0)
(0.06 0.19 0)
(0.08 0.19 0)
(0.1 0.19 0)
(0.12 0.19 0)
(0.14 0.19 0)
(0.16 0.19 0)
(0.18 0.19 0)
(0.2 0.19 0)
(0.22 0.19 0)
(0.24 0.19 0)
(0.26 0.19 0)
(0.28 0.19 0)
(0.3 0.19 0)
(0.32 0.19 0)
(0.34 0.19 0)
(0.36 0.19 0)
(0.38 0.19 0)
(0.4 0.19 0)
(0.42 0.19 0)
(0.44 0.19 0)
(0.46 0.19 0)
(0.48 0.19 0)
(0.5 0.19 0)
(-0.5 0.2 0)
(-0.48 0.2 0)
(-0.46 0.2 0)
(-0.44 0.2 0)
(-0.42 0.2 0)
(-0.4 0.2 0)
(-0.38 0.2 0)
(-0.36 0.2 0)
(-0.34 0.2 0)
(-0.32 0.2 0)
(-0.3 0.2 0)
(-0.28 0.2 0)
(-0.26 0.2 0)
(-0.24 0.2 0)
(-0.22 0.2 0)
(-0.2 0.2 0)
(-0.18 0.2 0)
(-0.16 0.2 0)
(-0.14 0.2 0)
(-0.12 0.2 0)
(-0.1 0.2 0)
(-0.08 0.2 0)
(-0.06 0.2 0)
(-0.04 0.2 0)
(-0.02 0.2 0)
(0 0.2 0)
(0.02 0.2 0)
(0.04 0.2 0)
(0.06 0.2 0)
(0.08 0.2 0)
(0.1 0.2 0)
(0.12 0.2 0)
(0.14 0.2 0)
(0.16 0.2 0)
(0.18 0.2 0)
(0.2 0.2 0)
(0.22 0.2 0)
(0.24 0.2 0)
(0.26 0.2 0)
(0.28 0.2 0)
(0.3 0.2 0)
(0.32 0.2 0)
(0.34 0.2 0)
(0.36 0.2 0)
(0.38 0.2 0)
(0.4 0.2 0)
(0.42 0.2 0)
(0.44 0.2 0)
(0.46 0.2 0)
(0.48 0.2 0)
(0.5 0.2 0)
(-0.5 0.21 0)
(-0.48 0.21 0)
(-0.46 0.21 0)
(-0.44 0.21 0)
(-0.42 0.21 0)
(-0.4 0.21 0)
(-0.38 0.21 0)
(-0.36 0.21 0)
(-0.34 0.21 0)
(-0.32 0.21 0)
(-0.3 0.21 0)
(-0.28 0.21 0)
(-0.26 0.21 0)
(-0.24 0.21 0)
(-0.22 0.21 0)
(-0.2 0.21 0)
(-0.18 0.21 0)
(-0.16 0.21 0)
(-0.14 0.21 0)
(-0.12 0.21 0)
(-0.1 0.21 0)
(-0.08 0.21 0)
(-0.06 0.21 0)
(-0.04 0.21 0)
(-0.02 0.21 0)
(0 0.21 0)
(0.02 0.21 0)
(0.04 0.21 0)
(0.06 0.21 0)
(0.08 0.21 0)
(0.1 0.21 0)
(0.12 0.21 0)
(0.14 0.21 0)
(0.16 0.21 0)
(0.18 0.21 0)
(0.2 0.21 0)
(0.22 0.21 0)
(0.24 0.21 0)
(0.26 0.21 0)
(0.28 0.21 0)
(0.3 0.21 0)
(0.32 0.21 0)
(0.34 0.21 0)
(0.36 0.21 0)
(0.38 0.21 0)
(0.4 0.21 0)
(0.42 0.21 0)
(0.44 0.21 0)
(0.46 0.21 0)
(0.48 0.21 0)
(0.5 0.21 0)
(-0.5 0.22 0)
(-0.48 0.22 0)
(-0.46 0.22 0)
(-0.44 0.22 0)
(-0.42 0.22 0)
(-0.4 0.22 0)
(-0.38 0.22 0)
(-0.36 0.22 0)
(-0.34 0.22 0)
(-0.32 0.22 0)
(-0.3 0.22 0)
(-0.28 0.22 0)
(-0.26 0.22 0)
(-0.24 0.22 0)
(-0.22 0.22 0)
(-0.2 0.22 0)
(-0.18 0.22 0)
(-0.16 0.22 0)
(-0.14 0.22 0)
(-0.12 0.22 0)
(-0.1 0.22 0)
(-0.08 0.22 0)
(-0.06 0.22 0)
(-0.04 0.22 0)
(-0.02 0.22 0)
(0 0.22 0)
(0.02 0.22 0)
(0.04 0.22 0)
(0.06 0.22 0)
(0.08 0.22 0)
(0.1 0.22 0)
(0.12 0.22 0)
(0.14 0.22 0)
(0.16 0.22 0)
(0.18 0.22 0)
(0.2 0.22 0)
(0.22 0.22 0)
(0.24 0.22 0)
(0.26 0.22 0)
(0.28 0.22 0)
(0.3 0.22 0)
(0.32 0.22 0)
(0.34 0.22 0)
(0.36 0.22 0)
(0.38 0.22 0)
(0.4 0.22 0)
(0.42 0.22 0)
(0.44 0.22 0)
(0.46 0.22 0)
(0.48 0.22 0)
(0.5 0.22 0)
(-0.5 0.23 0)
(-0.48 0.23 0)
(-0.46 0.23 0)
(-0.44 0.23 0)
(-0.42 0.23 0)
(-0.4 0.23 0)
(-0.38 0.23 0)
(-0.36 0.23 0)
(-0.34 0.23 0)
(-0.32 0.23 0)
(-0.3 0.23 0)
(-0.28 0.23 0)
(-0.26 0.23 0)
(-0.24 0.23 0)
(-0.22 0.23 0)
(-0.2 0.23 0)
(-0.18 0.23 0)
(-0.16 0.23 0)
(-0.14 0.23 0)
(-0.12 0.23 0)
(-0.1 0.23 0)
(-0.08 0.23 0)
(-0.06 0.23 0)
(-0.04 0.23 0)
(-0.02 0.23 0)
(0 0.23 0)
(0.02 0.23 0)
(0.04 0.23 0)
(0.06 0.23 0)
(0.08 0.23 0)
(0.1 0.23 0)
(0.12 0.23 0)
(0.14 0.23 0)
(0.16 0.23 0)
(0.18 0.23 0)
(0.2 0.23 0)
(0.22 0.23 0)
(0.24 0.23 0)
(0.26 0.23 0)
(0.28 0.23 0)
(0.3 0.23 0)
(0.32 0.23 0)
(0.34 0.23 0)
(0.36 0.23 0)
(0.38 0.23 0)
(0.4 0.23 0)
(0.42 0.23 0)
(0.44 0.23 0)
(0.46 0.23 0)
(0.48 0.23 0)
(0.5 0.23 0)
(-0.5 0.24 0)
(-0.48 0.24 0)
(-0.46 0.24 0)
(-0.44 0.24 0)
(-0.42 0.24 0)
(-0.4 0.24 0)
(-0.38 0.24 0)
(-0.36 0.24 0)
(-0.34 0.24 0)
(-0.32 0.24 0)
(-0.3 0.24 0)
(-0.28 0.24 0)
(-0.26 0.24 0)
(-0.24 0.24 0)
(-0.22 0.24 0)
(-0.2 0.24 0)
(-0.18 0.24 0)
(-0.16 0.24 0)
(-0.14 0.24 0)
(-0.12 0.24 0)
(-0.1 0.24 0)
(-0.08 0.24 0)
(-0.06 0.24 0)
(-0.04 0.24 0)
(-0.02 0.24 0)
(0 0.24 0)
(0.02 0.24 0)
(0.04 0.24 0)
(0.06 0.24 0)
(0.08 0.24 0)
(0.1 0.24 0)
(0.12 0.24 0)
(0.14 0.24 0)
(0.16 0.24 0)
(0.18 0.24 0)
(0.2 0.24 0)
(0.22 0.24 0)
(0.24 0.24 0)
(0.26 0.24 0)
(0.28 0.24 0)
(0.3 0.24 0)
(0.32 0.24 0)
(0.34 0.24 0)
(0.36 0.24 0)
(0.38 0.24 0)
(0.4 0.24 0)
(0.42 0.24 0)
(0.44 0.24 0)
(0.46 0.24 0)
(0.48 0.24 0)
(0.5 0.24 0)
(-0.5 0.25 0)
(-0.48 0.25 0)
(-0.46 0.25 0)
(-0.44 0.25 0)
(-0.42 0.25 0)
(-0.4 0.25 0)
(-0.38 0.25 0)
(-0.36 0.25 0)
(-0.34 0.25 0)
(-0.32 0.25 0)
(-0.3 0.25 0)
(-0.28 0.25 0)
(-0.26 0.25 0)
(-0.24 0.25 0)
(-0.22 0.25 0)
(-0.2 0.25 0)
(-0.18 0.25 0)
(-0.16 0.25 0)
(-0.14 0.25 0)
(-0.12 0.25 0)
(-0.1 0.25 0)
(-0.08 0.25 0)
(-0.06 0.25 0)
(-0.04 0.25 0)
(-0.02 0.25 0)
(0 0.25 0)
(0.02 0.25 0)
(0.04 0.25 0)
(0.06 0.25 0)
(0.08 0.25 0)
(0.1 0.25 0)
(0.12 0.25 0)
(0.14 0.25 0)
(0.16 0.25 0)
(0.18 0.25 0)
(0.2 0.25 0)
(0.22 0.25 0)
(0.24 0.25 0)
(0.26 0.25 0)
(0.28 0.25 0)
(0.3 0.25 0)
(0.32 0.25 0)
(0.34 0.25 0)
(0.36 0.25 0)
(0.38 0.25 0)
(0.4 0.25 0)
(0.42 0.25 0)
(0.44 0.25 0)
(0.46 0.25 0)
(0.48 0.25 0)
(0.5 0.25 0)
(-0.5 -0.25 0.01)
(-0.48 -0.25 0.01)
(-0.46 -0.25 0.01)
(-0.44 -0.25 0.01)
(-0.42 -0.25 0.01)
(-0.4 -0.25 0.01)
(-0.38 -0.25 0.01)
(-0.36 -0.25 0.01)
(-0.34 -0.25 0.01)
(-0.32 -0.25 0.01)
(-0.3 -0.25 0.01)
(-0.28 -0.25 0.01)
(-0.26 -0.25 0.01)
(-0.24 -0.25 0.01)
(-0.22 -0.25 0.01)
(-0.2 -0.25 0.01)
(-0.18 -0.25 0.01)
(-0.16 -0.25 0.01)
(-0.14 -0.25 0.01)
(-0.12 -0.25 0.01)
(-0.1 -0.25 0.01)
(-0.08 -0.25 0.01)
(-0.06 -0.25 0.01)
(-0.04 -0.25 0.01)
(-0.02 -0.25 0.01)
(0 -0.25 0.01)
(0.02 -0.25 0.01)
(0.04 -0.25 0.01)
(0.06 -0.25 0.01)
(0.08 -0.25 0.01)
(0.1 -0.25 0.01)
(0.12 -0.25 0.01)
(0.14 -0.25 0.01)
(0.16 -0.25 0.01)
(0.18 -0.25 0.01)
(0.2 -0.25 0.01)
(0.22 -0.25 0.01)
(0.24 -0.25 0.01)
(0.26 -0.25 0.01)
(0.28 -0.25 0.01)
(0.3 -0.25 0.01)
(0.32 -0.25 0.01)
(0.34 -0.25 0.01)
(0.36 -0.25 0.01)
(0.38 -0.25 0.01)
(0.4 -0.25 0.01)
(0.42 -0.25 0.01)
(0.44 -0.25 0.01)
(0.46 -0.25 0.01)
(0.48 -0.25 0.01)
(0.5 -0.25 0.01)
(-0.5 -0.24 0.01)
(-0.48 -0.24 0.01)
(-0.46 -0.24 0.01)
(-0.44 -0.24 0.01)
(-0.42 -0.24 0.01)
(-0.4 -0.24 0.01)
(-0.38 -0.24 0.01)
(-0.36 -0.24 0.01)
(-0.34 -0.24 0.01)
(-0.32 -0.24 0.01)
(-0.3 -0.24 0.01)
(-0.28 -0.24 0.01)
(-0.26 -0.24 0.01)
(-0.24 -0.24 0.01)
(-0.22 -0.24 0.01)
(-0.2 -0.24 0.01)
(-0.18 -0.24 0.01)
(-0.16 -0.24 0.01)
(-0.14 -0.24 0.01)
(-0.12 -0.24 0.01)
(-0.1 -0.24 0.01)
(-0.08 -0.24 0.01)
(-0.06 -0.24 0.01)
(-0.04 -0.24 0.01)
(-0.02 -0.24 0.01)
(0 -0.24 0.01)
(0.02 -0.24 0.01)
(0.04 -0.24 0.01)
(0.06 -0.24 0.01)
(0.08 -0.24 0.01)
(0.1 -0.24 0.01)
(0.12 -0.24 0.01)
(0.14 -0.24 0.01)
(0.16 -0.24 0.01)
(0.18 -0.24 0.01)
(0.2 -0.24 0.01)
(0.22 -0.24 0.01)
(0.24 -0.24 0.01)
(0.26 -0.24 0.01)
(0.28 -0.24 0.01)
(0.3 -0.24 0.01)
(0.32 -0.24 0.01)
(0.34 -0.24 0.01)
(0.36 -0.24 0.01)
(0.38 -0.24 0.01)
(0.4 -0.24 0.01)
(0.42 -0.24 0.01)
(0.44 -0.24 0.01)
(0.46 -0.24 0.01)
(0.48 -0.24 0.01)
(0.5 -0.24 0.01)
(-0.5 -0.23 0.01)
(-0.48 -0.23 0.01)
(-0.46 -0.23 0.01)
(-0.44 -0.23 0.01)
(-0.42 -0.23 0.01)
(-0.4 -0.23 0.01)
(-0.38 -0.23 0.01)
(-0.36 -0.23 0.01)
(-0.34 -0.23 0.01)
(-0.32 -0.23 0.01)
(-0.3 -0.23 0.01)
(-0.28 -0.23 0.01)
(-0.26 -0.23 0.01)
(-0.24 -0.23 0.01)
(-0.22 -0.23 0.01)
(-0.2 -0.23 0.01)
(-0.18 -0.23 0.01)
(-0.16 -0.23 0.01)
(-0.14 -0.23 0.01)
(-0.12 -0.23 0.01)
(-0.1 -0.23 0.01)
(-0.08 -0.23 0.01)
(-0.06 -0.23 0.01)
(-0.04 -0.23 0.01)
(-0.02 -0.23 0.01)
(0 -0.23 0.01)
(0.02 -0.23 0.01)
(0.04 -0.23 0.01)
(0.06 -0.23 0.01)
(0.08 -0.23 0.01)
(0.1 -0.23 0.01)
(0.12 -0.23 0.01)
(0.14 -0.23 0.01)
(0.16 -0.23 0.01)
(0.18 -0.23 0.01)
(0.2 -0.23 0.01)
(0.22 -0.23 0.01)
(0.24 -0.23 0.01)
(0.26 -0.23 0.01)
(0.28 -0.23 0.01)
(0.3 -0.23 0.01)
(0.32 -0.23 0.01)
(0.34 -0.23 0.01)
(0.36 -0.23 0.01)
(0.38 -0.23 0.01)
(0.4 -0.23 0.01)
(0.42 -0.23 0.01)
(0.44 -0.23 0.01)
(0.46 -0.23 0.01)
(0.48 -0.23 0.01)
(0.5 -0.23 0.01)
(-0.5 -0.22 0.01)
(-0.48 -0.22 0.01)
(-0.46 -0.22 0.01)
(-0.44 -0.22 0.01)
(-0.42 -0.22 0.01)
(-0.4 -0.22 0.01)
(-0.38 -0.22 0.01)
(-0.36 -0.22 0.01)
(-0.34 -0.22 0.01)
(-0.32 -0.22 0.01)
(-0.3 -0.22 0.01)
(-0.28 -0.22 0.01)
(-0.26 -0.22 0.01)
(-0.24 -0.22 0.01)
(-0.22 -0.22 0.01)
(-0.2 -0.22 0.01)
(-0.18 -0.22 0.01)
(-0.16 -0.22 0.01)
(-0.14 -0.22 0.01)
(-0.12 -0.22 0.01)
(-0.1 -0.22 0.01)
(-0.08 -0.22 0.01)
(-0.06 -0.22 0.01)
(-0.04 -0.22 0.01)
(-0.02 -0.22 0.01)
(0 -0.22 0.01)
(0.02 -0.22 0.01)
(0.04 -0.22 0.01)
(0.06 -0.22 0.01)
(0.08 -0.22 0.01)
(0.1 -0.22 0.01)
(0.12 -0.22 0.01)
(0.14 -0.22 0.01)
(0.16 -0.22 0.01)
(0.18 -0.22 0.01)
(0.2 -0.22 0.01)
(0.22 -0.22 0.01)
(0.24 -0.22 0.01)
(0.26 -0.22 0.01)
(0.28 -0.22 0.01)
(0.3 -0.22 0.01)
(0.32 -0.22 0.01)
(0.34 -0.22 0.01)
(0.36 -0.22 0.01)
(0.38 -0.22 0.01)
(0.4 -0.22 0.01)
(0.42 -0.22 0.01)
(0.44 -0.22 0.01)
(0.46 -0.22 0.01)
(0.48 -0.22 0.01)
(0.5 -0.22 0.01)
(-0.5 -0.21 0.01)
(-0.48 -0.21 0.01)
(-0.46 -0.21 0.01)
(-0.44 -0.21 0.01)
(-0.42 -0.21 0.01)
(-0.4 -0.21 0.01)
(-0.38 -0.21 0.01)
(-0.36 -0.21 0.01)
(-0.34 -0.21 0.01)
(-0.32 -0.21 0.01)
(-0.3 -0.21 0.01)
(-0.28 -0.21 0.01)
(-0.26 -0.21 0.01)
(-0.24 -0.21 0.01)
(-0.22 -0.21 0.01)
(-0.2 -0.21 0.01)
(-0.18 -0.21 0.01)
(-0.16 -0.21 0.01)
(-0.14 -0.21 0.01)
(-0.12 -0.21 0.01)
(-0.1 -0.21 0.01)
(-0.08 -0.21 0.01)
(-0.06 -0.21 0.01)
(-0.04 -0.21 0.01)
(-0.02 -0.21 0.01)
(0 -0.21 0.01)
(0.02 -0.21 0.01)
(0.04 -0.21 0.01)
(0.06 -0.21 0.01)
(0.08 -0.21 0.01)
(0.1 -0.21 0.01)
(0.12 -0.21 0.01)
(0.14 -0.21 0.01)
(0.16 -0.21 0.01)
(0.18 -0.21 0.01)
(0.2 -0.21 0.01)
(0.22 -0.21 0.01)
(0.24 -0.21 0.01)
(0.26 -0.21 0.01)
(0.28 -0.21 0.01)
(0.3 -0.21 0.01)
(0.32 -0.21 0.01)
(0.34 -0.21 0.01)
(0.36 -0.21 0.01)
(0.38 -0.21 0.01)
(0.4 -0.21 0.01)
(0.42 -0.21 0.01)
(0.44 -0.21 0.01)
(0.46 -0.21 0.01)
(0.48 -0.21 0.01)
(0.5 -0.21 0.01)
(-0.5 -0.2 0.01)
(-0.48 -0.2 0.01)
(-0.46 -0.2 0.01)
(-0.44 -0.2 0.01)
(-0.42 -0.2 0.01)
(-0.4 -0.2 0.01)
(-0.38 -0.2 0.01)
(-0.36 -0.2 0.01)
(-0.34 -0.2 0.01)
(-0.32 -0.2 0.01)
(-0.3 -0.2 0.01)
(-0.28 -0.2 0.01)
(-0.26 -0.2 0.01)
(-0.24 -0.2 0.01)
(-0.22 -0.2 0.01)
(-0.2 -0.2 0.01)
(-0.18 -0.2 0.01)
(-0.16 -0.2 0.01)
(-0.14 -0.2 0.01)
(-0.12 -0.2 0.01)
(-0.1 -0.2 0.01)
(-0.08 -0.2 0.01)
(-0.06 -0.2 0.01)
(-0.04 -0.2 0.01)
(-0.02 -0.2 0.01)
(0 -0.2 0.01)
(0.02 -0.2 0.01)
(0.04 -0.2 0.01)
(0.06 -0.2 0.01)
(0.08 -0.2 0.01)
(0.1 -0.2 0.01)
(0.12 -0.2 0.01)
(0.14 -0.2 0.01)
(0.16 -0.2 0.01)
(0.18 -0.2 0.01)
(0.2 -0.2 0.01)
(0.22 -0.2 0.01)
(0.24 -0.2 0.01)
(0.26 -0.2 0.01)
(0.28 -0.2 0.01)
(0.3 -0.2 0.01)
(0.32 -0.2 0.01)
(0.34 -0.2 0.01)
(0.36 -0.2 0.01)
(0.38 -0.2 0.01)
(0.4 -0.2 0.01)
(0.42 -0.2 0.01)
(0.44 -0.2 0.01)
(0.46 -0.2 0.01)
(0.48 -0.2 0.01)
(0.5 -0.2 0.01)
(-0.5 -0.19 0.01)
(-0.48 -0.19 0.01)
(-0.46 -0.19 0.01)
(-0.44 -0.19 0.01)
(-0.42 -0.19 0.01)
(-0.4 -0.19 0.01)
(-0.38 -0.19 0.01)
(-0.36 -0.19 0.01)
(-0.34 -0.19 0.01)
(-0.32 -0.19 0.01)
(-0.3 -0.19 0.01)
(-0.28 -0.19 0.01)
(-0.26 -0.19 0.01)
(-0.24 -0.19 0.01)
(-0.22 -0.19 0.01)
(-0.2 -0.19 0.01)
(-0.18 -0.19 0.01)
(-0.16 -0.19 0.01)
(-0.14 -0.19 0.01)
(-0.12 -0.19 0.01)
(-0.1 -0.19 0.01)
(-0.08 -0.19 0.01)
(-0.06 -0.19 0.01)
(-0.04 -0.19 0.01)
(-0.02 -0.19 0.01)
(0 -0.19 0.01)
(0.02 -0.19 0.01)
(0.04 -0.19 0.01)
(0.06 -0.19 0.01)
(0.08 -0.19 0.01)
(0.1 -0.19 0.01)
(0.12 -0.19 0.01)
(0.14 -0.19 0.01)
(0.16 -0.19 0.01)
(0.18 -0.19 0.01)
(0.2 -0.19 0.01)
(0.22 -0.19 0.01)
(0.24 -0.19 0.01)
(0.26 -0.19 0.01)
(0.28 -0.19 0.01)
(0.3 -0.19 0.01)
(0.32 -0.19 0.01)
(0.34 -0.19 0.01)
(0.36 -0.19 0.01)
(0.38 -0.19 0.01)
(0.4 -0.19 0.01)
(0.42 -0.19 0.01)
(0.44 -0.19 0.01)
(0.46 -0.19 0.01)
(0.48 -0.19 0.01)
(0.5 -0.19 0.01)
(-0.5 -0.18 0.01)
(-0.48 -0.18 0.01)
(-0.46 -0.18 0.01)
(-0.44 -0.18 0.01)
(-0.42 -0.18 0.01)
(-0.4 -0.18 0.01)
(-0.38 -0.18 0.01)
(-0.36 -0.18 0.01)
(-0.34 -0.18 0.01)
(-0.32 -0.18 0.01)
(-0.3 -0.18 0.01)
(-0.28 -0.18 0.01)
(-0.26 -0.18 0.01)
(-0.24 -0.18 0.01)
(-0.22 -0.18 0.01)
(-0.2 -0.18 0.01)
(-0.18 -0.18 0.01)
(-0.16 -0.18 0.01)
(-0.14 -0.18 0.01)
(-0.12 -0.18 0.01)
(-0.1 -0.18 0.01)
(-0.08 -0.18 0.01)
(-0.06 -0.18 0.01)
(-0.04 -0.18 0.01)
(-0.02 -0.18 0.01)
(0 -0.18 0.01)
(0.02 -0.18 0.01)
(0.04 -0.18 0.01)
(0.06 -0.18 0.01)
(0.08 -0.18 0.01)
(0.1 -0.18 0.01)
(0.12 -0.18 0.01)
(0.14 -0.18 0.01)
(0.16 -0.18 0.01)
(0.18 -0.18 0.01)
(0.2 -0.18 0.01)
(0.22 -0.18 0.01)
(0.24 -0.18 0.01)
(0.26 -0.18 0.01)
(0.28 -0.18 0.01)
(0.3 -0.18 0.01)
(0.32 -0.18 0.01)
(0.34 -0.18 0.01)
(0.36 -0.18 0.01)
(0.38 -0.18 0.01)
(0.4 -0.18 0.01)
(0.42 -0.18 0.01)
(0.44 -0.18 0.01)
(0.46 -0.18 0.01)
(0.48 -0.18 0.01)
(0.5 -0.18 0.01)
(-0.5 -0.17 0.01)
(-0.48 -0.17 0.01)
(-0.46 -0.17 0.01)
(-0.44 -0.17 0.01)
(-0.42 -0.17 0.01)
(-0.4 -0.17 0.01)
(-0.38 -0.17 0.01)
(-0.36 -0.17 0.01)
(-0.34 -0.17 0.01)
(-0.32 -0.17 0.01)
(-0.3 -0.17 0.01)
(-0.28 -0.17 0.01)
(-0.26 -0.17 0.01)
(-0.24 -0.17 0.01)
(-0.22 -0.17 0.01)
(-0.2 -0.17 0.01)
(-0.18 -0.17 0.01)
(-0.16 -0.17 0.01)
(-0.14 -0.17 0.01)
(-0.12 -0.17 0.01)
(-0.1 -0.17 0.01)
(-0.08 -0.17 0.01)
(-0.06 -0.17 0.01)
(-0.04 -0.17 0.01)
(-0.02 -0.17 0.01)
(0 -0.17 0.01)
(0.02 -0.17 0.01)
(0.04 -0.17 0.01)
(0.06 -0.17 0.01)
(0.08 -0.17 0.01)
(0.1 -0.17 0.01)
(0.12 -0.17 0.01)
(0.14 -0.17 0.01)
(0.16 -0.17 0.01)
(0.18 -0.17 0.01)
(0.2 -0.17 0.01)
(0.22 -0.17 0.01)
(0.24 -0.17 0.01)
(0.26 -0.17 0.01)
(0.28 -0.17 0.01)
(0.3 -0.17 0.01)
(0.32 -0.17 0.01)
(0.34 -0.17 0.01)
(0.36 -0.17 0.01)
(0.38 -0.17 0.01)
(0.4 -0.17 0.01)
(0.42 -0.17 0.01)
(0.44 -0.17 0.01)
(0.46 -0.17 0.01)
(0.48 -0.17 0.01)
(0.5 -0.17 0.01)
(-0.5 -0.16 0.01)
(-0.48 -0.16 0.01)
(-0.46 -0.16 0.01)
(-0.44 -0.16 0.01)
(-0.42 -0.16 0.01)
(-0.4 -0.16 0.01)
(-0.38 -0.16 0.01)
(-0.36 -0.16 0.01)
(-0.34 -0.16 0.01)
(-0.32 -0.16 0.01)
(-0.3 -0.16 0.01)
(-0.28 -0.16 0.01)
(-0.26 -0.16 0.01)
(-0.24 -0.16 0.01)
(-0.22 -0.16 0.01)
(-0.2 -0.16 0.01)
(-0.18 -0.16 0.01)
(-0.16 -0.16 0.01)
(-0.14 -0.16 0.01)
(-0.12 -0.16 0.01)
(-0.1 -0.16 0.01)
(-0.08 -0.16 0.01)
(-0.06 -0.16 0.01)
(-0.04 -0.16 0.01)
(-0.02 -0.16 0.01)
(0 -0.16 0.01)
(0.02 -0.16 0.01)
(0.04 -0.16 0.01)
(0.06 -0.16 0.01)
(0.08 -0.16 0.01)
(0.1 -0.16 0.01)
(0.12 -0.16 0.01)
(0.14 -0.16 0.01)
(0.16 -0.16 0.01)
(0.18 -0.16 0.01)
(0.2 -0.16 0.01)
(0.22 -0.16 0.01)
(0.24 -0.16 0.01)
(0.26 -0.16 0.01)
(0.28 -0.16 0.01)
(0.3 -0.16 0.01)
(0.32 -0.16 0.01)
(0.34 -0.16 0.01)
(0.36 -0.16 0.01)
(0.38 -0.16 0.01)
(0.4 -0.16 0.01)
(0.42 -0.16 0.01)
(0.44 -0.16 0.01)
(0.46 -0.16 0.01)
(0.48 -0.16 0.01)
(0.5 -0.16 0.01)
(-0.5 -0.15 0.01)
(-0.48 -0.15 0.01)
(-0.46 -0.15 0.01)
(-0.44 -0.15 0.01)
(-0.42 -0.15 0.01)
(-0.4 -0.15 0.01)
(-0.38 -0.15 0.01)
(-0.36 -0.15 0.01)
(-0.34 -0.15 0.01)
(-0.32 -0.15 0.01)
(-0.3 -0.15 0.01)
(-0.28 -0.15 0.01)
(-0.26 -0.15 0.01)
(-0.24 -0.15 0.01)
(-0.22 -0.15 0.01)
(-0.2 -0.15 0.01)
(-0.18 -0.15 0.01)
(-0.16 -0.15 0.01)
(-0.14 -0.15 0.01)
(-0.12 -0.15 0.01)
(-0.1 -0.15 0.01)
(-0.08 -0.15 0.01)
(-0.06 -0.15 0.01)
(-0.04 -0.15 0.01)
(-0.02 -0.15 0.01)
(0 -0.15 0.01)
(0.02 -0.15 0.01)
(0.04 -0.15 0.01)
(0.06 -0.15 0.01)
(0.08 -0.15 0.01)
(0.1 -0.15 0.01)
(0.12 -0.15 0.01)
(0.14 -0.15 0.01)
(0.16 -0.15 0.01)
(0.18 -0.15 0.01)
(0.2 -0.15 0.01)
(0.22 -0.15 0.01)
(0.24 -0.15 0.01)
(0.26 -0.15 0.01)
(0.28 -0.15 0.01)
(0.3 -0.15 0.01)
(0.32 -0.15 0.01)
(0.34 -0.15 0.01)
(0.36 -0.15 0.01)
(0.38 -0.15 0.01)
(0.4 -0.15 0.01)
(0.42 -0.15 0.01)
(0.44 -0.15 0.01)
(0.46 -0.15 0.01)
(0.48 -0.15 0.01)
(0.5 -0.15 0.01)
(-0.5 -0.14 0.01)
(-0.48 -0.14 0.01)
(-0.46 -0.14 0.01)
(-0.44 -0.14 0.01)
(-0.42 -0.14 0.01)
(-0.4 -0.14 0.01)
(-0.38 -0.14 0.01)
(-0.36 -0.14 0.01)
(-0.34 -0.14 0.01)
(-0.32 -0.14 0.01)
(-0.3 -0.14 0.01)
(-0.28 -0.14 0.01)
(-0.26 -0.14 0.01)
(-0.24 -0.14 0.01)
(-0.22 -0.14 0.01)
(-0.2 -0.14 0.01)
(-0.18 -0.14 0.01)
(-0.16 -0.14 0.01)
(-0.14 -0.14 0.01)
(-0.12 -0.14 0.01)
(-0.1 -0.14 0.01)
(-0.08 -0.14 0.01)
(-0.06 -0.14 0.01)
(-0.04 -0.14 0.01)
(-0.02 -0.14 0.01)
(0 -0.14 0.01)
(0.02 -0.14 0.01)
(0.04 -0.14 0.01)
(0.06 -0.14 0.01)
(0.08 -0.14 0.01)
(0.1 -0.14 0.01)
(0.12 -0.14 0.01)
(0.14 -0.14 0.01)
(0.16 -0.14 0.01)
(0.18 -0.14 0.01)
(0.2 -0.14 0.01)
(0.22 -0.14 0.01)
(0.24 -0.14 0.01)
(0.26 -0.14 0.01)
(0.28 -0.14 0.01)
(0.3 -0.14 0.01)
(0.32 -0.14 0.01)
(0.34 -0.14 0.01)
(0.36 -0.14 0.01)
(0.38 -0.14 0.01)
(0.4 -0.14 0.01)
(0.42 -0.14 0.01)
(0.44 -0.14 0.01)
(0.46 -0.14 0.01)
(0.48 -0.14 0.01)
(0.5 -0.14 0.01)
(-0.5 -0.13 0.01)
(-0.48 -0.13 0.01)
(-0.46 -0.13 0.01)
(-0.44 -0.13 0.01)
(-0.42 -0.13 0.01)
(-0.4 -0.13 0.01)
(-0.38 -0.13 0.01)
(-0.36 -0.13 0.01)
(-0.34 -0.13 0.01)
(-0.32 -0.13 0.01)
(-0.3 -0.13 0.01)
(-0.28 -0.13 0.01)
(-0.26 -0.13 0.01)
(-0.24 -0.13 0.01)
(-0.22 -0.13 0.01)
(-0.2 -0.13 0.01)
(-0.18 -0.13 0.01)
(-0.16 -0.13 0.01)
(-0.14 -0.13 0.01)
(-0.12 -0.13 0.01)
(-0.1 -0.13 0.01)
(-0.08 -0.13 0.01)
(-0.06 -0.13 0.01)
(-0.04 -0.13 0.01)
(-0.02 -0.13 0.01)
(0 -0.13 0.01)
(0.02 -0.13 0.01)
(0.04 -0.13 0.01)
(0.06 -0.13 0.01)
(0.08 -0.13 0.01)
(0.1 -0.13 0.01)
(0.12 -0.13 0.01)
(0.14 -0.13 0.01)
(0.16 -0.13 0.01)
(0.18 -0.13 0.01)
(0.2 -0.13 0.01)
(0.22 -0.13 0.01)
(0.24 -0.13 0.01)
(0.26 -0.13 0.01)
(0.28 -0.13 0.01)
(0.3 -0.13 0.01)
(0.32 -0.13 0.01)
(0.34 -0.13 0.01)
(0.36 -0.13 0.01)
(0.38 -0.13 0.01)
(0.4 -0.13 0.01)
(0.42 -0.13 0.01)
(0.44 -0.13 0.01)
(0.46 -0.13 0.01)
(0.48 -0.13 0.01)
(0.5 -0.13 0.01)
(-0.5 -0.12 0.01)
(-0.48 -0.12 0.01)
(-0.46 -0.12 0.01)
(-0.44 -0.12 0.01)
(-0.42 -0.12 0.01)
(-0.4 -0.12 0.01)
(-0.38 -0.12 0.01)
(-0.36 -0.12 0.01)
(-0.34 -0.12 0.01)
(-0.32 -0.12 0.01)
(-0.3 -0.12 0.01)
(-0.28 -0.12 0.01)
(-0.26 -0.12 0.01)
(-0.24 -0.12 0.01)
(-0.22 -0.12 0.01)
(-0.2 -0.12 0.01)
(-0.18 -0.12 0.01)
(-0.16 -0.12 0.01)
(-0.14 -0.12 0.01)
(-0.12 -0.12 0.01)
(-0.1 -0.12 0.01)
(-0.08 -0.12 0.01)
(-0.06 -0.12 0.01)
(-0.04 -0.12 0.01)
(-0.02 -0.12 0.01)
(0 -0.12 0.01)
(0.02 -0.12 0.01)
(0.04 -0.12 0.01)
(0.06 -0.12 0.01)
(0.08 -0.12 0.01)
(0.1 -0.12 0.01)
(0.12 -0.12 0.01)
(0.14 -0.12 0.01)
(0.16 -0.12 0.01)
(0.18 -0.12 0.01)
(0.2 -0.12 0.01)
(0.22 -0.12 0.01)
(0.24 -0.12 0.01)
(0.26 -0.12 0.01)
(0.28 -0.12 0.01)
(0.3 -0.12 0.01)
(0.32 -0.12 0.01)
(0.34 -0.12 0.01)
(0.36 -0.12 0.01)
(0.38 -0.12 0.01)
(0.4 -0.12 0.01)
(0.42 -0.12 0.01)
(0.44 -0.12 0.01)
(0.46 -0.12 0.01)
(0.48 -0.12 0.01)
(0.5 -0.12 0.01)
(-0.5 -0.11 0.01)
(-0.48 -0.11 0.01)
(-0.46 -0.11 0.01)
(-0.44 -0.11 0.01)
(-0.42 -0.11 0.01)
(-0.4 -0.11 0.01)
(-0.38 -0.11 0.01)
(-0.36 -0.11 0.01)
(-0.34 -0.11 0.01)
(-0.32 -0.11 0.01)
(-0.3 -0.11 0.01)
(-0.28 -0.11 0.01)
(-0.26 -0.11 0.01)
(-0.24 -0.11 0.01)
(-0.22 -0.11 0.01)
(-0.2 -0.11 0.01)
(-0.18 -0.11 0.01)
(-0.16 -0.11 0.01)
(-0.14 -0.11 0.01)
(-0.12 -0.11 0.01)
(-0.1 -0.11 0.01)
(-0.08 -0.11 0.01)
(-0.06 -0.11 0.01)
(-0.04 -0.11 0.01)
(-0.02 -0.11 0.01)
(0 -0.11 0.01)
(0.02 -0.11 0.01)
(0.04 -0.11 0.01)
(0.06 -0.11 0.01)
(0.08 -0.11 0.01)
(0.1 -0.11 0.01)
(0.12 -0.11 0.01)
(0.14 -0.11 0.01)
(0.16 -0.11 0.01)
(0.18 -0.11 0.01)
(0.2 -0.11 0.01)
(0.22 -0.11 0.01)
(0.24 -0.11 0.01)
(0.26 -0.11 0.01)
(0.28 -0.11 0.01)
(0.3 -0.11 0.01)
(0.32 -0.11 0.01)
(0.34 -0.11 0.01)
(0.36 -0.11 0.01)
(0.38 -0.11 0.01)
(0.4 -0.11 0.01)
(0.42 -0.11 0.01)
(0.44 -0.11 0.01)
(0.46 -0.11 0.01)
(0.48 -0.11 0.01)
(0.5 -0.11 0.01)
(-0.5 -0.1 0.01)
(-0.48 -0.1 0.01)
(-0.46 -0.1 0.01)
(-0.44 -0.1 0.01)
(-0.42 -0.1 0.01)
(-0.4 -0.1 0.01)
(-0.38 -0.1 0.01)
(-0.36 -0.1 0.01)
(-0.34 -0.1 0.01)
(-0.32 -0.1 0.01)
(-0.3 -0.1 0.01)
(-0.28 -0.1 0.01)
(-0.26 -0.1 0.01)
(-0.24 -0.1 0.01)
(-0.22 -0.1 0.01)
(-0.2 -0.1 0.01)
(-0.18 -0.1 0.01)
(-0.16 -0.1 0.01)
(-0.14 -0.1 0.01)
(-0.12 -0.1 0.01)
(-0.1 -0.1 0.01)
(-0.08 -0.1 0.01)
(-0.06 -0.1 0.01)
(-0.04 -0.1 0.01)
(-0.02 -0.1 0.01)
(0 -0.1 0.01)
(0.02 -0.1 0.01)
(0.04 -0.1 0.01)
(0.06 -0.1 0.01)
(0.08 -0.1 0.01)
(0.1 -0.1 0.01)
(0.12 -0.1 0.01)
(0.14 -0.1 0.01)
(0.16 -0.1 0.01)
(0.18 -0.1 0.01)
(0.2 -0.1 0.01)
(0.22 -0.1 0.01)
(0.24 -0.1 0.01)
(0.26 -0.1 0.01)
(0.28 -0.1 0.01)
(0.3 -0.1 0.01)
(0.32 -0.1 0.01)
(0.34 -0.1 0.01)
(0.36 -0.1 0.01)
(0.38 -0.1 0.01)
(0.4 -0.1 0.01)
(0.42 -0.1 0.01)
(0.44 -0.1 0.01)
(0.46 -0.1 0.01)
(0.48 -0.1 0.01)
(0.5 -0.1 0.01)
(-0.5 -0.09 0.01)
(-0.48 -0.09 0.01)
(-0.46 -0.09 0.01)
(-0.44 -0.09 0.01)
(-0.42 -0.09 0.01)
(-0.4 -0.09 0.01)
(-0.38 -0.09 0.01)
(-0.36 -0.09 0.01)
(-0.34 -0.09 0.01)
(-0.32 -0.09 0.01)
(-0.3 -0.09 0.01)
(-0.28 -0.09 0.01)
(-0.26 -0.09 0.01)
(-0.24 -0.09 0.01)
(-0.22 -0.09 0.01)
(-0.2 -0.09 0.01)
(-0.18 -0.09 0.01)
(-0.16 -0.09 0.01)
(-0.14 -0.09 0.01)
(-0.12 -0.09 0.01)
(-0.1 -0.09 0.01)
(-0.08 -0.09 0.01)
(-0.06 -0.09 0.01)
(-0.04 -0.09 0.01)
(-0.02 -0.09 0.01)
(0 -0.09 0.01)
(0.02 -0.09 0.01)
(0.04 -0.09 0.01)
(0.06 -0.09 0.01)
(0.08 -0.09 0.01)
(0.1 -0.09 0.01)
(0.12 -0.09 0.01)
(0.14 -0.09 0.01)
(0.16 -0.09 0.01)
(0.18 -0.09 0.01)
(0.2 -0.09 0.01)
(0.22 -0.09 0.01)
(0.24 -0.09 0.01)
(0.26 -0.09 0.01)
(0.28 -0.09 0.01)
(0.3 -0.09 0.01)
(0.32 -0.09 0.01)
(0.34 -0.09 0.01)
(0.36 -0.09 0.01)
(0.38 -0.09 0.01)
(0.4 -0.09 0.01)
(0.42 -0.09 0.01)
(0.44 -0.09 0.01)
(0.46 -0.09 0.01)
(0.48 -0.09 0.01)
(0.5 -0.09 0.01)
(-0.5 -0.08 0.01)
(-0.48 -0.08 0.01)
(-0.46 -0.08 0.01)
(-0.44 -0.08 0.01)
(-0.42 -0.08 0.01)
(-0.4 -0.08 0.01)
(-0.38 -0.08 0.01)
(-0.36 -0.08 0.01)
(-0.34 -0.08 0.01)
(-0.32 -0.08 0.01)
(-0.3 -0.08 0.01)
(-0.28 -0.08 0.01)
(-0.26 -0.08 0.01)
(-0.24 -0.08 0.01)
(-0.22 -0.08 0.01)
(-0.2 -0.08 0.01)
(-0.18 -0.08 0.01)
(-0.16 -0.08 0.01)
(-0.14 -0.08 0.01)
(-0.12 -0.08 0.01)
(-0.1 -0.08 0.01)
(-0.08 -0.08 0.01)
(-0.06 -0.08 0.01)
(-0.04 -0.08 0.01)
(-0.02 -0.08 0.01)
(0 -0.08 0.01)
(0.02 -0.08 0.01)
(0.04 -0.08 0.01)
(0.06 -0.08 0.01)
(0.08 -0.08 0.01)
(0.1 -0.08 0.01)
(0.12 -0.08 0.01)
(0.14 -0.08 0.01)
(0.16 -0.08 0.01)
(0.18 -0.08 0.01)
(0.2 -0.08 0.01)
(0.22 -0.08 0.01)
(0.24 -0.08 0.01)
(0.26 -0.08 0.01)
(0.28 -0.08 0.01)
(0.3 -0.08 0.01)
(0.32 -0.08 0.01)
(0.34 -0.08 0.01)
(0.36 -0.08 0.01)
(0.38 -0.08 0.01)
(0.4 -0.08 0.01)
(0.42 -0.08 0.01)
(0.44 -0.08 0.01)
(0.46 -0.08 0.01)
(0.48 -0.08 0.01)
(0.5 -0.08 0.01)
(-0.5 -0.07 0.01)
(-0.48 -0.07 0.01)
(-0.46 -0.07 0.01)
(-0.44 -0.07 0.01)
(-0.42 -0.07 0.01)
(-0.4 -0.07 0.01)
(-0.38 -0.07 0.01)
(-0.36 -0.07 0.01)
(-0.34 -0.07 0.01)
(-0.32 -0.07 0.01)
(-0.3 -0.07 0.01)
(-0.28 -0.07 0.01)
(-0.26 -0.07 0.01)
(-0.24 -0.07 0.01)
(-0.22 -0.07 0.01)
(-0.2 -0.07 0.01)
(-0.18 -0.07 0.01)
(-0.16 -0.07 0.01)
(-0.14 -0.07 0.01)
(-0.12 -0.07 0.01)
(-0.1 -0.07 0.01)
(-0.08 -0.07 0.01)
(-0.06 -0.07 0.01)
(-0.04 -0.07 0.01)
(-0.02 -0.07 0.01)
(0 -0.07 0.01)
(0.02 -0.07 0.01)
(0.04 -0.07 0.01)
(0.06 -0.07 0.01)
(0.08 -0.07 0.01)
(0.1 -0.07 0.01)
(0.12 -0.07 0.01)
(0.14 -0.07 0.01)
(0.16 -0.07 0.01)
(0.18 -0.07 0.01)
(0.2 -0.07 0.01)
(0.22 -0.07 0.01)
(0.24 -0.07 0.01)
(0.26 -0.07 0.01)
(0.28 -0.07 0.01)
(0.3 -0.07 0.01)
(0.32 -0.07 0.01)
(0.34 -0.07 0.01)
(0.36 -0.07 0.01)
(0.38 -0.07 0.01)
(0.4 -0.07 0.01)
(0.42 -0.07 0.01)
(0.44 -0.07 0.01)
(0.46 -0.07 0.01)
(0.48 -0.07 0.01)
(0.5 -0.07 0.01)
(-0.5 -0.06 0.01)
(-0.48 -0.06 0.01)
(-0.46 -0.06 0.01)
(-0.44 -0.06 0.01)
(-0.42 -0.06 0.01)
(-0.4 -0.06 0.01)
(-0.38 -0.06 0.01)
(-0.36 -0.06 0.01)
(-0.34 -0.06 0.01)
(-0.32 -0.06 0.01)
(-0.3 -0.06 0.01)
(-0.28 -0.06 0.01)
(-0.26 -0.06 0.01)
(-0.24 -0.06 0.01)
(-0.22 -0.06 0.01)
(-0.2 -0.06 0.01)
(-0.18 -0.06 0.01)
(-0.16 -0.06 0.01)
(-0.14 -0.06 0.01)
(-0.12 -0.06 0.01)
(-0.1 -0.06 0.01)
(-0.08 -0.06 0.01)
(-0.06 -0.06 0.01)
(-0.04 -0.06 0.01)
(-0.02 -0.06 0.01)
(0 -0.06 0.01)
(0.02 -0.06 0.01)
(0.04 -0.06 0.01)
(0.06 -0.06 0.01)
(0.08 -0.06 0.01)
(0.1 -0.06 0.01)
(0.12 -0.06 0.01)
(0.14 -0.06 0.01)
(0.16 -0.06 0.01)
(0.18 -0.06 0.01)
(0.2 -0.06 0.01)
(0.22 -0.06 0.01)
(0.24 -0.06 0.01)
(0.26 -0.06 0.01)
(0.28 -0.06 0.01)
(0.3 -0.06 0.01)
(0.32 -0.06 0.01)
(0.34 -0.06 0.01)
(0.36 -0.06 0.01)
(0.38 -0.06 0.01)
(0.4 -0.06 0.01)
(0.42 -0.06 0.01)
(0.44 -0.06 0.01)
(0.46 -0.06 0.01)
(0.48 -0.06 0.01)
(0.5 -0.06 0.01)
(-0.5 -0.05 0.01)
(-0.48 -0.05 0.01)
(-0.46 -0.05 0.01)
(-0.44 -0.05 0.01)
(-0.42 -0.05 0.01)
(-0.4 -0.05 0.01)
(-0.38 -0.05 0.01)
(-0.36 -0.05 0.01)
(-0.34 -0.05 0.01)
(-0.32 -0.05 0.01)
(-0.3 -0.05 0.01)
(-0.28 -0.05 0.01)
(-0.26 -0.05 0.01)
(-0.24 -0.05 0.01)
(-0.22 -0.05 0.01)
(-0.2 -0.05 0.01)
(-0.18 -0.05 0.01)
(-0.16 -0.05 0.01)
(-0.14 -0.05 0.01)
(-0.12 -0.05 0.01)
(-0.1 -0.05 0.01)
(-0.08 -0.05 0.01)
(-0.06 -0.05 0.01)
(-0.04 -0.05 0.01)
(-0.02 -0.05 0.01)
(0 -0.05 0.01)
(0.02 -0.05 0.01)
(0.04 -0.05 0.01)
(0.06 -0.05 0.01)
(0.08 -0.05 0.01)
(0.1 -0.05 0.01)
(0.12 -0.05 0.01)
(0.14 -0.05 0.01)
(0.16 -0.05 0.01)
(0.18 -0.05 0.01)
(0.2 -0.05 0.01)
(0.22 -0.05 0.01)
(0.24 -0.05 0.01)
(0.26 -0.05 0.01)
(0.28 -0.05 0.01)
(0.3 -0.05 0.01)
(0.32 -0.05 0.01)
(0.34 -0.05 0.01)
(0.36 -0.05 0.01)
(0.38 -0.05 0.01)
(0.4 -0.05 0.01)
(0.42 -0.05 0.01)
(0.44 -0.05 0.01)
(0.46 -0.05 0.01)
(0.48 -0.05 0.01)
(0.5 -0.05 0.01)
(-0.5 -0.04 0.01)
(-0.48 -0.04 0.01)
(-0.46 -0.04 0.01)
(-0.44 -0.04 0.01)
(-0.42 -0.04 0.01)
(-0.4 -0.04 0.01)
(-0.38 -0.04 0.01)
(-0.36 -0.04 0.01)
(-0.34 -0.04 0.01)
(-0.32 -0.04 0.01)
(-0.3 -0.04 0.01)
(-0.28 -0.04 0.01)
(-0.26 -0.04 0.01)
(-0.24 -0.04 0.01)
(-0.22 -0.04 0.01)
(-0.2 -0.04 0.01)
(-0.18 -0.04 0.01)
(-0.16 -0.04 0.01)
(-0.14 -0.04 0.01)
(-0.12 -0.04 0.01)
(-0.1 -0.04 0.01)
(-0.08 -0.04 0.01)
(-0.06 -0.04 0.01)
(-0.04 -0.04 0.01)
(-0.02 -0.04 0.01)
(0 -0.04 0.01)
(0.02 -0.04 0.01)
(0.04 -0.04 0.01)
(0.06 -0.04 0.01)
(0.08 -0.04 0.01)
(0.1 -0.04 0.01)
(0.12 -0.04 0.01)
(0.14 -0.04 0.01)
(0.16 -0.04 0.01)
(0.18 -0.04 0.01)
(0.2 -0.04 0.01)
(0.22 -0.04 0.01)
(0.24 -0.04 0.01)
(0.26 -0.04 0.01)
(0.28 -0.04 0.01)
(0.3 -0.04 0.01)
(0.32 -0.04 0.01)
(0.34 -0.04 0.01)
(0.36 -0.04 0.01)
(0.38 -0.04 0.01)
(0.4 -0.04 0.01)
(0.42 -0.04 0.01)
(0.44 -0.04 0.01)
(0.46 -0.04 0.01)
(0.48 -0.04 0.01)
(0.5 -0.04 0.01)
(-0.5 -0.03 0.01)
(-0.48 -0.03 0.01)
(-0.46 -0.03 0.01)
(-0.44 -0.03 0.01)
(-0.42 -0.03 0.01)
(-0.4 -0.03 0.01)
(-0.38 -0.03 0.01)
(-0.36 -0.03 0.01)
(-0.34 -0.03 0.01)
(-0.32 -0.03 0.01)
(-0.3 -0.03 0.01)
(-0.28 -0.03 0.01)
(-0.26 -0.03 0.01)
(-0.24 -0.03 0.01)
(-0.22 -0.03 0.01)
(-0.2 -0.03 0.01)
(-0.18 -0.03 0.01)
(-0.16 -0.03 0.01)
(-0.14 -0.03 0.01)
(-0.12 -0.03 0.01)
(-0.1 -0.03 0.01)
(-0.08 -0.03 0.01)
(-0.06 -0.03 0.01)
(-0.04 -0.03 0.01)
(-0.02 -0.03 0.01)
(0 -0.03 0.01)
(0.02 -0.03 0.01)
(0.04 -0.03 0.01)
(0.06 -0.03 0.01)
(0.08 -0.03 0.01)
(0.1 -0.03 0.01)
(0.12 -0.03 0.01)
(0.14 -0.03 0.01)
(0.16 -0.03 0.01)
(0.18 -0.03 0.01)
(0.2 -0.03 0.01)
(0.22 -0.03 0.01)
(0.24 -0.03 0.01)
(0.26 -0.03 0.01)
(0.28 -0.03 0.01)
(0.3 -0.03 0.01)
(0.32 -0.03 0.01)
(0.34 -0.03 0.01)
(0.36 -0.03 0.01)
(0.38 -0.03 0.01)
(0.4 -0.03 0.01)
(0.42 -0.03 0.01)
(0.44 -0.03 0.01)
(0.46 -0.03 0.01)
(0.48 -0.03 0.01)
(0.5 -0.03 0.01)
(-0.5 -0.02 0.01)
(-0.48 -0.02 0.01)
(-0.46 -0.02 0.01)
(-0.44 -0.02 0.01)
(-0.42 -0.02 0.01)
(-0.4 -0.02 0.01)
(-0.38 -0.02 0.01)
(-0.36 -0.02 0.01)
(-0.34 -0.02 0.01)
(-0.32 -0.02 0.01)
(-0.3 -0.02 0.01)
(-0.28 -0.02 0.01)
(-0.26 -0.02 0.01)
(-0.24 -0.02 0.01)
(-0.22 -0.02 0.01)
(-0.2 -0.02 0.01)
(-0.18 -0.02 0.01)
(-0.16 -0.02 0.01)
(-0.14 -0.02 0.01)
(-0.12 -0.02 0.01)
(-0.1 -0.02 0.01)
(-0.08 -0.02 0.01)
(-0.06 -0.02 0.01)
(-0.04 -0.02 0.01)
(-0.02 -0.02 0.01)
(0 -0.02 0.01)
(0.02 -0.02 0.01)
(0.04 -0.02 0.01)
(0.06 -0.02 0.01)
(0.08 -0.02 0.01)
(0.1 -0.02 0.01)
(0.12 -0.02 0.01)
(0.14 -0.02 0.01)
(0.16 -0.02 0.01)
(0.18 -0.02 0.01)
(0.2 -0.02 0.01)
(0.22 -0.02 0.01)
(0.24 -0.02 0.01)
(0.26 -0.02 0.01)
(0.28 -0.02 0.01)
(0.3 -0.02 0.01)
(0.32 -0.02 0.01)
(0.34 -0.02 0.01)
(0.36 -0.02 0.01)
(0.38 -0.02 0.01)
(0.4 -0.02 0.01)
(0.42 -0.02 0.01)
(0.44 -0.02 0.01)
(0.46 -0.02 0.01)
(0.48 -0.02 0.01)
(0.5 -0.02 0.01)
(-0.5 -0.01 0.01)
(-0.48 -0.01 0.01)
(-0.46 -0.01 0.01)
(-0.44 -0.01 0.01)
(-0.42 -0.01 0.01)
(-0.4 -0.01 0.01)
(-0.38 -0.01 0.01)
(-0.36 -0.01 0.01)
(-0.34 -0.01 0.01)
(-0.32 -0.01 0.01)
(-0.3 -0.01 0.01)
(-0.28 -0.01 0.01)
(-0.26 -0.01 0.01)
(-0.24 -0.01 0.01)
(-0.22 -0.01 0.01)
(-0.2 -0.01 0.01)
(-0.18 -0.01 0.01)
(-0.16 -0.01 0.01)
(-0.14 -0.01 0.01)
(-0.12 -0.01 0.01)
(-0.1 -0.01 0.01)
(-0.08 -0.01 0.01)
(-0.06 -0.01 0.01)
(-0.04 -0.01 0.01)
(-0.02 -0.01 0.01)
(0 -0.01 0.01)
(0.02 -0.01 0.01)
(0.04 -0.01 0.01)
(0.06 -0.01 0.01)
(0.08 -0.01 0.01)
(0.1 -0.01 0.01)
(0.12 -0.01 0.01)
(0.14 -0.01 0.01)
(0.16 -0.01 0.01)
(0.18 -0.01 0.01)
(0.2 -0.01 0.01)
(0.22 -0.01 0.01)
(0.24 -0.01 0.01)
(0.26 -0.01 0.01)
(0.28 -0.01 0.01)
(0.3 -0.01 0.01)
(0.32 -0.01 0.01)
(0.34 -0.01 0.01)
(0.36 -0.01 0.01)
(0.38 -0.01 0.01)
(0.4 -0.01 0.01)
(0.42 -0.01 0.01)
(0.44 -0.01 0.01)
(0.46 -0.01 0.01)
(0.48 -0.01 0.01)
(0.5 -0.01 0.01)
(-0.5 -1.734723476e-18 0.01)
(-0.48 -1.734723476e-18 0.01)
(-0.46 -1.734723476e-18 0.01)
(-0.44 -1.734723476e-18 0.01)
(-0.42 -1.734723476e-18 0.01)
(-0.4 -1.734723476e-18 0.01)
(-0.38 -1.734723476e-18 0.01)
(-0.36 -1.734723476e-18 0.01)
(-0.34 -1.734723476e-18 0.01)
(-0.32 -1.734723476e-18 0.01)
(-0.3 -1.734723476e-18 0.01)
(-0.28 -1.734723476e-18 0.01)
(-0.26 -1.734723476e-18 0.01)
(-0.24 -1.734723476e-18 0.01)
(-0.22 -1.734723476e-18 0.01)
(-0.2 -1.734723476e-18 0.01)
(-0.18 -1.734723476e-18 0.01)
(-0.16 -1.734723476e-18 0.01)
(-0.14 -1.734723476e-18 0.01)
(-0.12 -1.734723476e-18 0.01)
(-0.1 -1.734723476e-18 0.01)
(-0.08 -1.734723476e-18 0.01)
(-0.06 -1.734723476e-18 0.01)
(-0.04 -1.734723476e-18 0.01)
(-0.02 -1.734723476e-18 0.01)
(0 -1.734723476e-18 0.01)
(0.02 -1.734723476e-18 0.01)
(0.04 -1.734723476e-18 0.01)
(0.06 -1.734723476e-18 0.01)
(0.08 -1.734723476e-18 0.01)
(0.1 -1.734723476e-18 0.01)
(0.12 -1.734723476e-18 0.01)
(0.14 -1.734723476e-18 0.01)
(0.16 -1.734723476e-18 0.01)
(0.18 -1.734723476e-18 0.01)
(0.2 -1.734723476e-18 0.01)
(0.22 -1.734723476e-18 0.01)
(0.24 -1.734723476e-18 0.01)
(0.26 -1.734723476e-18 0.01)
(0.28 -1.734723476e-18 0.01)
(0.3 -1.734723476e-18 0.01)
(0.32 -1.734723476e-18 0.01)
(0.34 -1.734723476e-18 0.01)
(0.36 -1.734723476e-18 0.01)
(0.38 -1.734723476e-18 0.01)
(0.4 -1.734723476e-18 0.01)
(0.42 -1.734723476e-18 0.01)
(0.44 -1.734723476e-18 0.01)
(0.46 -1.734723476e-18 0.01)
(0.48 -1.734723476e-18 0.01)
(0.5 -1.734723476e-18 0.01)
(-0.5 0.01 0.01)
(-0.48 0.01 0.01)
(-0.46 0.01 0.01)
(-0.44 0.01 0.01)
(-0.42 0.01 0.01)
(-0.4 0.01 0.01)
(-0.38 0.01 0.01)
(-0.36 0.01 0.01)
(-0.34 0.01 0.01)
(-0.32 0.01 0.01)
(-0.3 0.01 0.01)
(-0.28 0.01 0.01)
(-0.26 0.01 0.01)
(-0.24 0.01 0.01)
(-0.22 0.01 0.01)
(-0.2 0.01 0.01)
(-0.18 0.01 0.01)
(-0.16 0.01 0.01)
(-0.14 0.01 0.01)
(-0.12 0.01 0.01)
(-0.1 0.01 0.01)
(-0.08 0.01 0.01)
(-0.06 0.01 0.01)
(-0.04 0.01 0.01)
(-0.02 0.01 0.01)
(0 0.01 0.01)
(0.02 0.01 0.01)
(0.04 0.01 0.01)
(0.06 0.01 0.01)
(0.08 0.01 0.01)
(0.1 0.01 0.01)
(0.12 0.01 0.01)
(0.14 0.01 0.01)
(0.16 0.01 0.01)
(0.18 0.01 0.01)
(0.2 0.01 0.01)
(0.22 0.01 0.01)
(0.24 0.01 0.01)
(0.26 0.01 0.01)
(0.28 0.01 0.01)
(0.3 0.01 0.01)
(0.32 0.01 0.01)
(0.34 0.01 0.01)
(0.36 0.01 0.01)
(0.38 0.01 0.01)
(0.4 0.01 0.01)
(0.42 0.01 0.01)
(0.44 0.01 0.01)
(0.46 0.01 0.01)
(0.48 0.01 0.01)
(0.5 0.01 0.01)
(-0.5 0.02 0.01)
(-0.48 0.02 0.01)
(-0.46 0.02 0.01)
(-0.44 0.02 0.01)
(-0.42 0.02 0.01)
(-0.4 0.02 0.01)
(-0.38 0.02 0.01)
(-0.36 0.02 0.01)
(-0.34 0.02 0.01)
(-0.32 0.02 0.01)
(-0.3 0.02 0.01)
(-0.28 0.02 0.01)
(-0.26 0.02 0.01)
(-0.24 0.02 0.01)
(-0.22 0.02 0.01)
(-0.2 0.02 0.01)
(-0.18 0.02 0.01)
(-0.16 0.02 0.01)
(-0.14 0.02 0.01)
(-0.12 0.02 0.01)
(-0.1 0.02 0.01)
(-0.08 0.02 0.01)
(-0.06 0.02 0.01)
(-0.04 0.02 0.01)
(-0.02 0.02 0.01)
(0 0.02 0.01)
(0.02 0.02 0.01)
(0.04 0.02 0.01)
(0.06 0.02 0.01)
(0.08 0.02 0.01)
(0.1 0.02 0.01)
(0.12 0.02 0.01)
(0.14 0.02 0.01)
(0.16 0.02 0.01)
(0.18 0.02 0.01)
(0.2 0.02 0.01)
(0.22 0.02 0.01)
(0.24 0.02 0.01)
(0.26 0.02 0.01)
(0.28 0.02 0.01)
(0.3 0.02 0.01)
(0.32 0.02 0.01)
(0.34 0.02 0.01)
(0.36 0.02 0.01)
(0.38 0.02 0.01)
(0.4 0.02 0.01)
(0.42 0.02 0.01)
(0.44 0.02 0.01)
(0.46 0.02 0.01)
(0.48 0.02 0.01)
(0.5 0.02 0.01)
(-0.5 0.03 0.01)
(-0.48 0.03 0.01)
(-0.46 0.03 0.01)
(-0.44 0.03 0.01)
(-0.42 0.03 0.01)
(-0.4 0.03 0.01)
(-0.38 0.03 0.01)
(-0.36 0.03 0.01)
(-0.34 0.03 0.01)
(-0.32 0.03 0.01)
(-0.3 0.03 0.01)
(-0.28 0.03 0.01)
(-0.26 0.03 0.01)
(-0.24 0.03 0.01)
(-0.22 0.03 0.01)
(-0.2 0.03 0.01)
(-0.18 0.03 0.01)
(-0.16 0.03 0.01)
(-0.14 0.03 0.01)
(-0.12 0.03 0.01)
(-0.1 0.03 0.01)
(-0.08 0.03 0.01)
(-0.06 0.03 0.01)
(-0.04 0.03 0.01)
(-0.02 0.03 0.01)
(0 0.03 0.01)
(0.02 0.03 0.01)
(0.04 0.03 0.01)
(0.06 0.03 0.01)
(0.08 0.03 0.01)
(0.1 0.03 0.01)
(0.12 0.03 0.01)
(0.14 0.03 0.01)
(0.16 0.03 0.01)
(0.18 0.03 0.01)
(0.2 0.03 0.01)
(0.22 0.03 0.01)
(0.24 0.03 0.01)
(0.26 0.03 0.01)
(0.28 0.03 0.01)
(0.3 0.03 0.01)
(0.32 0.03 0.01)
(0.34 0.03 0.01)
(0.36 0.03 0.01)
(0.38 0.03 0.01)
(0.4 0.03 0.01)
(0.42 0.03 0.01)
(0.44 0.03 0.01)
(0.46 0.03 0.01)
(0.48 0.03 0.01)
(0.5 0.03 0.01)
(-0.5 0.04 0.01)
(-0.48 0.04 0.01)
(-0.46 0.04 0.01)
(-0.44 0.04 0.01)
(-0.42 0.04 0.01)
(-0.4 0.04 0.01)
(-0.38 0.04 0.01)
(-0.36 0.04 0.01)
(-0.34 0.04 0.01)
(-0.32 0.04 0.01)
(-0.3 0.04 0.01)
(-0.28 0.04 0.01)
(-0.26 0.04 0.01)
(-0.24 0.04 0.01)
(-0.22 0.04 0.01)
(-0.2 0.04 0.01)
(-0.18 0.04 0.01)
(-0.16 0.04 0.01)
(-0.14 0.04 0.01)
(-0.12 0.04 0.01)
(-0.1 0.04 0.01)
(-0.08 0.04 0.01)
(-0.06 0.04 0.01)
(-0.04 0.04 0.01)
(-0.02 0.04 0.01)
(0 0.04 0.01)
(0.02 0.04 0.01)
(0.04 0.04 0.01)
(0.06 0.04 0.01)
(0.08 0.04 0.01)
(0.1 0.04 0.01)
(0.12 0.04 0.01)
(0.14 0.04 0.01)
(0.16 0.04 0.01)
(0.18 0.04 0.01)
(0.2 0.04 0.01)
(0.22 0.04 0.01)
(0.24 0.04 0.01)
(0.26 0.04 0.01)
(0.28 0.04 0.01)
(0.3 0.04 0.01)
(0.32 0.04 0.01)
(0.34 0.04 0.01)
(0.36 0.04 0.01)
(0.38 0.04 0.01)
(0.4 0.04 0.01)
(0.42 0.04 0.01)
(0.44 0.04 0.01)
(0.46 0.04 0.01)
(0.48 0.04 0.01)
(0.5 0.04 0.01)
(-0.5 0.05 0.01)
(-0.48 0.05 0.01)
(-0.46 0.05 0.01)
(-0.44 0.05 0.01)
(-0.42 0.05 0.01)
(-0.4 0.05 0.01)
(-0.38 0.05 0.01)
(-0.36 0.05 0.01)
(-0.34 0.05 0.01)
(-0.32 0.05 0.01)
(-0.3 0.05 0.01)
(-0.28 0.05 0.01)
(-0.26 0.05 0.01)
(-0.24 0.05 0.01)
(-0.22 0.05 0.01)
(-0.2 0.05 0.01)
(-0.18 0.05 0.01)
(-0.16 0.05 0.01)
(-0.14 0.05 0.01)
(-0.12 0.05 0.01)
(-0.1 0.05 0.01)
(-0.08 0.05 0.01)
(-0.06 0.05 0.01)
(-0.04 0.05 0.01)
(-0.02 0.05 0.01)
(0 0.05 0.01)
(0.02 0.05 0.01)
(0.04 0.05 0.01)
(0.06 0.05 0.01)
(0.08 0.05 0.01)
(0.1 0.05 0.01)
(0.12 0.05 0.01)
(0.14 0.05 0.01)
(0.16 0.05 0.01)
(0.18 0.05 0.01)
(0.2 0.05 0.01)
(0.22 0.05 0.01)
(0.24 0.05 0.01)
(0.26 0.05 0.01)
(0.28 0.05 0.01)
(0.3 0.05 0.01)
(0.32 0.05 0.01)
(0.34 0.05 0.01)
(0.36 0.05 0.01)
(0.38 0.05 0.01)
(0.4 0.05 0.01)
(0.42 0.05 0.01)
(0.44 0.05 0.01)
(0.46 0.05 0.01)
(0.48 0.05 0.01)
(0.5 0.05 0.01)
(-0.5 0.06 0.01)
(-0.48 0.06 0.01)
(-0.46 0.06 0.01)
(-0.44 0.06 0.01)
(-0.42 0.06 0.01)
(-0.4 0.06 0.01)
(-0.38 0.06 0.01)
(-0.36 0.06 0.01)
(-0.34 0.06 0.01)
(-0.32 0.06 0.01)
(-0.3 0.06 0.01)
(-0.28 0.06 0.01)
(-0.26 0.06 0.01)
(-0.24 0.06 0.01)
(-0.22 0.06 0.01)
(-0.2 0.06 0.01)
(-0.18 0.06 0.01)
(-0.16 0.06 0.01)
(-0.14 0.06 0.01)
(-0.12 0.06 0.01)
(-0.1 0.06 0.01)
(-0.08 0.06 0.01)
(-0.06 0.06 0.01)
(-0.04 0.06 0.01)
(-0.02 0.06 0.01)
(0 0.06 0.01)
(0.02 0.06 0.01)
(0.04 0.06 0.01)
(0.06 0.06 0.01)
(0.08 0.06 0.01)
(0.1 0.06 0.01)
(0.12 0.06 0.01)
(0.14 0.06 0.01)
(0.16 0.06 0.01)
(0.18 0.06 0.01)
(0.2 0.06 0.01)
(0.22 0.06 0.01)
(0.24 0.06 0.01)
(0.26 0.06 0.01)
(0.28 0.06 0.01)
(0.3 0.06 0.01)
(0.32 0.06 0.01)
(0.34 0.06 0.01)
(0.36 0.06 0.01)
(0.38 0.06 0.01)
(0.4 0.06 0.01)
(0.42 0.06 0.01)
(0.44 0.06 0.01)
(0.46 0.06 0.01)
(0.48 0.06 0.01)
(0.5 0.06 0.01)
(-0.5 0.07 0.01)
(-0.48 0.07 0.01)
(-0.46 0.07 0.01)
(-0.44 0.07 0.01)
(-0.42 0.07 0.01)
(-0.4 0.07 0.01)
(-0.38 0.07 0.01)
(-0.36 0.07 0.01)
(-0.34 0.07 0.01)
(-0.32 0.07 0.01)
(-0.3 0.07 0.01)
(-0.28 0.07 0.01)
(-0.26 0.07 0.01)
(-0.24 0.07 0.01)
(-0.22 0.07 0.01)
(-0.2 0.07 0.01)
(-0.18 0.07 0.01)
(-0.16 0.07 0.01)
(-0.14 0.07 0.01)
(-0.12 0.07 0.01)
(-0.1 0.07 0.01)
(-0.08 0.07 0.01)
(-0.06 0.07 0.01)
(-0.04 0.07 0.01)
(-0.02 0.07 0.01)
(0 0.07 0.01)
(0.02 0.07 0.01)
(0.04 0.07 0.01)
(0.06 0.07 0.01)
(0.08 0.07 0.01)
(0.1 0.07 0.01)
(0.12 0.07 0.01)
(0.14 0.07 0.01)
(0.16 0.07 0.01)
(0.18 0.07 0.01)
(0.2 0.07 0.01)
(0.22 0.07 0.01)
(0.24 0.07 0.01)
(0.26 0.07 0.01)
(0.28 0.07 0.01)
(0.3 0.07 0.01)
(0.32 0.07 0.01)
(0.34 0.07 0.01)
(0.36 0.07 0.01)
(0.38 0.07 0.01)
(0.4 0.07 0.01)
(0.42 0.07 0.01)
(0.44 0.07 0.01)
(0.46 0.07 0.01)
(0.48 0.07 0.01)
(0.5 0.07 0.01)
(-0.5 0.08 0.01)
(-0.48 0.08 0.01)
(-0.46 0.08 0.01)
(-0.44 0.08 0.01)
(-0.42 0.08 0.01)
(-0.4 0.08 0.01)
(-0.38 0.08 0.01)
(-0.36 0.08 0.01)
(-0.34 0.08 0.01)
(-0.32 0.08 0.01)
(-0.3 0.08 0.01)
(-0.28 0.08 0.01)
(-0.26 0.08 0.01)
(-0.24 0.08 0.01)
(-0.22 0.08 0.01)
(-0.2 0.08 0.01)
(-0.18 0.08 0.01)
(-0.16 0.08 0.01)
(-0.14 0.08 0.01)
(-0.12 0.08 0.01)
(-0.1 0.08 0.01)
(-0.08 0.08 0.01)
(-0.06 0.08 0.01)
(-0.04 0.08 0.01)
(-0.02 0.08 0.01)
(0 0.08 0.01)
(0.02 0.08 0.01)
(0.04 0.08 0.01)
(0.06 0.08 0.01)
(0.08 0.08 0.01)
(0.1 0.08 0.01)
(0.12 0.08 0.01)
(0.14 0.08 0.01)
(0.16 0.08 0.01)
(0.18 0.08 0.01)
(0.2 0.08 0.01)
(0.22 0.08 0.01)
(0.24 0.08 0.01)
(0.26 0.08 0.01)
(0.28 0.08 0.01)
(0.3 0.08 0.01)
(0.32 0.08 0.01)
(0.34 0.08 0.01)
(0.36 0.08 0.01)
(0.38 0.08 0.01)
(0.4 0.08 0.01)
(0.42 0.08 0.01)
(0.44 0.08 0.01)
(0.46 0.08 0.01)
(0.48 0.08 0.01)
(0.5 0.08 0.01)
(-0.5 0.09 0.01)
(-0.48 0.09 0.01)
(-0.46 0.09 0.01)
(-0.44 0.09 0.01)
(-0.42 0.09 0.01)
(-0.4 0.09 0.01)
(-0.38 0.09 0.01)
(-0.36 0.09 0.01)
(-0.34 0.09 0.01)
(-0.32 0.09 0.01)
(-0.3 0.09 0.01)
(-0.28 0.09 0.01)
(-0.26 0.09 0.01)
(-0.24 0.09 0.01)
(-0.22 0.09 0.01)
(-0.2 0.09 0.01)
(-0.18 0.09 0.01)
(-0.16 0.09 0.01)
(-0.14 0.09 0.01)
(-0.12 0.09 0.01)
(-0.1 0.09 0.01)
(-0.08 0.09 0.01)
(-0.06 0.09 0.01)
(-0.04 0.09 0.01)
(-0.02 0.09 0.01)
(0 0.09 0.01)
(0.02 0.09 0.01)
(0.04 0.09 0.01)
(0.06 0.09 0.01)
(0.08 0.09 0.01)
(0.1 0.09 0.01)
(0.12 0.09 0.01)
(0.14 0.09 0.01)
(0.16 0.09 0.01)
(0.18 0.09 0.01)
(0.2 0.09 0.01)
(0.22 0.09 0.01)
(0.24 0.09 0.01)
(0.26 0.09 0.01)
(0.28 0.09 0.01)
(0.3 0.09 0.01)
(0.32 0.09 0.01)
(0.34 0.09 0.01)
(0.36 0.09 0.01)
(0.38 0.09 0.01)
(0.4 0.09 0.01)
(0.42 0.09 0.01)
(0.44 0.09 0.01)
(0.46 0.09 0.01)
(0.48 0.09 0.01)
(0.5 0.09 0.01)
(-0.5 0.1 0.01)
(-0.48 0.1 0.01)
(-0.46 0.1 0.01)
(-0.44 0.1 0.01)
(-0.42 0.1 0.01)
(-0.4 0.1 0.01)
(-0.38 0.1 0.01)
(-0.36 0.1 0.01)
(-0.34 0.1 0.01)
(-0.32 0.1 0.01)
(-0.3 0.1 0.01)
(-0.28 0.1 0.01)
(-0.26 0.1 0.01)
(-0.24 0.1 0.01)
(-0.22 0.1 0.01)
(-0.2 0.1 0.01)
(-0.18 0.1 0.01)
(-0.16 0.1 0.01)
(-0.14 0.1 0.01)
(-0.12 0.1 0.01)
(-0.1 0.1 0.01)
(-0.08 0.1 0.01)
(-0.06 0.1 0.01)
(-0.04 0.1 0.01)
(-0.02 0.1 0.01)
(0 0.1 0.01)
(0.02 0.1 0.01)
(0.04 0.1 0.01)
(0.06 0.1 0.01)
(0.08 0.1 0.01)
(0.1 0.1 0.01)
(0.12 0.1 0.01)
(0.14 0.1 0.01)
(0.16 0.1 0.01)
(0.18 0.1 0.01)
(0.2 0.1 0.01)
(0.22 0.1 0.01)
(0.24 0.1 0.01)
(0.26 0.1 0.01)
(0.28 0.1 0.01)
(0.3 0.1 0.01)
(0.32 0.1 0.01)
(0.34 0.1 0.01)
(0.36 0.1 0.01)
(0.38 0.1 0.01)
(0.4 0.1 0.01)
(0.42 0.1 0.01)
(0.44 0.1 0.01)
(0.46 0.1 0.01)
(0.48 0.1 0.01)
(0.5 0.1 0.01)
(-0.5 0.11 0.01)
(-0.48 0.11 0.01)
(-0.46 0.11 0.01)
(-0.44 0.11 0.01)
(-0.42 0.11 0.01)
(-0.4 0.11 0.01)
(-0.38 0.11 0.01)
(-0.36 0.11 0.01)
(-0.34 0.11 0.01)
(-0.32 0.11 0.01)
(-0.3 0.11 0.01)
(-0.28 0.11 0.01)
(-0.26 0.11 0.01)
(-0.24 0.11 0.01)
(-0.22 0.11 0.01)
(-0.2 0.11 0.01)
(-0.18 0.11 0.01)
(-0.16 0.11 0.01)
(-0.14 0.11 0.01)
(-0.12 0.11 0.01)
(-0.1 0.11 0.01)
(-0.08 0.11 0.01)
(-0.06 0.11 0.01)
(-0.04 0.11 0.01)
(-0.02 0.11 0.01)
(0 0.11 0.01)
(0.02 0.11 0.01)
(0.04 0.11 0.01)
(0.06 0.11 0.01)
(0.08 0.11 0.01)
(0.1 0.11 0.01)
(0.12 0.11 0.01)
(0.14 0.11 0.01)
(0.16 0.11 0.01)
(0.18 0.11 0.01)
(0.2 0.11 0.01)
(0.22 0.11 0.01)
(0.24 0.11 0.01)
(0.26 0.11 0.01)
(0.28 0.11 0.01)
(0.3 0.11 0.01)
(0.32 0.11 0.01)
(0.34 0.11 0.01)
(0.36 0.11 0.01)
(0.38 0.11 0.01)
(0.4 0.11 0.01)
(0.42 0.11 0.01)
(0.44 0.11 0.01)
(0.46 0.11 0.01)
(0.48 0.11 0.01)
(0.5 0.11 0.01)
(-0.5 0.12 0.01)
(-0.48 0.12 0.01)
(-0.46 0.12 0.01)
(-0.44 0.12 0.01)
(-0.42 0.12 0.01)
(-0.4 0.12 0.01)
(-0.38 0.12 0.01)
(-0.36 0.12 0.01)
(-0.34 0.12 0.01)
(-0.32 0.12 0.01)
(-0.3 0.12 0.01)
(-0.28 0.12 0.01)
(-0.26 0.12 0.01)
(-0.24 0.12 0.01)
(-0.22 0.12 0.01)
(-0.2 0.12 0.01)
(-0.18 0.12 0.01)
(-0.16 0.12 0.01)
(-0.14 0.12 0.01)
(-0.12 0.12 0.01)
(-0.1 0.12 0.01)
(-0.08 0.12 0.01)
(-0.06 0.12 0.01)
(-0.04 0.12 0.01)
(-0.02 0.12 0.01)
(0 0.12 0.01)
(0.02 0.12 0.01)
(0.04 0.12 0.01)
(0.06 0.12 0.01)
(0.08 0.12 0.01)
(0.1 0.12 0.01)
(0.12 0.12 0.01)
(0.14 0.12 0.01)
(0.16 0.12 0.01)
(0.18 0.12 0.01)
(0.2 0.12 0.01)
(0.22 0.12 0.01)
(0.24 0.12 0.01)
(0.26 0.12 0.01)
(0.28 0.12 0.01)
(0.3 0.12 0.01)
(0.32 0.12 0.01)
(0.34 0.12 0.01)
(0.36 0.12 0.01)
(0.38 0.12 0.01)
(0.4 0.12 0.01)
(0.42 0.12 0.01)
(0.44 0.12 0.01)
(0.46 0.12 0.01)
(0.48 0.12 0.01)
(0.5 0.12 0.01)
(-0.5 0.13 0.01)
(-0.48 0.13 0.01)
(-0.46 0.13 0.01)
(-0.44 0.13 0.01)
(-0.42 0.13 0.01)
(-0.4 0.13 0.01)
(-0.38 0.13 0.01)
(-0.36 0.13 0.01)
(-0.34 0.13 0.01)
(-0.32 0.13 0.01)
(-0.3 0.13 0.01)
(-0.28 0.13 0.01)
(-0.26 0.13 0.01)
(-0.24 0.13 0.01)
(-0.22 0.13 0.01)
(-0.2 0.13 0.01)
(-0.18 0.13 0.01)
(-0.16 0.13 0.01)
(-0.14 0.13 0.01)
(-0.12 0.13 0.01)
(-0.1 0.13 0.01)
(-0.08 0.13 0.01)
(-0.06 0.13 0.01)
(-0.04 0.13 0.01)
(-0.02 0.13 0.01)
(0 0.13 0.01)
(0.02 0.13 0.01)
(0.04 0.13 0.01)
(0.06 0.13 0.01)
(0.08 0.13 0.01)
(0.1 0.13 0.01)
(0.12 0.13 0.01)
(0.14 0.13 0.01)
(0.16 0.13 0.01)
(0.18 0.13 0.01)
(0.2 0.13 0.01)
(0.22 0.13 0.01)
(0.24 0.13 0.01)
(0.26 0.13 0.01)
(0.28 0.13 0.01)
(0.3 0.13 0.01)
(0.32 0.13 0.01)
(0.34 0.13 0.01)
(0.36 0.13 0.01)
(0.38 0.13 0.01)
(0.4 0.13 0.01)
(0.42 0.13 0.01)
(0.44 0.13 0.01)
(0.46 0.13 0.01)
(0.48 0.13 0.01)
(0.5 0.13 0.01)
(-0.5 0.14 0.01)
(-0.48 0.14 0.01)
(-0.46 0.14 0.01)
(-0.44 0.14 0.01)
(-0.42 0.14 0.01)
(-0.4 0.14 0.01)
(-0.38 0.14 0.01)
(-0.36 0.14 0.01)
(-0.34 0.14 0.01)
(-0.32 0.14 0.01)
(-0.3 0.14 0.01)
(-0.28 0.14 0.01)
(-0.26 0.14 0.01)
(-0.24 0.14 0.01)
(-0.22 0.14 0.01)
(-0.2 0.14 0.01)
(-0.18 0.14 0.01)
(-0.16 0.14 0.01)
(-0.14 0.14 0.01)
(-0.12 0.14 0.01)
(-0.1 0.14 0.01)
(-0.08 0.14 0.01)
(-0.06 0.14 0.01)
(-0.04 0.14 0.01)
(-0.02 0.14 0.01)
(0 0.14 0.01)
(0.02 0.14 0.01)
(0.04 0.14 0.01)
(0.06 0.14 0.01)
(0.08 0.14 0.01)
(0.1 0.14 0.01)
(0.12 0.14 0.01)
(0.14 0.14 0.01)
(0.16 0.14 0.01)
(0.18 0.14 0.01)
(0.2 0.14 0.01)
(0.22 0.14 0.01)
(0.24 0.14 0.01)
(0.26 0.14 0.01)
(0.28 0.14 0.01)
(0.3 0.14 0.01)
(0.32 0.14 0.01)
(0.34 0.14 0.01)
(0.36 0.14 0.01)
(0.38 0.14 0.01)
(0.4 0.14 0.01)
(0.42 0.14 0.01)
(0.44 0.14 0.01)
(0.46 0.14 0.01)
(0.48 0.14 0.01)
(0.5 0.14 0.01)
(-0.5 0.15 0.01)
(-0.48 0.15 0.01)
(-0.46 0.15 0.01)
(-0.44 0.15 0.01)
(-0.42 0.15 0.01)
(-0.4 0.15 0.01)
(-0.38 0.15 0.01)
(-0.36 0.15 0.01)
(-0.34 0.15 0.01)
(-0.32 0.15 0.01)
(-0.3 0.15 0.01)
(-0.28 0.15 0.01)
(-0.26 0.15 0.01)
(-0.24 0.15 0.01)
(-0.22 0.15 0.01)
(-0.2 0.15 0.01)
(-0.18 0.15 0.01)
(-0.16 0.15 0.01)
(-0.14 0.15 0.01)
(-0.12 0.15 0.01)
(-0.1 0.15 0.01)
(-0.08 0.15 0.01)
(-0.06 0.15 0.01)
(-0.04 0.15 0.01)
(-0.02 0.15 0.01)
(0 0.15 0.01)
(0.02 0.15 0.01)
(0.04 0.15 0.01)
(0.06 0.15 0.01)
(0.08 0.15 0.01)
(0.1 0.15 0.01)
(0.12 0.15 0.01)
(0.14 0.15 0.01)
(0.16 0.15 0.01)
(0.18 0.15 0.01)
(0.2 0.15 0.01)
(0.22 0.15 0.01)
(0.24 0.15 0.01)
(0.26 0.15 0.01)
(0.28 0.15 0.01)
(0.3 0.15 0.01)
(0.32 0.15 0.01)
(0.34 0.15 0.01)
(0.36 0.15 0.01)
(0.38 0.15 0.01)
(0.4 0.15 0.01)
(0.42 0.15 0.01)
(0.44 0.15 0.01)
(0.46 0.15 0.01)
(0.48 0.15 0.01)
(0.5 0.15 0.01)
(-0.5 0.16 0.01)
(-0.48 0.16 0.01)
(-0.46 0.16 0.01)
(-0.44 0.16 0.01)
(-0.42 0.16 0.01)
(-0.4 0.16 0.01)
(-0.38 0.16 0.01)
(-0.36 0.16 0.01)
(-0.34 0.16 0.01)
(-0.32 0.16 0.01)
(-0.3 0.16 0.01)
(-0.28 0.16 0.01)
(-0.26 0.16 0.01)
(-0.24 0.16 0.01)
(-0.22 0.16 0.01)
(-0.2 0.16 0.01)
(-0.18 0.16 0.01)
(-0.16 0.16 0.01)
(-0.14 0.16 0.01)
(-0.12 0.16 0.01)
(-0.1 0.16 0.01)
(-0.08 0.16 0.01)
(-0.06 0.16 0.01)
(-0.04 0.16 0.01)
(-0.02 0.16 0.01)
(0 0.16 0.01)
(0.02 0.16 0.01)
(0.04 0.16 0.01)
(0.06 0.16 0.01)
(0.08 0.16 0.01)
(0.1 0.16 0.01)
(0.12 0.16 0.01)
(0.14 0.16 0.01)
(0.16 0.16 0.01)
(0.18 0.16 0.01)
(0.2 0.16 0.01)
(0.22 0.16 0.01)
(0.24 0.16 0.01)
(0.26 0.16 0.01)
(0.28 0.16 0.01)
(0.3 0.16 0.01)
(0.32 0.16 0.01)
(0.34 0.16 0.01)
(0.36 0.16 0.01)
(0.38 0.16 0.01)
(0.4 0.16 0.01)
(0.42 0.16 0.01)
(0.44 0.16 0.01)
(0.46 0.16 0.01)
(0.48 0.16 0.01)
(0.5 0.16 0.01)
(-0.5 0.17 0.01)
(-0.48 0.17 0.01)
(-0.46 0.17 0.01)
(-0.44 0.17 0.01)
(-0.42 0.17 0.01)
(-0.4 0.17 0.01)
(-0.38 0.17 0.01)
(-0.36 0.17 0.01)
(-0.34 0.17 0.01)
(-0.32 0.17 0.01)
(-0.3 0.17 0.01)
(-0.28 0.17 0.01)
(-0.26 0.17 0.01)
(-0.24 0.17 0.01)
(-0.22 0.17 0.01)
(-0.2 0.17 0.01)
(-0.18 0.17 0.01)
(-0.16 0.17 0.01)
(-0.14 0.17 0.01)
(-0.12 0.17 0.01)
(-0.1 0.17 0.01)
(-0.08 0.17 0.01)
(-0.06 0.17 0.01)
(-0.04 0.17 0.01)
(-0.02 0.17 0.01)
(0 0.17 0.01)
(0.02 0.17 0.01)
(0.04 0.17 0.01)
(0.06 0.17 0.01)
(0.08 0.17 0.01)
(0.1 0.17 0.01)
(0.12 0.17 0.01)
(0.14 0.17 0.01)
(0.16 0.17 0.01)
(0.18 0.17 0.01)
(0.2 0.17 0.01)
(0.22 0.17 0.01)
(0.24 0.17 0.01)
(0.26 0.17 0.01)
(0.28 0.17 0.01)
(0.3 0.17 0.01)
(0.32 0.17 0.01)
(0.34 0.17 0.01)
(0.36 0.17 0.01)
(0.38 0.17 0.01)
(0.4 0.17 0.01)
(0.42 0.17 0.01)
(0.44 0.17 0.01)
(0.46 0.17 0.01)
(0.48 0.17 0.01)
(0.5 0.17 0.01)
(-0.5 0.18 0.01)
(-0.48 0.18 0.01)
(-0.46 0.18 0.01)
(-0.44 0.18 0.01)
(-0.42 0.18 0.01)
(-0.4 0.18 0.01)
(-0.38 0.18 0.01)
(-0.36 0.18 0.01)
(-0.34 0.18 0.01)
(-0.32 0.18 0.01)
(-0.3 0.18 0.01)
(-0.28 0.18 0.01)
(-0.26 0.18 0.01)
(-0.24 0.18 0.01)
(-0.22 0.18 0.01)
(-0.2 0.18 0.01)
(-0.18 0.18 0.01)
(-0.16 0.18 0.01)
(-0.14 0.18 0.01)
(-0.12 0.18 0.01)
(-0.1 0.18 0.01)
(-0.08 0.18 0.01)
(-0.06 0.18 0.01)
(-0.04 0.18 0.01)
(-0.02 0.18 0.01)
(0 0.18 0.01)
(0.02 0.18 0.01)
(0.04 0.18 0.01)
(0.06 0.18 0.01)
(0.08 0.18 0.01)
(0.1 0.18 0.01)
(0.12 0.18 0.01)
(0.14 0.18 0.01)
(0.16 0.18 0.01)
(0.18 0.18 0.01)
(0.2 0.18 0.01)
(0.22 0.18 0.01)
(0.24 0.18 0.01)
(0.26 0.18 0.01)
(0.28 0.18 0.01)
(0.3 0.18 0.01)
(0.32 0.18 0.01)
(0.34 0.18 0.01)
(0.36 0.18 0.01)
(0.38 0.18 0.01)
(0.4 0.18 0.01)
(0.42 0.18 0.01)
(0.44 0.18 0.01)
(0.46 0.18 0.01)
(0.48 0.18 0.01)
(0.5 0.18 0.01)
(-0.5 0.19 0.01)
(-0.48 0.19 0.01)
(-0.46 0.19 0.01)
(-0.44 0.19 0.01)
(-0.42 0.19 0.01)
(-0.4 0.19 0.01)
(-0.38 0.19 0.01)
(-0.36 0.19 0.01)
(-0.34 0.19 0.01)
(-0.32 0.19 0.01)
(-0.3 0.19 0.01)
(-0.28 0.19 0.01)
(-0.26 0.19 0.01)
(-0.24 0.19 0.01)
(-0.22 0.19 0.01)
(-0.2 0.19 0.01)
(-0.18 0.19 0.01)
(-0.16 0.19 0.01)
(-0.14 0.19 0.01)
(-0.12 0.19 0.01)
(-0.1 0.19 0.01)
(-0.08 0.19 0.01)
(-0.06 0.19 0.01)
(-0.04 0.19 0.01)
(-0.02 0.19 0.01)
(0 0.19 0.01)
(0.02 0.19 0.01)
(0.04 0.19 0.01)
(0.06 0.19 0.01)
(0.08 0.19 0.01)
(0.1 0.19 0.01)
(0.12 0.19 0.01)
(0.14 0.19 0.01)
(0.16 0.19 0.01)
(0.18 0.19 0.01)
(0.2 0.19 0.01)
(0.22 0.19 0.01)
(0.24 0.19 0.01)
(0.26 0.19 0.01)
(0.28 0.19 0.01)
(0.3 0.19 0.01)
(0.32 0.19 0.01)
(0.34 0.19 0.01)
(0.36 0.19 0.01)
(0.38 0.19 0.01)
(0.4 0.19 0.01)
(0.42 0.19 0.01)
(0.44 0.19 0.01)
(0.46 0.19 0.01)
(0.48 0.19 0.01)
(0.5 0.19 0.01)
(-0.5 0.2 0.01)
(-0.48 0.2 0.01)
(-0.46 0.2 0.01)
(-0.44 0.2 0.01)
(-0.42 0.2 0.01)
(-0.4 0.2 0.01)
(-0.38 0.2 0.01)
(-0.36 0.2 0.01)
(-0.34 0.2 0.01)
(-0.32 0.2 0.01)
(-0.3 0.2 0.01)
(-0.28 0.2 0.01)
(-0.26 0.2 0.01)
(-0.24 0.2 0.01)
(-0.22 0.2 0.01)
(-0.2 0.2 0.01)
(-0.18 0.2 0.01)
(-0.16 0.2 0.01)
(-0.14 0.2 0.01)
(-0.12 0.2 0.01)
(-0.1 0.2 0.01)
(-0.08 0.2 0.01)
(-0.06 0.2 0.01)
(-0.04 0.2 0.01)
(-0.02 0.2 0.01)
(0 0.2 0.01)
(0.02 0.2 0.01)
(0.04 0.2 0.01)
(0.06 0.2 0.01)
(0.08 0.2 0.01)
(0.1 0.2 0.01)
(0.12 0.2 0.01)
(0.14 0.2 0.01)
(0.16 0.2 0.01)
(0.18 0.2 0.01)
(0.2 0.2 0.01)
(0.22 0.2 0.01)
(0.24 0.2 0.01)
(0.26 0.2 0.01)
(0.28 0.2 0.01)
(0.3 0.2 0.01)
(0.32 0.2 0.01)
(0.34 0.2 0.01)
(0.36 0.2 0.01)
(0.38 0.2 0.01)
(0.4 0.2 0.01)
(0.42 0.2 0.01)
(0.44 0.2 0.01)
(0.46 0.2 0.01)
(0.48 0.2 0.01)
(0.5 0.2 0.01)
(-0.5 0.21 0.01)
(-0.48 0.21 0.01)
(-0.46 0.21 0.01)
(-0.44 0.21 0.01)
(-0.42 0.21 0.01)
(-0.4 0.21 0.01)
(-0.38 0.21 0.01)
(-0.36 0.21 0.01)
(-0.34 0.21 0.01)
(-0.32 0.21 0.01)
(-0.3 0.21 0.01)
(-0.28 0.21 0.01)
(-0.26 0.21 0.01)
(-0.24 0.21 0.01)
(-0.22 0.21 0.01)
(-0.2 0.21 0.01)
(-0.18 0.21 0.01)
(-0.16 0.21 0.01)
(-0.14 0.21 0.01)
(-0.12 0.21 0.01)
(-0.1 0.21 0.01)
(-0.08 0.21 0.01)
(-0.06 0.21 0.01)
(-0.04 0.21 0.01)
(-0.02 0.21 0.01)
(0 0.21 0.01)
(0.02 0.21 0.01)
(0.04 0.21 0.01)
(0.06 0.21 0.01)
(0.08 0.21 0.01)
(0.1 0.21 0.01)
(0.12 0.21 0.01)
(0.14 0.21 0.01)
(0.16 0.21 0.01)
(0.18 0.21 0.01)
(0.2 0.21 0.01)
(0.22 0.21 0.01)
(0.24 0.21 0.01)
(0.26 0.21 0.01)
(0.28 0.21 0.01)
(0.3 0.21 0.01)
(0.32 0.21 0.01)
(0.34 0.21 0.01)
(0.36 0.21 0.01)
(0.38 0.21 0.01)
(0.4 0.21 0.01)
(0.42 0.21 0.01)
(0.44 0.21 0.01)
(0.46 0.21 0.01)
(0.48 0.21 0.01)
(0.5 0.21 0.01)
(-0.5 0.22 0.01)
(-0.48 0.22 0.01)
(-0.46 0.22 0.01)
(-0.44 0.22 0.01)
(-0.42 0.22 0.01)
(-0.4 0.22 0.01)
(-0.38 0.22 0.01)
(-0.36 0.22 0.01)
(-0.34 0.22 0.01)
(-0.32 0.22 0.01)
(-0.3 0.22 0.01)
(-0.28 0.22 0.01)
(-0.26 0.22 0.01)
(-0.24 0.22 0.01)
(-0.22 0.22 0.01)
(-0.2 0.22 0.01)
(-0.18 0.22 0.01)
(-0.16 0.22 0.01)
(-0.14 0.22 0.01)
(-0.12 0.22 0.01)
(-0.1 0.22 0.01)
(-0.08 0.22 0.01)
(-0.06 0.22 0.01)
(-0.04 0.22 0.01)
(-0.02 0.22 0.01)
(0 0.22 0.01)
(0.02 0.22 0.01)
(0.04 0.22 0.01)
(0.06 0.22 0.01)
(0.08 0.22 0.01)
(0.1 0.22 0.01)
(0.12 0.22 0.01)
(0.14 0.22 0.01)
(0.16 0.22 0.01)
(0.18 0.22 0.01)
(0.2 0.22 0.01)
(0.22 0.22 0.01)
(0.24 0.22 0.01)
(0.26 0.22 0.01)
(0.28 0.22 0.01)
(0.3 0.22 0.01)
(0.32 0.22 0.01)
(0.34 0.22 0.01)
(0.36 0.22 0.01)
(0.38 0.22 0.01)
(0.4 0.22 0.01)
(0.42 0.22 0.01)
(0.44 0.22 0.01)
(0.46 0.22 0.01)
(0.48 0.22 0.01)
(0.5 0.22 0.01)
(-0.5 0.23 0.01)
(-0.48 0.23 0.01)
(-0.46 0.23 0.01)
(-0.44 0.23 0.01)
(-0.42 0.23 0.01)
(-0.4 0.23 0.01)
(-0.38 0.23 0.01)
(-0.36 0.23 0.01)
(-0.34 0.23 0.01)
(-0.32 0.23 0.01)
(-0.3 0.23 0.01)
(-0.28 0.23 0.01)
(-0.26 0.23 0.01)
(-0.24 0.23 0.01)
(-0.22 0.23 0.01)
(-0.2 0.23 0.01)
(-0.18 0.23 0.01)
(-0.16 0.23 0.01)
(-0.14 0.23 0.01)
(-0.12 0.23 0.01)
(-0.1 0.23 0.01)
(-0.08 0.23 0.01)
(-0.06 0.23 0.01)
(-0.04 0.23 0.01)
(-0.02 0.23 0.01)
(0 0.23 0.01)
(0.02 0.23 0.01)
(0.04 0.23 0.01)
(0.06 0.23 0.01)
(0.08 0.23 0.01)
(0.1 0.23 0.01)
(0.12 0.23 0.01)
(0.14 0.23 0.01)
(0.16 0.23 0.01)
(0.18 0.23 0.01)
(0.2 0.23 0.01)
(0.22 0.23 0.01)
(0.24 0.23 0.01)
(0.26 0.23 0.01)
(0.28 0.23 0.01)
(0.3 0.23 0.01)
(0.32 0.23 0.01)
(0.34 0.23 0.01)
(0.36 0.23 0.01)
(0.38 0.23 0.01)
(0.4 0.23 0.01)
(0.42 0.23 0.01)
(0.44 0.23 0.01)
(0.46 0.23 0.01)
(0.48 0.23 0.01)
(0.5 0.23 0.01)
(-0.5 0.24 0.01)
(-0.48 0.24 0.01)
(-0.46 0.24 0.01)
(-0.44 0.24 0.01)
(-0.42 0.24 0.01)
(-0.4 0.24 0.01)
(-0.38 0.24 0.01)
(-0.36 0.24 0.01)
(-0.34 0.24 0.01)
(-0.32 0.24 0.01)
(-0.3 0.24 0.01)
(-0.28 0.24 0.01)
(-0.26 0.24 0.01)
(-0.24 0.24 0.01)
(-0.22 0.24 0.01)
(-0.2 0.24 0.01)
(-0.18 0.24 0.01)
(-0.16 0.24 0.01)
(-0.14 0.24 0.01)
(-0.12 0.24 0.01)
(-0.1 0.24 0.01)
(-0.08 0.24 0.01)
(-0.06 0.24 0.01)
(-0.04 0.24 0.01)
(-0.02 0.24 0.01)
(0 0.24 0.01)
(0.02 0.24 0.01)
(0.04 0.24 0.01)
(0.06 0.24 0.01)
(0.08 0.24 0.01)
(0.1 0.24 0.01)
(0.12 0.24 0.01)
(0.14 0.24 0.01)
(0.16 0.24 0.01)
(0.18 0.24 0.01)
(0.2 0.24 0.01)
(0.22 0.24 0.01)
(0.24 0.24 0.01)
(0.26 0.24 0.01)
(0.28 0.24 0.01)
(0.3 0.24 0.01)
(0.32 0.24 0.01)
(0.34 0.24 0.01)
(0.36 0.24 0.01)
(0.38 0.24 0.01)
(0.4 0.24 0.01)
(0.42 0.24 0.01)
(0.44 0.24 0.01)
(0.46 0.24 0.01)
(0.48 0.24 0.01)
(0.5 0.24 0.01)
(-0.5 0.25 0.01)
(-0.48 0.25 0.01)
(-0.46 0.25 0.01)
(-0.44 0.25 0.01)
(-0.42 0.25 0.01)
(-0.4 0.25 0.01)
(-0.38 0.25 0.01)
(-0.36 0.25 0.01)
(-0.34 0.25 0.01)
(-0.32 0.25 0.01)
(-0.3 0.25 0.01)
(-0.28 0.25 0.01)
(-0.26 0.25 0.01)
(-0.24 0.25 0.01)
(-0.22 0.25 0.01)
(-0.2 0.25 0.01)
(-0.18 0.25 0.01)
(-0.16 0.25 0.01)
(-0.14 0.25 0.01)
(-0.12 0.25 0.01)
(-0.1 0.25 0.01)
(-0.08 0.25 0.01)
(-0.06 0.25 0.01)
(-0.04 0.25 0.01)
(-0.02 0.25 0.01)
(0 0.25 0.01)
(0.02 0.25 0.01)
(0.04 0.25 0.01)
(0.06 0.25 0.01)
(0.08 0.25 0.01)
(0.1 0.25 0.01)
(0.12 0.25 0.01)
(0.14 0.25 0.01)
(0.16 0.25 0.01)
(0.18 0.25 0.01)
(0.2 0.25 0.01)
(0.22 0.25 0.01)
(0.24 0.25 0.01)
(0.26 0.25 0.01)
(0.28 0.25 0.01)
(0.3 0.25 0.01)
(0.32 0.25 0.01)
(0.34 0.25 0.01)
(0.36 0.25 0.01)
(0.38 0.25 0.01)
(0.4 0.25 0.01)
(0.42 0.25 0.01)
(0.44 0.25 0.01)
(0.46 0.25 0.01)
(0.48 0.25 0.01)
(0.5 0.25 0.01)
)


// ************************************************************************* //
