/*--------------------------------*- C++ -*----------------------------------*\
  =========                 |
  \\      /  F ield         | OpenFOAM: The Open Source CFD Toolbox
   \\    /   O peration     | Website:  https://openfoam.org
    \\  /    A nd           | Version:  6
     \\/     M anipulation  |
\*---------------------------------------------------------------------------*/
FoamFile
{
    version     2.0;
    format      ascii;
    class       volVectorField;
    location    "0";
    object      C;
}
// * * * * * * * * * * * * * * * * * * * * * * * * * * * * * * * * * * * * * //

dimensions      [0 1 0 0 0 0 0];

internalField   nonuniform List<vector> 
2500
(
(-0.49 -0.488439 0.005)
(-0.47 -0.488439 0.005)
(-0.45 -0.488439 0.005)
(-0.43 -0.488439 0.005)
(-0.41 -0.488439 0.005)
(-0.39 -0.488439 0.005)
(-0.37 -0.488439 0.005)
(-0.35 -0.488439 0.005)
(-0.33 -0.488439 0.005)
(-0.31 -0.488439 0.005)
(-0.29 -0.488439 0.005)
(-0.27 -0.488439 0.005)
(-0.25 -0.488439 0.005)
(-0.23 -0.488439 0.005)
(-0.21 -0.488439 0.005)
(-0.19 -0.488439 0.005)
(-0.17 -0.488439 0.005)
(-0.15 -0.488439 0.005)
(-0.13 -0.488439 0.005)
(-0.11 -0.488439 0.005)
(-0.09 -0.488439 0.005)
(-0.07 -0.488439 0.005)
(-0.05 -0.488439 0.005)
(-0.03 -0.488439 0.005)
(-0.01 -0.488439 0.005)
(0.01 -0.488439 0.005)
(0.03 -0.488439 0.005)
(0.05 -0.488439 0.005)
(0.07 -0.488439 0.005)
(0.09 -0.488439 0.005)
(0.11 -0.488439 0.005)
(0.13 -0.488439 0.005)
(0.15 -0.488439 0.005)
(0.17 -0.488439 0.005)
(0.19 -0.488439 0.005)
(0.21 -0.488439 0.005)
(0.23 -0.488439 0.005)
(0.25 -0.488439 0.005)
(0.27 -0.488439 0.005)
(0.29 -0.488439 0.005)
(0.31 -0.488439 0.005)
(0.33 -0.488439 0.005)
(0.35 -0.488439 0.005)
(0.37 -0.488439 0.005)
(0.39 -0.488439 0.005)
(0.41 -0.488439 0.005)
(0.43 -0.488439 0.005)
(0.45 -0.488439 0.005)
(0.47 -0.488439 0.005)
(0.49 -0.488439 0.005)
(-0.49 -0.465317 0.005)
(-0.47 -0.465317 0.005)
(-0.45 -0.465317 0.005)
(-0.43 -0.465317 0.005)
(-0.41 -0.465317 0.005)
(-0.39 -0.465317 0.005)
(-0.37 -0.465317 0.005)
(-0.35 -0.465317 0.005)
(-0.33 -0.465317 0.005)
(-0.31 -0.465317 0.005)
(-0.29 -0.465317 0.005)
(-0.27 -0.465317 0.005)
(-0.25 -0.465317 0.005)
(-0.23 -0.465317 0.005)
(-0.21 -0.465317 0.005)
(-0.19 -0.465317 0.005)
(-0.17 -0.465317 0.005)
(-0.15 -0.465317 0.005)
(-0.13 -0.465317 0.005)
(-0.11 -0.465317 0.005)
(-0.09 -0.465317 0.005)
(-0.07 -0.465317 0.005)
(-0.05 -0.465317 0.005)
(-0.03 -0.465317 0.005)
(-0.01 -0.465317 0.005)
(0.01 -0.465317 0.005)
(0.03 -0.465317 0.005)
(0.05 -0.465317 0.005)
(0.07 -0.465317 0.005)
(0.09 -0.465317 0.005)
(0.11 -0.465317 0.005)
(0.13 -0.465317 0.005)
(0.15 -0.465317 0.005)
(0.17 -0.465317 0.005)
(0.19 -0.465317 0.005)
(0.21 -0.465317 0.005)
(0.23 -0.465317 0.005)
(0.25 -0.465317 0.005)
(0.27 -0.465317 0.005)
(0.29 -0.465317 0.005)
(0.31 -0.465317 0.005)
(0.33 -0.465317 0.005)
(0.35 -0.465317 0.005)
(0.37 -0.465317 0.005)
(0.39 -0.465317 0.005)
(0.41 -0.465317 0.005)
(0.43 -0.465317 0.005)
(0.45 -0.465317 0.005)
(0.47 -0.465317 0.005)
(0.49 -0.465317 0.005)
(-0.49 -0.442195 0.005)
(-0.47 -0.442195 0.005)
(-0.45 -0.442195 0.005)
(-0.43 -0.442195 0.005)
(-0.41 -0.442195 0.005)
(-0.39 -0.442195 0.005)
(-0.37 -0.442195 0.005)
(-0.35 -0.442195 0.005)
(-0.33 -0.442195 0.005)
(-0.31 -0.442195 0.005)
(-0.29 -0.442195 0.005)
(-0.27 -0.442195 0.005)
(-0.25 -0.442195 0.005)
(-0.23 -0.442195 0.005)
(-0.21 -0.442195 0.005)
(-0.19 -0.442195 0.005)
(-0.17 -0.442195 0.005)
(-0.15 -0.442195 0.005)
(-0.13 -0.442195 0.005)
(-0.11 -0.442195 0.005)
(-0.09 -0.442195 0.005)
(-0.07 -0.442195 0.005)
(-0.05 -0.442195 0.005)
(-0.03 -0.442195 0.005)
(-0.01 -0.442195 0.005)
(0.01 -0.442195 0.005)
(0.03 -0.442195 0.005)
(0.05 -0.442195 0.005)
(0.07 -0.442195 0.005)
(0.09 -0.442195 0.005)
(0.11 -0.442195 0.005)
(0.13 -0.442195 0.005)
(0.15 -0.442195 0.005)
(0.17 -0.442195 0.005)
(0.19 -0.442195 0.005)
(0.21 -0.442195 0.005)
(0.23 -0.442195 0.005)
(0.25 -0.442195 0.005)
(0.27 -0.442195 0.005)
(0.29 -0.442195 0.005)
(0.31 -0.442195 0.005)
(0.33 -0.442195 0.005)
(0.35 -0.442195 0.005)
(0.37 -0.442195 0.005)
(0.39 -0.442195 0.005)
(0.41 -0.442195 0.005)
(0.43 -0.442195 0.005)
(0.45 -0.442195 0.005)
(0.47 -0.442195 0.005)
(0.49 -0.442195 0.005)
(-0.49 -0.419072 0.005)
(-0.47 -0.419072 0.005)
(-0.45 -0.419072 0.005)
(-0.43 -0.419072 0.005)
(-0.41 -0.419072 0.005)
(-0.39 -0.419072 0.005)
(-0.37 -0.419072 0.005)
(-0.35 -0.419072 0.005)
(-0.33 -0.419072 0.005)
(-0.31 -0.419072 0.005)
(-0.29 -0.419072 0.005)
(-0.27 -0.419072 0.005)
(-0.25 -0.419072 0.005)
(-0.23 -0.419072 0.005)
(-0.21 -0.419072 0.005)
(-0.19 -0.419072 0.005)
(-0.17 -0.419072 0.005)
(-0.15 -0.419072 0.005)
(-0.13 -0.419072 0.005)
(-0.11 -0.419072 0.005)
(-0.09 -0.419072 0.005)
(-0.07 -0.419072 0.005)
(-0.05 -0.419072 0.005)
(-0.03 -0.419072 0.005)
(-0.01 -0.419072 0.005)
(0.01 -0.419072 0.005)
(0.03 -0.419072 0.005)
(0.05 -0.419072 0.005)
(0.07 -0.419072 0.005)
(0.09 -0.419072 0.005)
(0.11 -0.419072 0.005)
(0.13 -0.419072 0.005)
(0.15 -0.419072 0.005)
(0.17 -0.419072 0.005)
(0.19 -0.419072 0.005)
(0.21 -0.419072 0.005)
(0.23 -0.419072 0.005)
(0.25 -0.419072 0.005)
(0.27 -0.419072 0.005)
(0.29 -0.419072 0.005)
(0.31 -0.419072 0.005)
(0.33 -0.419072 0.005)
(0.35 -0.419072 0.005)
(0.37 -0.419072 0.005)
(0.39 -0.419072 0.005)
(0.41 -0.419072 0.005)
(0.43 -0.419072 0.005)
(0.45 -0.419072 0.005)
(0.47 -0.419072 0.005)
(0.49 -0.419072 0.005)
(-0.49 -0.39595 0.005)
(-0.47 -0.39595 0.005)
(-0.45 -0.39595 0.005)
(-0.43 -0.39595 0.005)
(-0.41 -0.39595 0.005)
(-0.39 -0.39595 0.005)
(-0.37 -0.39595 0.005)
(-0.35 -0.39595 0.005)
(-0.33 -0.39595 0.005)
(-0.31 -0.39595 0.005)
(-0.29 -0.39595 0.005)
(-0.27 -0.39595 0.005)
(-0.25 -0.39595 0.005)
(-0.23 -0.39595 0.005)
(-0.21 -0.39595 0.005)
(-0.19 -0.39595 0.005)
(-0.17 -0.39595 0.005)
(-0.15 -0.39595 0.005)
(-0.13 -0.39595 0.005)
(-0.11 -0.39595 0.005)
(-0.09 -0.39595 0.005)
(-0.07 -0.39595 0.005)
(-0.05 -0.39595 0.005)
(-0.03 -0.39595 0.005)
(-0.01 -0.39595 0.005)
(0.01 -0.39595 0.005)
(0.03 -0.39595 0.005)
(0.05 -0.39595 0.005)
(0.07 -0.39595 0.005)
(0.09 -0.39595 0.005)
(0.11 -0.39595 0.005)
(0.13 -0.39595 0.005)
(0.15 -0.39595 0.005)
(0.17 -0.39595 0.005)
(0.19 -0.39595 0.005)
(0.21 -0.39595 0.005)
(0.23 -0.39595 0.005)
(0.25 -0.39595 0.005)
(0.27 -0.39595 0.005)
(0.29 -0.39595 0.005)
(0.31 -0.39595 0.005)
(0.33 -0.39595 0.005)
(0.35 -0.39595 0.005)
(0.37 -0.39595 0.005)
(0.39 -0.39595 0.005)
(0.41 -0.39595 0.005)
(0.43 -0.39595 0.005)
(0.45 -0.39595 0.005)
(0.47 -0.39595 0.005)
(0.49 -0.39595 0.005)
(-0.49 -0.372828 0.005)
(-0.47 -0.372828 0.005)
(-0.45 -0.372828 0.005)
(-0.43 -0.372828 0.005)
(-0.41 -0.372828 0.005)
(-0.39 -0.372828 0.005)
(-0.37 -0.372828 0.005)
(-0.35 -0.372828 0.005)
(-0.33 -0.372828 0.005)
(-0.31 -0.372828 0.005)
(-0.29 -0.372828 0.005)
(-0.27 -0.372828 0.005)
(-0.25 -0.372828 0.005)
(-0.23 -0.372828 0.005)
(-0.21 -0.372828 0.005)
(-0.19 -0.372828 0.005)
(-0.17 -0.372828 0.005)
(-0.15 -0.372828 0.005)
(-0.13 -0.372828 0.005)
(-0.11 -0.372828 0.005)
(-0.09 -0.372828 0.005)
(-0.07 -0.372828 0.005)
(-0.05 -0.372828 0.005)
(-0.03 -0.372828 0.005)
(-0.01 -0.372828 0.005)
(0.01 -0.372828 0.005)
(0.03 -0.372828 0.005)
(0.05 -0.372828 0.005)
(0.07 -0.372828 0.005)
(0.09 -0.372828 0.005)
(0.11 -0.372828 0.005)
(0.13 -0.372828 0.005)
(0.15 -0.372828 0.005)
(0.17 -0.372828 0.005)
(0.19 -0.372828 0.005)
(0.21 -0.372828 0.005)
(0.23 -0.372828 0.005)
(0.25 -0.372828 0.005)
(0.27 -0.372828 0.005)
(0.29 -0.372828 0.005)
(0.31 -0.372828 0.005)
(0.33 -0.372828 0.005)
(0.35 -0.372828 0.005)
(0.37 -0.372828 0.005)
(0.39 -0.372828 0.005)
(0.41 -0.372828 0.005)
(0.43 -0.372828 0.005)
(0.45 -0.372828 0.005)
(0.47 -0.372828 0.005)
(0.49 -0.372828 0.005)
(-0.49 -0.349706 0.005)
(-0.47 -0.349706 0.005)
(-0.45 -0.349706 0.005)
(-0.43 -0.349706 0.005)
(-0.41 -0.349706 0.005)
(-0.39 -0.349706 0.005)
(-0.37 -0.349706 0.005)
(-0.35 -0.349706 0.005)
(-0.33 -0.349706 0.005)
(-0.31 -0.349706 0.005)
(-0.29 -0.349706 0.005)
(-0.27 -0.349706 0.005)
(-0.25 -0.349706 0.005)
(-0.23 -0.349706 0.005)
(-0.21 -0.349706 0.005)
(-0.19 -0.349706 0.005)
(-0.17 -0.349706 0.005)
(-0.15 -0.349706 0.005)
(-0.13 -0.349706 0.005)
(-0.11 -0.349706 0.005)
(-0.09 -0.349706 0.005)
(-0.07 -0.349706 0.005)
(-0.05 -0.349706 0.005)
(-0.03 -0.349706 0.005)
(-0.01 -0.349706 0.005)
(0.01 -0.349706 0.005)
(0.03 -0.349706 0.005)
(0.05 -0.349706 0.005)
(0.07 -0.349706 0.005)
(0.09 -0.349706 0.005)
(0.11 -0.349706 0.005)
(0.13 -0.349706 0.005)
(0.15 -0.349706 0.005)
(0.17 -0.349706 0.005)
(0.19 -0.349706 0.005)
(0.21 -0.349706 0.005)
(0.23 -0.349706 0.005)
(0.25 -0.349706 0.005)
(0.27 -0.349706 0.005)
(0.29 -0.349706 0.005)
(0.31 -0.349706 0.005)
(0.33 -0.349706 0.005)
(0.35 -0.349706 0.005)
(0.37 -0.349706 0.005)
(0.39 -0.349706 0.005)
(0.41 -0.349706 0.005)
(0.43 -0.349706 0.005)
(0.45 -0.349706 0.005)
(0.47 -0.349706 0.005)
(0.49 -0.349706 0.005)
(-0.49 -0.326584 0.005)
(-0.47 -0.326584 0.005)
(-0.45 -0.326584 0.005)
(-0.43 -0.326584 0.005)
(-0.41 -0.326584 0.005)
(-0.39 -0.326584 0.005)
(-0.37 -0.326584 0.005)
(-0.35 -0.326584 0.005)
(-0.33 -0.326584 0.005)
(-0.31 -0.326584 0.005)
(-0.29 -0.326584 0.005)
(-0.27 -0.326584 0.005)
(-0.25 -0.326584 0.005)
(-0.23 -0.326584 0.005)
(-0.21 -0.326584 0.005)
(-0.19 -0.326584 0.005)
(-0.17 -0.326584 0.005)
(-0.15 -0.326584 0.005)
(-0.13 -0.326584 0.005)
(-0.11 -0.326584 0.005)
(-0.09 -0.326584 0.005)
(-0.07 -0.326584 0.005)
(-0.05 -0.326584 0.005)
(-0.03 -0.326584 0.005)
(-0.01 -0.326584 0.005)
(0.01 -0.326584 0.005)
(0.03 -0.326584 0.005)
(0.05 -0.326584 0.005)
(0.07 -0.326584 0.005)
(0.09 -0.326584 0.005)
(0.11 -0.326584 0.005)
(0.13 -0.326584 0.005)
(0.15 -0.326584 0.005)
(0.17 -0.326584 0.005)
(0.19 -0.326584 0.005)
(0.21 -0.326584 0.005)
(0.23 -0.326584 0.005)
(0.25 -0.326584 0.005)
(0.27 -0.326584 0.005)
(0.29 -0.326584 0.005)
(0.31 -0.326584 0.005)
(0.33 -0.326584 0.005)
(0.35 -0.326584 0.005)
(0.37 -0.326584 0.005)
(0.39 -0.326584 0.005)
(0.41 -0.326584 0.005)
(0.43 -0.326584 0.005)
(0.45 -0.326584 0.005)
(0.47 -0.326584 0.005)
(0.49 -0.326584 0.005)
(-0.49 -0.303462 0.005)
(-0.47 -0.303462 0.005)
(-0.45 -0.303462 0.005)
(-0.43 -0.303462 0.005)
(-0.41 -0.303462 0.005)
(-0.39 -0.303462 0.005)
(-0.37 -0.303462 0.005)
(-0.35 -0.303462 0.005)
(-0.33 -0.303462 0.005)
(-0.31 -0.303462 0.005)
(-0.29 -0.303462 0.005)
(-0.27 -0.303462 0.005)
(-0.25 -0.303462 0.005)
(-0.23 -0.303462 0.005)
(-0.21 -0.303462 0.005)
(-0.19 -0.303462 0.005)
(-0.17 -0.303462 0.005)
(-0.15 -0.303462 0.005)
(-0.13 -0.303462 0.005)
(-0.11 -0.303462 0.005)
(-0.09 -0.303462 0.005)
(-0.07 -0.303462 0.005)
(-0.05 -0.303462 0.005)
(-0.03 -0.303462 0.005)
(-0.01 -0.303462 0.005)
(0.01 -0.303462 0.005)
(0.03 -0.303462 0.005)
(0.05 -0.303462 0.005)
(0.07 -0.303462 0.005)
(0.09 -0.303462 0.005)
(0.11 -0.303462 0.005)
(0.13 -0.303462 0.005)
(0.15 -0.303462 0.005)
(0.17 -0.303462 0.005)
(0.19 -0.303462 0.005)
(0.21 -0.303462 0.005)
(0.23 -0.303462 0.005)
(0.25 -0.303462 0.005)
(0.27 -0.303462 0.005)
(0.29 -0.303462 0.005)
(0.31 -0.303462 0.005)
(0.33 -0.303462 0.005)
(0.35 -0.303462 0.005)
(0.37 -0.303462 0.005)
(0.39 -0.303462 0.005)
(0.41 -0.303462 0.005)
(0.43 -0.303462 0.005)
(0.45 -0.303462 0.005)
(0.47 -0.303462 0.005)
(0.49 -0.303462 0.005)
(-0.489803 -0.280341 0.005)
(-0.469811 -0.280341 0.005)
(-0.449819 -0.280341 0.005)
(-0.429827 -0.280341 0.005)
(-0.409835 -0.280341 0.005)
(-0.389843 -0.280341 0.005)
(-0.369851 -0.280341 0.005)
(-0.349859 -0.280341 0.005)
(-0.329868 -0.280341 0.005)
(-0.309876 -0.280341 0.005)
(-0.289884 -0.280341 0.005)
(-0.269892 -0.280341 0.005)
(-0.2499 -0.280341 0.005)
(-0.229908 -0.280341 0.005)
(-0.209916 -0.280341 0.005)
(-0.189924 -0.280341 0.005)
(-0.169932 -0.280341 0.005)
(-0.14994 -0.280341 0.005)
(-0.129948 -0.280341 0.005)
(-0.109956 -0.280341 0.005)
(-0.0899639 -0.280341 0.005)
(-0.0699719 -0.280341 0.005)
(-0.0499799 -0.280341 0.005)
(-0.029988 -0.280341 0.005)
(-0.00999599 -0.280341 0.005)
(0.00999599 -0.280341 0.005)
(0.029988 -0.280341 0.005)
(0.0499799 -0.280341 0.005)
(0.0699719 -0.280341 0.005)
(0.0899639 -0.280341 0.005)
(0.109956 -0.280341 0.005)
(0.129948 -0.280341 0.005)
(0.14994 -0.280341 0.005)
(0.169932 -0.280341 0.005)
(0.189924 -0.280341 0.005)
(0.209916 -0.280341 0.005)
(0.229908 -0.280341 0.005)
(0.2499 -0.280341 0.005)
(0.269892 -0.280341 0.005)
(0.289884 -0.280341 0.005)
(0.309876 -0.280341 0.005)
(0.329868 -0.280341 0.005)
(0.349859 -0.280341 0.005)
(0.369851 -0.280341 0.005)
(0.389843 -0.280341 0.005)
(0.409835 -0.280341 0.005)
(0.429827 -0.280341 0.005)
(0.449819 -0.280341 0.005)
(0.469811 -0.280341 0.005)
(0.489803 -0.280341 0.005)
(-0.492315 -0.257635 0.005)
(-0.472221 -0.257635 0.005)
(-0.452126 -0.257635 0.005)
(-0.432032 -0.257635 0.005)
(-0.411937 -0.257635 0.005)
(-0.391843 -0.257635 0.005)
(-0.371748 -0.257635 0.005)
(-0.351654 -0.257635 0.005)
(-0.331559 -0.257635 0.005)
(-0.311465 -0.257635 0.005)
(-0.29137 -0.257635 0.005)
(-0.271276 -0.257635 0.005)
(-0.251181 -0.257635 0.005)
(-0.231087 -0.257635 0.005)
(-0.210992 -0.257635 0.005)
(-0.190898 -0.257635 0.005)
(-0.170803 -0.257635 0.005)
(-0.150709 -0.257635 0.005)
(-0.130614 -0.257635 0.005)
(-0.11052 -0.257635 0.005)
(-0.0904253 -0.257635 0.005)
(-0.0703308 -0.257635 0.005)
(-0.0502363 -0.257635 0.005)
(-0.0301418 -0.257635 0.005)
(-0.0100473 -0.257635 0.005)
(0.0100473 -0.257635 0.005)
(0.0301418 -0.257635 0.005)
(0.0502363 -0.257635 0.005)
(0.0703308 -0.257635 0.005)
(0.0904253 -0.257635 0.005)
(0.11052 -0.257635 0.005)
(0.130614 -0.257635 0.005)
(0.150709 -0.257635 0.005)
(0.170803 -0.257635 0.005)
(0.190898 -0.257635 0.005)
(0.210992 -0.257635 0.005)
(0.231087 -0.257635 0.005)
(0.251181 -0.257635 0.005)
(0.271276 -0.257635 0.005)
(0.29137 -0.257635 0.005)
(0.311465 -0.257635 0.005)
(0.331559 -0.257635 0.005)
(0.351654 -0.257635 0.005)
(0.371748 -0.257635 0.005)
(0.391843 -0.257635 0.005)
(0.411937 -0.257635 0.005)
(0.432032 -0.257635 0.005)
(0.452126 -0.257635 0.005)
(0.472221 -0.257635 0.005)
(0.492315 -0.257635 0.005)
(-0.503563 -0.239022 0.005)
(-0.483009 -0.239022 0.005)
(-0.462456 -0.239022 0.005)
(-0.441902 -0.239022 0.005)
(-0.421348 -0.239022 0.005)
(-0.400795 -0.239022 0.005)
(-0.380241 -0.239022 0.005)
(-0.359688 -0.239022 0.005)
(-0.339134 -0.239022 0.005)
(-0.318581 -0.239022 0.005)
(-0.298027 -0.239022 0.005)
(-0.277473 -0.239022 0.005)
(-0.25692 -0.239022 0.005)
(-0.236366 -0.239022 0.005)
(-0.215813 -0.239022 0.005)
(-0.195259 -0.239022 0.005)
(-0.174705 -0.239022 0.005)
(-0.154152 -0.239022 0.005)
(-0.133598 -0.239022 0.005)
(-0.113045 -0.239022 0.005)
(-0.0924911 -0.239022 0.005)
(-0.0719375 -0.239022 0.005)
(-0.051384 -0.239022 0.005)
(-0.0308304 -0.239022 0.005)
(-0.0102768 -0.239022 0.005)
(0.0102768 -0.239022 0.005)
(0.0308304 -0.239022 0.005)
(0.051384 -0.239022 0.005)
(0.0719375 -0.239022 0.005)
(0.0924911 -0.239022 0.005)
(0.113045 -0.239022 0.005)
(0.133598 -0.239022 0.005)
(0.154152 -0.239022 0.005)
(0.174705 -0.239022 0.005)
(0.195259 -0.239022 0.005)
(0.215813 -0.239022 0.005)
(0.236366 -0.239022 0.005)
(0.25692 -0.239022 0.005)
(0.277473 -0.239022 0.005)
(0.298027 -0.239022 0.005)
(0.318581 -0.239022 0.005)
(0.339134 -0.239022 0.005)
(0.359688 -0.239022 0.005)
(0.380241 -0.239022 0.005)
(0.400795 -0.239022 0.005)
(0.421348 -0.239022 0.005)
(0.441902 -0.239022 0.005)
(0.462456 -0.239022 0.005)
(0.483009 -0.239022 0.005)
(0.503563 -0.239022 0.005)
(-0.5212 -0.224284 0.005)
(-0.499926 -0.224284 0.005)
(-0.478653 -0.224284 0.005)
(-0.457379 -0.224284 0.005)
(-0.436106 -0.224284 0.005)
(-0.414832 -0.224284 0.005)
(-0.393559 -0.224284 0.005)
(-0.372285 -0.224284 0.005)
(-0.351012 -0.224284 0.005)
(-0.329739 -0.224284 0.005)
(-0.308465 -0.224284 0.005)
(-0.287192 -0.224284 0.005)
(-0.265918 -0.224284 0.005)
(-0.244645 -0.224284 0.005)
(-0.223371 -0.224284 0.005)
(-0.202098 -0.224284 0.005)
(-0.180824 -0.224284 0.005)
(-0.159551 -0.224284 0.005)
(-0.138277 -0.224284 0.005)
(-0.117004 -0.224284 0.005)
(-0.0957306 -0.224284 0.005)
(-0.0744571 -0.224284 0.005)
(-0.0531836 -0.224284 0.005)
(-0.0319102 -0.224284 0.005)
(-0.0106367 -0.224284 0.005)
(0.0106367 -0.224284 0.005)
(0.0319102 -0.224284 0.005)
(0.0531836 -0.224284 0.005)
(0.0744571 -0.224284 0.005)
(0.0957306 -0.224284 0.005)
(0.117004 -0.224284 0.005)
(0.138277 -0.224284 0.005)
(0.159551 -0.224284 0.005)
(0.180824 -0.224284 0.005)
(0.202098 -0.224284 0.005)
(0.223371 -0.224284 0.005)
(0.244645 -0.224284 0.005)
(0.265918 -0.224284 0.005)
(0.287192 -0.224284 0.005)
(0.308465 -0.224284 0.005)
(0.329739 -0.224284 0.005)
(0.351012 -0.224284 0.005)
(0.372285 -0.224284 0.005)
(0.393559 -0.224284 0.005)
(0.414832 -0.224284 0.005)
(0.436106 -0.224284 0.005)
(0.457379 -0.224284 0.005)
(0.478653 -0.224284 0.005)
(0.499926 -0.224284 0.005)
(0.5212 -0.224284 0.005)
(-0.539072 -0.209677 0.005)
(-0.517069 -0.209677 0.005)
(-0.495066 -0.209677 0.005)
(-0.473063 -0.209677 0.005)
(-0.45106 -0.209677 0.005)
(-0.429057 -0.209677 0.005)
(-0.407054 -0.209677 0.005)
(-0.385051 -0.209677 0.005)
(-0.363048 -0.209677 0.005)
(-0.341045 -0.209677 0.005)
(-0.319043 -0.209677 0.005)
(-0.29704 -0.209677 0.005)
(-0.275037 -0.209677 0.005)
(-0.253034 -0.209677 0.005)
(-0.231031 -0.209677 0.005)
(-0.209028 -0.209677 0.005)
(-0.187025 -0.209677 0.005)
(-0.165022 -0.209677 0.005)
(-0.143019 -0.209677 0.005)
(-0.121016 -0.209677 0.005)
(-0.0990132 -0.209677 0.005)
(-0.0770103 -0.209677 0.005)
(-0.0550073 -0.209677 0.005)
(-0.0330044 -0.209677 0.005)
(-0.0110015 -0.209677 0.005)
(0.0110015 -0.209677 0.005)
(0.0330044 -0.209677 0.005)
(0.0550073 -0.209677 0.005)
(0.0770103 -0.209677 0.005)
(0.0990132 -0.209677 0.005)
(0.121016 -0.209677 0.005)
(0.143019 -0.209677 0.005)
(0.165022 -0.209677 0.005)
(0.187025 -0.209677 0.005)
(0.209028 -0.209677 0.005)
(0.231031 -0.209677 0.005)
(0.253034 -0.209677 0.005)
(0.275037 -0.209677 0.005)
(0.29704 -0.209677 0.005)
(0.319043 -0.209677 0.005)
(0.341045 -0.209677 0.005)
(0.363048 -0.209677 0.005)
(0.385051 -0.209677 0.005)
(0.407054 -0.209677 0.005)
(0.429057 -0.209677 0.005)
(0.45106 -0.209677 0.005)
(0.473063 -0.209677 0.005)
(0.495066 -0.209677 0.005)
(0.517069 -0.209677 0.005)
(0.539072 -0.209677 0.005)
(-0.556458 -0.19488 0.005)
(-0.533745 -0.19488 0.005)
(-0.511033 -0.19488 0.005)
(-0.48832 -0.19488 0.005)
(-0.465607 -0.19488 0.005)
(-0.442895 -0.19488 0.005)
(-0.420182 -0.19488 0.005)
(-0.39747 -0.19488 0.005)
(-0.374757 -0.19488 0.005)
(-0.352045 -0.19488 0.005)
(-0.329332 -0.19488 0.005)
(-0.30662 -0.19488 0.005)
(-0.283907 -0.19488 0.005)
(-0.261194 -0.19488 0.005)
(-0.238482 -0.19488 0.005)
(-0.215769 -0.19488 0.005)
(-0.193057 -0.19488 0.005)
(-0.170344 -0.19488 0.005)
(-0.147632 -0.19488 0.005)
(-0.124919 -0.19488 0.005)
(-0.102207 -0.19488 0.005)
(-0.079494 -0.19488 0.005)
(-0.0567814 -0.19488 0.005)
(-0.0340688 -0.19488 0.005)
(-0.0113563 -0.19488 0.005)
(0.0113563 -0.19488 0.005)
(0.0340688 -0.19488 0.005)
(0.0567814 -0.19488 0.005)
(0.079494 -0.19488 0.005)
(0.102207 -0.19488 0.005)
(0.124919 -0.19488 0.005)
(0.147632 -0.19488 0.005)
(0.170344 -0.19488 0.005)
(0.193057 -0.19488 0.005)
(0.215769 -0.19488 0.005)
(0.238482 -0.19488 0.005)
(0.261194 -0.19488 0.005)
(0.283907 -0.19488 0.005)
(0.30662 -0.19488 0.005)
(0.329332 -0.19488 0.005)
(0.352045 -0.19488 0.005)
(0.374757 -0.19488 0.005)
(0.39747 -0.19488 0.005)
(0.420182 -0.19488 0.005)
(0.442895 -0.19488 0.005)
(0.465607 -0.19488 0.005)
(0.48832 -0.19488 0.005)
(0.511033 -0.19488 0.005)
(0.533745 -0.19488 0.005)
(0.556458 -0.19488 0.005)
(-0.573631 -0.179756 0.005)
(-0.550217 -0.179756 0.005)
(-0.526804 -0.179756 0.005)
(-0.50339 -0.179756 0.005)
(-0.479977 -0.179756 0.005)
(-0.456563 -0.179756 0.005)
(-0.43315 -0.179756 0.005)
(-0.409736 -0.179756 0.005)
(-0.386323 -0.179756 0.005)
(-0.362909 -0.179756 0.005)
(-0.339496 -0.179756 0.005)
(-0.316082 -0.179756 0.005)
(-0.292669 -0.179756 0.005)
(-0.269255 -0.179756 0.005)
(-0.245842 -0.179756 0.005)
(-0.222428 -0.179756 0.005)
(-0.199015 -0.179756 0.005)
(-0.175601 -0.179756 0.005)
(-0.152188 -0.179756 0.005)
(-0.128774 -0.179756 0.005)
(-0.105361 -0.179756 0.005)
(-0.0819473 -0.179756 0.005)
(-0.0585338 -0.179756 0.005)
(-0.0351203 -0.179756 0.005)
(-0.0117068 -0.179756 0.005)
(0.0117068 -0.179756 0.005)
(0.0351203 -0.179756 0.005)
(0.0585338 -0.179756 0.005)
(0.0819473 -0.179756 0.005)
(0.105361 -0.179756 0.005)
(0.128774 -0.179756 0.005)
(0.152188 -0.179756 0.005)
(0.175601 -0.179756 0.005)
(0.199015 -0.179756 0.005)
(0.222428 -0.179756 0.005)
(0.245842 -0.179756 0.005)
(0.269255 -0.179756 0.005)
(0.292669 -0.179756 0.005)
(0.316082 -0.179756 0.005)
(0.339496 -0.179756 0.005)
(0.362909 -0.179756 0.005)
(0.386323 -0.179756 0.005)
(0.409736 -0.179756 0.005)
(0.43315 -0.179756 0.005)
(0.456563 -0.179756 0.005)
(0.479977 -0.179756 0.005)
(0.50339 -0.179756 0.005)
(0.526804 -0.179756 0.005)
(0.550217 -0.179756 0.005)
(0.573631 -0.179756 0.005)
(-0.590484 -0.164213 0.005)
(-0.566383 -0.164213 0.005)
(-0.542281 -0.164213 0.005)
(-0.51818 -0.164213 0.005)
(-0.494079 -0.164213 0.005)
(-0.469977 -0.164213 0.005)
(-0.445876 -0.164213 0.005)
(-0.421774 -0.164213 0.005)
(-0.397673 -0.164213 0.005)
(-0.373572 -0.164213 0.005)
(-0.34947 -0.164213 0.005)
(-0.325369 -0.164213 0.005)
(-0.301267 -0.164213 0.005)
(-0.277166 -0.164213 0.005)
(-0.253065 -0.164213 0.005)
(-0.228963 -0.164213 0.005)
(-0.204862 -0.164213 0.005)
(-0.18076 -0.164213 0.005)
(-0.156659 -0.164213 0.005)
(-0.132558 -0.164213 0.005)
(-0.108456 -0.164213 0.005)
(-0.0843549 -0.164213 0.005)
(-0.0602535 -0.164213 0.005)
(-0.0361521 -0.164213 0.005)
(-0.0120507 -0.164213 0.005)
(0.0120507 -0.164213 0.005)
(0.0361521 -0.164213 0.005)
(0.0602535 -0.164213 0.005)
(0.0843549 -0.164213 0.005)
(0.108456 -0.164213 0.005)
(0.132558 -0.164213 0.005)
(0.156659 -0.164213 0.005)
(0.18076 -0.164213 0.005)
(0.204862 -0.164213 0.005)
(0.228963 -0.164213 0.005)
(0.253065 -0.164213 0.005)
(0.277166 -0.164213 0.005)
(0.301267 -0.164213 0.005)
(0.325369 -0.164213 0.005)
(0.34947 -0.164213 0.005)
(0.373572 -0.164213 0.005)
(0.397673 -0.164213 0.005)
(0.421774 -0.164213 0.005)
(0.445876 -0.164213 0.005)
(0.469977 -0.164213 0.005)
(0.494079 -0.164213 0.005)
(0.51818 -0.164213 0.005)
(0.542281 -0.164213 0.005)
(0.566383 -0.164213 0.005)
(0.590484 -0.164213 0.005)
(-0.606846 -0.148191 0.005)
(-0.582076 -0.148191 0.005)
(-0.557307 -0.148191 0.005)
(-0.532538 -0.148191 0.005)
(-0.507769 -0.148191 0.005)
(-0.483 -0.148191 0.005)
(-0.45823 -0.148191 0.005)
(-0.433461 -0.148191 0.005)
(-0.408692 -0.148191 0.005)
(-0.383923 -0.148191 0.005)
(-0.359154 -0.148191 0.005)
(-0.334384 -0.148191 0.005)
(-0.309615 -0.148191 0.005)
(-0.284846 -0.148191 0.005)
(-0.260077 -0.148191 0.005)
(-0.235307 -0.148191 0.005)
(-0.210538 -0.148191 0.005)
(-0.185769 -0.148191 0.005)
(-0.161 -0.148191 0.005)
(-0.136231 -0.148191 0.005)
(-0.111461 -0.148191 0.005)
(-0.0866922 -0.148191 0.005)
(-0.061923 -0.148191 0.005)
(-0.0371538 -0.148191 0.005)
(-0.0123846 -0.148191 0.005)
(0.0123846 -0.148191 0.005)
(0.0371538 -0.148191 0.005)
(0.061923 -0.148191 0.005)
(0.0866922 -0.148191 0.005)
(0.111461 -0.148191 0.005)
(0.136231 -0.148191 0.005)
(0.161 -0.148191 0.005)
(0.185769 -0.148191 0.005)
(0.210538 -0.148191 0.005)
(0.235307 -0.148191 0.005)
(0.260077 -0.148191 0.005)
(0.284846 -0.148191 0.005)
(0.309615 -0.148191 0.005)
(0.334384 -0.148191 0.005)
(0.359154 -0.148191 0.005)
(0.383923 -0.148191 0.005)
(0.408692 -0.148191 0.005)
(0.433461 -0.148191 0.005)
(0.45823 -0.148191 0.005)
(0.483 -0.148191 0.005)
(0.507769 -0.148191 0.005)
(0.532538 -0.148191 0.005)
(0.557307 -0.148191 0.005)
(0.582076 -0.148191 0.005)
(0.606846 -0.148191 0.005)
(-0.622564 -0.131569 0.005)
(-0.597153 -0.131569 0.005)
(-0.571742 -0.131569 0.005)
(-0.546331 -0.131569 0.005)
(-0.520921 -0.131569 0.005)
(-0.49551 -0.131569 0.005)
(-0.470099 -0.131569 0.005)
(-0.444688 -0.131569 0.005)
(-0.419278 -0.131569 0.005)
(-0.393867 -0.131569 0.005)
(-0.368456 -0.131569 0.005)
(-0.343045 -0.131569 0.005)
(-0.317635 -0.131569 0.005)
(-0.292224 -0.131569 0.005)
(-0.266813 -0.131569 0.005)
(-0.241402 -0.131569 0.005)
(-0.215992 -0.131569 0.005)
(-0.190581 -0.131569 0.005)
(-0.16517 -0.131569 0.005)
(-0.139759 -0.131569 0.005)
(-0.114348 -0.131569 0.005)
(-0.0889377 -0.131569 0.005)
(-0.0635269 -0.131569 0.005)
(-0.0381161 -0.131569 0.005)
(-0.0127054 -0.131569 0.005)
(0.0127054 -0.131569 0.005)
(0.0381161 -0.131569 0.005)
(0.0635269 -0.131569 0.005)
(0.0889377 -0.131569 0.005)
(0.114348 -0.131569 0.005)
(0.139759 -0.131569 0.005)
(0.16517 -0.131569 0.005)
(0.190581 -0.131569 0.005)
(0.215992 -0.131569 0.005)
(0.241402 -0.131569 0.005)
(0.266813 -0.131569 0.005)
(0.292224 -0.131569 0.005)
(0.317635 -0.131569 0.005)
(0.343045 -0.131569 0.005)
(0.368456 -0.131569 0.005)
(0.393867 -0.131569 0.005)
(0.419278 -0.131569 0.005)
(0.444688 -0.131569 0.005)
(0.470099 -0.131569 0.005)
(0.49551 -0.131569 0.005)
(0.520921 -0.131569 0.005)
(0.546331 -0.131569 0.005)
(0.571742 -0.131569 0.005)
(0.597153 -0.131569 0.005)
(0.622564 -0.131569 0.005)
(-0.637442 -0.114194 0.005)
(-0.611424 -0.114194 0.005)
(-0.585406 -0.114194 0.005)
(-0.559388 -0.114194 0.005)
(-0.53337 -0.114194 0.005)
(-0.507352 -0.114194 0.005)
(-0.481334 -0.114194 0.005)
(-0.455315 -0.114194 0.005)
(-0.429297 -0.114194 0.005)
(-0.403279 -0.114194 0.005)
(-0.377261 -0.114194 0.005)
(-0.351243 -0.114194 0.005)
(-0.325225 -0.114194 0.005)
(-0.299207 -0.114194 0.005)
(-0.273189 -0.114194 0.005)
(-0.247171 -0.114194 0.005)
(-0.221153 -0.114194 0.005)
(-0.195135 -0.114194 0.005)
(-0.169117 -0.114194 0.005)
(-0.143099 -0.114194 0.005)
(-0.117081 -0.114194 0.005)
(-0.0910631 -0.114194 0.005)
(-0.0650451 -0.114194 0.005)
(-0.039027 -0.114194 0.005)
(-0.013009 -0.114194 0.005)
(0.013009 -0.114194 0.005)
(0.039027 -0.114194 0.005)
(0.0650451 -0.114194 0.005)
(0.0910631 -0.114194 0.005)
(0.117081 -0.114194 0.005)
(0.143099 -0.114194 0.005)
(0.169117 -0.114194 0.005)
(0.195135 -0.114194 0.005)
(0.221153 -0.114194 0.005)
(0.247171 -0.114194 0.005)
(0.273189 -0.114194 0.005)
(0.299207 -0.114194 0.005)
(0.325225 -0.114194 0.005)
(0.351243 -0.114194 0.005)
(0.377261 -0.114194 0.005)
(0.403279 -0.114194 0.005)
(0.429297 -0.114194 0.005)
(0.455315 -0.114194 0.005)
(0.481334 -0.114194 0.005)
(0.507352 -0.114194 0.005)
(0.53337 -0.114194 0.005)
(0.559388 -0.114194 0.005)
(0.585406 -0.114194 0.005)
(0.611424 -0.114194 0.005)
(0.637442 -0.114194 0.005)
(-0.651204 -0.0958909 0.005)
(-0.624624 -0.0958909 0.005)
(-0.598044 -0.0958909 0.005)
(-0.571465 -0.0958909 0.005)
(-0.544885 -0.0958909 0.005)
(-0.518305 -0.0958909 0.005)
(-0.491725 -0.0958909 0.005)
(-0.465146 -0.0958909 0.005)
(-0.438566 -0.0958909 0.005)
(-0.411986 -0.0958909 0.005)
(-0.385406 -0.0958909 0.005)
(-0.358827 -0.0958909 0.005)
(-0.332247 -0.0958909 0.005)
(-0.305667 -0.0958909 0.005)
(-0.279087 -0.0958909 0.005)
(-0.252508 -0.0958909 0.005)
(-0.225928 -0.0958909 0.005)
(-0.199348 -0.0958909 0.005)
(-0.172768 -0.0958909 0.005)
(-0.146189 -0.0958909 0.005)
(-0.119609 -0.0958909 0.005)
(-0.0930291 -0.0958909 0.005)
(-0.0664494 -0.0958909 0.005)
(-0.0398696 -0.0958909 0.005)
(-0.0132899 -0.0958909 0.005)
(0.0132899 -0.0958909 0.005)
(0.0398696 -0.0958909 0.005)
(0.0664494 -0.0958909 0.005)
(0.0930291 -0.0958909 0.005)
(0.119609 -0.0958909 0.005)
(0.146189 -0.0958909 0.005)
(0.172768 -0.0958909 0.005)
(0.199348 -0.0958909 0.005)
(0.225928 -0.0958909 0.005)
(0.252508 -0.0958909 0.005)
(0.279087 -0.0958909 0.005)
(0.305667 -0.0958909 0.005)
(0.332247 -0.0958909 0.005)
(0.358827 -0.0958909 0.005)
(0.385406 -0.0958909 0.005)
(0.411986 -0.0958909 0.005)
(0.438566 -0.0958909 0.005)
(0.465146 -0.0958909 0.005)
(0.491725 -0.0958909 0.005)
(0.518305 -0.0958909 0.005)
(0.544885 -0.0958909 0.005)
(0.571465 -0.0958909 0.005)
(0.598044 -0.0958909 0.005)
(0.624624 -0.0958909 0.005)
(0.651204 -0.0958909 0.005)
(-0.663453 -0.0764881 0.005)
(-0.636373 -0.0764881 0.005)
(-0.609293 -0.0764881 0.005)
(-0.582214 -0.0764881 0.005)
(-0.555134 -0.0764881 0.005)
(-0.528054 -0.0764881 0.005)
(-0.500975 -0.0764881 0.005)
(-0.473895 -0.0764881 0.005)
(-0.446815 -0.0764881 0.005)
(-0.419735 -0.0764881 0.005)
(-0.392656 -0.0764881 0.005)
(-0.365576 -0.0764881 0.005)
(-0.338496 -0.0764881 0.005)
(-0.311417 -0.0764881 0.005)
(-0.284337 -0.0764881 0.005)
(-0.257257 -0.0764881 0.005)
(-0.230177 -0.0764881 0.005)
(-0.203098 -0.0764881 0.005)
(-0.176018 -0.0764881 0.005)
(-0.148938 -0.0764881 0.005)
(-0.121859 -0.0764881 0.005)
(-0.094779 -0.0764881 0.005)
(-0.0676993 -0.0764881 0.005)
(-0.0406196 -0.0764881 0.005)
(-0.0135399 -0.0764881 0.005)
(0.0135399 -0.0764881 0.005)
(0.0406196 -0.0764881 0.005)
(0.0676993 -0.0764881 0.005)
(0.094779 -0.0764881 0.005)
(0.121859 -0.0764881 0.005)
(0.148938 -0.0764881 0.005)
(0.176018 -0.0764881 0.005)
(0.203098 -0.0764881 0.005)
(0.230177 -0.0764881 0.005)
(0.257257 -0.0764881 0.005)
(0.284337 -0.0764881 0.005)
(0.311417 -0.0764881 0.005)
(0.338496 -0.0764881 0.005)
(0.365576 -0.0764881 0.005)
(0.392656 -0.0764881 0.005)
(0.419735 -0.0764881 0.005)
(0.446815 -0.0764881 0.005)
(0.473895 -0.0764881 0.005)
(0.500975 -0.0764881 0.005)
(0.528054 -0.0764881 0.005)
(0.555134 -0.0764881 0.005)
(0.582214 -0.0764881 0.005)
(0.609293 -0.0764881 0.005)
(0.636373 -0.0764881 0.005)
(0.663453 -0.0764881 0.005)
(-0.673632 -0.0558777 0.005)
(-0.646137 -0.0558777 0.005)
(-0.618642 -0.0558777 0.005)
(-0.591147 -0.0558777 0.005)
(-0.563652 -0.0558777 0.005)
(-0.536156 -0.0558777 0.005)
(-0.508661 -0.0558777 0.005)
(-0.481166 -0.0558777 0.005)
(-0.453671 -0.0558777 0.005)
(-0.426176 -0.0558777 0.005)
(-0.39868 -0.0558777 0.005)
(-0.371185 -0.0558777 0.005)
(-0.34369 -0.0558777 0.005)
(-0.316195 -0.0558777 0.005)
(-0.2887 -0.0558777 0.005)
(-0.261204 -0.0558777 0.005)
(-0.233709 -0.0558777 0.005)
(-0.206214 -0.0558777 0.005)
(-0.178719 -0.0558777 0.005)
(-0.151224 -0.0558777 0.005)
(-0.123728 -0.0558777 0.005)
(-0.0962332 -0.0558777 0.005)
(-0.068738 -0.0558777 0.005)
(-0.0412428 -0.0558777 0.005)
(-0.0137476 -0.0558777 0.005)
(0.0137476 -0.0558777 0.005)
(0.0412428 -0.0558777 0.005)
(0.068738 -0.0558777 0.005)
(0.0962332 -0.0558777 0.005)
(0.123728 -0.0558777 0.005)
(0.151224 -0.0558777 0.005)
(0.178719 -0.0558777 0.005)
(0.206214 -0.0558777 0.005)
(0.233709 -0.0558777 0.005)
(0.261204 -0.0558777 0.005)
(0.2887 -0.0558777 0.005)
(0.316195 -0.0558777 0.005)
(0.34369 -0.0558777 0.005)
(0.371185 -0.0558777 0.005)
(0.39868 -0.0558777 0.005)
(0.426176 -0.0558777 0.005)
(0.453671 -0.0558777 0.005)
(0.481166 -0.0558777 0.005)
(0.508661 -0.0558777 0.005)
(0.536156 -0.0558777 0.005)
(0.563652 -0.0558777 0.005)
(0.591147 -0.0558777 0.005)
(0.618642 -0.0558777 0.005)
(0.646137 -0.0558777 0.005)
(0.673632 -0.0558777 0.005)
(-0.681044 -0.0341093 0.005)
(-0.653246 -0.0341093 0.005)
(-0.625448 -0.0341093 0.005)
(-0.597651 -0.0341093 0.005)
(-0.569853 -0.0341093 0.005)
(-0.542055 -0.0341093 0.005)
(-0.514257 -0.0341093 0.005)
(-0.48646 -0.0341093 0.005)
(-0.458662 -0.0341093 0.005)
(-0.430864 -0.0341093 0.005)
(-0.403067 -0.0341093 0.005)
(-0.375269 -0.0341093 0.005)
(-0.347471 -0.0341093 0.005)
(-0.319674 -0.0341093 0.005)
(-0.291876 -0.0341093 0.005)
(-0.264078 -0.0341093 0.005)
(-0.23628 -0.0341093 0.005)
(-0.208483 -0.0341093 0.005)
(-0.180685 -0.0341093 0.005)
(-0.152887 -0.0341093 0.005)
(-0.12509 -0.0341093 0.005)
(-0.097292 -0.0341093 0.005)
(-0.0694943 -0.0341093 0.005)
(-0.0416966 -0.0341093 0.005)
(-0.0138989 -0.0341093 0.005)
(0.0138989 -0.0341093 0.005)
(0.0416966 -0.0341093 0.005)
(0.0694943 -0.0341093 0.005)
(0.097292 -0.0341093 0.005)
(0.12509 -0.0341093 0.005)
(0.152887 -0.0341093 0.005)
(0.180685 -0.0341093 0.005)
(0.208483 -0.0341093 0.005)
(0.23628 -0.0341093 0.005)
(0.264078 -0.0341093 0.005)
(0.291876 -0.0341093 0.005)
(0.319674 -0.0341093 0.005)
(0.347471 -0.0341093 0.005)
(0.375269 -0.0341093 0.005)
(0.403067 -0.0341093 0.005)
(0.430864 -0.0341093 0.005)
(0.458662 -0.0341093 0.005)
(0.48646 -0.0341093 0.005)
(0.514257 -0.0341093 0.005)
(0.542055 -0.0341093 0.005)
(0.569853 -0.0341093 0.005)
(0.597651 -0.0341093 0.005)
(0.625448 -0.0341093 0.005)
(0.653246 -0.0341093 0.005)
(0.681044 -0.0341093 0.005)
(-0.684981 -0.0114775 0.005)
(-0.657022 -0.0114775 0.005)
(-0.629064 -0.0114775 0.005)
(-0.601105 -0.0114775 0.005)
(-0.573147 -0.0114775 0.005)
(-0.545189 -0.0114775 0.005)
(-0.51723 -0.0114775 0.005)
(-0.489272 -0.0114775 0.005)
(-0.461314 -0.0114775 0.005)
(-0.433355 -0.0114775 0.005)
(-0.405397 -0.0114775 0.005)
(-0.377438 -0.0114775 0.005)
(-0.34948 -0.0114775 0.005)
(-0.321522 -0.0114775 0.005)
(-0.293563 -0.0114775 0.005)
(-0.265605 -0.0114775 0.005)
(-0.237646 -0.0114775 0.005)
(-0.209688 -0.0114775 0.005)
(-0.18173 -0.0114775 0.005)
(-0.153771 -0.0114775 0.005)
(-0.125813 -0.0114775 0.005)
(-0.0978544 -0.0114775 0.005)
(-0.069896 -0.0114775 0.005)
(-0.0419376 -0.0114775 0.005)
(-0.0139792 -0.0114775 0.005)
(0.0139792 -0.0114775 0.005)
(0.0419376 -0.0114775 0.005)
(0.069896 -0.0114775 0.005)
(0.0978544 -0.0114775 0.005)
(0.125813 -0.0114775 0.005)
(0.153771 -0.0114775 0.005)
(0.18173 -0.0114775 0.005)
(0.209688 -0.0114775 0.005)
(0.237646 -0.0114775 0.005)
(0.265605 -0.0114775 0.005)
(0.293563 -0.0114775 0.005)
(0.321522 -0.0114775 0.005)
(0.34948 -0.0114775 0.005)
(0.377438 -0.0114775 0.005)
(0.405397 -0.0114775 0.005)
(0.433355 -0.0114775 0.005)
(0.461314 -0.0114775 0.005)
(0.489272 -0.0114775 0.005)
(0.51723 -0.0114775 0.005)
(0.545189 -0.0114775 0.005)
(0.573147 -0.0114775 0.005)
(0.601105 -0.0114775 0.005)
(0.629064 -0.0114775 0.005)
(0.657022 -0.0114775 0.005)
(0.684981 -0.0114775 0.005)
(-0.684981 0.0114775 0.005)
(-0.657022 0.0114775 0.005)
(-0.629064 0.0114775 0.005)
(-0.601105 0.0114775 0.005)
(-0.573147 0.0114775 0.005)
(-0.545189 0.0114775 0.005)
(-0.51723 0.0114775 0.005)
(-0.489272 0.0114775 0.005)
(-0.461314 0.0114775 0.005)
(-0.433355 0.0114775 0.005)
(-0.405397 0.0114775 0.005)
(-0.377438 0.0114775 0.005)
(-0.34948 0.0114775 0.005)
(-0.321522 0.0114775 0.005)
(-0.293563 0.0114775 0.005)
(-0.265605 0.0114775 0.005)
(-0.237646 0.0114775 0.005)
(-0.209688 0.0114775 0.005)
(-0.18173 0.0114775 0.005)
(-0.153771 0.0114775 0.005)
(-0.125813 0.0114775 0.005)
(-0.0978544 0.0114775 0.005)
(-0.069896 0.0114775 0.005)
(-0.0419376 0.0114775 0.005)
(-0.0139792 0.0114775 0.005)
(0.0139792 0.0114775 0.005)
(0.0419376 0.0114775 0.005)
(0.069896 0.0114775 0.005)
(0.0978544 0.0114775 0.005)
(0.125813 0.0114775 0.005)
(0.153771 0.0114775 0.005)
(0.18173 0.0114775 0.005)
(0.209688 0.0114775 0.005)
(0.237646 0.0114775 0.005)
(0.265605 0.0114775 0.005)
(0.293563 0.0114775 0.005)
(0.321522 0.0114775 0.005)
(0.34948 0.0114775 0.005)
(0.377438 0.0114775 0.005)
(0.405397 0.0114775 0.005)
(0.433355 0.0114775 0.005)
(0.461314 0.0114775 0.005)
(0.489272 0.0114775 0.005)
(0.51723 0.0114775 0.005)
(0.545189 0.0114775 0.005)
(0.573147 0.0114775 0.005)
(0.601105 0.0114775 0.005)
(0.629064 0.0114775 0.005)
(0.657022 0.0114775 0.005)
(0.684981 0.0114775 0.005)
(-0.681044 0.0341093 0.005)
(-0.653246 0.0341093 0.005)
(-0.625448 0.0341093 0.005)
(-0.597651 0.0341093 0.005)
(-0.569853 0.0341093 0.005)
(-0.542055 0.0341093 0.005)
(-0.514257 0.0341093 0.005)
(-0.48646 0.0341093 0.005)
(-0.458662 0.0341093 0.005)
(-0.430864 0.0341093 0.005)
(-0.403067 0.0341093 0.005)
(-0.375269 0.0341093 0.005)
(-0.347471 0.0341093 0.005)
(-0.319674 0.0341093 0.005)
(-0.291876 0.0341093 0.005)
(-0.264078 0.0341093 0.005)
(-0.23628 0.0341093 0.005)
(-0.208483 0.0341093 0.005)
(-0.180685 0.0341093 0.005)
(-0.152887 0.0341093 0.005)
(-0.12509 0.0341093 0.005)
(-0.097292 0.0341093 0.005)
(-0.0694943 0.0341093 0.005)
(-0.0416966 0.0341093 0.005)
(-0.0138989 0.0341093 0.005)
(0.0138989 0.0341093 0.005)
(0.0416966 0.0341093 0.005)
(0.0694943 0.0341093 0.005)
(0.097292 0.0341093 0.005)
(0.12509 0.0341093 0.005)
(0.152887 0.0341093 0.005)
(0.180685 0.0341093 0.005)
(0.208483 0.0341093 0.005)
(0.23628 0.0341093 0.005)
(0.264078 0.0341093 0.005)
(0.291876 0.0341093 0.005)
(0.319674 0.0341093 0.005)
(0.347471 0.0341093 0.005)
(0.375269 0.0341093 0.005)
(0.403067 0.0341093 0.005)
(0.430864 0.0341093 0.005)
(0.458662 0.0341093 0.005)
(0.48646 0.0341093 0.005)
(0.514257 0.0341093 0.005)
(0.542055 0.0341093 0.005)
(0.569853 0.0341093 0.005)
(0.597651 0.0341093 0.005)
(0.625448 0.0341093 0.005)
(0.653246 0.0341093 0.005)
(0.681044 0.0341093 0.005)
(-0.673632 0.0558777 0.005)
(-0.646137 0.0558777 0.005)
(-0.618642 0.0558777 0.005)
(-0.591147 0.0558777 0.005)
(-0.563652 0.0558777 0.005)
(-0.536156 0.0558777 0.005)
(-0.508661 0.0558777 0.005)
(-0.481166 0.0558777 0.005)
(-0.453671 0.0558777 0.005)
(-0.426176 0.0558777 0.005)
(-0.39868 0.0558777 0.005)
(-0.371185 0.0558777 0.005)
(-0.34369 0.0558777 0.005)
(-0.316195 0.0558777 0.005)
(-0.2887 0.0558777 0.005)
(-0.261204 0.0558777 0.005)
(-0.233709 0.0558777 0.005)
(-0.206214 0.0558777 0.005)
(-0.178719 0.0558777 0.005)
(-0.151224 0.0558777 0.005)
(-0.123728 0.0558777 0.005)
(-0.0962332 0.0558777 0.005)
(-0.068738 0.0558777 0.005)
(-0.0412428 0.0558777 0.005)
(-0.0137476 0.0558777 0.005)
(0.0137476 0.0558777 0.005)
(0.0412428 0.0558777 0.005)
(0.068738 0.0558777 0.005)
(0.0962332 0.0558777 0.005)
(0.123728 0.0558777 0.005)
(0.151224 0.0558777 0.005)
(0.178719 0.0558777 0.005)
(0.206214 0.0558777 0.005)
(0.233709 0.0558777 0.005)
(0.261204 0.0558777 0.005)
(0.2887 0.0558777 0.005)
(0.316195 0.0558777 0.005)
(0.34369 0.0558777 0.005)
(0.371185 0.0558777 0.005)
(0.39868 0.0558777 0.005)
(0.426176 0.0558777 0.005)
(0.453671 0.0558777 0.005)
(0.481166 0.0558777 0.005)
(0.508661 0.0558777 0.005)
(0.536156 0.0558777 0.005)
(0.563652 0.0558777 0.005)
(0.591147 0.0558777 0.005)
(0.618642 0.0558777 0.005)
(0.646137 0.0558777 0.005)
(0.673632 0.0558777 0.005)
(-0.663453 0.0764881 0.005)
(-0.636373 0.0764881 0.005)
(-0.609293 0.0764881 0.005)
(-0.582214 0.0764881 0.005)
(-0.555134 0.0764881 0.005)
(-0.528054 0.0764881 0.005)
(-0.500975 0.0764881 0.005)
(-0.473895 0.0764881 0.005)
(-0.446815 0.0764881 0.005)
(-0.419735 0.0764881 0.005)
(-0.392656 0.0764881 0.005)
(-0.365576 0.0764881 0.005)
(-0.338496 0.0764881 0.005)
(-0.311417 0.0764881 0.005)
(-0.284337 0.0764881 0.005)
(-0.257257 0.0764881 0.005)
(-0.230177 0.0764881 0.005)
(-0.203098 0.0764881 0.005)
(-0.176018 0.0764881 0.005)
(-0.148938 0.0764881 0.005)
(-0.121859 0.0764881 0.005)
(-0.094779 0.0764881 0.005)
(-0.0676993 0.0764881 0.005)
(-0.0406196 0.0764881 0.005)
(-0.0135399 0.0764881 0.005)
(0.0135399 0.0764881 0.005)
(0.0406196 0.0764881 0.005)
(0.0676993 0.0764881 0.005)
(0.094779 0.0764881 0.005)
(0.121859 0.0764881 0.005)
(0.148938 0.0764881 0.005)
(0.176018 0.0764881 0.005)
(0.203098 0.0764881 0.005)
(0.230177 0.0764881 0.005)
(0.257257 0.0764881 0.005)
(0.284337 0.0764881 0.005)
(0.311417 0.0764881 0.005)
(0.338496 0.0764881 0.005)
(0.365576 0.0764881 0.005)
(0.392656 0.0764881 0.005)
(0.419735 0.0764881 0.005)
(0.446815 0.0764881 0.005)
(0.473895 0.0764881 0.005)
(0.500975 0.0764881 0.005)
(0.528054 0.0764881 0.005)
(0.555134 0.0764881 0.005)
(0.582214 0.0764881 0.005)
(0.609293 0.0764881 0.005)
(0.636373 0.0764881 0.005)
(0.663453 0.0764881 0.005)
(-0.651204 0.0958909 0.005)
(-0.624624 0.0958909 0.005)
(-0.598044 0.0958909 0.005)
(-0.571465 0.0958909 0.005)
(-0.544885 0.0958909 0.005)
(-0.518305 0.0958909 0.005)
(-0.491725 0.0958909 0.005)
(-0.465146 0.0958909 0.005)
(-0.438566 0.0958909 0.005)
(-0.411986 0.0958909 0.005)
(-0.385406 0.0958909 0.005)
(-0.358827 0.0958909 0.005)
(-0.332247 0.0958909 0.005)
(-0.305667 0.0958909 0.005)
(-0.279087 0.0958909 0.005)
(-0.252508 0.0958909 0.005)
(-0.225928 0.0958909 0.005)
(-0.199348 0.0958909 0.005)
(-0.172768 0.0958909 0.005)
(-0.146189 0.0958909 0.005)
(-0.119609 0.0958909 0.005)
(-0.0930291 0.0958909 0.005)
(-0.0664494 0.0958909 0.005)
(-0.0398696 0.0958909 0.005)
(-0.0132899 0.0958909 0.005)
(0.0132899 0.0958909 0.005)
(0.0398696 0.0958909 0.005)
(0.0664494 0.0958909 0.005)
(0.0930291 0.0958909 0.005)
(0.119609 0.0958909 0.005)
(0.146189 0.0958909 0.005)
(0.172768 0.0958909 0.005)
(0.199348 0.0958909 0.005)
(0.225928 0.0958909 0.005)
(0.252508 0.0958909 0.005)
(0.279087 0.0958909 0.005)
(0.305667 0.0958909 0.005)
(0.332247 0.0958909 0.005)
(0.358827 0.0958909 0.005)
(0.385406 0.0958909 0.005)
(0.411986 0.0958909 0.005)
(0.438566 0.0958909 0.005)
(0.465146 0.0958909 0.005)
(0.491725 0.0958909 0.005)
(0.518305 0.0958909 0.005)
(0.544885 0.0958909 0.005)
(0.571465 0.0958909 0.005)
(0.598044 0.0958909 0.005)
(0.624624 0.0958909 0.005)
(0.651204 0.0958909 0.005)
(-0.637442 0.114194 0.005)
(-0.611424 0.114194 0.005)
(-0.585406 0.114194 0.005)
(-0.559388 0.114194 0.005)
(-0.53337 0.114194 0.005)
(-0.507352 0.114194 0.005)
(-0.481334 0.114194 0.005)
(-0.455315 0.114194 0.005)
(-0.429297 0.114194 0.005)
(-0.403279 0.114194 0.005)
(-0.377261 0.114194 0.005)
(-0.351243 0.114194 0.005)
(-0.325225 0.114194 0.005)
(-0.299207 0.114194 0.005)
(-0.273189 0.114194 0.005)
(-0.247171 0.114194 0.005)
(-0.221153 0.114194 0.005)
(-0.195135 0.114194 0.005)
(-0.169117 0.114194 0.005)
(-0.143099 0.114194 0.005)
(-0.117081 0.114194 0.005)
(-0.0910631 0.114194 0.005)
(-0.0650451 0.114194 0.005)
(-0.039027 0.114194 0.005)
(-0.013009 0.114194 0.005)
(0.013009 0.114194 0.005)
(0.039027 0.114194 0.005)
(0.0650451 0.114194 0.005)
(0.0910631 0.114194 0.005)
(0.117081 0.114194 0.005)
(0.143099 0.114194 0.005)
(0.169117 0.114194 0.005)
(0.195135 0.114194 0.005)
(0.221153 0.114194 0.005)
(0.247171 0.114194 0.005)
(0.273189 0.114194 0.005)
(0.299207 0.114194 0.005)
(0.325225 0.114194 0.005)
(0.351243 0.114194 0.005)
(0.377261 0.114194 0.005)
(0.403279 0.114194 0.005)
(0.429297 0.114194 0.005)
(0.455315 0.114194 0.005)
(0.481334 0.114194 0.005)
(0.507352 0.114194 0.005)
(0.53337 0.114194 0.005)
(0.559388 0.114194 0.005)
(0.585406 0.114194 0.005)
(0.611424 0.114194 0.005)
(0.637442 0.114194 0.005)
(-0.622564 0.131569 0.005)
(-0.597153 0.131569 0.005)
(-0.571742 0.131569 0.005)
(-0.546331 0.131569 0.005)
(-0.520921 0.131569 0.005)
(-0.49551 0.131569 0.005)
(-0.470099 0.131569 0.005)
(-0.444688 0.131569 0.005)
(-0.419278 0.131569 0.005)
(-0.393867 0.131569 0.005)
(-0.368456 0.131569 0.005)
(-0.343045 0.131569 0.005)
(-0.317635 0.131569 0.005)
(-0.292224 0.131569 0.005)
(-0.266813 0.131569 0.005)
(-0.241402 0.131569 0.005)
(-0.215992 0.131569 0.005)
(-0.190581 0.131569 0.005)
(-0.16517 0.131569 0.005)
(-0.139759 0.131569 0.005)
(-0.114348 0.131569 0.005)
(-0.0889377 0.131569 0.005)
(-0.0635269 0.131569 0.005)
(-0.0381161 0.131569 0.005)
(-0.0127054 0.131569 0.005)
(0.0127054 0.131569 0.005)
(0.0381161 0.131569 0.005)
(0.0635269 0.131569 0.005)
(0.0889377 0.131569 0.005)
(0.114348 0.131569 0.005)
(0.139759 0.131569 0.005)
(0.16517 0.131569 0.005)
(0.190581 0.131569 0.005)
(0.215992 0.131569 0.005)
(0.241402 0.131569 0.005)
(0.266813 0.131569 0.005)
(0.292224 0.131569 0.005)
(0.317635 0.131569 0.005)
(0.343045 0.131569 0.005)
(0.368456 0.131569 0.005)
(0.393867 0.131569 0.005)
(0.419278 0.131569 0.005)
(0.444688 0.131569 0.005)
(0.470099 0.131569 0.005)
(0.49551 0.131569 0.005)
(0.520921 0.131569 0.005)
(0.546331 0.131569 0.005)
(0.571742 0.131569 0.005)
(0.597153 0.131569 0.005)
(0.622564 0.131569 0.005)
(-0.606846 0.148191 0.005)
(-0.582076 0.148191 0.005)
(-0.557307 0.148191 0.005)
(-0.532538 0.148191 0.005)
(-0.507769 0.148191 0.005)
(-0.483 0.148191 0.005)
(-0.45823 0.148191 0.005)
(-0.433461 0.148191 0.005)
(-0.408692 0.148191 0.005)
(-0.383923 0.148191 0.005)
(-0.359154 0.148191 0.005)
(-0.334384 0.148191 0.005)
(-0.309615 0.148191 0.005)
(-0.284846 0.148191 0.005)
(-0.260077 0.148191 0.005)
(-0.235307 0.148191 0.005)
(-0.210538 0.148191 0.005)
(-0.185769 0.148191 0.005)
(-0.161 0.148191 0.005)
(-0.136231 0.148191 0.005)
(-0.111461 0.148191 0.005)
(-0.0866922 0.148191 0.005)
(-0.061923 0.148191 0.005)
(-0.0371538 0.148191 0.005)
(-0.0123846 0.148191 0.005)
(0.0123846 0.148191 0.005)
(0.0371538 0.148191 0.005)
(0.061923 0.148191 0.005)
(0.0866922 0.148191 0.005)
(0.111461 0.148191 0.005)
(0.136231 0.148191 0.005)
(0.161 0.148191 0.005)
(0.185769 0.148191 0.005)
(0.210538 0.148191 0.005)
(0.235307 0.148191 0.005)
(0.260077 0.148191 0.005)
(0.284846 0.148191 0.005)
(0.309615 0.148191 0.005)
(0.334384 0.148191 0.005)
(0.359154 0.148191 0.005)
(0.383923 0.148191 0.005)
(0.408692 0.148191 0.005)
(0.433461 0.148191 0.005)
(0.45823 0.148191 0.005)
(0.483 0.148191 0.005)
(0.507769 0.148191 0.005)
(0.532538 0.148191 0.005)
(0.557307 0.148191 0.005)
(0.582076 0.148191 0.005)
(0.606846 0.148191 0.005)
(-0.590484 0.164213 0.005)
(-0.566383 0.164213 0.005)
(-0.542281 0.164213 0.005)
(-0.51818 0.164213 0.005)
(-0.494079 0.164213 0.005)
(-0.469977 0.164213 0.005)
(-0.445876 0.164213 0.005)
(-0.421774 0.164213 0.005)
(-0.397673 0.164213 0.005)
(-0.373572 0.164213 0.005)
(-0.34947 0.164213 0.005)
(-0.325369 0.164213 0.005)
(-0.301267 0.164213 0.005)
(-0.277166 0.164213 0.005)
(-0.253065 0.164213 0.005)
(-0.228963 0.164213 0.005)
(-0.204862 0.164213 0.005)
(-0.18076 0.164213 0.005)
(-0.156659 0.164213 0.005)
(-0.132558 0.164213 0.005)
(-0.108456 0.164213 0.005)
(-0.0843549 0.164213 0.005)
(-0.0602535 0.164213 0.005)
(-0.0361521 0.164213 0.005)
(-0.0120507 0.164213 0.005)
(0.0120507 0.164213 0.005)
(0.0361521 0.164213 0.005)
(0.0602535 0.164213 0.005)
(0.0843549 0.164213 0.005)
(0.108456 0.164213 0.005)
(0.132558 0.164213 0.005)
(0.156659 0.164213 0.005)
(0.18076 0.164213 0.005)
(0.204862 0.164213 0.005)
(0.228963 0.164213 0.005)
(0.253065 0.164213 0.005)
(0.277166 0.164213 0.005)
(0.301267 0.164213 0.005)
(0.325369 0.164213 0.005)
(0.34947 0.164213 0.005)
(0.373572 0.164213 0.005)
(0.397673 0.164213 0.005)
(0.421774 0.164213 0.005)
(0.445876 0.164213 0.005)
(0.469977 0.164213 0.005)
(0.494079 0.164213 0.005)
(0.51818 0.164213 0.005)
(0.542281 0.164213 0.005)
(0.566383 0.164213 0.005)
(0.590484 0.164213 0.005)
(-0.573631 0.179756 0.005)
(-0.550217 0.179756 0.005)
(-0.526804 0.179756 0.005)
(-0.50339 0.179756 0.005)
(-0.479977 0.179756 0.005)
(-0.456563 0.179756 0.005)
(-0.43315 0.179756 0.005)
(-0.409736 0.179756 0.005)
(-0.386323 0.179756 0.005)
(-0.362909 0.179756 0.005)
(-0.339496 0.179756 0.005)
(-0.316082 0.179756 0.005)
(-0.292669 0.179756 0.005)
(-0.269255 0.179756 0.005)
(-0.245842 0.179756 0.005)
(-0.222428 0.179756 0.005)
(-0.199015 0.179756 0.005)
(-0.175601 0.179756 0.005)
(-0.152188 0.179756 0.005)
(-0.128774 0.179756 0.005)
(-0.105361 0.179756 0.005)
(-0.0819473 0.179756 0.005)
(-0.0585338 0.179756 0.005)
(-0.0351203 0.179756 0.005)
(-0.0117068 0.179756 0.005)
(0.0117068 0.179756 0.005)
(0.0351203 0.179756 0.005)
(0.0585338 0.179756 0.005)
(0.0819473 0.179756 0.005)
(0.105361 0.179756 0.005)
(0.128774 0.179756 0.005)
(0.152188 0.179756 0.005)
(0.175601 0.179756 0.005)
(0.199015 0.179756 0.005)
(0.222428 0.179756 0.005)
(0.245842 0.179756 0.005)
(0.269255 0.179756 0.005)
(0.292669 0.179756 0.005)
(0.316082 0.179756 0.005)
(0.339496 0.179756 0.005)
(0.362909 0.179756 0.005)
(0.386323 0.179756 0.005)
(0.409736 0.179756 0.005)
(0.43315 0.179756 0.005)
(0.456563 0.179756 0.005)
(0.479977 0.179756 0.005)
(0.50339 0.179756 0.005)
(0.526804 0.179756 0.005)
(0.550217 0.179756 0.005)
(0.573631 0.179756 0.005)
(-0.556458 0.19488 0.005)
(-0.533745 0.19488 0.005)
(-0.511033 0.19488 0.005)
(-0.48832 0.19488 0.005)
(-0.465607 0.19488 0.005)
(-0.442895 0.19488 0.005)
(-0.420182 0.19488 0.005)
(-0.39747 0.19488 0.005)
(-0.374757 0.19488 0.005)
(-0.352045 0.19488 0.005)
(-0.329332 0.19488 0.005)
(-0.30662 0.19488 0.005)
(-0.283907 0.19488 0.005)
(-0.261194 0.19488 0.005)
(-0.238482 0.19488 0.005)
(-0.215769 0.19488 0.005)
(-0.193057 0.19488 0.005)
(-0.170344 0.19488 0.005)
(-0.147632 0.19488 0.005)
(-0.124919 0.19488 0.005)
(-0.102207 0.19488 0.005)
(-0.079494 0.19488 0.005)
(-0.0567814 0.19488 0.005)
(-0.0340688 0.19488 0.005)
(-0.0113563 0.19488 0.005)
(0.0113563 0.19488 0.005)
(0.0340688 0.19488 0.005)
(0.0567814 0.19488 0.005)
(0.079494 0.19488 0.005)
(0.102207 0.19488 0.005)
(0.124919 0.19488 0.005)
(0.147632 0.19488 0.005)
(0.170344 0.19488 0.005)
(0.193057 0.19488 0.005)
(0.215769 0.19488 0.005)
(0.238482 0.19488 0.005)
(0.261194 0.19488 0.005)
(0.283907 0.19488 0.005)
(0.30662 0.19488 0.005)
(0.329332 0.19488 0.005)
(0.352045 0.19488 0.005)
(0.374757 0.19488 0.005)
(0.39747 0.19488 0.005)
(0.420182 0.19488 0.005)
(0.442895 0.19488 0.005)
(0.465607 0.19488 0.005)
(0.48832 0.19488 0.005)
(0.511033 0.19488 0.005)
(0.533745 0.19488 0.005)
(0.556458 0.19488 0.005)
(-0.539072 0.209677 0.005)
(-0.517069 0.209677 0.005)
(-0.495066 0.209677 0.005)
(-0.473063 0.209677 0.005)
(-0.45106 0.209677 0.005)
(-0.429057 0.209677 0.005)
(-0.407054 0.209677 0.005)
(-0.385051 0.209677 0.005)
(-0.363048 0.209677 0.005)
(-0.341045 0.209677 0.005)
(-0.319043 0.209677 0.005)
(-0.29704 0.209677 0.005)
(-0.275037 0.209677 0.005)
(-0.253034 0.209677 0.005)
(-0.231031 0.209677 0.005)
(-0.209028 0.209677 0.005)
(-0.187025 0.209677 0.005)
(-0.165022 0.209677 0.005)
(-0.143019 0.209677 0.005)
(-0.121016 0.209677 0.005)
(-0.0990132 0.209677 0.005)
(-0.0770103 0.209677 0.005)
(-0.0550073 0.209677 0.005)
(-0.0330044 0.209677 0.005)
(-0.0110015 0.209677 0.005)
(0.0110015 0.209677 0.005)
(0.0330044 0.209677 0.005)
(0.0550073 0.209677 0.005)
(0.0770103 0.209677 0.005)
(0.0990132 0.209677 0.005)
(0.121016 0.209677 0.005)
(0.143019 0.209677 0.005)
(0.165022 0.209677 0.005)
(0.187025 0.209677 0.005)
(0.209028 0.209677 0.005)
(0.231031 0.209677 0.005)
(0.253034 0.209677 0.005)
(0.275037 0.209677 0.005)
(0.29704 0.209677 0.005)
(0.319043 0.209677 0.005)
(0.341045 0.209677 0.005)
(0.363048 0.209677 0.005)
(0.385051 0.209677 0.005)
(0.407054 0.209677 0.005)
(0.429057 0.209677 0.005)
(0.45106 0.209677 0.005)
(0.473063 0.209677 0.005)
(0.495066 0.209677 0.005)
(0.517069 0.209677 0.005)
(0.539072 0.209677 0.005)
(-0.5212 0.224284 0.005)
(-0.499926 0.224284 0.005)
(-0.478653 0.224284 0.005)
(-0.457379 0.224284 0.005)
(-0.436106 0.224284 0.005)
(-0.414832 0.224284 0.005)
(-0.393559 0.224284 0.005)
(-0.372285 0.224284 0.005)
(-0.351012 0.224284 0.005)
(-0.329739 0.224284 0.005)
(-0.308465 0.224284 0.005)
(-0.287192 0.224284 0.005)
(-0.265918 0.224284 0.005)
(-0.244645 0.224284 0.005)
(-0.223371 0.224284 0.005)
(-0.202098 0.224284 0.005)
(-0.180824 0.224284 0.005)
(-0.159551 0.224284 0.005)
(-0.138277 0.224284 0.005)
(-0.117004 0.224284 0.005)
(-0.0957306 0.224284 0.005)
(-0.0744571 0.224284 0.005)
(-0.0531836 0.224284 0.005)
(-0.0319102 0.224284 0.005)
(-0.0106367 0.224284 0.005)
(0.0106367 0.224284 0.005)
(0.0319102 0.224284 0.005)
(0.0531836 0.224284 0.005)
(0.0744571 0.224284 0.005)
(0.0957306 0.224284 0.005)
(0.117004 0.224284 0.005)
(0.138277 0.224284 0.005)
(0.159551 0.224284 0.005)
(0.180824 0.224284 0.005)
(0.202098 0.224284 0.005)
(0.223371 0.224284 0.005)
(0.244645 0.224284 0.005)
(0.265918 0.224284 0.005)
(0.287192 0.224284 0.005)
(0.308465 0.224284 0.005)
(0.329739 0.224284 0.005)
(0.351012 0.224284 0.005)
(0.372285 0.224284 0.005)
(0.393559 0.224284 0.005)
(0.414832 0.224284 0.005)
(0.436106 0.224284 0.005)
(0.457379 0.224284 0.005)
(0.478653 0.224284 0.005)
(0.499926 0.224284 0.005)
(0.5212 0.224284 0.005)
(-0.503563 0.239022 0.005)
(-0.483009 0.239022 0.005)
(-0.462456 0.239022 0.005)
(-0.441902 0.239022 0.005)
(-0.421348 0.239022 0.005)
(-0.400795 0.239022 0.005)
(-0.380241 0.239022 0.005)
(-0.359688 0.239022 0.005)
(-0.339134 0.239022 0.005)
(-0.318581 0.239022 0.005)
(-0.298027 0.239022 0.005)
(-0.277473 0.239022 0.005)
(-0.25692 0.239022 0.005)
(-0.236366 0.239022 0.005)
(-0.215813 0.239022 0.005)
(-0.195259 0.239022 0.005)
(-0.174705 0.239022 0.005)
(-0.154152 0.239022 0.005)
(-0.133598 0.239022 0.005)
(-0.113045 0.239022 0.005)
(-0.0924911 0.239022 0.005)
(-0.0719375 0.239022 0.005)
(-0.051384 0.239022 0.005)
(-0.0308304 0.239022 0.005)
(-0.0102768 0.239022 0.005)
(0.0102768 0.239022 0.005)
(0.0308304 0.239022 0.005)
(0.051384 0.239022 0.005)
(0.0719375 0.239022 0.005)
(0.0924911 0.239022 0.005)
(0.113045 0.239022 0.005)
(0.133598 0.239022 0.005)
(0.154152 0.239022 0.005)
(0.174705 0.239022 0.005)
(0.195259 0.239022 0.005)
(0.215813 0.239022 0.005)
(0.236366 0.239022 0.005)
(0.25692 0.239022 0.005)
(0.277473 0.239022 0.005)
(0.298027 0.239022 0.005)
(0.318581 0.239022 0.005)
(0.339134 0.239022 0.005)
(0.359688 0.239022 0.005)
(0.380241 0.239022 0.005)
(0.400795 0.239022 0.005)
(0.421348 0.239022 0.005)
(0.441902 0.239022 0.005)
(0.462456 0.239022 0.005)
(0.483009 0.239022 0.005)
(0.503563 0.239022 0.005)
(-0.492315 0.257635 0.005)
(-0.472221 0.257635 0.005)
(-0.452126 0.257635 0.005)
(-0.432032 0.257635 0.005)
(-0.411937 0.257635 0.005)
(-0.391843 0.257635 0.005)
(-0.371748 0.257635 0.005)
(-0.351654 0.257635 0.005)
(-0.331559 0.257635 0.005)
(-0.311465 0.257635 0.005)
(-0.29137 0.257635 0.005)
(-0.271276 0.257635 0.005)
(-0.251181 0.257635 0.005)
(-0.231087 0.257635 0.005)
(-0.210992 0.257635 0.005)
(-0.190898 0.257635 0.005)
(-0.170803 0.257635 0.005)
(-0.150709 0.257635 0.005)
(-0.130614 0.257635 0.005)
(-0.11052 0.257635 0.005)
(-0.0904253 0.257635 0.005)
(-0.0703308 0.257635 0.005)
(-0.0502363 0.257635 0.005)
(-0.0301418 0.257635 0.005)
(-0.0100473 0.257635 0.005)
(0.0100473 0.257635 0.005)
(0.0301418 0.257635 0.005)
(0.0502363 0.257635 0.005)
(0.0703308 0.257635 0.005)
(0.0904253 0.257635 0.005)
(0.11052 0.257635 0.005)
(0.130614 0.257635 0.005)
(0.150709 0.257635 0.005)
(0.170803 0.257635 0.005)
(0.190898 0.257635 0.005)
(0.210992 0.257635 0.005)
(0.231087 0.257635 0.005)
(0.251181 0.257635 0.005)
(0.271276 0.257635 0.005)
(0.29137 0.257635 0.005)
(0.311465 0.257635 0.005)
(0.331559 0.257635 0.005)
(0.351654 0.257635 0.005)
(0.371748 0.257635 0.005)
(0.391843 0.257635 0.005)
(0.411937 0.257635 0.005)
(0.432032 0.257635 0.005)
(0.452126 0.257635 0.005)
(0.472221 0.257635 0.005)
(0.492315 0.257635 0.005)
(-0.489803 0.280341 0.005)
(-0.469811 0.280341 0.005)
(-0.449819 0.280341 0.005)
(-0.429827 0.280341 0.005)
(-0.409835 0.280341 0.005)
(-0.389843 0.280341 0.005)
(-0.369851 0.280341 0.005)
(-0.349859 0.280341 0.005)
(-0.329868 0.280341 0.005)
(-0.309876 0.280341 0.005)
(-0.289884 0.280341 0.005)
(-0.269892 0.280341 0.005)
(-0.2499 0.280341 0.005)
(-0.229908 0.280341 0.005)
(-0.209916 0.280341 0.005)
(-0.189924 0.280341 0.005)
(-0.169932 0.280341 0.005)
(-0.14994 0.280341 0.005)
(-0.129948 0.280341 0.005)
(-0.109956 0.280341 0.005)
(-0.0899639 0.280341 0.005)
(-0.0699719 0.280341 0.005)
(-0.0499799 0.280341 0.005)
(-0.029988 0.280341 0.005)
(-0.00999599 0.280341 0.005)
(0.00999599 0.280341 0.005)
(0.029988 0.280341 0.005)
(0.0499799 0.280341 0.005)
(0.0699719 0.280341 0.005)
(0.0899639 0.280341 0.005)
(0.109956 0.280341 0.005)
(0.129948 0.280341 0.005)
(0.14994 0.280341 0.005)
(0.169932 0.280341 0.005)
(0.189924 0.280341 0.005)
(0.209916 0.280341 0.005)
(0.229908 0.280341 0.005)
(0.2499 0.280341 0.005)
(0.269892 0.280341 0.005)
(0.289884 0.280341 0.005)
(0.309876 0.280341 0.005)
(0.329868 0.280341 0.005)
(0.349859 0.280341 0.005)
(0.369851 0.280341 0.005)
(0.389843 0.280341 0.005)
(0.409835 0.280341 0.005)
(0.429827 0.280341 0.005)
(0.449819 0.280341 0.005)
(0.469811 0.280341 0.005)
(0.489803 0.280341 0.005)
(-0.49 0.303462 0.005)
(-0.47 0.303462 0.005)
(-0.45 0.303462 0.005)
(-0.43 0.303462 0.005)
(-0.41 0.303462 0.005)
(-0.39 0.303462 0.005)
(-0.37 0.303462 0.005)
(-0.35 0.303462 0.005)
(-0.33 0.303462 0.005)
(-0.31 0.303462 0.005)
(-0.29 0.303462 0.005)
(-0.27 0.303462 0.005)
(-0.25 0.303462 0.005)
(-0.23 0.303462 0.005)
(-0.21 0.303462 0.005)
(-0.19 0.303462 0.005)
(-0.17 0.303462 0.005)
(-0.15 0.303462 0.005)
(-0.13 0.303462 0.005)
(-0.11 0.303462 0.005)
(-0.09 0.303462 0.005)
(-0.07 0.303462 0.005)
(-0.05 0.303462 0.005)
(-0.03 0.303462 0.005)
(-0.01 0.303462 0.005)
(0.01 0.303462 0.005)
(0.03 0.303462 0.005)
(0.05 0.303462 0.005)
(0.07 0.303462 0.005)
(0.09 0.303462 0.005)
(0.11 0.303462 0.005)
(0.13 0.303462 0.005)
(0.15 0.303462 0.005)
(0.17 0.303462 0.005)
(0.19 0.303462 0.005)
(0.21 0.303462 0.005)
(0.23 0.303462 0.005)
(0.25 0.303462 0.005)
(0.27 0.303462 0.005)
(0.29 0.303462 0.005)
(0.31 0.303462 0.005)
(0.33 0.303462 0.005)
(0.35 0.303462 0.005)
(0.37 0.303462 0.005)
(0.39 0.303462 0.005)
(0.41 0.303462 0.005)
(0.43 0.303462 0.005)
(0.45 0.303462 0.005)
(0.47 0.303462 0.005)
(0.49 0.303462 0.005)
(-0.49 0.326584 0.005)
(-0.47 0.326584 0.005)
(-0.45 0.326584 0.005)
(-0.43 0.326584 0.005)
(-0.41 0.326584 0.005)
(-0.39 0.326584 0.005)
(-0.37 0.326584 0.005)
(-0.35 0.326584 0.005)
(-0.33 0.326584 0.005)
(-0.31 0.326584 0.005)
(-0.29 0.326584 0.005)
(-0.27 0.326584 0.005)
(-0.25 0.326584 0.005)
(-0.23 0.326584 0.005)
(-0.21 0.326584 0.005)
(-0.19 0.326584 0.005)
(-0.17 0.326584 0.005)
(-0.15 0.326584 0.005)
(-0.13 0.326584 0.005)
(-0.11 0.326584 0.005)
(-0.09 0.326584 0.005)
(-0.07 0.326584 0.005)
(-0.05 0.326584 0.005)
(-0.03 0.326584 0.005)
(-0.01 0.326584 0.005)
(0.01 0.326584 0.005)
(0.03 0.326584 0.005)
(0.05 0.326584 0.005)
(0.07 0.326584 0.005)
(0.09 0.326584 0.005)
(0.11 0.326584 0.005)
(0.13 0.326584 0.005)
(0.15 0.326584 0.005)
(0.17 0.326584 0.005)
(0.19 0.326584 0.005)
(0.21 0.326584 0.005)
(0.23 0.326584 0.005)
(0.25 0.326584 0.005)
(0.27 0.326584 0.005)
(0.29 0.326584 0.005)
(0.31 0.326584 0.005)
(0.33 0.326584 0.005)
(0.35 0.326584 0.005)
(0.37 0.326584 0.005)
(0.39 0.326584 0.005)
(0.41 0.326584 0.005)
(0.43 0.326584 0.005)
(0.45 0.326584 0.005)
(0.47 0.326584 0.005)
(0.49 0.326584 0.005)
(-0.49 0.349706 0.005)
(-0.47 0.349706 0.005)
(-0.45 0.349706 0.005)
(-0.43 0.349706 0.005)
(-0.41 0.349706 0.005)
(-0.39 0.349706 0.005)
(-0.37 0.349706 0.005)
(-0.35 0.349706 0.005)
(-0.33 0.349706 0.005)
(-0.31 0.349706 0.005)
(-0.29 0.349706 0.005)
(-0.27 0.349706 0.005)
(-0.25 0.349706 0.005)
(-0.23 0.349706 0.005)
(-0.21 0.349706 0.005)
(-0.19 0.349706 0.005)
(-0.17 0.349706 0.005)
(-0.15 0.349706 0.005)
(-0.13 0.349706 0.005)
(-0.11 0.349706 0.005)
(-0.09 0.349706 0.005)
(-0.07 0.349706 0.005)
(-0.05 0.349706 0.005)
(-0.03 0.349706 0.005)
(-0.01 0.349706 0.005)
(0.01 0.349706 0.005)
(0.03 0.349706 0.005)
(0.05 0.349706 0.005)
(0.07 0.349706 0.005)
(0.09 0.349706 0.005)
(0.11 0.349706 0.005)
(0.13 0.349706 0.005)
(0.15 0.349706 0.005)
(0.17 0.349706 0.005)
(0.19 0.349706 0.005)
(0.21 0.349706 0.005)
(0.23 0.349706 0.005)
(0.25 0.349706 0.005)
(0.27 0.349706 0.005)
(0.29 0.349706 0.005)
(0.31 0.349706 0.005)
(0.33 0.349706 0.005)
(0.35 0.349706 0.005)
(0.37 0.349706 0.005)
(0.39 0.349706 0.005)
(0.41 0.349706 0.005)
(0.43 0.349706 0.005)
(0.45 0.349706 0.005)
(0.47 0.349706 0.005)
(0.49 0.349706 0.005)
(-0.49 0.372828 0.005)
(-0.47 0.372828 0.005)
(-0.45 0.372828 0.005)
(-0.43 0.372828 0.005)
(-0.41 0.372828 0.005)
(-0.39 0.372828 0.005)
(-0.37 0.372828 0.005)
(-0.35 0.372828 0.005)
(-0.33 0.372828 0.005)
(-0.31 0.372828 0.005)
(-0.29 0.372828 0.005)
(-0.27 0.372828 0.005)
(-0.25 0.372828 0.005)
(-0.23 0.372828 0.005)
(-0.21 0.372828 0.005)
(-0.19 0.372828 0.005)
(-0.17 0.372828 0.005)
(-0.15 0.372828 0.005)
(-0.13 0.372828 0.005)
(-0.11 0.372828 0.005)
(-0.09 0.372828 0.005)
(-0.07 0.372828 0.005)
(-0.05 0.372828 0.005)
(-0.03 0.372828 0.005)
(-0.01 0.372828 0.005)
(0.01 0.372828 0.005)
(0.03 0.372828 0.005)
(0.05 0.372828 0.005)
(0.07 0.372828 0.005)
(0.09 0.372828 0.005)
(0.11 0.372828 0.005)
(0.13 0.372828 0.005)
(0.15 0.372828 0.005)
(0.17 0.372828 0.005)
(0.19 0.372828 0.005)
(0.21 0.372828 0.005)
(0.23 0.372828 0.005)
(0.25 0.372828 0.005)
(0.27 0.372828 0.005)
(0.29 0.372828 0.005)
(0.31 0.372828 0.005)
(0.33 0.372828 0.005)
(0.35 0.372828 0.005)
(0.37 0.372828 0.005)
(0.39 0.372828 0.005)
(0.41 0.372828 0.005)
(0.43 0.372828 0.005)
(0.45 0.372828 0.005)
(0.47 0.372828 0.005)
(0.49 0.372828 0.005)
(-0.49 0.39595 0.005)
(-0.47 0.39595 0.005)
(-0.45 0.39595 0.005)
(-0.43 0.39595 0.005)
(-0.41 0.39595 0.005)
(-0.39 0.39595 0.005)
(-0.37 0.39595 0.005)
(-0.35 0.39595 0.005)
(-0.33 0.39595 0.005)
(-0.31 0.39595 0.005)
(-0.29 0.39595 0.005)
(-0.27 0.39595 0.005)
(-0.25 0.39595 0.005)
(-0.23 0.39595 0.005)
(-0.21 0.39595 0.005)
(-0.19 0.39595 0.005)
(-0.17 0.39595 0.005)
(-0.15 0.39595 0.005)
(-0.13 0.39595 0.005)
(-0.11 0.39595 0.005)
(-0.09 0.39595 0.005)
(-0.07 0.39595 0.005)
(-0.05 0.39595 0.005)
(-0.03 0.39595 0.005)
(-0.01 0.39595 0.005)
(0.01 0.39595 0.005)
(0.03 0.39595 0.005)
(0.05 0.39595 0.005)
(0.07 0.39595 0.005)
(0.09 0.39595 0.005)
(0.11 0.39595 0.005)
(0.13 0.39595 0.005)
(0.15 0.39595 0.005)
(0.17 0.39595 0.005)
(0.19 0.39595 0.005)
(0.21 0.39595 0.005)
(0.23 0.39595 0.005)
(0.25 0.39595 0.005)
(0.27 0.39595 0.005)
(0.29 0.39595 0.005)
(0.31 0.39595 0.005)
(0.33 0.39595 0.005)
(0.35 0.39595 0.005)
(0.37 0.39595 0.005)
(0.39 0.39595 0.005)
(0.41 0.39595 0.005)
(0.43 0.39595 0.005)
(0.45 0.39595 0.005)
(0.47 0.39595 0.005)
(0.49 0.39595 0.005)
(-0.49 0.419072 0.005)
(-0.47 0.419072 0.005)
(-0.45 0.419072 0.005)
(-0.43 0.419072 0.005)
(-0.41 0.419072 0.005)
(-0.39 0.419072 0.005)
(-0.37 0.419072 0.005)
(-0.35 0.419072 0.005)
(-0.33 0.419072 0.005)
(-0.31 0.419072 0.005)
(-0.29 0.419072 0.005)
(-0.27 0.419072 0.005)
(-0.25 0.419072 0.005)
(-0.23 0.419072 0.005)
(-0.21 0.419072 0.005)
(-0.19 0.419072 0.005)
(-0.17 0.419072 0.005)
(-0.15 0.419072 0.005)
(-0.13 0.419072 0.005)
(-0.11 0.419072 0.005)
(-0.09 0.419072 0.005)
(-0.07 0.419072 0.005)
(-0.05 0.419072 0.005)
(-0.03 0.419072 0.005)
(-0.01 0.419072 0.005)
(0.01 0.419072 0.005)
(0.03 0.419072 0.005)
(0.05 0.419072 0.005)
(0.07 0.419072 0.005)
(0.09 0.419072 0.005)
(0.11 0.419072 0.005)
(0.13 0.419072 0.005)
(0.15 0.419072 0.005)
(0.17 0.419072 0.005)
(0.19 0.419072 0.005)
(0.21 0.419072 0.005)
(0.23 0.419072 0.005)
(0.25 0.419072 0.005)
(0.27 0.419072 0.005)
(0.29 0.419072 0.005)
(0.31 0.419072 0.005)
(0.33 0.419072 0.005)
(0.35 0.419072 0.005)
(0.37 0.419072 0.005)
(0.39 0.419072 0.005)
(0.41 0.419072 0.005)
(0.43 0.419072 0.005)
(0.45 0.419072 0.005)
(0.47 0.419072 0.005)
(0.49 0.419072 0.005)
(-0.49 0.442195 0.005)
(-0.47 0.442195 0.005)
(-0.45 0.442195 0.005)
(-0.43 0.442195 0.005)
(-0.41 0.442195 0.005)
(-0.39 0.442195 0.005)
(-0.37 0.442195 0.005)
(-0.35 0.442195 0.005)
(-0.33 0.442195 0.005)
(-0.31 0.442195 0.005)
(-0.29 0.442195 0.005)
(-0.27 0.442195 0.005)
(-0.25 0.442195 0.005)
(-0.23 0.442195 0.005)
(-0.21 0.442195 0.005)
(-0.19 0.442195 0.005)
(-0.17 0.442195 0.005)
(-0.15 0.442195 0.005)
(-0.13 0.442195 0.005)
(-0.11 0.442195 0.005)
(-0.09 0.442195 0.005)
(-0.07 0.442195 0.005)
(-0.05 0.442195 0.005)
(-0.03 0.442195 0.005)
(-0.01 0.442195 0.005)
(0.01 0.442195 0.005)
(0.03 0.442195 0.005)
(0.05 0.442195 0.005)
(0.07 0.442195 0.005)
(0.09 0.442195 0.005)
(0.11 0.442195 0.005)
(0.13 0.442195 0.005)
(0.15 0.442195 0.005)
(0.17 0.442195 0.005)
(0.19 0.442195 0.005)
(0.21 0.442195 0.005)
(0.23 0.442195 0.005)
(0.25 0.442195 0.005)
(0.27 0.442195 0.005)
(0.29 0.442195 0.005)
(0.31 0.442195 0.005)
(0.33 0.442195 0.005)
(0.35 0.442195 0.005)
(0.37 0.442195 0.005)
(0.39 0.442195 0.005)
(0.41 0.442195 0.005)
(0.43 0.442195 0.005)
(0.45 0.442195 0.005)
(0.47 0.442195 0.005)
(0.49 0.442195 0.005)
(-0.49 0.465317 0.005)
(-0.47 0.465317 0.005)
(-0.45 0.465317 0.005)
(-0.43 0.465317 0.005)
(-0.41 0.465317 0.005)
(-0.39 0.465317 0.005)
(-0.37 0.465317 0.005)
(-0.35 0.465317 0.005)
(-0.33 0.465317 0.005)
(-0.31 0.465317 0.005)
(-0.29 0.465317 0.005)
(-0.27 0.465317 0.005)
(-0.25 0.465317 0.005)
(-0.23 0.465317 0.005)
(-0.21 0.465317 0.005)
(-0.19 0.465317 0.005)
(-0.17 0.465317 0.005)
(-0.15 0.465317 0.005)
(-0.13 0.465317 0.005)
(-0.11 0.465317 0.005)
(-0.09 0.465317 0.005)
(-0.07 0.465317 0.005)
(-0.05 0.465317 0.005)
(-0.03 0.465317 0.005)
(-0.01 0.465317 0.005)
(0.01 0.465317 0.005)
(0.03 0.465317 0.005)
(0.05 0.465317 0.005)
(0.07 0.465317 0.005)
(0.09 0.465317 0.005)
(0.11 0.465317 0.005)
(0.13 0.465317 0.005)
(0.15 0.465317 0.005)
(0.17 0.465317 0.005)
(0.19 0.465317 0.005)
(0.21 0.465317 0.005)
(0.23 0.465317 0.005)
(0.25 0.465317 0.005)
(0.27 0.465317 0.005)
(0.29 0.465317 0.005)
(0.31 0.465317 0.005)
(0.33 0.465317 0.005)
(0.35 0.465317 0.005)
(0.37 0.465317 0.005)
(0.39 0.465317 0.005)
(0.41 0.465317 0.005)
(0.43 0.465317 0.005)
(0.45 0.465317 0.005)
(0.47 0.465317 0.005)
(0.49 0.465317 0.005)
(-0.49 0.488439 0.005)
(-0.47 0.488439 0.005)
(-0.45 0.488439 0.005)
(-0.43 0.488439 0.005)
(-0.41 0.488439 0.005)
(-0.39 0.488439 0.005)
(-0.37 0.488439 0.005)
(-0.35 0.488439 0.005)
(-0.33 0.488439 0.005)
(-0.31 0.488439 0.005)
(-0.29 0.488439 0.005)
(-0.27 0.488439 0.005)
(-0.25 0.488439 0.005)
(-0.23 0.488439 0.005)
(-0.21 0.488439 0.005)
(-0.19 0.488439 0.005)
(-0.17 0.488439 0.005)
(-0.15 0.488439 0.005)
(-0.13 0.488439 0.005)
(-0.11 0.488439 0.005)
(-0.09 0.488439 0.005)
(-0.07 0.488439 0.005)
(-0.05 0.488439 0.005)
(-0.03 0.488439 0.005)
(-0.01 0.488439 0.005)
(0.01 0.488439 0.005)
(0.03 0.488439 0.005)
(0.05 0.488439 0.005)
(0.07 0.488439 0.005)
(0.09 0.488439 0.005)
(0.11 0.488439 0.005)
(0.13 0.488439 0.005)
(0.15 0.488439 0.005)
(0.17 0.488439 0.005)
(0.19 0.488439 0.005)
(0.21 0.488439 0.005)
(0.23 0.488439 0.005)
(0.25 0.488439 0.005)
(0.27 0.488439 0.005)
(0.29 0.488439 0.005)
(0.31 0.488439 0.005)
(0.33 0.488439 0.005)
(0.35 0.488439 0.005)
(0.37 0.488439 0.005)
(0.39 0.488439 0.005)
(0.41 0.488439 0.005)
(0.43 0.488439 0.005)
(0.45 0.488439 0.005)
(0.47 0.488439 0.005)
(0.49 0.488439 0.005)
)
;

boundaryField
{
    left
    {
        type            calculated;
        value           nonuniform List<vector> 
50
(
(-0.5 -0.488439 0.005)
(-0.5 -0.465317 0.005)
(-0.5 -0.442195 0.005)
(-0.5 -0.419072 0.005)
(-0.5 -0.39595 0.005)
(-0.5 -0.372828 0.005)
(-0.5 -0.349706 0.005)
(-0.5 -0.326584 0.005)
(-0.5 -0.303462 0.005)
(-0.499799 -0.28034 0.005)
(-0.502358 -0.257655 0.005)
(-0.513791 -0.239064 0.005)
(-0.531782 -0.224327 0.005)
(-0.550025 -0.209717 0.005)
(-0.567768 -0.194918 0.005)
(-0.585294 -0.179794 0.005)
(-0.602495 -0.16425 0.005)
(-0.619194 -0.148227 0.005)
(-0.635237 -0.131604 0.005)
(-0.650423 -0.114228 0.005)
(-0.664471 -0.0959226 0.005)
(-0.676976 -0.0765167 0.005)
(-0.68737 -0.0559014 0.005)
(-0.694938 -0.0341253 0.005)
(-0.698959 -0.0114832 0.005)
(-0.698959 0.0114832 0.005)
(-0.694938 0.0341253 0.005)
(-0.68737 0.0559014 0.005)
(-0.676976 0.0765167 0.005)
(-0.664471 0.0959226 0.005)
(-0.650423 0.114228 0.005)
(-0.635237 0.131604 0.005)
(-0.619194 0.148227 0.005)
(-0.602495 0.16425 0.005)
(-0.585294 0.179794 0.005)
(-0.567768 0.194918 0.005)
(-0.550025 0.209717 0.005)
(-0.531782 0.224327 0.005)
(-0.513791 0.239064 0.005)
(-0.502358 0.257655 0.005)
(-0.499799 0.28034 0.005)
(-0.5 0.303462 0.005)
(-0.5 0.326584 0.005)
(-0.5 0.349706 0.005)
(-0.5 0.372828 0.005)
(-0.5 0.39595 0.005)
(-0.5 0.419072 0.005)
(-0.5 0.442195 0.005)
(-0.5 0.465317 0.005)
(-0.5 0.488439 0.005)
)
;
    }
    right
    {
        type            calculated;
        value           nonuniform List<vector> 
50
(
(0.5 -0.488439 0.005)
(0.5 -0.465317 0.005)
(0.5 -0.442195 0.005)
(0.5 -0.419072 0.005)
(0.5 -0.39595 0.005)
(0.5 -0.372828 0.005)
(0.5 -0.349706 0.005)
(0.5 -0.326584 0.005)
(0.5 -0.303462 0.005)
(0.499799 -0.28034 0.005)
(0.502358 -0.257655 0.005)
(0.513791 -0.239064 0.005)
(0.531782 -0.224327 0.005)
(0.550025 -0.209717 0.005)
(0.567768 -0.194918 0.005)
(0.585294 -0.179794 0.005)
(0.602495 -0.16425 0.005)
(0.619194 -0.148227 0.005)
(0.635237 -0.131604 0.005)
(0.650423 -0.114228 0.005)
(0.664471 -0.0959226 0.005)
(0.676976 -0.0765167 0.005)
(0.68737 -0.0559014 0.005)
(0.694938 -0.0341253 0.005)
(0.698959 -0.0114832 0.005)
(0.698959 0.0114832 0.005)
(0.694938 0.0341253 0.005)
(0.68737 0.0559014 0.005)
(0.676976 0.0765167 0.005)
(0.664471 0.0959226 0.005)
(0.650423 0.114228 0.005)
(0.635237 0.131604 0.005)
(0.619194 0.148227 0.005)
(0.602495 0.16425 0.005)
(0.585294 0.179794 0.005)
(0.567768 0.194918 0.005)
(0.550025 0.209717 0.005)
(0.531782 0.224327 0.005)
(0.513791 0.239064 0.005)
(0.502358 0.257655 0.005)
(0.499799 0.28034 0.005)
(0.5 0.303462 0.005)
(0.5 0.326584 0.005)
(0.5 0.349706 0.005)
(0.5 0.372828 0.005)
(0.5 0.39595 0.005)
(0.5 0.419072 0.005)
(0.5 0.442195 0.005)
(0.5 0.465317 0.005)
(0.5 0.488439 0.005)
)
;
    }
    up
    {
        type            calculated;
        value           nonuniform List<vector> 
50
(
(-0.49 0.5 0.005)
(-0.47 0.5 0.005)
(-0.45 0.5 0.005)
(-0.43 0.5 0.005)
(-0.41 0.5 0.005)
(-0.39 0.5 0.005)
(-0.37 0.5 0.005)
(-0.35 0.5 0.005)
(-0.33 0.5 0.005)
(-0.31 0.5 0.005)
(-0.29 0.5 0.005)
(-0.27 0.5 0.005)
(-0.25 0.5 0.005)
(-0.23 0.5 0.005)
(-0.21 0.5 0.005)
(-0.19 0.5 0.005)
(-0.17 0.5 0.005)
(-0.15 0.5 0.005)
(-0.13 0.5 0.005)
(-0.11 0.5 0.005)
(-0.09 0.5 0.005)
(-0.07 0.5 0.005)
(-0.05 0.5 0.005)
(-0.03 0.5 0.005)
(-0.01 0.5 0.005)
(0.01 0.5 0.005)
(0.03 0.5 0.005)
(0.05 0.5 0.005)
(0.07 0.5 0.005)
(0.09 0.5 0.005)
(0.11 0.5 0.005)
(0.13 0.5 0.005)
(0.15 0.5 0.005)
(0.17 0.5 0.005)
(0.19 0.5 0.005)
(0.21 0.5 0.005)
(0.23 0.5 0.005)
(0.25 0.5 0.005)
(0.27 0.5 0.005)
(0.29 0.5 0.005)
(0.31 0.5 0.005)
(0.33 0.5 0.005)
(0.35 0.5 0.005)
(0.37 0.5 0.005)
(0.39 0.5 0.005)
(0.41 0.5 0.005)
(0.43 0.5 0.005)
(0.45 0.5 0.005)
(0.47 0.5 0.005)
(0.49 0.5 0.005)
)
;
    }
    down
    {
        type            calculated;
        value           nonuniform List<vector> 
50
(
(-0.49 -0.5 0.005)
(-0.47 -0.5 0.005)
(-0.45 -0.5 0.005)
(-0.43 -0.5 0.005)
(-0.41 -0.5 0.005)
(-0.39 -0.5 0.005)
(-0.37 -0.5 0.005)
(-0.35 -0.5 0.005)
(-0.33 -0.5 0.005)
(-0.31 -0.5 0.005)
(-0.29 -0.5 0.005)
(-0.27 -0.5 0.005)
(-0.25 -0.5 0.005)
(-0.23 -0.5 0.005)
(-0.21 -0.5 0.005)
(-0.19 -0.5 0.005)
(-0.17 -0.5 0.005)
(-0.15 -0.5 0.005)
(-0.13 -0.5 0.005)
(-0.11 -0.5 0.005)
(-0.09 -0.5 0.005)
(-0.07 -0.5 0.005)
(-0.05 -0.5 0.005)
(-0.03 -0.5 0.005)
(-0.01 -0.5 0.005)
(0.01 -0.5 0.005)
(0.03 -0.5 0.005)
(0.05 -0.5 0.005)
(0.07 -0.5 0.005)
(0.09 -0.5 0.005)
(0.11 -0.5 0.005)
(0.13 -0.5 0.005)
(0.15 -0.5 0.005)
(0.17 -0.5 0.005)
(0.19 -0.5 0.005)
(0.21 -0.5 0.005)
(0.23 -0.5 0.005)
(0.25 -0.5 0.005)
(0.27 -0.5 0.005)
(0.29 -0.5 0.005)
(0.31 -0.5 0.005)
(0.33 -0.5 0.005)
(0.35 -0.5 0.005)
(0.37 -0.5 0.005)
(0.39 -0.5 0.005)
(0.41 -0.5 0.005)
(0.43 -0.5 0.005)
(0.45 -0.5 0.005)
(0.47 -0.5 0.005)
(0.49 -0.5 0.005)
)
;
    }
    frontAndBack
    {
        type            empty;
    }
}


// ************************************************************************* //
