/*--------------------------------*- C++ -*----------------------------------*\
  =========                 |
  \\      /  F ield         | OpenFOAM: The Open Source CFD Toolbox
   \\    /   O peration     | Website:  https://openfoam.org
    \\  /    A nd           | Version:  6
     \\/     M anipulation  |
\*---------------------------------------------------------------------------*/
FoamFile
{
    version     2.0;
    format      ascii;
    class       volScalarField;
    location    "0";
    object      Cy;
}
// * * * * * * * * * * * * * * * * * * * * * * * * * * * * * * * * * * * * * //

dimensions      [0 1 0 0 0 0 0];

internalField   nonuniform List<scalar> 
2500
(
-0.488439
-0.488439
-0.488439
-0.488439
-0.488439
-0.488439
-0.488439
-0.488439
-0.488439
-0.488439
-0.488439
-0.488439
-0.488439
-0.488439
-0.488439
-0.488439
-0.488439
-0.488439
-0.488439
-0.488439
-0.488439
-0.488439
-0.488439
-0.488439
-0.488439
-0.488439
-0.488439
-0.488439
-0.488439
-0.488439
-0.488439
-0.488439
-0.488439
-0.488439
-0.488439
-0.488439
-0.488439
-0.488439
-0.488439
-0.488439
-0.488439
-0.488439
-0.488439
-0.488439
-0.488439
-0.488439
-0.488439
-0.488439
-0.488439
-0.488439
-0.465317
-0.465317
-0.465317
-0.465317
-0.465317
-0.465317
-0.465317
-0.465317
-0.465317
-0.465317
-0.465317
-0.465317
-0.465317
-0.465317
-0.465317
-0.465317
-0.465317
-0.465317
-0.465317
-0.465317
-0.465317
-0.465317
-0.465317
-0.465317
-0.465317
-0.465317
-0.465317
-0.465317
-0.465317
-0.465317
-0.465317
-0.465317
-0.465317
-0.465317
-0.465317
-0.465317
-0.465317
-0.465317
-0.465317
-0.465317
-0.465317
-0.465317
-0.465317
-0.465317
-0.465317
-0.465317
-0.465317
-0.465317
-0.465317
-0.465317
-0.442195
-0.442195
-0.442195
-0.442195
-0.442195
-0.442195
-0.442195
-0.442195
-0.442195
-0.442195
-0.442195
-0.442195
-0.442195
-0.442195
-0.442195
-0.442195
-0.442195
-0.442195
-0.442195
-0.442195
-0.442195
-0.442195
-0.442195
-0.442195
-0.442195
-0.442195
-0.442195
-0.442195
-0.442195
-0.442195
-0.442195
-0.442195
-0.442195
-0.442195
-0.442195
-0.442195
-0.442195
-0.442195
-0.442195
-0.442195
-0.442195
-0.442195
-0.442195
-0.442195
-0.442195
-0.442195
-0.442195
-0.442195
-0.442195
-0.442195
-0.419072
-0.419072
-0.419072
-0.419072
-0.419072
-0.419072
-0.419072
-0.419072
-0.419072
-0.419072
-0.419072
-0.419072
-0.419072
-0.419072
-0.419072
-0.419072
-0.419072
-0.419072
-0.419072
-0.419072
-0.419072
-0.419072
-0.419072
-0.419072
-0.419072
-0.419072
-0.419072
-0.419072
-0.419072
-0.419072
-0.419072
-0.419072
-0.419072
-0.419072
-0.419072
-0.419072
-0.419072
-0.419072
-0.419072
-0.419072
-0.419072
-0.419072
-0.419072
-0.419072
-0.419072
-0.419072
-0.419072
-0.419072
-0.419072
-0.419072
-0.39595
-0.39595
-0.39595
-0.39595
-0.39595
-0.39595
-0.39595
-0.39595
-0.39595
-0.39595
-0.39595
-0.39595
-0.39595
-0.39595
-0.39595
-0.39595
-0.39595
-0.39595
-0.39595
-0.39595
-0.39595
-0.39595
-0.39595
-0.39595
-0.39595
-0.39595
-0.39595
-0.39595
-0.39595
-0.39595
-0.39595
-0.39595
-0.39595
-0.39595
-0.39595
-0.39595
-0.39595
-0.39595
-0.39595
-0.39595
-0.39595
-0.39595
-0.39595
-0.39595
-0.39595
-0.39595
-0.39595
-0.39595
-0.39595
-0.39595
-0.372828
-0.372828
-0.372828
-0.372828
-0.372828
-0.372828
-0.372828
-0.372828
-0.372828
-0.372828
-0.372828
-0.372828
-0.372828
-0.372828
-0.372828
-0.372828
-0.372828
-0.372828
-0.372828
-0.372828
-0.372828
-0.372828
-0.372828
-0.372828
-0.372828
-0.372828
-0.372828
-0.372828
-0.372828
-0.372828
-0.372828
-0.372828
-0.372828
-0.372828
-0.372828
-0.372828
-0.372828
-0.372828
-0.372828
-0.372828
-0.372828
-0.372828
-0.372828
-0.372828
-0.372828
-0.372828
-0.372828
-0.372828
-0.372828
-0.372828
-0.349706
-0.349706
-0.349706
-0.349706
-0.349706
-0.349706
-0.349706
-0.349706
-0.349706
-0.349706
-0.349706
-0.349706
-0.349706
-0.349706
-0.349706
-0.349706
-0.349706
-0.349706
-0.349706
-0.349706
-0.349706
-0.349706
-0.349706
-0.349706
-0.349706
-0.349706
-0.349706
-0.349706
-0.349706
-0.349706
-0.349706
-0.349706
-0.349706
-0.349706
-0.349706
-0.349706
-0.349706
-0.349706
-0.349706
-0.349706
-0.349706
-0.349706
-0.349706
-0.349706
-0.349706
-0.349706
-0.349706
-0.349706
-0.349706
-0.349706
-0.326584
-0.326584
-0.326584
-0.326584
-0.326584
-0.326584
-0.326584
-0.326584
-0.326584
-0.326584
-0.326584
-0.326584
-0.326584
-0.326584
-0.326584
-0.326584
-0.326584
-0.326584
-0.326584
-0.326584
-0.326584
-0.326584
-0.326584
-0.326584
-0.326584
-0.326584
-0.326584
-0.326584
-0.326584
-0.326584
-0.326584
-0.326584
-0.326584
-0.326584
-0.326584
-0.326584
-0.326584
-0.326584
-0.326584
-0.326584
-0.326584
-0.326584
-0.326584
-0.326584
-0.326584
-0.326584
-0.326584
-0.326584
-0.326584
-0.326584
-0.303462
-0.303462
-0.303462
-0.303462
-0.303462
-0.303462
-0.303462
-0.303462
-0.303462
-0.303462
-0.303462
-0.303462
-0.303462
-0.303462
-0.303462
-0.303462
-0.303462
-0.303462
-0.303462
-0.303462
-0.303462
-0.303462
-0.303462
-0.303462
-0.303462
-0.303462
-0.303462
-0.303462
-0.303462
-0.303462
-0.303462
-0.303462
-0.303462
-0.303462
-0.303462
-0.303462
-0.303462
-0.303462
-0.303462
-0.303462
-0.303462
-0.303462
-0.303462
-0.303462
-0.303462
-0.303462
-0.303462
-0.303462
-0.303462
-0.303462
-0.280341
-0.280341
-0.280341
-0.280341
-0.280341
-0.280341
-0.280341
-0.280341
-0.280341
-0.280341
-0.280341
-0.280341
-0.280341
-0.280341
-0.280341
-0.280341
-0.280341
-0.280341
-0.280341
-0.280341
-0.280341
-0.280341
-0.280341
-0.280341
-0.280341
-0.280341
-0.280341
-0.280341
-0.280341
-0.280341
-0.280341
-0.280341
-0.280341
-0.280341
-0.280341
-0.280341
-0.280341
-0.280341
-0.280341
-0.280341
-0.280341
-0.280341
-0.280341
-0.280341
-0.280341
-0.280341
-0.280341
-0.280341
-0.280341
-0.280341
-0.257635
-0.257635
-0.257635
-0.257635
-0.257635
-0.257635
-0.257635
-0.257635
-0.257635
-0.257635
-0.257635
-0.257635
-0.257635
-0.257635
-0.257635
-0.257635
-0.257635
-0.257635
-0.257635
-0.257635
-0.257635
-0.257635
-0.257635
-0.257635
-0.257635
-0.257635
-0.257635
-0.257635
-0.257635
-0.257635
-0.257635
-0.257635
-0.257635
-0.257635
-0.257635
-0.257635
-0.257635
-0.257635
-0.257635
-0.257635
-0.257635
-0.257635
-0.257635
-0.257635
-0.257635
-0.257635
-0.257635
-0.257635
-0.257635
-0.257635
-0.239022
-0.239022
-0.239022
-0.239022
-0.239022
-0.239022
-0.239022
-0.239022
-0.239022
-0.239022
-0.239022
-0.239022
-0.239022
-0.239022
-0.239022
-0.239022
-0.239022
-0.239022
-0.239022
-0.239022
-0.239022
-0.239022
-0.239022
-0.239022
-0.239022
-0.239022
-0.239022
-0.239022
-0.239022
-0.239022
-0.239022
-0.239022
-0.239022
-0.239022
-0.239022
-0.239022
-0.239022
-0.239022
-0.239022
-0.239022
-0.239022
-0.239022
-0.239022
-0.239022
-0.239022
-0.239022
-0.239022
-0.239022
-0.239022
-0.239022
-0.224284
-0.224284
-0.224284
-0.224284
-0.224284
-0.224284
-0.224284
-0.224284
-0.224284
-0.224284
-0.224284
-0.224284
-0.224284
-0.224284
-0.224284
-0.224284
-0.224284
-0.224284
-0.224284
-0.224284
-0.224284
-0.224284
-0.224284
-0.224284
-0.224284
-0.224284
-0.224284
-0.224284
-0.224284
-0.224284
-0.224284
-0.224284
-0.224284
-0.224284
-0.224284
-0.224284
-0.224284
-0.224284
-0.224284
-0.224284
-0.224284
-0.224284
-0.224284
-0.224284
-0.224284
-0.224284
-0.224284
-0.224284
-0.224284
-0.224284
-0.209677
-0.209677
-0.209677
-0.209677
-0.209677
-0.209677
-0.209677
-0.209677
-0.209677
-0.209677
-0.209677
-0.209677
-0.209677
-0.209677
-0.209677
-0.209677
-0.209677
-0.209677
-0.209677
-0.209677
-0.209677
-0.209677
-0.209677
-0.209677
-0.209677
-0.209677
-0.209677
-0.209677
-0.209677
-0.209677
-0.209677
-0.209677
-0.209677
-0.209677
-0.209677
-0.209677
-0.209677
-0.209677
-0.209677
-0.209677
-0.209677
-0.209677
-0.209677
-0.209677
-0.209677
-0.209677
-0.209677
-0.209677
-0.209677
-0.209677
-0.19488
-0.19488
-0.19488
-0.19488
-0.19488
-0.19488
-0.19488
-0.19488
-0.19488
-0.19488
-0.19488
-0.19488
-0.19488
-0.19488
-0.19488
-0.19488
-0.19488
-0.19488
-0.19488
-0.19488
-0.19488
-0.19488
-0.19488
-0.19488
-0.19488
-0.19488
-0.19488
-0.19488
-0.19488
-0.19488
-0.19488
-0.19488
-0.19488
-0.19488
-0.19488
-0.19488
-0.19488
-0.19488
-0.19488
-0.19488
-0.19488
-0.19488
-0.19488
-0.19488
-0.19488
-0.19488
-0.19488
-0.19488
-0.19488
-0.19488
-0.179756
-0.179756
-0.179756
-0.179756
-0.179756
-0.179756
-0.179756
-0.179756
-0.179756
-0.179756
-0.179756
-0.179756
-0.179756
-0.179756
-0.179756
-0.179756
-0.179756
-0.179756
-0.179756
-0.179756
-0.179756
-0.179756
-0.179756
-0.179756
-0.179756
-0.179756
-0.179756
-0.179756
-0.179756
-0.179756
-0.179756
-0.179756
-0.179756
-0.179756
-0.179756
-0.179756
-0.179756
-0.179756
-0.179756
-0.179756
-0.179756
-0.179756
-0.179756
-0.179756
-0.179756
-0.179756
-0.179756
-0.179756
-0.179756
-0.179756
-0.164213
-0.164213
-0.164213
-0.164213
-0.164213
-0.164213
-0.164213
-0.164213
-0.164213
-0.164213
-0.164213
-0.164213
-0.164213
-0.164213
-0.164213
-0.164213
-0.164213
-0.164213
-0.164213
-0.164213
-0.164213
-0.164213
-0.164213
-0.164213
-0.164213
-0.164213
-0.164213
-0.164213
-0.164213
-0.164213
-0.164213
-0.164213
-0.164213
-0.164213
-0.164213
-0.164213
-0.164213
-0.164213
-0.164213
-0.164213
-0.164213
-0.164213
-0.164213
-0.164213
-0.164213
-0.164213
-0.164213
-0.164213
-0.164213
-0.164213
-0.148191
-0.148191
-0.148191
-0.148191
-0.148191
-0.148191
-0.148191
-0.148191
-0.148191
-0.148191
-0.148191
-0.148191
-0.148191
-0.148191
-0.148191
-0.148191
-0.148191
-0.148191
-0.148191
-0.148191
-0.148191
-0.148191
-0.148191
-0.148191
-0.148191
-0.148191
-0.148191
-0.148191
-0.148191
-0.148191
-0.148191
-0.148191
-0.148191
-0.148191
-0.148191
-0.148191
-0.148191
-0.148191
-0.148191
-0.148191
-0.148191
-0.148191
-0.148191
-0.148191
-0.148191
-0.148191
-0.148191
-0.148191
-0.148191
-0.148191
-0.131569
-0.131569
-0.131569
-0.131569
-0.131569
-0.131569
-0.131569
-0.131569
-0.131569
-0.131569
-0.131569
-0.131569
-0.131569
-0.131569
-0.131569
-0.131569
-0.131569
-0.131569
-0.131569
-0.131569
-0.131569
-0.131569
-0.131569
-0.131569
-0.131569
-0.131569
-0.131569
-0.131569
-0.131569
-0.131569
-0.131569
-0.131569
-0.131569
-0.131569
-0.131569
-0.131569
-0.131569
-0.131569
-0.131569
-0.131569
-0.131569
-0.131569
-0.131569
-0.131569
-0.131569
-0.131569
-0.131569
-0.131569
-0.131569
-0.131569
-0.114194
-0.114194
-0.114194
-0.114194
-0.114194
-0.114194
-0.114194
-0.114194
-0.114194
-0.114194
-0.114194
-0.114194
-0.114194
-0.114194
-0.114194
-0.114194
-0.114194
-0.114194
-0.114194
-0.114194
-0.114194
-0.114194
-0.114194
-0.114194
-0.114194
-0.114194
-0.114194
-0.114194
-0.114194
-0.114194
-0.114194
-0.114194
-0.114194
-0.114194
-0.114194
-0.114194
-0.114194
-0.114194
-0.114194
-0.114194
-0.114194
-0.114194
-0.114194
-0.114194
-0.114194
-0.114194
-0.114194
-0.114194
-0.114194
-0.114194
-0.0958909
-0.0958909
-0.0958909
-0.0958909
-0.0958909
-0.0958909
-0.0958909
-0.0958909
-0.0958909
-0.0958909
-0.0958909
-0.0958909
-0.0958909
-0.0958909
-0.0958909
-0.0958909
-0.0958909
-0.0958909
-0.0958909
-0.0958909
-0.0958909
-0.0958909
-0.0958909
-0.0958909
-0.0958909
-0.0958909
-0.0958909
-0.0958909
-0.0958909
-0.0958909
-0.0958909
-0.0958909
-0.0958909
-0.0958909
-0.0958909
-0.0958909
-0.0958909
-0.0958909
-0.0958909
-0.0958909
-0.0958909
-0.0958909
-0.0958909
-0.0958909
-0.0958909
-0.0958909
-0.0958909
-0.0958909
-0.0958909
-0.0958909
-0.0764881
-0.0764881
-0.0764881
-0.0764881
-0.0764881
-0.0764881
-0.0764881
-0.0764881
-0.0764881
-0.0764881
-0.0764881
-0.0764881
-0.0764881
-0.0764881
-0.0764881
-0.0764881
-0.0764881
-0.0764881
-0.0764881
-0.0764881
-0.0764881
-0.0764881
-0.0764881
-0.0764881
-0.0764881
-0.0764881
-0.0764881
-0.0764881
-0.0764881
-0.0764881
-0.0764881
-0.0764881
-0.0764881
-0.0764881
-0.0764881
-0.0764881
-0.0764881
-0.0764881
-0.0764881
-0.0764881
-0.0764881
-0.0764881
-0.0764881
-0.0764881
-0.0764881
-0.0764881
-0.0764881
-0.0764881
-0.0764881
-0.0764881
-0.0558777
-0.0558777
-0.0558777
-0.0558777
-0.0558777
-0.0558777
-0.0558777
-0.0558777
-0.0558777
-0.0558777
-0.0558777
-0.0558777
-0.0558777
-0.0558777
-0.0558777
-0.0558777
-0.0558777
-0.0558777
-0.0558777
-0.0558777
-0.0558777
-0.0558777
-0.0558777
-0.0558777
-0.0558777
-0.0558777
-0.0558777
-0.0558777
-0.0558777
-0.0558777
-0.0558777
-0.0558777
-0.0558777
-0.0558777
-0.0558777
-0.0558777
-0.0558777
-0.0558777
-0.0558777
-0.0558777
-0.0558777
-0.0558777
-0.0558777
-0.0558777
-0.0558777
-0.0558777
-0.0558777
-0.0558777
-0.0558777
-0.0558777
-0.0341093
-0.0341093
-0.0341093
-0.0341093
-0.0341093
-0.0341093
-0.0341093
-0.0341093
-0.0341093
-0.0341093
-0.0341093
-0.0341093
-0.0341093
-0.0341093
-0.0341093
-0.0341093
-0.0341093
-0.0341093
-0.0341093
-0.0341093
-0.0341093
-0.0341093
-0.0341093
-0.0341093
-0.0341093
-0.0341093
-0.0341093
-0.0341093
-0.0341093
-0.0341093
-0.0341093
-0.0341093
-0.0341093
-0.0341093
-0.0341093
-0.0341093
-0.0341093
-0.0341093
-0.0341093
-0.0341093
-0.0341093
-0.0341093
-0.0341093
-0.0341093
-0.0341093
-0.0341093
-0.0341093
-0.0341093
-0.0341093
-0.0341093
-0.0114775
-0.0114775
-0.0114775
-0.0114775
-0.0114775
-0.0114775
-0.0114775
-0.0114775
-0.0114775
-0.0114775
-0.0114775
-0.0114775
-0.0114775
-0.0114775
-0.0114775
-0.0114775
-0.0114775
-0.0114775
-0.0114775
-0.0114775
-0.0114775
-0.0114775
-0.0114775
-0.0114775
-0.0114775
-0.0114775
-0.0114775
-0.0114775
-0.0114775
-0.0114775
-0.0114775
-0.0114775
-0.0114775
-0.0114775
-0.0114775
-0.0114775
-0.0114775
-0.0114775
-0.0114775
-0.0114775
-0.0114775
-0.0114775
-0.0114775
-0.0114775
-0.0114775
-0.0114775
-0.0114775
-0.0114775
-0.0114775
-0.0114775
0.0114775
0.0114775
0.0114775
0.0114775
0.0114775
0.0114775
0.0114775
0.0114775
0.0114775
0.0114775
0.0114775
0.0114775
0.0114775
0.0114775
0.0114775
0.0114775
0.0114775
0.0114775
0.0114775
0.0114775
0.0114775
0.0114775
0.0114775
0.0114775
0.0114775
0.0114775
0.0114775
0.0114775
0.0114775
0.0114775
0.0114775
0.0114775
0.0114775
0.0114775
0.0114775
0.0114775
0.0114775
0.0114775
0.0114775
0.0114775
0.0114775
0.0114775
0.0114775
0.0114775
0.0114775
0.0114775
0.0114775
0.0114775
0.0114775
0.0114775
0.0341093
0.0341093
0.0341093
0.0341093
0.0341093
0.0341093
0.0341093
0.0341093
0.0341093
0.0341093
0.0341093
0.0341093
0.0341093
0.0341093
0.0341093
0.0341093
0.0341093
0.0341093
0.0341093
0.0341093
0.0341093
0.0341093
0.0341093
0.0341093
0.0341093
0.0341093
0.0341093
0.0341093
0.0341093
0.0341093
0.0341093
0.0341093
0.0341093
0.0341093
0.0341093
0.0341093
0.0341093
0.0341093
0.0341093
0.0341093
0.0341093
0.0341093
0.0341093
0.0341093
0.0341093
0.0341093
0.0341093
0.0341093
0.0341093
0.0341093
0.0558777
0.0558777
0.0558777
0.0558777
0.0558777
0.0558777
0.0558777
0.0558777
0.0558777
0.0558777
0.0558777
0.0558777
0.0558777
0.0558777
0.0558777
0.0558777
0.0558777
0.0558777
0.0558777
0.0558777
0.0558777
0.0558777
0.0558777
0.0558777
0.0558777
0.0558777
0.0558777
0.0558777
0.0558777
0.0558777
0.0558777
0.0558777
0.0558777
0.0558777
0.0558777
0.0558777
0.0558777
0.0558777
0.0558777
0.0558777
0.0558777
0.0558777
0.0558777
0.0558777
0.0558777
0.0558777
0.0558777
0.0558777
0.0558777
0.0558777
0.0764881
0.0764881
0.0764881
0.0764881
0.0764881
0.0764881
0.0764881
0.0764881
0.0764881
0.0764881
0.0764881
0.0764881
0.0764881
0.0764881
0.0764881
0.0764881
0.0764881
0.0764881
0.0764881
0.0764881
0.0764881
0.0764881
0.0764881
0.0764881
0.0764881
0.0764881
0.0764881
0.0764881
0.0764881
0.0764881
0.0764881
0.0764881
0.0764881
0.0764881
0.0764881
0.0764881
0.0764881
0.0764881
0.0764881
0.0764881
0.0764881
0.0764881
0.0764881
0.0764881
0.0764881
0.0764881
0.0764881
0.0764881
0.0764881
0.0764881
0.0958909
0.0958909
0.0958909
0.0958909
0.0958909
0.0958909
0.0958909
0.0958909
0.0958909
0.0958909
0.0958909
0.0958909
0.0958909
0.0958909
0.0958909
0.0958909
0.0958909
0.0958909
0.0958909
0.0958909
0.0958909
0.0958909
0.0958909
0.0958909
0.0958909
0.0958909
0.0958909
0.0958909
0.0958909
0.0958909
0.0958909
0.0958909
0.0958909
0.0958909
0.0958909
0.0958909
0.0958909
0.0958909
0.0958909
0.0958909
0.0958909
0.0958909
0.0958909
0.0958909
0.0958909
0.0958909
0.0958909
0.0958909
0.0958909
0.0958909
0.114194
0.114194
0.114194
0.114194
0.114194
0.114194
0.114194
0.114194
0.114194
0.114194
0.114194
0.114194
0.114194
0.114194
0.114194
0.114194
0.114194
0.114194
0.114194
0.114194
0.114194
0.114194
0.114194
0.114194
0.114194
0.114194
0.114194
0.114194
0.114194
0.114194
0.114194
0.114194
0.114194
0.114194
0.114194
0.114194
0.114194
0.114194
0.114194
0.114194
0.114194
0.114194
0.114194
0.114194
0.114194
0.114194
0.114194
0.114194
0.114194
0.114194
0.131569
0.131569
0.131569
0.131569
0.131569
0.131569
0.131569
0.131569
0.131569
0.131569
0.131569
0.131569
0.131569
0.131569
0.131569
0.131569
0.131569
0.131569
0.131569
0.131569
0.131569
0.131569
0.131569
0.131569
0.131569
0.131569
0.131569
0.131569
0.131569
0.131569
0.131569
0.131569
0.131569
0.131569
0.131569
0.131569
0.131569
0.131569
0.131569
0.131569
0.131569
0.131569
0.131569
0.131569
0.131569
0.131569
0.131569
0.131569
0.131569
0.131569
0.148191
0.148191
0.148191
0.148191
0.148191
0.148191
0.148191
0.148191
0.148191
0.148191
0.148191
0.148191
0.148191
0.148191
0.148191
0.148191
0.148191
0.148191
0.148191
0.148191
0.148191
0.148191
0.148191
0.148191
0.148191
0.148191
0.148191
0.148191
0.148191
0.148191
0.148191
0.148191
0.148191
0.148191
0.148191
0.148191
0.148191
0.148191
0.148191
0.148191
0.148191
0.148191
0.148191
0.148191
0.148191
0.148191
0.148191
0.148191
0.148191
0.148191
0.164213
0.164213
0.164213
0.164213
0.164213
0.164213
0.164213
0.164213
0.164213
0.164213
0.164213
0.164213
0.164213
0.164213
0.164213
0.164213
0.164213
0.164213
0.164213
0.164213
0.164213
0.164213
0.164213
0.164213
0.164213
0.164213
0.164213
0.164213
0.164213
0.164213
0.164213
0.164213
0.164213
0.164213
0.164213
0.164213
0.164213
0.164213
0.164213
0.164213
0.164213
0.164213
0.164213
0.164213
0.164213
0.164213
0.164213
0.164213
0.164213
0.164213
0.179756
0.179756
0.179756
0.179756
0.179756
0.179756
0.179756
0.179756
0.179756
0.179756
0.179756
0.179756
0.179756
0.179756
0.179756
0.179756
0.179756
0.179756
0.179756
0.179756
0.179756
0.179756
0.179756
0.179756
0.179756
0.179756
0.179756
0.179756
0.179756
0.179756
0.179756
0.179756
0.179756
0.179756
0.179756
0.179756
0.179756
0.179756
0.179756
0.179756
0.179756
0.179756
0.179756
0.179756
0.179756
0.179756
0.179756
0.179756
0.179756
0.179756
0.19488
0.19488
0.19488
0.19488
0.19488
0.19488
0.19488
0.19488
0.19488
0.19488
0.19488
0.19488
0.19488
0.19488
0.19488
0.19488
0.19488
0.19488
0.19488
0.19488
0.19488
0.19488
0.19488
0.19488
0.19488
0.19488
0.19488
0.19488
0.19488
0.19488
0.19488
0.19488
0.19488
0.19488
0.19488
0.19488
0.19488
0.19488
0.19488
0.19488
0.19488
0.19488
0.19488
0.19488
0.19488
0.19488
0.19488
0.19488
0.19488
0.19488
0.209677
0.209677
0.209677
0.209677
0.209677
0.209677
0.209677
0.209677
0.209677
0.209677
0.209677
0.209677
0.209677
0.209677
0.209677
0.209677
0.209677
0.209677
0.209677
0.209677
0.209677
0.209677
0.209677
0.209677
0.209677
0.209677
0.209677
0.209677
0.209677
0.209677
0.209677
0.209677
0.209677
0.209677
0.209677
0.209677
0.209677
0.209677
0.209677
0.209677
0.209677
0.209677
0.209677
0.209677
0.209677
0.209677
0.209677
0.209677
0.209677
0.209677
0.224284
0.224284
0.224284
0.224284
0.224284
0.224284
0.224284
0.224284
0.224284
0.224284
0.224284
0.224284
0.224284
0.224284
0.224284
0.224284
0.224284
0.224284
0.224284
0.224284
0.224284
0.224284
0.224284
0.224284
0.224284
0.224284
0.224284
0.224284
0.224284
0.224284
0.224284
0.224284
0.224284
0.224284
0.224284
0.224284
0.224284
0.224284
0.224284
0.224284
0.224284
0.224284
0.224284
0.224284
0.224284
0.224284
0.224284
0.224284
0.224284
0.224284
0.239022
0.239022
0.239022
0.239022
0.239022
0.239022
0.239022
0.239022
0.239022
0.239022
0.239022
0.239022
0.239022
0.239022
0.239022
0.239022
0.239022
0.239022
0.239022
0.239022
0.239022
0.239022
0.239022
0.239022
0.239022
0.239022
0.239022
0.239022
0.239022
0.239022
0.239022
0.239022
0.239022
0.239022
0.239022
0.239022
0.239022
0.239022
0.239022
0.239022
0.239022
0.239022
0.239022
0.239022
0.239022
0.239022
0.239022
0.239022
0.239022
0.239022
0.257635
0.257635
0.257635
0.257635
0.257635
0.257635
0.257635
0.257635
0.257635
0.257635
0.257635
0.257635
0.257635
0.257635
0.257635
0.257635
0.257635
0.257635
0.257635
0.257635
0.257635
0.257635
0.257635
0.257635
0.257635
0.257635
0.257635
0.257635
0.257635
0.257635
0.257635
0.257635
0.257635
0.257635
0.257635
0.257635
0.257635
0.257635
0.257635
0.257635
0.257635
0.257635
0.257635
0.257635
0.257635
0.257635
0.257635
0.257635
0.257635
0.257635
0.280341
0.280341
0.280341
0.280341
0.280341
0.280341
0.280341
0.280341
0.280341
0.280341
0.280341
0.280341
0.280341
0.280341
0.280341
0.280341
0.280341
0.280341
0.280341
0.280341
0.280341
0.280341
0.280341
0.280341
0.280341
0.280341
0.280341
0.280341
0.280341
0.280341
0.280341
0.280341
0.280341
0.280341
0.280341
0.280341
0.280341
0.280341
0.280341
0.280341
0.280341
0.280341
0.280341
0.280341
0.280341
0.280341
0.280341
0.280341
0.280341
0.280341
0.303462
0.303462
0.303462
0.303462
0.303462
0.303462
0.303462
0.303462
0.303462
0.303462
0.303462
0.303462
0.303462
0.303462
0.303462
0.303462
0.303462
0.303462
0.303462
0.303462
0.303462
0.303462
0.303462
0.303462
0.303462
0.303462
0.303462
0.303462
0.303462
0.303462
0.303462
0.303462
0.303462
0.303462
0.303462
0.303462
0.303462
0.303462
0.303462
0.303462
0.303462
0.303462
0.303462
0.303462
0.303462
0.303462
0.303462
0.303462
0.303462
0.303462
0.326584
0.326584
0.326584
0.326584
0.326584
0.326584
0.326584
0.326584
0.326584
0.326584
0.326584
0.326584
0.326584
0.326584
0.326584
0.326584
0.326584
0.326584
0.326584
0.326584
0.326584
0.326584
0.326584
0.326584
0.326584
0.326584
0.326584
0.326584
0.326584
0.326584
0.326584
0.326584
0.326584
0.326584
0.326584
0.326584
0.326584
0.326584
0.326584
0.326584
0.326584
0.326584
0.326584
0.326584
0.326584
0.326584
0.326584
0.326584
0.326584
0.326584
0.349706
0.349706
0.349706
0.349706
0.349706
0.349706
0.349706
0.349706
0.349706
0.349706
0.349706
0.349706
0.349706
0.349706
0.349706
0.349706
0.349706
0.349706
0.349706
0.349706
0.349706
0.349706
0.349706
0.349706
0.349706
0.349706
0.349706
0.349706
0.349706
0.349706
0.349706
0.349706
0.349706
0.349706
0.349706
0.349706
0.349706
0.349706
0.349706
0.349706
0.349706
0.349706
0.349706
0.349706
0.349706
0.349706
0.349706
0.349706
0.349706
0.349706
0.372828
0.372828
0.372828
0.372828
0.372828
0.372828
0.372828
0.372828
0.372828
0.372828
0.372828
0.372828
0.372828
0.372828
0.372828
0.372828
0.372828
0.372828
0.372828
0.372828
0.372828
0.372828
0.372828
0.372828
0.372828
0.372828
0.372828
0.372828
0.372828
0.372828
0.372828
0.372828
0.372828
0.372828
0.372828
0.372828
0.372828
0.372828
0.372828
0.372828
0.372828
0.372828
0.372828
0.372828
0.372828
0.372828
0.372828
0.372828
0.372828
0.372828
0.39595
0.39595
0.39595
0.39595
0.39595
0.39595
0.39595
0.39595
0.39595
0.39595
0.39595
0.39595
0.39595
0.39595
0.39595
0.39595
0.39595
0.39595
0.39595
0.39595
0.39595
0.39595
0.39595
0.39595
0.39595
0.39595
0.39595
0.39595
0.39595
0.39595
0.39595
0.39595
0.39595
0.39595
0.39595
0.39595
0.39595
0.39595
0.39595
0.39595
0.39595
0.39595
0.39595
0.39595
0.39595
0.39595
0.39595
0.39595
0.39595
0.39595
0.419072
0.419072
0.419072
0.419072
0.419072
0.419072
0.419072
0.419072
0.419072
0.419072
0.419072
0.419072
0.419072
0.419072
0.419072
0.419072
0.419072
0.419072
0.419072
0.419072
0.419072
0.419072
0.419072
0.419072
0.419072
0.419072
0.419072
0.419072
0.419072
0.419072
0.419072
0.419072
0.419072
0.419072
0.419072
0.419072
0.419072
0.419072
0.419072
0.419072
0.419072
0.419072
0.419072
0.419072
0.419072
0.419072
0.419072
0.419072
0.419072
0.419072
0.442195
0.442195
0.442195
0.442195
0.442195
0.442195
0.442195
0.442195
0.442195
0.442195
0.442195
0.442195
0.442195
0.442195
0.442195
0.442195
0.442195
0.442195
0.442195
0.442195
0.442195
0.442195
0.442195
0.442195
0.442195
0.442195
0.442195
0.442195
0.442195
0.442195
0.442195
0.442195
0.442195
0.442195
0.442195
0.442195
0.442195
0.442195
0.442195
0.442195
0.442195
0.442195
0.442195
0.442195
0.442195
0.442195
0.442195
0.442195
0.442195
0.442195
0.465317
0.465317
0.465317
0.465317
0.465317
0.465317
0.465317
0.465317
0.465317
0.465317
0.465317
0.465317
0.465317
0.465317
0.465317
0.465317
0.465317
0.465317
0.465317
0.465317
0.465317
0.465317
0.465317
0.465317
0.465317
0.465317
0.465317
0.465317
0.465317
0.465317
0.465317
0.465317
0.465317
0.465317
0.465317
0.465317
0.465317
0.465317
0.465317
0.465317
0.465317
0.465317
0.465317
0.465317
0.465317
0.465317
0.465317
0.465317
0.465317
0.465317
0.488439
0.488439
0.488439
0.488439
0.488439
0.488439
0.488439
0.488439
0.488439
0.488439
0.488439
0.488439
0.488439
0.488439
0.488439
0.488439
0.488439
0.488439
0.488439
0.488439
0.488439
0.488439
0.488439
0.488439
0.488439
0.488439
0.488439
0.488439
0.488439
0.488439
0.488439
0.488439
0.488439
0.488439
0.488439
0.488439
0.488439
0.488439
0.488439
0.488439
0.488439
0.488439
0.488439
0.488439
0.488439
0.488439
0.488439
0.488439
0.488439
0.488439
)
;

boundaryField
{
    left
    {
        type            calculated;
        value           nonuniform List<scalar> 
50
(
-0.488439
-0.465317
-0.442195
-0.419072
-0.39595
-0.372828
-0.349706
-0.326584
-0.303462
-0.28034
-0.257655
-0.239064
-0.224327
-0.209717
-0.194918
-0.179794
-0.16425
-0.148227
-0.131604
-0.114228
-0.0959226
-0.0765167
-0.0559014
-0.0341253
-0.0114832
0.0114832
0.0341253
0.0559014
0.0765167
0.0959226
0.114228
0.131604
0.148227
0.16425
0.179794
0.194918
0.209717
0.224327
0.239064
0.257655
0.28034
0.303462
0.326584
0.349706
0.372828
0.39595
0.419072
0.442195
0.465317
0.488439
)
;
    }
    right
    {
        type            calculated;
        value           nonuniform List<scalar> 
50
(
-0.488439
-0.465317
-0.442195
-0.419072
-0.39595
-0.372828
-0.349706
-0.326584
-0.303462
-0.28034
-0.257655
-0.239064
-0.224327
-0.209717
-0.194918
-0.179794
-0.16425
-0.148227
-0.131604
-0.114228
-0.0959226
-0.0765167
-0.0559014
-0.0341253
-0.0114832
0.0114832
0.0341253
0.0559014
0.0765167
0.0959226
0.114228
0.131604
0.148227
0.16425
0.179794
0.194918
0.209717
0.224327
0.239064
0.257655
0.28034
0.303462
0.326584
0.349706
0.372828
0.39595
0.419072
0.442195
0.465317
0.488439
)
;
    }
    up
    {
        type            calculated;
        value           nonuniform List<scalar> 
50
(
0.5
0.5
0.5
0.5
0.5
0.5
0.5
0.5
0.5
0.5
0.5
0.5
0.5
0.5
0.5
0.5
0.5
0.5
0.5
0.5
0.5
0.5
0.5
0.5
0.5
0.5
0.5
0.5
0.5
0.5
0.5
0.5
0.5
0.5
0.5
0.5
0.5
0.5
0.5
0.5
0.5
0.5
0.5
0.5
0.5
0.5
0.5
0.5
0.5
0.5
)
;
    }
    down
    {
        type            calculated;
        value           nonuniform List<scalar> 
50
(
-0.5
-0.5
-0.5
-0.5
-0.5
-0.5
-0.5
-0.5
-0.5
-0.5
-0.5
-0.5
-0.5
-0.5
-0.5
-0.5
-0.5
-0.5
-0.5
-0.5
-0.5
-0.5
-0.5
-0.5
-0.5
-0.5
-0.5
-0.5
-0.5
-0.5
-0.5
-0.5
-0.5
-0.5
-0.5
-0.5
-0.5
-0.5
-0.5
-0.5
-0.5
-0.5
-0.5
-0.5
-0.5
-0.5
-0.5
-0.5
-0.5
-0.5
)
;
    }
    frontAndBack
    {
        type            empty;
    }
}


// ************************************************************************* //
