/*--------------------------------*- C++ -*----------------------------------*\
  =========                 |
  \\      /  F ield         | OpenFOAM: The Open Source CFD Toolbox
   \\    /   O peration     | Website:  https://openfoam.org
    \\  /    A nd           | Version:  6
     \\/     M anipulation  |
\*---------------------------------------------------------------------------*/
FoamFile
{
    version     2.0;
    format      ascii;
    class       volScalarField;
    location    "3200";
    object      Cy;
}
// * * * * * * * * * * * * * * * * * * * * * * * * * * * * * * * * * * * * * //

dimensions      [0 1 0 0 0 0 0];

internalField   nonuniform List<scalar> 
2500
(
-0.245028
-0.245028
-0.245028
-0.245028
-0.245028
-0.245028
-0.245028
-0.245028
-0.245028
-0.245028
-0.245028
-0.245028
-0.245028
-0.245028
-0.245028
-0.245028
-0.245028
-0.245028
-0.245028
-0.245028
-0.245028
-0.245028
-0.245028
-0.245028
-0.245028
-0.245028
-0.245028
-0.245028
-0.245028
-0.245028
-0.245028
-0.245028
-0.245028
-0.245028
-0.245028
-0.245028
-0.245028
-0.245028
-0.245028
-0.245028
-0.245028
-0.245028
-0.245028
-0.245028
-0.245028
-0.245028
-0.245028
-0.245028
-0.245028
-0.245028
-0.235087
-0.235087
-0.235087
-0.235087
-0.235087
-0.235087
-0.235087
-0.235087
-0.235087
-0.235087
-0.235087
-0.235087
-0.235087
-0.235087
-0.235087
-0.235087
-0.235087
-0.235087
-0.235087
-0.235087
-0.235087
-0.235087
-0.235087
-0.235087
-0.235087
-0.235087
-0.235087
-0.235087
-0.235087
-0.235087
-0.235087
-0.235087
-0.235087
-0.235087
-0.235087
-0.235087
-0.235087
-0.235087
-0.235087
-0.235087
-0.235087
-0.235087
-0.235087
-0.235087
-0.235087
-0.235087
-0.235087
-0.235087
-0.235087
-0.235087
-0.225146
-0.225146
-0.225146
-0.225146
-0.225146
-0.225146
-0.225146
-0.225146
-0.225146
-0.225146
-0.225146
-0.225146
-0.225146
-0.225146
-0.225146
-0.225146
-0.225146
-0.225146
-0.225146
-0.225146
-0.225146
-0.225146
-0.225146
-0.225146
-0.225146
-0.225146
-0.225146
-0.225146
-0.225146
-0.225146
-0.225146
-0.225146
-0.225146
-0.225146
-0.225146
-0.225146
-0.225146
-0.225146
-0.225146
-0.225146
-0.225146
-0.225146
-0.225146
-0.225146
-0.225146
-0.225146
-0.225146
-0.225146
-0.225146
-0.225146
-0.215202
-0.215202
-0.215202
-0.215202
-0.215202
-0.215202
-0.215202
-0.215202
-0.215202
-0.215202
-0.215202
-0.215202
-0.215202
-0.215202
-0.215202
-0.215202
-0.215202
-0.215202
-0.215202
-0.215202
-0.215202
-0.215202
-0.215202
-0.215202
-0.215202
-0.215202
-0.215202
-0.215202
-0.215202
-0.215202
-0.215202
-0.215202
-0.215202
-0.215202
-0.215202
-0.215202
-0.215202
-0.215202
-0.215202
-0.215202
-0.215202
-0.215202
-0.215202
-0.215202
-0.215202
-0.215202
-0.215202
-0.215202
-0.215202
-0.215202
-0.205255
-0.205255
-0.205255
-0.205255
-0.205255
-0.205255
-0.205255
-0.205255
-0.205255
-0.205255
-0.205255
-0.205255
-0.205255
-0.205255
-0.205255
-0.205255
-0.205255
-0.205255
-0.205255
-0.205255
-0.205255
-0.205255
-0.205255
-0.205255
-0.205255
-0.205255
-0.205255
-0.205255
-0.205255
-0.205255
-0.205255
-0.205255
-0.205255
-0.205255
-0.205255
-0.205255
-0.205255
-0.205255
-0.205255
-0.205255
-0.205255
-0.205255
-0.205255
-0.205255
-0.205255
-0.205255
-0.205255
-0.205255
-0.205255
-0.205255
-0.195304
-0.195304
-0.195304
-0.195304
-0.195304
-0.195304
-0.195304
-0.195304
-0.195304
-0.195304
-0.195304
-0.195304
-0.195304
-0.195304
-0.195304
-0.195304
-0.195304
-0.195304
-0.195304
-0.195304
-0.195304
-0.195304
-0.195304
-0.195304
-0.195304
-0.195304
-0.195304
-0.195304
-0.195304
-0.195304
-0.195304
-0.195304
-0.195304
-0.195304
-0.195304
-0.195304
-0.195304
-0.195304
-0.195304
-0.195304
-0.195304
-0.195304
-0.195304
-0.195304
-0.195304
-0.195304
-0.195304
-0.195304
-0.195304
-0.195304
-0.185348
-0.185348
-0.185348
-0.185348
-0.185348
-0.185348
-0.185348
-0.185348
-0.185348
-0.185348
-0.185348
-0.185348
-0.185348
-0.185348
-0.185348
-0.185348
-0.185348
-0.185348
-0.185348
-0.185348
-0.185348
-0.185348
-0.185348
-0.185348
-0.185348
-0.185348
-0.185348
-0.185348
-0.185348
-0.185348
-0.185348
-0.185348
-0.185348
-0.185348
-0.185348
-0.185348
-0.185348
-0.185348
-0.185348
-0.185348
-0.185348
-0.185348
-0.185348
-0.185348
-0.185348
-0.185348
-0.185348
-0.185348
-0.185348
-0.185348
-0.175387
-0.175387
-0.175387
-0.175387
-0.175387
-0.175387
-0.175387
-0.175387
-0.175387
-0.175387
-0.175387
-0.175387
-0.175387
-0.175387
-0.175387
-0.175387
-0.175387
-0.175387
-0.175387
-0.175387
-0.175387
-0.175387
-0.175387
-0.175387
-0.175387
-0.175387
-0.175387
-0.175387
-0.175387
-0.175387
-0.175387
-0.175387
-0.175387
-0.175387
-0.175387
-0.175387
-0.175387
-0.175387
-0.175387
-0.175387
-0.175387
-0.175387
-0.175387
-0.175387
-0.175387
-0.175387
-0.175387
-0.175387
-0.175387
-0.175387
-0.16542
-0.16542
-0.16542
-0.16542
-0.16542
-0.16542
-0.16542
-0.16542
-0.16542
-0.16542
-0.16542
-0.16542
-0.16542
-0.16542
-0.16542
-0.16542
-0.16542
-0.16542
-0.16542
-0.16542
-0.16542
-0.16542
-0.16542
-0.16542
-0.16542
-0.16542
-0.16542
-0.16542
-0.16542
-0.16542
-0.16542
-0.16542
-0.16542
-0.16542
-0.16542
-0.16542
-0.16542
-0.16542
-0.16542
-0.16542
-0.16542
-0.16542
-0.16542
-0.16542
-0.16542
-0.16542
-0.16542
-0.16542
-0.16542
-0.16542
-0.155446
-0.155446
-0.155446
-0.155446
-0.155446
-0.155446
-0.155446
-0.155446
-0.155446
-0.155446
-0.155446
-0.155446
-0.155446
-0.155446
-0.155446
-0.155446
-0.155446
-0.155446
-0.155446
-0.155446
-0.155446
-0.155446
-0.155446
-0.155446
-0.155446
-0.155446
-0.155446
-0.155446
-0.155446
-0.155446
-0.155446
-0.155446
-0.155446
-0.155446
-0.155446
-0.155446
-0.155446
-0.155446
-0.155446
-0.155446
-0.155446
-0.155446
-0.155446
-0.155446
-0.155446
-0.155446
-0.155446
-0.155446
-0.155446
-0.155446
-0.145466
-0.145466
-0.145466
-0.145466
-0.145466
-0.145466
-0.145466
-0.145466
-0.145466
-0.145466
-0.145466
-0.145466
-0.145466
-0.145466
-0.145466
-0.145466
-0.145466
-0.145466
-0.145466
-0.145466
-0.145466
-0.145466
-0.145466
-0.145466
-0.145466
-0.145466
-0.145466
-0.145466
-0.145466
-0.145466
-0.145466
-0.145466
-0.145466
-0.145466
-0.145466
-0.145466
-0.145466
-0.145466
-0.145466
-0.145466
-0.145466
-0.145466
-0.145466
-0.145466
-0.145466
-0.145466
-0.145466
-0.145466
-0.145466
-0.145466
-0.135477
-0.135477
-0.135477
-0.135477
-0.135477
-0.135477
-0.135477
-0.135477
-0.135477
-0.135477
-0.135477
-0.135477
-0.135477
-0.135477
-0.135477
-0.135477
-0.135477
-0.135477
-0.135477
-0.135477
-0.135477
-0.135477
-0.135477
-0.135477
-0.135477
-0.135477
-0.135477
-0.135477
-0.135477
-0.135477
-0.135477
-0.135477
-0.135477
-0.135477
-0.135477
-0.135477
-0.135477
-0.135477
-0.135477
-0.135477
-0.135477
-0.135477
-0.135477
-0.135477
-0.135477
-0.135477
-0.135477
-0.135477
-0.135477
-0.135477
-0.125482
-0.125482
-0.125482
-0.125482
-0.125482
-0.125482
-0.125482
-0.125482
-0.125482
-0.125482
-0.125482
-0.125482
-0.125482
-0.125482
-0.125482
-0.125482
-0.125482
-0.125482
-0.125482
-0.125482
-0.125482
-0.125482
-0.125482
-0.125482
-0.125482
-0.125482
-0.125482
-0.125482
-0.125482
-0.125482
-0.125482
-0.125482
-0.125482
-0.125482
-0.125482
-0.125482
-0.125482
-0.125482
-0.125482
-0.125482
-0.125482
-0.125482
-0.125482
-0.125482
-0.125482
-0.125482
-0.125482
-0.125482
-0.125482
-0.125482
-0.115478
-0.115478
-0.115478
-0.115478
-0.115478
-0.115478
-0.115478
-0.115478
-0.115478
-0.115478
-0.115478
-0.115478
-0.115478
-0.115478
-0.115478
-0.115478
-0.115478
-0.115478
-0.115478
-0.115478
-0.115478
-0.115478
-0.115478
-0.115478
-0.115478
-0.115478
-0.115478
-0.115478
-0.115478
-0.115478
-0.115478
-0.115478
-0.115478
-0.115478
-0.115478
-0.115478
-0.115478
-0.115478
-0.115478
-0.115478
-0.115478
-0.115478
-0.115478
-0.115478
-0.115478
-0.115478
-0.115478
-0.115478
-0.115478
-0.115478
-0.105468
-0.105468
-0.105468
-0.105468
-0.105468
-0.105468
-0.105468
-0.105468
-0.105468
-0.105468
-0.105468
-0.105468
-0.105468
-0.105468
-0.105468
-0.105468
-0.105468
-0.105468
-0.105468
-0.105468
-0.105468
-0.105468
-0.105468
-0.105468
-0.105468
-0.105468
-0.105468
-0.105468
-0.105468
-0.105468
-0.105468
-0.105468
-0.105468
-0.105468
-0.105468
-0.105468
-0.105468
-0.105468
-0.105468
-0.105468
-0.105468
-0.105468
-0.105468
-0.105468
-0.105468
-0.105468
-0.105468
-0.105468
-0.105468
-0.105468
-0.0954493
-0.0954493
-0.0954493
-0.0954493
-0.0954493
-0.0954493
-0.0954493
-0.0954493
-0.0954493
-0.0954493
-0.0954493
-0.0954493
-0.0954493
-0.0954493
-0.0954493
-0.0954493
-0.0954493
-0.0954493
-0.0954493
-0.0954493
-0.0954493
-0.0954493
-0.0954493
-0.0954493
-0.0954493
-0.0954493
-0.0954493
-0.0954493
-0.0954493
-0.0954493
-0.0954493
-0.0954493
-0.0954493
-0.0954493
-0.0954493
-0.0954493
-0.0954493
-0.0954493
-0.0954493
-0.0954493
-0.0954493
-0.0954493
-0.0954493
-0.0954493
-0.0954493
-0.0954493
-0.0954493
-0.0954493
-0.0954493
-0.0954493
-0.0854238
-0.0854238
-0.0854238
-0.0854238
-0.0854238
-0.0854238
-0.0854238
-0.0854238
-0.0854238
-0.0854238
-0.0854238
-0.0854238
-0.0854238
-0.0854238
-0.0854238
-0.0854238
-0.0854238
-0.0854238
-0.0854238
-0.0854238
-0.0854238
-0.0854238
-0.0854238
-0.0854238
-0.0854238
-0.0854238
-0.0854238
-0.0854238
-0.0854238
-0.0854238
-0.0854238
-0.0854238
-0.0854238
-0.0854238
-0.0854238
-0.0854238
-0.0854238
-0.0854238
-0.0854238
-0.0854238
-0.0854238
-0.0854238
-0.0854238
-0.0854238
-0.0854238
-0.0854238
-0.0854238
-0.0854238
-0.0854238
-0.0854238
-0.0753916
-0.0753916
-0.0753916
-0.0753916
-0.0753916
-0.0753916
-0.0753916
-0.0753916
-0.0753916
-0.0753916
-0.0753916
-0.0753916
-0.0753916
-0.0753916
-0.0753916
-0.0753916
-0.0753916
-0.0753916
-0.0753916
-0.0753916
-0.0753916
-0.0753916
-0.0753916
-0.0753916
-0.0753916
-0.0753916
-0.0753916
-0.0753916
-0.0753916
-0.0753916
-0.0753916
-0.0753916
-0.0753916
-0.0753916
-0.0753916
-0.0753916
-0.0753916
-0.0753916
-0.0753916
-0.0753916
-0.0753916
-0.0753916
-0.0753916
-0.0753916
-0.0753916
-0.0753916
-0.0753916
-0.0753916
-0.0753916
-0.0753916
-0.0653531
-0.0653531
-0.0653531
-0.0653531
-0.0653531
-0.0653531
-0.0653531
-0.0653531
-0.0653531
-0.0653531
-0.0653531
-0.0653531
-0.0653531
-0.0653531
-0.0653531
-0.0653531
-0.0653531
-0.0653531
-0.0653531
-0.0653531
-0.0653531
-0.0653531
-0.0653531
-0.0653531
-0.0653531
-0.0653531
-0.0653531
-0.0653531
-0.0653531
-0.0653531
-0.0653531
-0.0653531
-0.0653531
-0.0653531
-0.0653531
-0.0653531
-0.0653531
-0.0653531
-0.0653531
-0.0653531
-0.0653531
-0.0653531
-0.0653531
-0.0653531
-0.0653531
-0.0653531
-0.0653531
-0.0653531
-0.0653531
-0.0653531
-0.055309
-0.055309
-0.055309
-0.055309
-0.055309
-0.055309
-0.055309
-0.055309
-0.055309
-0.055309
-0.055309
-0.055309
-0.055309
-0.055309
-0.055309
-0.055309
-0.055309
-0.055309
-0.055309
-0.055309
-0.055309
-0.055309
-0.055309
-0.055309
-0.055309
-0.055309
-0.055309
-0.055309
-0.055309
-0.055309
-0.055309
-0.055309
-0.055309
-0.055309
-0.055309
-0.055309
-0.055309
-0.055309
-0.055309
-0.055309
-0.055309
-0.055309
-0.055309
-0.055309
-0.055309
-0.055309
-0.055309
-0.055309
-0.055309
-0.055309
-0.0452599
-0.0452599
-0.0452599
-0.0452599
-0.0452599
-0.0452599
-0.0452599
-0.0452599
-0.0452599
-0.0452599
-0.0452599
-0.0452599
-0.0452599
-0.0452599
-0.0452599
-0.0452599
-0.0452599
-0.0452599
-0.0452599
-0.0452599
-0.0452599
-0.0452599
-0.0452599
-0.0452599
-0.0452599
-0.0452599
-0.0452599
-0.0452599
-0.0452599
-0.0452599
-0.0452599
-0.0452599
-0.0452599
-0.0452599
-0.0452599
-0.0452599
-0.0452599
-0.0452599
-0.0452599
-0.0452599
-0.0452599
-0.0452599
-0.0452599
-0.0452599
-0.0452599
-0.0452599
-0.0452599
-0.0452599
-0.0452599
-0.0452599
-0.0352066
-0.0352066
-0.0352066
-0.0352066
-0.0352066
-0.0352066
-0.0352066
-0.0352066
-0.0352066
-0.0352066
-0.0352066
-0.0352066
-0.0352066
-0.0352066
-0.0352066
-0.0352066
-0.0352066
-0.0352066
-0.0352066
-0.0352066
-0.0352066
-0.0352066
-0.0352066
-0.0352066
-0.0352066
-0.0352066
-0.0352066
-0.0352066
-0.0352066
-0.0352066
-0.0352066
-0.0352066
-0.0352066
-0.0352066
-0.0352066
-0.0352066
-0.0352066
-0.0352066
-0.0352066
-0.0352066
-0.0352066
-0.0352066
-0.0352066
-0.0352066
-0.0352066
-0.0352066
-0.0352066
-0.0352066
-0.0352066
-0.0352066
-0.02515
-0.02515
-0.02515
-0.02515
-0.02515
-0.02515
-0.02515
-0.02515
-0.02515
-0.02515
-0.02515
-0.02515
-0.02515
-0.02515
-0.02515
-0.02515
-0.02515
-0.02515
-0.02515
-0.02515
-0.02515
-0.02515
-0.02515
-0.02515
-0.02515
-0.02515
-0.02515
-0.02515
-0.02515
-0.02515
-0.02515
-0.02515
-0.02515
-0.02515
-0.02515
-0.02515
-0.02515
-0.02515
-0.02515
-0.02515
-0.02515
-0.02515
-0.02515
-0.02515
-0.02515
-0.02515
-0.02515
-0.02515
-0.02515
-0.02515
-0.015091
-0.015091
-0.015091
-0.015091
-0.015091
-0.015091
-0.015091
-0.015091
-0.015091
-0.015091
-0.015091
-0.015091
-0.015091
-0.015091
-0.015091
-0.015091
-0.015091
-0.015091
-0.015091
-0.015091
-0.015091
-0.015091
-0.015091
-0.015091
-0.015091
-0.015091
-0.015091
-0.015091
-0.015091
-0.015091
-0.015091
-0.015091
-0.015091
-0.015091
-0.015091
-0.015091
-0.015091
-0.015091
-0.015091
-0.015091
-0.015091
-0.015091
-0.015091
-0.015091
-0.015091
-0.015091
-0.015091
-0.015091
-0.015091
-0.015091
-0.00503049
-0.00503049
-0.00503049
-0.00503049
-0.00503049
-0.00503049
-0.00503049
-0.00503049
-0.00503049
-0.00503049
-0.00503049
-0.00503049
-0.00503049
-0.00503049
-0.00503049
-0.00503049
-0.00503049
-0.00503049
-0.00503049
-0.00503049
-0.00503049
-0.00503049
-0.00503049
-0.00503049
-0.00503049
-0.00503049
-0.00503049
-0.00503049
-0.00503049
-0.00503049
-0.00503049
-0.00503049
-0.00503049
-0.00503049
-0.00503049
-0.00503049
-0.00503049
-0.00503049
-0.00503049
-0.00503049
-0.00503049
-0.00503049
-0.00503049
-0.00503049
-0.00503049
-0.00503049
-0.00503049
-0.00503049
-0.00503049
-0.00503049
0.00503049
0.00503049
0.00503049
0.00503049
0.00503049
0.00503049
0.00503049
0.00503049
0.00503049
0.00503049
0.00503049
0.00503049
0.00503049
0.00503049
0.00503049
0.00503049
0.00503049
0.00503049
0.00503049
0.00503049
0.00503049
0.00503049
0.00503049
0.00503049
0.00503049
0.00503049
0.00503049
0.00503049
0.00503049
0.00503049
0.00503049
0.00503049
0.00503049
0.00503049
0.00503049
0.00503049
0.00503049
0.00503049
0.00503049
0.00503049
0.00503049
0.00503049
0.00503049
0.00503049
0.00503049
0.00503049
0.00503049
0.00503049
0.00503049
0.00503049
0.015091
0.015091
0.015091
0.015091
0.015091
0.015091
0.015091
0.015091
0.015091
0.015091
0.015091
0.015091
0.015091
0.015091
0.015091
0.015091
0.015091
0.015091
0.015091
0.015091
0.015091
0.015091
0.015091
0.015091
0.015091
0.015091
0.015091
0.015091
0.015091
0.015091
0.015091
0.015091
0.015091
0.015091
0.015091
0.015091
0.015091
0.015091
0.015091
0.015091
0.015091
0.015091
0.015091
0.015091
0.015091
0.015091
0.015091
0.015091
0.015091
0.015091
0.02515
0.02515
0.02515
0.02515
0.02515
0.02515
0.02515
0.02515
0.02515
0.02515
0.02515
0.02515
0.02515
0.02515
0.02515
0.02515
0.02515
0.02515
0.02515
0.02515
0.02515
0.02515
0.02515
0.02515
0.02515
0.02515
0.02515
0.02515
0.02515
0.02515
0.02515
0.02515
0.02515
0.02515
0.02515
0.02515
0.02515
0.02515
0.02515
0.02515
0.02515
0.02515
0.02515
0.02515
0.02515
0.02515
0.02515
0.02515
0.02515
0.02515
0.0352066
0.0352066
0.0352066
0.0352066
0.0352066
0.0352066
0.0352066
0.0352066
0.0352066
0.0352066
0.0352066
0.0352066
0.0352066
0.0352066
0.0352066
0.0352066
0.0352066
0.0352066
0.0352066
0.0352066
0.0352066
0.0352066
0.0352066
0.0352066
0.0352066
0.0352066
0.0352066
0.0352066
0.0352066
0.0352066
0.0352066
0.0352066
0.0352066
0.0352066
0.0352066
0.0352066
0.0352066
0.0352066
0.0352066
0.0352066
0.0352066
0.0352066
0.0352066
0.0352066
0.0352066
0.0352066
0.0352066
0.0352066
0.0352066
0.0352066
0.0452599
0.0452599
0.0452599
0.0452599
0.0452599
0.0452599
0.0452599
0.0452599
0.0452599
0.0452599
0.0452599
0.0452599
0.0452599
0.0452599
0.0452599
0.0452599
0.0452599
0.0452599
0.0452599
0.0452599
0.0452599
0.0452599
0.0452599
0.0452599
0.0452599
0.0452599
0.0452599
0.0452599
0.0452599
0.0452599
0.0452599
0.0452599
0.0452599
0.0452599
0.0452599
0.0452599
0.0452599
0.0452599
0.0452599
0.0452599
0.0452599
0.0452599
0.0452599
0.0452599
0.0452599
0.0452599
0.0452599
0.0452599
0.0452599
0.0452599
0.055309
0.055309
0.055309
0.055309
0.055309
0.055309
0.055309
0.055309
0.055309
0.055309
0.055309
0.055309
0.055309
0.055309
0.055309
0.055309
0.055309
0.055309
0.055309
0.055309
0.055309
0.055309
0.055309
0.055309
0.055309
0.055309
0.055309
0.055309
0.055309
0.055309
0.055309
0.055309
0.055309
0.055309
0.055309
0.055309
0.055309
0.055309
0.055309
0.055309
0.055309
0.055309
0.055309
0.055309
0.055309
0.055309
0.055309
0.055309
0.055309
0.055309
0.0653531
0.0653531
0.0653531
0.0653531
0.0653531
0.0653531
0.0653531
0.0653531
0.0653531
0.0653531
0.0653531
0.0653531
0.0653531
0.0653531
0.0653531
0.0653531
0.0653531
0.0653531
0.0653531
0.0653531
0.0653531
0.0653531
0.0653531
0.0653531
0.0653531
0.0653531
0.0653531
0.0653531
0.0653531
0.0653531
0.0653531
0.0653531
0.0653531
0.0653531
0.0653531
0.0653531
0.0653531
0.0653531
0.0653531
0.0653531
0.0653531
0.0653531
0.0653531
0.0653531
0.0653531
0.0653531
0.0653531
0.0653531
0.0653531
0.0653531
0.0753916
0.0753916
0.0753916
0.0753916
0.0753916
0.0753916
0.0753916
0.0753916
0.0753916
0.0753916
0.0753916
0.0753916
0.0753916
0.0753916
0.0753916
0.0753916
0.0753916
0.0753916
0.0753916
0.0753916
0.0753916
0.0753916
0.0753916
0.0753916
0.0753916
0.0753916
0.0753916
0.0753916
0.0753916
0.0753916
0.0753916
0.0753916
0.0753916
0.0753916
0.0753916
0.0753916
0.0753916
0.0753916
0.0753916
0.0753916
0.0753916
0.0753916
0.0753916
0.0753916
0.0753916
0.0753916
0.0753916
0.0753916
0.0753916
0.0753916
0.0854238
0.0854238
0.0854238
0.0854238
0.0854238
0.0854238
0.0854238
0.0854238
0.0854238
0.0854238
0.0854238
0.0854238
0.0854238
0.0854238
0.0854238
0.0854238
0.0854238
0.0854238
0.0854238
0.0854238
0.0854238
0.0854238
0.0854238
0.0854238
0.0854238
0.0854238
0.0854238
0.0854238
0.0854238
0.0854238
0.0854238
0.0854238
0.0854238
0.0854238
0.0854238
0.0854238
0.0854238
0.0854238
0.0854238
0.0854238
0.0854238
0.0854238
0.0854238
0.0854238
0.0854238
0.0854238
0.0854238
0.0854238
0.0854238
0.0854238
0.0954493
0.0954493
0.0954493
0.0954493
0.0954493
0.0954493
0.0954493
0.0954493
0.0954493
0.0954493
0.0954493
0.0954493
0.0954493
0.0954493
0.0954493
0.0954493
0.0954493
0.0954493
0.0954493
0.0954493
0.0954493
0.0954493
0.0954493
0.0954493
0.0954493
0.0954493
0.0954493
0.0954493
0.0954493
0.0954493
0.0954493
0.0954493
0.0954493
0.0954493
0.0954493
0.0954493
0.0954493
0.0954493
0.0954493
0.0954493
0.0954493
0.0954493
0.0954493
0.0954493
0.0954493
0.0954493
0.0954493
0.0954493
0.0954493
0.0954493
0.105468
0.105468
0.105468
0.105468
0.105468
0.105468
0.105468
0.105468
0.105468
0.105468
0.105468
0.105468
0.105468
0.105468
0.105468
0.105468
0.105468
0.105468
0.105468
0.105468
0.105468
0.105468
0.105468
0.105468
0.105468
0.105468
0.105468
0.105468
0.105468
0.105468
0.105468
0.105468
0.105468
0.105468
0.105468
0.105468
0.105468
0.105468
0.105468
0.105468
0.105468
0.105468
0.105468
0.105468
0.105468
0.105468
0.105468
0.105468
0.105468
0.105468
0.115478
0.115478
0.115478
0.115478
0.115478
0.115478
0.115478
0.115478
0.115478
0.115478
0.115478
0.115478
0.115478
0.115478
0.115478
0.115478
0.115478
0.115478
0.115478
0.115478
0.115478
0.115478
0.115478
0.115478
0.115478
0.115478
0.115478
0.115478
0.115478
0.115478
0.115478
0.115478
0.115478
0.115478
0.115478
0.115478
0.115478
0.115478
0.115478
0.115478
0.115478
0.115478
0.115478
0.115478
0.115478
0.115478
0.115478
0.115478
0.115478
0.115478
0.125482
0.125482
0.125482
0.125482
0.125482
0.125482
0.125482
0.125482
0.125482
0.125482
0.125482
0.125482
0.125482
0.125482
0.125482
0.125482
0.125482
0.125482
0.125482
0.125482
0.125482
0.125482
0.125482
0.125482
0.125482
0.125482
0.125482
0.125482
0.125482
0.125482
0.125482
0.125482
0.125482
0.125482
0.125482
0.125482
0.125482
0.125482
0.125482
0.125482
0.125482
0.125482
0.125482
0.125482
0.125482
0.125482
0.125482
0.125482
0.125482
0.125482
0.135477
0.135477
0.135477
0.135477
0.135477
0.135477
0.135477
0.135477
0.135477
0.135477
0.135477
0.135477
0.135477
0.135477
0.135477
0.135477
0.135477
0.135477
0.135477
0.135477
0.135477
0.135477
0.135477
0.135477
0.135477
0.135477
0.135477
0.135477
0.135477
0.135477
0.135477
0.135477
0.135477
0.135477
0.135477
0.135477
0.135477
0.135477
0.135477
0.135477
0.135477
0.135477
0.135477
0.135477
0.135477
0.135477
0.135477
0.135477
0.135477
0.135477
0.145466
0.145466
0.145466
0.145466
0.145466
0.145466
0.145466
0.145466
0.145466
0.145466
0.145466
0.145466
0.145466
0.145466
0.145466
0.145466
0.145466
0.145466
0.145466
0.145466
0.145466
0.145466
0.145466
0.145466
0.145466
0.145466
0.145466
0.145466
0.145466
0.145466
0.145466
0.145466
0.145466
0.145466
0.145466
0.145466
0.145466
0.145466
0.145466
0.145466
0.145466
0.145466
0.145466
0.145466
0.145466
0.145466
0.145466
0.145466
0.145466
0.145466
0.155446
0.155446
0.155446
0.155446
0.155446
0.155446
0.155446
0.155446
0.155446
0.155446
0.155446
0.155446
0.155446
0.155446
0.155446
0.155446
0.155446
0.155446
0.155446
0.155446
0.155446
0.155446
0.155446
0.155446
0.155446
0.155446
0.155446
0.155446
0.155446
0.155446
0.155446
0.155446
0.155446
0.155446
0.155446
0.155446
0.155446
0.155446
0.155446
0.155446
0.155446
0.155446
0.155446
0.155446
0.155446
0.155446
0.155446
0.155446
0.155446
0.155446
0.16542
0.16542
0.16542
0.16542
0.16542
0.16542
0.16542
0.16542
0.16542
0.16542
0.16542
0.16542
0.16542
0.16542
0.16542
0.16542
0.16542
0.16542
0.16542
0.16542
0.16542
0.16542
0.16542
0.16542
0.16542
0.16542
0.16542
0.16542
0.16542
0.16542
0.16542
0.16542
0.16542
0.16542
0.16542
0.16542
0.16542
0.16542
0.16542
0.16542
0.16542
0.16542
0.16542
0.16542
0.16542
0.16542
0.16542
0.16542
0.16542
0.16542
0.175387
0.175387
0.175387
0.175387
0.175387
0.175387
0.175387
0.175387
0.175387
0.175387
0.175387
0.175387
0.175387
0.175387
0.175387
0.175387
0.175387
0.175387
0.175387
0.175387
0.175387
0.175387
0.175387
0.175387
0.175387
0.175387
0.175387
0.175387
0.175387
0.175387
0.175387
0.175387
0.175387
0.175387
0.175387
0.175387
0.175387
0.175387
0.175387
0.175387
0.175387
0.175387
0.175387
0.175387
0.175387
0.175387
0.175387
0.175387
0.175387
0.175387
0.185348
0.185348
0.185348
0.185348
0.185348
0.185348
0.185348
0.185348
0.185348
0.185348
0.185348
0.185348
0.185348
0.185348
0.185348
0.185348
0.185348
0.185348
0.185348
0.185348
0.185348
0.185348
0.185348
0.185348
0.185348
0.185348
0.185348
0.185348
0.185348
0.185348
0.185348
0.185348
0.185348
0.185348
0.185348
0.185348
0.185348
0.185348
0.185348
0.185348
0.185348
0.185348
0.185348
0.185348
0.185348
0.185348
0.185348
0.185348
0.185348
0.185348
0.195304
0.195304
0.195304
0.195304
0.195304
0.195304
0.195304
0.195304
0.195304
0.195304
0.195304
0.195304
0.195304
0.195304
0.195304
0.195304
0.195304
0.195304
0.195304
0.195304
0.195304
0.195304
0.195304
0.195304
0.195304
0.195304
0.195304
0.195304
0.195304
0.195304
0.195304
0.195304
0.195304
0.195304
0.195304
0.195304
0.195304
0.195304
0.195304
0.195304
0.195304
0.195304
0.195304
0.195304
0.195304
0.195304
0.195304
0.195304
0.195304
0.195304
0.205255
0.205255
0.205255
0.205255
0.205255
0.205255
0.205255
0.205255
0.205255
0.205255
0.205255
0.205255
0.205255
0.205255
0.205255
0.205255
0.205255
0.205255
0.205255
0.205255
0.205255
0.205255
0.205255
0.205255
0.205255
0.205255
0.205255
0.205255
0.205255
0.205255
0.205255
0.205255
0.205255
0.205255
0.205255
0.205255
0.205255
0.205255
0.205255
0.205255
0.205255
0.205255
0.205255
0.205255
0.205255
0.205255
0.205255
0.205255
0.205255
0.205255
0.215202
0.215202
0.215202
0.215202
0.215202
0.215202
0.215202
0.215202
0.215202
0.215202
0.215202
0.215202
0.215202
0.215202
0.215202
0.215202
0.215202
0.215202
0.215202
0.215202
0.215202
0.215202
0.215202
0.215202
0.215202
0.215202
0.215202
0.215202
0.215202
0.215202
0.215202
0.215202
0.215202
0.215202
0.215202
0.215202
0.215202
0.215202
0.215202
0.215202
0.215202
0.215202
0.215202
0.215202
0.215202
0.215202
0.215202
0.215202
0.215202
0.215202
0.225146
0.225146
0.225146
0.225146
0.225146
0.225146
0.225146
0.225146
0.225146
0.225146
0.225146
0.225146
0.225146
0.225146
0.225146
0.225146
0.225146
0.225146
0.225146
0.225146
0.225146
0.225146
0.225146
0.225146
0.225146
0.225146
0.225146
0.225146
0.225146
0.225146
0.225146
0.225146
0.225146
0.225146
0.225146
0.225146
0.225146
0.225146
0.225146
0.225146
0.225146
0.225146
0.225146
0.225146
0.225146
0.225146
0.225146
0.225146
0.225146
0.225146
0.235087
0.235087
0.235087
0.235087
0.235087
0.235087
0.235087
0.235087
0.235087
0.235087
0.235087
0.235087
0.235087
0.235087
0.235087
0.235087
0.235087
0.235087
0.235087
0.235087
0.235087
0.235087
0.235087
0.235087
0.235087
0.235087
0.235087
0.235087
0.235087
0.235087
0.235087
0.235087
0.235087
0.235087
0.235087
0.235087
0.235087
0.235087
0.235087
0.235087
0.235087
0.235087
0.235087
0.235087
0.235087
0.235087
0.235087
0.235087
0.235087
0.235087
0.245028
0.245028
0.245028
0.245028
0.245028
0.245028
0.245028
0.245028
0.245028
0.245028
0.245028
0.245028
0.245028
0.245028
0.245028
0.245028
0.245028
0.245028
0.245028
0.245028
0.245028
0.245028
0.245028
0.245028
0.245028
0.245028
0.245028
0.245028
0.245028
0.245028
0.245028
0.245028
0.245028
0.245028
0.245028
0.245028
0.245028
0.245028
0.245028
0.245028
0.245028
0.245028
0.245028
0.245028
0.245028
0.245028
0.245028
0.245028
0.245028
0.245028
)
;

boundaryField
{
    left
    {
        type            calculated;
        value           nonuniform List<scalar> 
50
(
-0.24503
-0.23509
-0.225148
-0.215205
-0.205258
-0.195307
-0.185351
-0.17539
-0.165422
-0.155448
-0.145468
-0.135479
-0.125483
-0.11548
-0.105469
-0.0954507
-0.0854251
-0.0753928
-0.0653541
-0.0553098
-0.0452606
-0.0352072
-0.0251504
-0.0150912
-0.00503057
0.00503057
0.0150912
0.0251504
0.0352072
0.0452606
0.0553098
0.0653541
0.0753928
0.0854251
0.0954507
0.105469
0.11548
0.125483
0.135479
0.145468
0.155448
0.165422
0.17539
0.185351
0.195307
0.205258
0.215205
0.225148
0.23509
0.24503
)
;
    }
    right
    {
        type            calculated;
        value           nonuniform List<scalar> 
50
(
-0.24503
-0.23509
-0.225148
-0.215205
-0.205258
-0.195307
-0.185351
-0.17539
-0.165422
-0.155448
-0.145468
-0.135479
-0.125483
-0.11548
-0.105469
-0.0954507
-0.0854251
-0.0753928
-0.0653541
-0.0553098
-0.0452606
-0.0352072
-0.0251504
-0.0150912
-0.00503057
0.00503057
0.0150912
0.0251504
0.0352072
0.0452606
0.0553098
0.0653541
0.0753928
0.0854251
0.0954507
0.105469
0.11548
0.125483
0.135479
0.145468
0.155448
0.165422
0.17539
0.185351
0.195307
0.205258
0.215205
0.225148
0.23509
0.24503
)
;
    }
    up
    {
        type            calculated;
        value           nonuniform List<scalar> 
50
(
0.25
0.25
0.25
0.25
0.25
0.25
0.25
0.25
0.25
0.25
0.25
0.25
0.25
0.25
0.25
0.25
0.25
0.25
0.25
0.25
0.25
0.25
0.25
0.25
0.25
0.25
0.25
0.25
0.25
0.25
0.25
0.25
0.25
0.25
0.25
0.25
0.25
0.25
0.25
0.25
0.25
0.25
0.25
0.25
0.25
0.25
0.25
0.25
0.25
0.25
)
;
    }
    down
    {
        type            calculated;
        value           nonuniform List<scalar> 
50
(
-0.25
-0.25
-0.25
-0.25
-0.25
-0.25
-0.25
-0.25
-0.25
-0.25
-0.25
-0.25
-0.25
-0.25
-0.25
-0.25
-0.25
-0.25
-0.25
-0.25
-0.25
-0.25
-0.25
-0.25
-0.25
-0.25
-0.25
-0.25
-0.25
-0.25
-0.25
-0.25
-0.25
-0.25
-0.25
-0.25
-0.25
-0.25
-0.25
-0.25
-0.25
-0.25
-0.25
-0.25
-0.25
-0.25
-0.25
-0.25
-0.25
-0.25
)
;
    }
    frontAndBack
    {
        type            empty;
    }
}


// ************************************************************************* //
