/*--------------------------------*- C++ -*----------------------------------*\
  =========                 |
  \\      /  F ield         | OpenFOAM: The Open Source CFD Toolbox
   \\    /   O peration     | Website:  https://openfoam.org
    \\  /    A nd           | Version:  6
     \\/     M anipulation  |
\*---------------------------------------------------------------------------*/
FoamFile
{
    version     2.0;
    format      ascii;
    class       surfaceScalarField;
    location    "3200";
    object      phi;
}
// * * * * * * * * * * * * * * * * * * * * * * * * * * * * * * * * * * * * * //

dimensions      [0 3 -1 0 0 0 0];

internalField   nonuniform List<scalar> 
4900
(
1.01699e-05
6.98301e-05
8.40534e-06
8.17646e-05
7.21911e-06
8.11862e-05
6.39086e-06
8.08282e-05
5.79447e-06
8.05964e-05
5.33277e-06
8.04617e-05
4.94523e-06
8.03875e-05
4.6012e-06
8.0344e-05
4.28406e-06
8.03171e-05
3.98427e-06
8.02998e-05
3.6961e-06
8.02882e-05
3.41595e-06
8.02802e-05
3.14149e-06
8.02745e-05
2.87117e-06
8.02703e-05
2.60391e-06
8.02673e-05
2.33896e-06
8.02649e-05
2.07578e-06
8.02632e-05
1.81395e-06
8.02618e-05
1.55319e-06
8.02608e-05
1.29324e-06
8.026e-05
1.03391e-06
8.02593e-05
7.75051e-07
8.02589e-05
5.16523e-07
8.02585e-05
2.58209e-07
8.02583e-05
-3.61003e-18
8.02582e-05
-2.58209e-07
8.02582e-05
-5.16523e-07
8.02583e-05
-7.75051e-07
8.02585e-05
-1.03391e-06
8.02589e-05
-1.29324e-06
8.02593e-05
-1.55319e-06
8.026e-05
-1.81395e-06
8.02608e-05
-2.07578e-06
8.02618e-05
-2.33896e-06
8.02632e-05
-2.60391e-06
8.02649e-05
-2.87117e-06
8.02673e-05
-3.14149e-06
8.02703e-05
-3.41595e-06
8.02745e-05
-3.6961e-06
8.02802e-05
-3.98427e-06
8.02882e-05
-4.28406e-06
8.02998e-05
-4.6012e-06
8.03171e-05
-4.94523e-06
8.0344e-05
-5.33277e-06
8.03875e-05
-5.79447e-06
8.04617e-05
-6.39086e-06
8.05964e-05
-7.21911e-06
8.08282e-05
-8.40534e-06
8.11862e-05
-1.01699e-05
8.17646e-05
6.98301e-05
1.13411e-05
5.8489e-05
1.19565e-05
8.11493e-05
1.01652e-05
8.29775e-05
8.57252e-06
8.24209e-05
7.40238e-06
8.17665e-05
6.53951e-06
8.13246e-05
5.87414e-06
8.10529e-05
5.33412e-06
8.0884e-05
4.87503e-06
8.07762e-05
4.46947e-06
8.07053e-05
4.10027e-06
8.06574e-05
3.75638e-06
8.0624e-05
3.4305e-06
8.06003e-05
3.11773e-06
8.05831e-05
2.81466e-06
8.05703e-05
2.51889e-06
8.05607e-05
2.22868e-06
8.05534e-05
1.94275e-06
8.05478e-05
1.66013e-06
8.05434e-05
1.38006e-06
8.054e-05
1.10193e-06
8.05375e-05
8.25261e-07
8.05355e-05
5.49624e-07
8.05342e-05
2.7465e-07
8.05333e-05
-1.07082e-17
8.05329e-05
-2.7465e-07
8.05329e-05
-5.49624e-07
8.05333e-05
-8.25261e-07
8.05342e-05
-1.10193e-06
8.05355e-05
-1.38006e-06
8.05375e-05
-1.66013e-06
8.054e-05
-1.94275e-06
8.05434e-05
-2.22868e-06
8.05478e-05
-2.51889e-06
8.05534e-05
-2.81466e-06
8.05607e-05
-3.11773e-06
8.05703e-05
-3.4305e-06
8.05831e-05
-3.75638e-06
8.06003e-05
-4.10027e-06
8.0624e-05
-4.46947e-06
8.06574e-05
-4.87503e-06
8.07053e-05
-5.33412e-06
8.07762e-05
-5.87414e-06
8.0884e-05
-6.53951e-06
8.10529e-05
-7.40238e-06
8.13246e-05
-8.57252e-06
8.17665e-05
-1.01652e-05
8.24209e-05
-1.19565e-05
8.29775e-05
-1.13411e-05
8.11493e-05
5.8489e-05
1.00104e-05
4.84786e-05
1.31081e-05
7.80515e-05
1.21001e-05
8.39855e-05
1.03867e-05
8.41344e-05
8.888e-06
8.32652e-05
7.71296e-06
8.24996e-05
6.79931e-06
8.19666e-05
6.07112e-06
8.16122e-05
5.47035e-06
8.1377e-05
4.95712e-06
8.12186e-05
4.50471e-06
8.11098e-05
4.09524e-06
8.10335e-05
3.71662e-06
8.0979e-05
3.36054e-06
8.09392e-05
3.02118e-06
8.09097e-05
2.69443e-06
8.08875e-05
2.37727e-06
8.08705e-05
2.06749e-06
8.08575e-05
1.7634e-06
8.08475e-05
1.46369e-06
8.08397e-05
1.16733e-06
8.08338e-05
8.73463e-07
8.08294e-05
5.81367e-07
8.08263e-05
2.90406e-07
8.08242e-05
-1.82326e-17
8.08233e-05
-2.90406e-07
8.08233e-05
-5.81367e-07
8.08242e-05
-8.73463e-07
8.08263e-05
-1.16733e-06
8.08294e-05
-1.46369e-06
8.08338e-05
-1.7634e-06
8.08397e-05
-2.06749e-06
8.08475e-05
-2.37727e-06
8.08575e-05
-2.69443e-06
8.08705e-05
-3.02118e-06
8.08875e-05
-3.36054e-06
8.09097e-05
-3.71662e-06
8.09392e-05
-4.09524e-06
8.0979e-05
-4.50471e-06
8.10335e-05
-4.95712e-06
8.11098e-05
-5.47035e-06
8.12186e-05
-6.07112e-06
8.1377e-05
-6.79931e-06
8.16122e-05
-7.71296e-06
8.19666e-05
-8.888e-06
8.24996e-05
-1.03867e-05
8.32652e-05
-1.21001e-05
8.41344e-05
-1.31081e-05
8.39855e-05
-1.00104e-05
7.80515e-05
4.84786e-05
8.24834e-06
4.02302e-05
1.27703e-05
7.35296e-05
1.30016e-05
8.37541e-05
1.16762e-05
8.54598e-05
1.0133e-05
8.48084e-05
8.78106e-06
8.38515e-05
7.67921e-06
8.30684e-05
6.78831e-06
8.25031e-05
6.05607e-06
8.21092e-05
5.43882e-06
8.18358e-05
4.9042e-06
8.16444e-05
4.42919e-06
8.15085e-05
3.99762e-06
8.14105e-05
3.59805e-06
8.13387e-05
3.22239e-06
8.12853e-05
2.86479e-06
8.12451e-05
2.52096e-06
8.12144e-05
2.18772e-06
8.11908e-05
1.86265e-06
8.11725e-05
1.54389e-06
8.11585e-05
1.22992e-06
8.11478e-05
9.19524e-07
8.11398e-05
6.11666e-07
8.11341e-05
3.05436e-07
8.11305e-05
-2.72642e-17
8.11287e-05
-3.05436e-07
8.11287e-05
-6.11666e-07
8.11305e-05
-9.19524e-07
8.11341e-05
-1.22992e-06
8.11398e-05
-1.54389e-06
8.11478e-05
-1.86265e-06
8.11585e-05
-2.18772e-06
8.11725e-05
-2.52096e-06
8.11908e-05
-2.86479e-06
8.12144e-05
-3.22239e-06
8.12451e-05
-3.59805e-06
8.12853e-05
-3.99762e-06
8.13387e-05
-4.42919e-06
8.14105e-05
-4.9042e-06
8.15085e-05
-5.43882e-06
8.16444e-05
-6.05607e-06
8.18358e-05
-6.78831e-06
8.21092e-05
-7.67921e-06
8.25031e-05
-8.78106e-06
8.30684e-05
-1.0133e-05
8.38515e-05
-1.16762e-05
8.48084e-05
-1.30016e-05
8.54598e-05
-1.27703e-05
8.37541e-05
-8.24834e-06
7.35296e-05
4.02302e-05
6.59149e-06
3.36387e-05
1.17059e-05
6.84152e-05
1.3092e-05
8.2368e-05
1.24193e-05
8.61325e-05
1.10714e-05
8.61563e-05
9.68901e-06
8.5234e-05
8.47694e-06
8.42805e-05
7.46248e-06
8.35176e-05
6.61781e-06
8.29539e-05
5.90562e-06
8.2548e-05
5.29306e-06
8.2257e-05
4.75454e-06
8.2047e-05
4.27103e-06
8.1894e-05
3.8286e-06
8.17812e-05
3.41711e-06
8.16968e-05
3.02911e-06
8.16331e-05
2.65911e-06
8.15844e-05
2.30298e-06
8.15469e-05
1.95756e-06
8.1518e-05
1.62039e-06
8.14957e-05
1.28951e-06
8.14787e-05
9.63311e-07
8.1466e-05
6.40439e-07
8.1457e-05
3.19699e-07
8.14512e-05
-3.83281e-17
8.14484e-05
-3.19699e-07
8.14484e-05
-6.40439e-07
8.14512e-05
-9.63311e-07
8.1457e-05
-1.28951e-06
8.1466e-05
-1.62039e-06
8.14787e-05
-1.95756e-06
8.14957e-05
-2.30298e-06
8.1518e-05
-2.65911e-06
8.15469e-05
-3.02911e-06
8.15844e-05
-3.41711e-06
8.16331e-05
-3.8286e-06
8.16968e-05
-4.27103e-06
8.17812e-05
-4.75454e-06
8.1894e-05
-5.29306e-06
8.2047e-05
-5.90562e-06
8.2257e-05
-6.61781e-06
8.2548e-05
-7.46248e-06
8.29539e-05
-8.47694e-06
8.35176e-05
-9.68901e-06
8.42805e-05
-1.10714e-05
8.5234e-05
-1.24193e-05
8.61563e-05
-1.3092e-05
8.61325e-05
-1.17059e-05
8.2368e-05
-6.59149e-06
6.84152e-05
3.36387e-05
5.1786e-06
2.84601e-05
1.0352e-05
6.32417e-05
1.26236e-05
8.00965e-05
1.26761e-05
8.608e-05
1.16856e-05
8.71468e-05
1.04037e-05
8.65159e-05
9.16416e-06
8.552e-05
8.07342e-06
8.46083e-05
7.14211e-06
8.38852e-05
6.34875e-06
8.33414e-05
5.6656e-06
8.29401e-05
5.06755e-06
8.26451e-05
4.53435e-06
8.24272e-05
4.05045e-06
8.22651e-05
3.60412e-06
8.21432e-05
3.18655e-06
8.20506e-05
2.79112e-06
8.19798e-05
2.41282e-06
8.19252e-05
2.04777e-06
8.1883e-05
1.69294e-06
8.18505e-05
1.34591e-06
8.18257e-05
1.0047e-06
8.18072e-05
6.67605e-07
8.17941e-05
3.33157e-07
8.17857e-05
-5.19227e-17
8.17816e-05
-3.33157e-07
8.17816e-05
-6.67605e-07
8.17857e-05
-1.0047e-06
8.17941e-05
-1.34591e-06
8.18072e-05
-1.69294e-06
8.18257e-05
-2.04777e-06
8.18505e-05
-2.41282e-06
8.1883e-05
-2.79112e-06
8.19252e-05
-3.18655e-06
8.19798e-05
-3.60412e-06
8.20506e-05
-4.05045e-06
8.21432e-05
-4.53435e-06
8.22651e-05
-5.06755e-06
8.24272e-05
-5.6656e-06
8.26451e-05
-6.34875e-06
8.29401e-05
-7.14211e-06
8.33414e-05
-8.07342e-06
8.38852e-05
-9.16416e-06
8.46083e-05
-1.04037e-05
8.552e-05
-1.16856e-05
8.65159e-05
-1.26761e-05
8.71468e-05
-1.26236e-05
8.608e-05
-1.0352e-05
8.00965e-05
-5.1786e-06
6.32417e-05
2.84601e-05
4.03493e-06
2.44252e-05
8.95596e-06
5.83207e-05
1.18135e-05
7.72389e-05
1.25417e-05
8.53518e-05
1.19917e-05
8.76968e-05
1.09114e-05
8.75962e-05
9.72175e-06
8.67096e-05
8.60483e-06
8.57253e-05
7.61696e-06
8.48731e-05
6.7599e-06
8.41984e-05
6.01618e-06
8.36838e-05
5.3644e-06
8.32969e-05
4.785e-06
8.30066e-05
4.26184e-06
8.27882e-05
3.78219e-06
8.26228e-05
3.33621e-06
8.24966e-05
2.91634e-06
8.23997e-05
2.51676e-06
8.23248e-05
2.13293e-06
8.22668e-05
1.76129e-06
8.22221e-05
1.39895e-06
8.2188e-05
1.04356e-06
8.21626e-05
6.93084e-07
8.21446e-05
3.4577e-07
8.2133e-05
-6.79961e-17
8.21273e-05
-3.4577e-07
8.21273e-05
-6.93084e-07
8.2133e-05
-1.04356e-06
8.21446e-05
-1.39895e-06
8.21626e-05
-1.76129e-06
8.2188e-05
-2.13293e-06
8.22221e-05
-2.51676e-06
8.22668e-05
-2.91634e-06
8.23248e-05
-3.33621e-06
8.23997e-05
-3.78219e-06
8.24966e-05
-4.26184e-06
8.26228e-05
-4.785e-06
8.27882e-05
-5.3644e-06
8.30066e-05
-6.01618e-06
8.32969e-05
-6.7599e-06
8.36838e-05
-7.61696e-06
8.41984e-05
-8.60483e-06
8.48731e-05
-9.72175e-06
8.57253e-05
-1.09114e-05
8.67096e-05
-1.19917e-05
8.75962e-05
-1.25417e-05
8.76968e-05
-1.18135e-05
8.53518e-05
-8.95596e-06
7.72389e-05
-4.03493e-06
5.83207e-05
2.44252e-05
3.1398e-06
2.12854e-05
7.64907e-06
5.38114e-05
1.08284e-05
7.40597e-05
1.21187e-05
8.40615e-05
1.20274e-05
8.77881e-05
1.12148e-05
8.84088e-05
1.01398e-05
8.77846e-05
9.04494e-06
8.68202e-05
8.03241e-06
8.58856e-05
7.13158e-06
8.50993e-05
6.33945e-06
8.4476e-05
5.64136e-06
8.39949e-05
5.02038e-06
8.36276e-05
4.46095e-06
8.33477e-05
3.95004e-06
8.31337e-05
3.47718e-06
8.29695e-05
3.03411e-06
8.28427e-05
2.61432e-06
8.27446e-05
2.21271e-06
8.26685e-05
1.82518e-06
8.26097e-05
1.44845e-06
8.25648e-05
1.07976e-06
8.25313e-05
7.16795e-07
8.25075e-05
3.575e-07
8.24923e-05
-8.66214e-17
8.24848e-05
-3.575e-07
8.24848e-05
-7.16795e-07
8.24923e-05
-1.07976e-06
8.25075e-05
-1.44845e-06
8.25313e-05
-1.82518e-06
8.25648e-05
-2.21271e-06
8.26097e-05
-2.61432e-06
8.26685e-05
-3.03411e-06
8.27446e-05
-3.47718e-06
8.28427e-05
-3.95004e-06
8.29695e-05
-4.46095e-06
8.31337e-05
-5.02038e-06
8.33477e-05
-5.64136e-06
8.36276e-05
-6.33945e-06
8.39949e-05
-7.13158e-06
8.4476e-05
-8.03241e-06
8.50993e-05
-9.04494e-06
8.58856e-05
-1.01398e-05
8.68202e-05
-1.12148e-05
8.77846e-05
-1.20274e-05
8.84088e-05
-1.21187e-05
8.77881e-05
-1.08284e-05
8.40615e-05
-7.64907e-06
7.40597e-05
-3.1398e-06
5.38114e-05
2.12854e-05
2.45291e-06
1.88325e-05
6.48951e-06
4.97748e-05
9.7846e-06
7.07646e-05
1.15011e-05
8.2345e-05
1.18406e-05
8.74486e-05
1.13287e-05
8.89207e-05
1.0417e-05
8.86963e-05
9.3868e-06
8.78503e-05
8.38094e-06
8.68915e-05
7.45746e-06
8.60227e-05
6.63059e-06
8.53028e-05
5.89493e-06
8.47306e-05
5.23798e-06
8.42846e-05
4.64599e-06
8.39397e-05
4.1064e-06
8.36733e-05
3.60856e-06
8.34673e-05
3.14377e-06
8.33075e-05
2.70504e-06
8.31833e-05
2.28674e-06
8.30868e-05
1.88437e-06
8.3012e-05
1.49421e-06
8.29549e-05
1.11318e-06
8.29123e-05
7.38659e-07
8.2882e-05
3.6831e-07
8.28626e-05
-1.07362e-16
8.28531e-05
-3.6831e-07
8.28531e-05
-7.38659e-07
8.28626e-05
-1.11318e-06
8.2882e-05
-1.49421e-06
8.29123e-05
-1.88437e-06
8.29549e-05
-2.28674e-06
8.3012e-05
-2.70504e-06
8.30868e-05
-3.14377e-06
8.31833e-05
-3.60856e-06
8.33075e-05
-4.1064e-06
8.34673e-05
-4.64599e-06
8.36733e-05
-5.23798e-06
8.39397e-05
-5.89493e-06
8.42846e-05
-6.63059e-06
8.47306e-05
-7.45746e-06
8.53028e-05
-8.38094e-06
8.60227e-05
-9.3868e-06
8.68915e-05
-1.0417e-05
8.78503e-05
-1.13287e-05
8.86963e-05
-1.18406e-05
8.89207e-05
-1.15011e-05
8.74486e-05
-9.7846e-06
8.2345e-05
-6.48951e-06
7.07646e-05
-2.45291e-06
4.97748e-05
1.88325e-05
1.93098e-06
1.69015e-05
5.49283e-06
4.6213e-05
8.75722e-06
6.75002e-05
1.07672e-05
8.0335e-05
1.1482e-05
8.67338e-05
1.12758e-05
8.91268e-05
1.05587e-05
8.94134e-05
9.62808e-06
8.8781e-05
8.65771e-06
8.78619e-05
7.73265e-06
8.69478e-05
6.88552e-06
8.615e-05
6.12196e-06
8.54942e-05
5.43547e-06
8.49711e-05
4.81527e-06
8.45599e-05
4.25004e-06
8.42386e-05
3.72945e-06
8.39879e-05
3.24468e-06
8.37923e-05
2.78843e-06
8.36396e-05
2.35469e-06
8.35205e-05
1.93859e-06
8.34281e-05
1.53606e-06
8.33574e-05
1.1437e-06
8.33047e-05
7.58603e-07
8.32671e-05
3.78161e-07
8.32431e-05
-1.30111e-16
8.32313e-05
-3.78161e-07
8.32313e-05
-7.58603e-07
8.32431e-05
-1.1437e-06
8.32671e-05
-1.53606e-06
8.33047e-05
-1.93859e-06
8.33574e-05
-2.35469e-06
8.34281e-05
-2.78843e-06
8.35205e-05
-3.24468e-06
8.36396e-05
-3.72945e-06
8.37923e-05
-4.25004e-06
8.39879e-05
-4.81527e-06
8.42386e-05
-5.43547e-06
8.45599e-05
-6.12196e-06
8.49711e-05
-6.88552e-06
8.54942e-05
-7.73265e-06
8.615e-05
-8.65771e-06
8.69478e-05
-9.62808e-06
8.78619e-05
-1.05587e-05
8.8781e-05
-1.12758e-05
8.94134e-05
-1.1482e-05
8.91268e-05
-1.07672e-05
8.67338e-05
-8.75722e-06
8.0335e-05
-5.49283e-06
6.75002e-05
-1.93098e-06
4.6213e-05
1.69015e-05
1.53561e-06
1.53659e-05
4.65227e-06
4.30963e-05
7.78992e-06
6.43625e-05
9.97727e-06
7.81477e-05
1.09989e-05
8.57121e-05
1.10829e-05
8.90428e-05
1.05758e-05
8.99206e-05
9.77048e-06
8.95863e-05
8.86052e-06
8.87718e-05
7.95379e-06
8.78545e-05
7.10098e-06
8.70028e-05
6.31972e-06
8.62754e-05
5.61074e-06
8.568e-05
4.96722e-06
8.52034e-05
4.37981e-06
8.4826e-05
3.83901e-06
8.45287e-05
3.33623e-06
8.42951e-05
2.86404e-06
8.41118e-05
2.41624e-06
8.39683e-05
1.98761e-06
8.38568e-05
1.57383e-06
8.37712e-05
1.17121e-06
8.37073e-05
7.76552e-07
8.36618e-05
3.87021e-07
8.36326e-05
-1.54313e-16
8.36183e-05
-3.87021e-07
8.36183e-05
-7.76552e-07
8.36326e-05
-1.17121e-06
8.36618e-05
-1.57383e-06
8.37073e-05
-1.98761e-06
8.37712e-05
-2.41624e-06
8.38568e-05
-2.86404e-06
8.39683e-05
-3.33623e-06
8.41118e-05
-3.83901e-06
8.42951e-05
-4.37981e-06
8.45287e-05
-4.96722e-06
8.4826e-05
-5.61074e-06
8.52034e-05
-6.31972e-06
8.568e-05
-7.10098e-06
8.62754e-05
-7.95379e-06
8.70028e-05
-8.86052e-06
8.78545e-05
-9.77048e-06
8.87718e-05
-1.05758e-05
8.95863e-05
-1.10829e-05
8.99206e-05
-1.09989e-05
8.90428e-05
-9.97727e-06
8.57121e-05
-7.78992e-06
7.81477e-05
-4.65227e-06
6.43625e-05
-1.53561e-06
4.30963e-05
1.53659e-05
1.23554e-06
1.41304e-05
3.95103e-06
4.03808e-05
6.90478e-06
6.14088e-05
9.17511e-06
7.58774e-05
1.04328e-05
8.44544e-05
1.07776e-05
8.8698e-05
1.04823e-05
9.02159e-05
9.81902e-06
9.02495e-05
8.98954e-06
8.96013e-05
8.11907e-06
8.8725e-05
7.27464e-06
8.78472e-05
6.48606e-06
8.7064e-05
5.762e-06
8.64041e-05
5.10044e-06
8.58649e-05
4.49465e-06
8.54318e-05
3.93646e-06
8.50869e-05
3.41783e-06
8.48137e-05
2.93146e-06
8.45981e-05
2.47106e-06
8.44287e-05
2.03122e-06
8.42966e-05
1.60738e-06
8.41951e-05
1.19559e-06
8.41191e-05
7.92443e-07
8.4065e-05
3.94858e-07
8.40302e-05
-1.79922e-16
8.40132e-05
-3.94858e-07
8.40132e-05
-7.92443e-07
8.40302e-05
-1.19559e-06
8.4065e-05
-1.60738e-06
8.41191e-05
-2.03122e-06
8.41951e-05
-2.47106e-06
8.42966e-05
-2.93146e-06
8.44287e-05
-3.41783e-06
8.45981e-05
-3.93646e-06
8.48137e-05
-4.49465e-06
8.50869e-05
-5.10044e-06
8.54318e-05
-5.762e-06
8.58649e-05
-6.48606e-06
8.64041e-05
-7.27464e-06
8.7064e-05
-8.11907e-06
8.78472e-05
-8.98954e-06
8.8725e-05
-9.81902e-06
8.96013e-05
-1.04823e-05
9.02495e-05
-1.07776e-05
9.02159e-05
-1.04328e-05
8.8698e-05
-9.17511e-06
8.44544e-05
-6.90478e-06
7.58774e-05
-3.95103e-06
6.14088e-05
-1.23554e-06
4.03808e-05
1.41304e-05
1.00646e-06
1.31239e-05
3.36899e-06
3.80183e-05
6.10975e-06
5.8668e-05
8.39048e-06
7.35966e-05
9.81757e-06
8.30273e-05
1.03863e-05
8.81293e-05
1.02941e-05
9.03081e-05
9.78116e-06
9.07625e-05
9.04706e-06
9.03354e-05
8.22814e-06
8.95439e-05
7.40513e-06
8.86702e-05
6.61937e-06
8.78498e-05
5.88779e-06
8.71357e-05
5.21372e-06
8.6539e-05
4.59362e-06
8.60519e-05
4.02109e-06
8.56594e-05
3.48896e-06
8.53459e-05
2.99031e-06
8.50968e-05
2.51888e-06
8.49001e-05
2.06921e-06
8.47463e-05
1.63654e-06
8.46277e-05
1.21676e-06
8.45389e-05
8.06214e-07
8.44755e-05
4.01643e-07
8.44348e-05
-2.06461e-16
8.44148e-05
-4.01643e-07
8.44148e-05
-8.06214e-07
8.44348e-05
-1.21676e-06
8.44755e-05
-1.63654e-06
8.45389e-05
-2.06921e-06
8.46277e-05
-2.51888e-06
8.47463e-05
-2.99031e-06
8.49001e-05
-3.48896e-06
8.50968e-05
-4.02109e-06
8.53459e-05
-4.59362e-06
8.56594e-05
-5.21372e-06
8.60519e-05
-5.88779e-06
8.6539e-05
-6.61937e-06
8.71357e-05
-7.40513e-06
8.78498e-05
-8.22814e-06
8.86702e-05
-9.04706e-06
8.95439e-05
-9.78116e-06
9.03354e-05
-1.02941e-05
9.07625e-05
-1.03863e-05
9.03081e-05
-9.81757e-06
8.81293e-05
-8.39048e-06
8.30273e-05
-6.10975e-06
7.35966e-05
-3.36899e-06
5.8668e-05
-1.00646e-06
3.80183e-05
1.31239e-05
8.30008e-07
1.22939e-05
2.88642e-06
3.59619e-05
5.40414e-06
5.61503e-05
7.64224e-06
7.13585e-05
9.17998e-06
8.14896e-05
9.93281e-06
8.73764e-05
1.00276e-05
9.02133e-05
9.666e-06
9.11241e-05
9.03703e-06
9.09644e-05
8.282e-06
9.0299e-05
7.49199e-06
8.94602e-05
6.71865e-06
8.86231e-05
5.98704e-06
8.78673e-05
5.3061e-06
8.72199e-05
4.67593e-06
8.6682e-05
4.09228e-06
8.62431e-05
3.54916e-06
8.5889e-05
3.04023e-06
8.56057e-05
2.55946e-06
8.53809e-05
2.1014e-06
8.52043e-05
1.66121e-06
8.50679e-05
1.23462e-06
8.49655e-05
8.17815e-07
8.48923e-05
4.07352e-07
8.48452e-05
-2.34056e-16
8.48222e-05
-4.07352e-07
8.48222e-05
-8.17815e-07
8.48452e-05
-1.23462e-06
8.48923e-05
-1.66121e-06
8.49655e-05
-2.1014e-06
8.50679e-05
-2.55946e-06
8.52043e-05
-3.04023e-06
8.53809e-05
-3.54916e-06
8.56057e-05
-4.09228e-06
8.5889e-05
-4.67593e-06
8.62431e-05
-5.3061e-06
8.6682e-05
-5.98704e-06
8.72199e-05
-6.71865e-06
8.78673e-05
-7.49199e-06
8.86231e-05
-8.282e-06
8.94602e-05
-9.03703e-06
9.0299e-05
-9.666e-06
9.09644e-05
-1.00276e-05
9.11241e-05
-9.93281e-06
9.02133e-05
-9.17998e-06
8.73764e-05
-7.64224e-06
8.14896e-05
-5.40414e-06
7.13585e-05
-2.88642e-06
5.61503e-05
-8.30008e-07
3.59619e-05
1.22939e-05
6.92544e-07
1.16014e-05
2.48552e-06
3.41689e-05
4.78244e-06
5.38534e-05
6.94117e-06
6.91998e-05
8.54007e-06
7.98907e-05
9.4376e-06
8.64789e-05
9.6985e-06
8.99524e-05
9.4835e-06
9.13391e-05
8.96471e-06
9.14832e-05
8.28276e-06
9.09809e-05
7.53562e-06
9.02074e-05
6.7835e-06
8.93752e-05
6.05904e-06
8.85917e-05
5.37687e-06
8.79021e-05
4.74097e-06
8.73179e-05
4.14954e-06
8.68345e-05
3.59805e-06
8.64405e-05
3.08095e-06
8.61228e-05
2.59259e-06
8.58692e-05
2.12765e-06
8.56693e-05
1.68127e-06
8.55143e-05
1.2491e-06
8.53976e-05
8.27205e-07
8.53142e-05
4.11965e-07
8.52605e-05
-2.62363e-16
8.52341e-05
-4.11965e-07
8.52341e-05
-8.27205e-07
8.52605e-05
-1.2491e-06
8.53142e-05
-1.68127e-06
8.53976e-05
-2.12765e-06
8.55143e-05
-2.59259e-06
8.56693e-05
-3.08095e-06
8.58692e-05
-3.59805e-06
8.61228e-05
-4.14954e-06
8.64405e-05
-4.74097e-06
8.68345e-05
-5.37687e-06
8.73179e-05
-6.05904e-06
8.79021e-05
-6.7835e-06
8.85917e-05
-7.53562e-06
8.93752e-05
-8.28276e-06
9.02074e-05
-8.96471e-06
9.09809e-05
-9.4835e-06
9.14832e-05
-9.6985e-06
9.13391e-05
-9.4376e-06
8.99524e-05
-8.54007e-06
8.64789e-05
-6.94117e-06
7.98907e-05
-4.78244e-06
6.91998e-05
-2.48552e-06
5.38534e-05
-6.92544e-07
3.41689e-05
1.16014e-05
5.84055e-07
1.10173e-05
2.1511e-06
3.26019e-05
4.23682e-06
5.17677e-05
6.29228e-06
6.71443e-05
7.91226e-06
7.82707e-05
8.91774e-06
8.54734e-05
9.32147e-06
8.95487e-05
9.2439e-06
9.14166e-05
8.83617e-06
9.18909e-05
8.23351e-06
9.15836e-05
7.5372e-06
9.09037e-05
6.81409e-06
9.00983e-05
6.10352e-06
8.93023e-05
5.4256e-06
8.858e-05
4.78829e-06
8.79552e-05
4.19248e-06
8.74303e-05
3.63531e-06
8.69976e-05
3.11222e-06
8.66459e-05
2.61809e-06
8.63634e-05
2.14783e-06
8.61395e-05
1.69665e-06
8.59655e-05
1.26017e-06
8.58341e-05
8.34351e-07
8.574e-05
4.15468e-07
8.56793e-05
-2.91676e-16
8.56496e-05
-4.15468e-07
8.56496e-05
-8.34351e-07
8.56793e-05
-1.26017e-06
8.574e-05
-1.69665e-06
8.58341e-05
-2.14783e-06
8.59655e-05
-2.61809e-06
8.61395e-05
-3.11222e-06
8.63634e-05
-3.63531e-06
8.66459e-05
-4.19248e-06
8.69976e-05
-4.78829e-06
8.74303e-05
-5.4256e-06
8.79552e-05
-6.10352e-06
8.858e-05
-6.81409e-06
8.93023e-05
-7.5372e-06
9.00983e-05
-8.23351e-06
9.09037e-05
-8.83617e-06
9.15836e-05
-9.2439e-06
9.18909e-05
-9.32147e-06
9.14166e-05
-8.91774e-06
8.95487e-05
-7.91226e-06
8.54734e-05
-6.29228e-06
7.82707e-05
-4.23682e-06
6.71443e-05
-2.1511e-06
5.17677e-05
-5.84055e-07
3.26019e-05
1.10173e-05
4.97235e-07
1.05201e-05
1.87058e-06
3.12285e-05
3.75866e-06
4.98796e-05
5.69673e-06
6.52063e-05
7.30638e-06
7.66611e-05
8.38691e-06
8.43929e-05
8.90954e-06
8.90261e-05
8.95724e-06
9.13689e-05
8.65802e-06
9.21901e-05
8.138e-06
9.21036e-05
7.49858e-06
9.15431e-05
6.81112e-06
9.07858e-05
6.12056e-06
8.99929e-05
5.45209e-06
8.92485e-05
4.81763e-06
8.85897e-05
4.22085e-06
8.80271e-05
3.66074e-06
8.75577e-05
3.1339e-06
8.71727e-05
2.63585e-06
8.68614e-05
2.16186e-06
8.66135e-05
1.70729e-06
8.64201e-05
1.26778e-06
8.62736e-05
8.39233e-07
8.61686e-05
4.17851e-07
8.61007e-05
-3.21725e-16
8.60675e-05
-4.17851e-07
8.60675e-05
-8.39233e-07
8.61007e-05
-1.26778e-06
8.61686e-05
-1.70729e-06
8.62736e-05
-2.16186e-06
8.64201e-05
-2.63585e-06
8.66135e-05
-3.1339e-06
8.68614e-05
-3.66074e-06
8.71727e-05
-4.22085e-06
8.75577e-05
-4.81763e-06
8.80271e-05
-5.45209e-06
8.85897e-05
-6.12056e-06
8.92485e-05
-6.81112e-06
8.99929e-05
-7.49858e-06
9.07858e-05
-8.138e-06
9.15431e-05
-8.65802e-06
9.21036e-05
-8.95724e-06
9.21901e-05
-8.90954e-06
9.13689e-05
-8.38691e-06
8.90261e-05
-7.30638e-06
8.43929e-05
-5.69673e-06
7.66611e-05
-3.75866e-06
6.52063e-05
-1.87058e-06
4.98796e-05
-4.97235e-07
3.12285e-05
1.05201e-05
4.26757e-07
1.00933e-05
1.63372e-06
3.00216e-05
3.33947e-06
4.81738e-05
5.15317e-06
6.33926e-05
6.72868e-06
7.50855e-05
7.85578e-06
8.32658e-05
8.47402e-06
8.84078e-05
8.63298e-06
9.121e-05
8.43702e-06
9.23861e-05
8.0005e-06
9.25401e-05
7.42216e-06
9.21214e-05
6.77576e-06
9.14322e-05
6.11063e-06
9.0658e-05
5.45646e-06
8.99027e-05
4.82892e-06
8.92172e-05
4.23453e-06
8.86215e-05
3.67423e-06
8.8118e-05
3.14588e-06
8.77011e-05
2.6458e-06
8.73615e-05
2.1697e-06
8.70896e-05
1.71317e-06
8.68766e-05
1.27191e-06
8.67149e-05
8.41845e-07
8.65986e-05
4.19111e-07
8.65235e-05
-3.5291e-16
8.64866e-05
-4.19111e-07
8.64866e-05
-8.41845e-07
8.65235e-05
-1.27191e-06
8.65986e-05
-1.71317e-06
8.67149e-05
-2.1697e-06
8.68766e-05
-2.6458e-06
8.70896e-05
-3.14588e-06
8.73615e-05
-3.67423e-06
8.77011e-05
-4.23453e-06
8.8118e-05
-4.82892e-06
8.86215e-05
-5.45646e-06
8.92172e-05
-6.11063e-06
8.99027e-05
-6.77576e-06
9.0658e-05
-7.42216e-06
9.14322e-05
-8.0005e-06
9.21214e-05
-8.43702e-06
9.25401e-05
-8.63298e-06
9.23861e-05
-8.47402e-06
9.121e-05
-7.85578e-06
8.84078e-05
-6.72868e-06
8.32658e-05
-5.15317e-06
7.50855e-05
-3.33947e-06
6.33926e-05
-1.63372e-06
4.81738e-05
-4.26757e-07
3.00216e-05
1.00933e-05
3.68732e-07
9.72457e-06
1.43227e-06
2.8958e-05
2.97136e-06
4.66347e-05
4.65879e-06
6.17051e-05
6.18272e-06
7.35616e-05
7.33239e-06
8.21161e-05
8.02444e-06
8.77158e-05
8.2798e-06
9.09546e-05
8.17987e-06
9.2486e-05
7.82559e-06
9.28944e-05
7.31074e-06
9.26363e-05
6.70958e-06
9.20334e-05
6.07452e-06
9.12931e-05
5.43905e-06
9.05381e-05
4.8223e-06
8.9834e-05
4.23354e-06
8.92103e-05
3.67574e-06
8.86758e-05
3.14814e-06
8.82287e-05
2.64793e-06
8.78617e-05
2.17135e-06
8.75662e-05
1.71428e-06
8.73337e-05
1.27257e-06
8.71566e-05
8.42191e-07
8.7029e-05
4.19252e-07
8.69464e-05
-3.84983e-16
8.69058e-05
-4.19252e-07
8.69058e-05
-8.42191e-07
8.69464e-05
-1.27257e-06
8.7029e-05
-1.71428e-06
8.71566e-05
-2.17135e-06
8.73337e-05
-2.64793e-06
8.75662e-05
-3.14814e-06
8.78617e-05
-3.67574e-06
8.82287e-05
-4.23354e-06
8.86758e-05
-4.8223e-06
8.92103e-05
-5.43905e-06
8.9834e-05
-6.07452e-06
9.05381e-05
-6.70958e-06
9.12931e-05
-7.31074e-06
9.20334e-05
-7.82559e-06
9.26363e-05
-8.17987e-06
9.28944e-05
-8.2798e-06
9.2486e-05
-8.02444e-06
9.09546e-05
-7.33239e-06
8.77158e-05
-6.18272e-06
8.21161e-05
-4.65879e-06
7.35616e-05
-2.97136e-06
6.17051e-05
-1.43227e-06
4.66347e-05
-3.68732e-07
2.8958e-05
9.72457e-06
3.2031e-07
9.40426e-06
1.25968e-06
2.80187e-05
2.64725e-06
4.52472e-05
4.20998e-06
6.01424e-05
5.67009e-06
7.21015e-05
6.82261e-06
8.09636e-05
7.56867e-06
8.69697e-05
7.90547e-06
9.06178e-05
7.89298e-06
9.24985e-05
7.61794e-06
9.31694e-05
7.16744e-06
9.30868e-05
6.6145e-06
9.25863e-05
6.01334e-06
9.18942e-05
5.40046e-06
9.1151e-05
4.79807e-06
9.04364e-05
4.21805e-06
8.97903e-05
3.66539e-06
8.92285e-05
3.14074e-06
8.87533e-05
2.64228e-06
8.83602e-05
2.16684e-06
8.80416e-05
1.71066e-06
8.77898e-05
1.2698e-06
8.75975e-05
8.40292e-07
8.74585e-05
4.18285e-07
8.73684e-05
-4.18381e-16
8.73241e-05
-4.18285e-07
8.73241e-05
-8.40292e-07
8.73684e-05
-1.2698e-06
8.74585e-05
-1.71066e-06
8.75975e-05
-2.16684e-06
8.77898e-05
-2.64228e-06
8.80416e-05
-3.14074e-06
8.83602e-05
-3.66539e-06
8.87533e-05
-4.21805e-06
8.92285e-05
-4.79807e-06
8.97903e-05
-5.40046e-06
9.04364e-05
-6.01334e-06
9.1151e-05
-6.6145e-06
9.18942e-05
-7.16744e-06
9.25863e-05
-7.61794e-06
9.30868e-05
-7.89298e-06
9.31694e-05
-7.90547e-06
9.24985e-05
-7.56867e-06
9.06178e-05
-6.82261e-06
8.69697e-05
-5.67009e-06
8.09636e-05
-4.20998e-06
7.21015e-05
-2.64725e-06
6.01424e-05
-1.25968e-06
4.52472e-05
-3.2031e-07
2.80187e-05
9.40426e-06
2.79385e-07
9.12488e-06
1.1107e-06
2.71873e-05
2.36095e-06
4.39969e-05
3.80282e-06
5.87005e-05
5.191e-06
7.07133e-05
6.33049e-06
7.98241e-05
7.11303e-06
8.61872e-05
7.51679e-06
9.0214e-05
7.58236e-06
9.24329e-05
7.38224e-06
9.33695e-05
6.99557e-06
9.34734e-05
6.4927e-06
9.30892e-05
5.92845e-06
9.24585e-05
5.34152e-06
9.1738e-05
4.75672e-06
9.10212e-05
4.18835e-06
9.03586e-05
3.64335e-06
8.97735e-05
3.12382e-06
8.92729e-05
2.62895e-06
8.8855e-05
2.15625e-06
8.85144e-05
1.70238e-06
8.82437e-05
1.26363e-06
8.80362e-05
8.36183e-07
8.7886e-05
4.16227e-07
8.77884e-05
-4.52822e-16
8.77403e-05
-4.16227e-07
8.77403e-05
-8.36183e-07
8.77884e-05
-1.26363e-06
8.7886e-05
-1.70238e-06
8.80362e-05
-2.15625e-06
8.82437e-05
-2.62895e-06
8.85144e-05
-3.12382e-06
8.8855e-05
-3.64335e-06
8.92729e-05
-4.18835e-06
8.97735e-05
-4.75672e-06
9.03586e-05
-5.34152e-06
9.10212e-05
-5.92845e-06
9.1738e-05
-6.4927e-06
9.24585e-05
-6.99557e-06
9.30892e-05
-7.38224e-06
9.34734e-05
-7.58236e-06
9.33695e-05
-7.51679e-06
9.24329e-05
-7.11303e-06
9.0214e-05
-6.33049e-06
8.61872e-05
-5.191e-06
7.98241e-05
-3.80282e-06
7.07133e-05
-2.36095e-06
5.87005e-05
-1.1107e-06
4.39969e-05
-2.79385e-07
2.71873e-05
9.12488e-06
2.4439e-07
8.88049e-06
9.81169e-07
2.64506e-05
2.10713e-06
4.2871e-05
3.43336e-06
5.73743e-05
4.7447e-06
6.9402e-05
5.8587e-06
7.87101e-05
6.66253e-06
8.53834e-05
7.1196e-06
8.9757e-05
7.25354e-06
9.2299e-05
7.12301e-06
9.35001e-05
6.79852e-06
9.37979e-05
6.34654e-06
9.35412e-05
5.82143e-06
9.29836e-05
5.26323e-06
9.22962e-05
4.6989e-06
9.15855e-05
4.14488e-06
9.09127e-05
3.60992e-06
9.03085e-05
3.09759e-06
8.97852e-05
2.60811e-06
8.93445e-05
2.13971e-06
8.89827e-05
1.68953e-06
8.86939e-05
1.25415e-06
8.84716e-05
8.29912e-07
8.83102e-05
4.13102e-07
8.82052e-05
-4.88744e-16
8.81534e-05
-4.13102e-07
8.81534e-05
-8.29912e-07
8.82052e-05
-1.25415e-06
8.83102e-05
-1.68953e-06
8.84716e-05
-2.13971e-06
8.86939e-05
-2.60811e-06
8.89827e-05
-3.09759e-06
8.93445e-05
-3.60992e-06
8.97852e-05
-4.14488e-06
9.03085e-05
-4.6989e-06
9.09127e-05
-5.26323e-06
9.15855e-05
-5.82143e-06
9.22962e-05
-6.34654e-06
9.29836e-05
-6.79852e-06
9.35412e-05
-7.12301e-06
9.37979e-05
-7.25354e-06
9.35001e-05
-7.1196e-06
9.2299e-05
-6.66253e-06
8.9757e-05
-5.8587e-06
8.53834e-05
-4.7447e-06
7.87101e-05
-3.43336e-06
6.9402e-05
-2.10713e-06
5.73743e-05
-9.81169e-07
4.2871e-05
-2.4439e-07
2.64506e-05
8.88049e-06
2.14146e-07
8.66634e-06
8.6776e-07
2.57969e-05
1.88121e-06
4.18575e-05
3.09781e-06
5.61577e-05
4.32985e-06
6.81699e-05
5.4088e-06
7.76312e-05
6.22097e-06
8.45712e-05
6.71883e-06
8.92591e-05
6.91148e-06
9.21063e-05
6.84459e-06
9.3567e-05
6.5797e-06
9.40628e-05
6.17853e-06
9.39423e-05
5.69401e-06
9.34681e-05
5.1668e-06
9.28234e-05
4.62543e-06
9.21269e-05
4.08817e-06
9.14499e-05
3.56549e-06
9.08311e-05
3.06233e-06
9.02883e-05
2.57997e-06
8.98269e-05
2.11739e-06
8.94453e-05
1.67225e-06
8.9139e-05
1.24145e-06
8.89024e-05
8.21544e-07
8.87301e-05
4.08943e-07
8.86178e-05
-5.25822e-16
8.85624e-05
-4.08943e-07
8.85624e-05
-8.21544e-07
8.86178e-05
-1.24145e-06
8.87301e-05
-1.67225e-06
8.89024e-05
-2.11739e-06
8.9139e-05
-2.57997e-06
8.94453e-05
-3.06233e-06
8.98269e-05
-3.56549e-06
9.02883e-05
-4.08817e-06
9.08311e-05
-4.62543e-06
9.14499e-05
-5.1668e-06
9.21269e-05
-5.69401e-06
9.28234e-05
-6.17853e-06
9.34681e-05
-6.5797e-06
9.39423e-05
-6.84459e-06
9.40628e-05
-6.91148e-06
9.3567e-05
-6.71883e-06
9.21063e-05
-6.22097e-06
8.92591e-05
-5.4088e-06
8.45712e-05
-4.32985e-06
7.76312e-05
-3.09781e-06
6.81699e-05
-1.88121e-06
5.61577e-05
-8.6776e-07
4.18575e-05
-2.14146e-07
2.57969e-05
8.66634e-06
1.87753e-07
8.47859e-06
7.67801e-07
2.52169e-05
1.67931e-06
4.0946e-05
2.79263e-06
5.50444e-05
3.94473e-06
6.70178e-05
4.98151e-06
7.65944e-05
5.7912e-06
8.37615e-05
6.31856e-06
8.87317e-05
6.56057e-06
9.18643e-05
6.55102e-06
9.35765e-05
6.34244e-06
9.42714e-05
5.99122e-06
9.42935e-05
5.54807e-06
9.39113e-05
5.05355e-06
9.33179e-05
4.53723e-06
9.26432e-05
4.0189e-06
9.19682e-05
3.51054e-06
9.13395e-05
3.0184e-06
9.07805e-05
2.54481e-06
9.03005e-05
2.08951e-06
8.99006e-05
1.65069e-06
8.95778e-05
1.22564e-06
8.93274e-05
8.11156e-07
8.91446e-05
4.03789e-07
8.90251e-05
-5.645e-16
8.89662e-05
-4.03789e-07
8.89662e-05
-8.11156e-07
8.90251e-05
-1.22564e-06
8.91446e-05
-1.65069e-06
8.93274e-05
-2.08951e-06
8.95778e-05
-2.54481e-06
8.99006e-05
-3.0184e-06
9.03005e-05
-3.51054e-06
9.07805e-05
-4.0189e-06
9.13395e-05
-4.53723e-06
9.19682e-05
-5.05355e-06
9.26432e-05
-5.54807e-06
9.33179e-05
-5.99122e-06
9.39113e-05
-6.34244e-06
9.42935e-05
-6.55102e-06
9.42714e-05
-6.56057e-06
9.35765e-05
-6.31856e-06
9.18643e-05
-5.7912e-06
8.87317e-05
-4.98151e-06
8.37615e-05
-3.94473e-06
7.65944e-05
-2.79263e-06
6.70178e-05
-1.67931e-06
5.50444e-05
-7.67801e-07
4.0946e-05
-1.87753e-07
2.52169e-05
8.47859e-06
1.64519e-07
8.31407e-06
6.79138e-07
2.47023e-05
1.49814e-06
4.0127e-05
2.51458e-06
5.40279e-05
3.58743e-06
6.5945e-05
4.57695e-06
7.56049e-05
5.37527e-06
8.29632e-05
5.92214e-06
8.81849e-05
6.20468e-06
9.15818e-05
6.246e-06
9.35352e-05
6.08995e-06
9.44275e-05
5.7872e-06
9.45963e-05
5.38558e-06
9.43129e-05
4.92492e-06
9.37785e-05
4.43536e-06
9.31328e-05
3.93784e-06
9.24658e-05
3.44564e-06
9.18317e-05
2.96624e-06
9.12599e-05
2.50296e-06
9.07638e-05
2.05631e-06
9.03473e-05
1.62506e-06
9.00091e-05
1.20688e-06
8.97456e-05
7.98842e-07
8.95526e-05
3.97684e-07
8.94263e-05
-6.04414e-16
8.93639e-05
-3.97684e-07
8.93639e-05
-7.98842e-07
8.94263e-05
-1.20688e-06
8.95526e-05
-1.62506e-06
8.97456e-05
-2.05631e-06
9.00091e-05
-2.50296e-06
9.03473e-05
-2.96624e-06
9.07638e-05
-3.44564e-06
9.12599e-05
-3.93784e-06
9.18317e-05
-4.43536e-06
9.24658e-05
-4.92492e-06
9.31328e-05
-5.38558e-06
9.37785e-05
-5.7872e-06
9.43129e-05
-6.08995e-06
9.45963e-05
-6.246e-06
9.44275e-05
-6.20468e-06
9.35352e-05
-5.92214e-06
9.15818e-05
-5.37527e-06
8.81849e-05
-4.57695e-06
8.29632e-05
-3.58743e-06
7.56049e-05
-2.51458e-06
6.5945e-05
-1.49814e-06
5.40279e-05
-6.79138e-07
4.0127e-05
-1.64519e-07
2.47023e-05
8.31407e-06
1.43904e-07
8.17017e-06
6.00022e-07
2.42462e-05
1.3349e-06
3.93921e-05
2.26072e-06
5.31021e-05
3.25596e-06
6.49497e-05
4.19477e-06
7.46661e-05
4.97454e-06
8.21834e-05
5.53222e-06
8.76272e-05
5.8471e-06
9.12669e-05
5.93294e-06
9.34493e-05
5.8253e-06
9.45351e-05
5.569e-06
9.48526e-05
5.20853e-06
9.46733e-05
4.78245e-06
9.42046e-05
4.32097e-06
9.35942e-05
3.84584e-06
9.29409e-05
3.37144e-06
9.23061e-05
2.90634e-06
9.1725e-05
2.4548e-06
9.12153e-05
2.0181e-06
9.0784e-05
1.59558e-06
9.04316e-05
1.18532e-06
9.01559e-05
7.84707e-07
8.99532e-05
3.90683e-07
8.98203e-05
-6.46051e-16
8.97545e-05
-3.90683e-07
8.97545e-05
-7.84707e-07
8.98203e-05
-1.18532e-06
8.99532e-05
-1.59558e-06
9.01559e-05
-2.0181e-06
9.04316e-05
-2.4548e-06
9.0784e-05
-2.90634e-06
9.12153e-05
-3.37144e-06
9.1725e-05
-3.84584e-06
9.23061e-05
-4.32097e-06
9.29409e-05
-4.78245e-06
9.35942e-05
-5.20853e-06
9.42046e-05
-5.569e-06
9.46733e-05
-5.8253e-06
9.48526e-05
-5.93294e-06
9.45351e-05
-5.8471e-06
9.34493e-05
-5.53222e-06
9.12669e-05
-4.97454e-06
8.76272e-05
-4.19477e-06
8.21834e-05
-3.25596e-06
7.46661e-05
-2.26072e-06
6.49497e-05
-1.3349e-06
5.31021e-05
-6.00022e-07
3.93921e-05
-1.43904e-07
2.42462e-05
8.17017e-06
1.2548e-07
8.04469e-06
5.29021e-07
2.38426e-05
1.18722e-06
3.87339e-05
2.02842e-06
5.22609e-05
2.94834e-06
6.40298e-05
3.83432e-06
7.37801e-05
4.58987e-06
8.14279e-05
5.15089e-06
8.70662e-05
5.49065e-06
9.09272e-05
5.61484e-06
9.33252e-05
5.55134e-06
9.45986e-05
5.3391e-06
9.50649e-05
5.01895e-06
9.49935e-05
4.62772e-06
9.45959e-05
4.19526e-06
9.40267e-05
3.74383e-06
9.33923e-05
3.28865e-06
9.27613e-05
2.83925e-06
9.21744e-05
2.40076e-06
9.16538e-05
1.9752e-06
9.12095e-05
1.56249e-06
9.08443e-05
1.16115e-06
9.05572e-05
7.68871e-07
9.03455e-05
3.82844e-07
9.02063e-05
-6.8904e-16
9.01374e-05
-3.82844e-07
9.01374e-05
-7.68871e-07
9.02063e-05
-1.16115e-06
9.03455e-05
-1.56249e-06
9.05572e-05
-1.9752e-06
9.08443e-05
-2.40076e-06
9.12095e-05
-2.83925e-06
9.16538e-05
-3.28865e-06
9.21744e-05
-3.74383e-06
9.27613e-05
-4.19526e-06
9.33923e-05
-4.62772e-06
9.40267e-05
-5.01895e-06
9.45959e-05
-5.3391e-06
9.49935e-05
-5.55134e-06
9.50649e-05
-5.61484e-06
9.45986e-05
-5.49065e-06
9.33252e-05
-5.15089e-06
9.09272e-05
-4.58987e-06
8.70662e-05
-3.83432e-06
8.14279e-05
-2.94834e-06
7.37801e-05
-2.02842e-06
6.40298e-05
-1.18722e-06
5.22609e-05
-5.29021e-07
3.87339e-05
-1.2548e-07
2.38426e-05
8.04469e-06
1.08901e-07
7.93579e-06
4.6495e-07
2.34866e-05
1.05306e-06
3.81458e-05
1.81533e-06
5.14986e-05
2.66265e-06
6.31825e-05
3.49473e-06
7.2948e-05
4.22168e-06
8.07009e-05
4.77974e-06
8.65081e-05
5.1377e-06
9.05692e-05
5.2944e-06
9.31685e-05
5.27071e-06
9.46223e-05
5.09986e-06
9.52357e-05
4.81883e-06
9.52745e-05
4.46233e-06
9.49524e-05
4.05953e-06
9.44295e-05
3.6328e-06
9.38191e-05
3.19804e-06
9.3196e-05
2.76556e-06
9.26069e-05
2.3413e-06
9.20781e-05
1.92798e-06
9.16228e-05
1.52608e-06
9.12462e-05
1.13457e-06
9.09487e-05
7.51466e-07
9.07286e-05
3.74232e-07
9.05836e-05
-7.33962e-16
9.05116e-05
-3.74232e-07
9.05116e-05
-7.51466e-07
9.05836e-05
-1.13457e-06
9.07286e-05
-1.52608e-06
9.09487e-05
-1.92798e-06
9.12462e-05
-2.3413e-06
9.16228e-05
-2.76556e-06
9.20781e-05
-3.19804e-06
9.26069e-05
-3.6328e-06
9.3196e-05
-4.05953e-06
9.38191e-05
-4.46233e-06
9.44295e-05
-4.81883e-06
9.49524e-05
-5.09986e-06
9.52745e-05
-5.27071e-06
9.52357e-05
-5.2944e-06
9.46223e-05
-5.1377e-06
9.31685e-05
-4.77974e-06
9.05692e-05
-4.22168e-06
8.65081e-05
-3.49473e-06
8.07009e-05
-2.66265e-06
7.2948e-05
-1.81533e-06
6.31825e-05
-1.05306e-06
5.14986e-05
-4.6495e-07
3.81458e-05
-1.08901e-07
2.34866e-05
7.93579e-06
9.38862e-08
7.8419e-06
4.06822e-07
2.31736e-05
9.30684e-07
3.7622e-05
1.61932e-06
5.081e-05
2.39704e-06
6.24048e-05
3.17499e-06
7.217e-05
3.87009e-06
8.00058e-05
4.41995e-06
8.59582e-05
4.7902e-06
9.01989e-05
4.97397e-06
9.29847e-05
4.98584e-06
9.46104e-05
4.85355e-06
9.5368e-05
4.61012e-06
9.5518e-05
4.28793e-06
9.52746e-05
3.91506e-06
9.48024e-05
3.5138e-06
9.42203e-05
3.10044e-06
9.36094e-05
2.68594e-06
9.30214e-05
2.27694e-06
9.24871e-05
1.87684e-06
9.20229e-05
1.48665e-06
9.16364e-05
1.10578e-06
9.13296e-05
7.32632e-07
9.11018e-05
3.64916e-07
9.09513e-05
-7.8045e-16
9.08765e-05
-3.64916e-07
9.08765e-05
-7.32632e-07
9.09513e-05
-1.10578e-06
9.11018e-05
-1.48665e-06
9.13296e-05
-1.87684e-06
9.16364e-05
-2.27694e-06
9.20229e-05
-2.68594e-06
9.24871e-05
-3.10044e-06
9.30214e-05
-3.5138e-06
9.36094e-05
-3.91506e-06
9.42203e-05
-4.28793e-06
9.48024e-05
-4.61012e-06
9.52746e-05
-4.85355e-06
9.5518e-05
-4.98584e-06
9.5368e-05
-4.97397e-06
9.46104e-05
-4.7902e-06
9.29847e-05
-4.41995e-06
9.01989e-05
-3.87009e-06
8.59582e-05
-3.17499e-06
8.00058e-05
-2.39704e-06
7.217e-05
-1.61932e-06
6.24048e-05
-9.30684e-07
5.081e-05
-4.06822e-07
3.7622e-05
-9.38862e-08
2.31736e-05
7.8419e-06
8.02019e-08
7.7617e-06
3.53797e-07
2.29e-05
8.18584e-07
3.71572e-05
1.43853e-06
5.01901e-05
2.14976e-06
6.16936e-05
2.87399e-06
7.14458e-05
3.53494e-06
7.93449e-05
4.07232e-06
8.54209e-05
4.44972e-06
8.98215e-05
4.65559e-06
9.27788e-05
4.6989e-06
9.45671e-05
4.60226e-06
9.54646e-05
4.39472e-06
9.57255e-05
4.1061e-06
9.55632e-05
3.76319e-06
9.51453e-05
3.3879e-06
9.45956e-05
2.99669e-06
9.40006e-05
2.60105e-06
9.3417e-05
2.20822e-06
9.28799e-05
1.82219e-06
9.2409e-05
1.44451e-06
9.20141e-05
1.07504e-06
9.16991e-05
7.12521e-07
9.14643e-05
3.54972e-07
9.13088e-05
-8.29177e-16
9.12315e-05
-3.54972e-07
9.12315e-05
-7.12521e-07
9.13088e-05
-1.07504e-06
9.14643e-05
-1.44451e-06
9.16991e-05
-1.82219e-06
9.20141e-05
-2.20822e-06
9.2409e-05
-2.60105e-06
9.28799e-05
-2.99669e-06
9.3417e-05
-3.3879e-06
9.40006e-05
-3.76319e-06
9.45956e-05
-4.1061e-06
9.51453e-05
-4.39472e-06
9.55632e-05
-4.60226e-06
9.57255e-05
-4.6989e-06
9.54646e-05
-4.65559e-06
9.45671e-05
-4.44972e-06
9.27788e-05
-4.07232e-06
8.98215e-05
-3.53494e-06
8.54209e-05
-2.87399e-06
7.93449e-05
-2.14976e-06
7.14458e-05
-1.43853e-06
6.16936e-05
-8.18584e-07
5.01901e-05
-3.53797e-07
3.71572e-05
-8.02019e-08
2.29e-05
7.7617e-06
6.76492e-08
7.69405e-06
3.05158e-07
2.26625e-05
7.15436e-07
3.67469e-05
1.27124e-06
4.96343e-05
1.91917e-06
6.10456e-05
2.5906e-06
7.07744e-05
3.21589e-06
7.87196e-05
3.7374e-06
8.48994e-05
4.11755e-06
8.94414e-05
4.34102e-06
9.25554e-05
4.41188e-06
9.44962e-05
4.34795e-06
9.55286e-05
4.17441e-06
9.5899e-05
3.91842e-06
9.58192e-05
3.60525e-06
9.54584e-05
3.25617e-06
9.49447e-05
2.88769e-06
9.43691e-05
2.5116e-06
9.37931e-05
2.1357e-06
9.32558e-05
1.76448e-06
9.27802e-05
1.4e-06
9.23786e-05
1.04258e-06
9.20565e-05
6.91293e-07
9.18156e-05
3.44477e-07
9.16557e-05
-8.79735e-16
9.1576e-05
-3.44477e-07
9.1576e-05
-6.91293e-07
9.16557e-05
-1.04258e-06
9.18156e-05
-1.4e-06
9.20565e-05
-1.76448e-06
9.23786e-05
-2.1357e-06
9.27802e-05
-2.5116e-06
9.32558e-05
-2.88769e-06
9.37931e-05
-3.25617e-06
9.43691e-05
-3.60525e-06
9.49447e-05
-3.91842e-06
9.54584e-05
-4.17441e-06
9.58192e-05
-4.34795e-06
9.5899e-05
-4.41188e-06
9.55286e-05
-4.34102e-06
9.44962e-05
-4.11755e-06
9.25554e-05
-3.7374e-06
8.94414e-05
-3.21589e-06
8.48994e-05
-2.5906e-06
7.87196e-05
-1.91917e-06
7.07744e-05
-1.27124e-06
6.10456e-05
-7.15436e-07
4.96343e-05
-3.05159e-07
3.67469e-05
-6.76492e-08
2.26625e-05
7.69405e-06
5.60547e-08
7.63799e-06
2.60274e-07
2.24583e-05
6.20072e-07
3.63871e-05
1.11592e-06
4.91384e-05
1.70373e-06
6.04578e-05
2.32365e-06
7.01545e-05
2.91246e-06
7.81308e-05
3.41547e-06
8.43963e-05
3.79466e-06
8.90622e-05
4.03174e-06
9.23183e-05
4.12652e-06
9.44014e-05
4.09243e-06
9.55627e-05
3.95092e-06
9.60405e-05
3.72642e-06
9.60437e-05
3.44254e-06
9.57423e-05
3.11973e-06
9.52675e-05
2.77432e-06
9.47145e-05
2.41834e-06
9.41491e-05
2.05996e-06
9.36142e-05
1.70416e-06
9.3136e-05
1.35349e-06
9.27293e-05
1.00865e-06
9.24013e-05
6.69114e-07
9.21551e-05
3.33516e-07
9.19913e-05
-9.32793e-16
9.19095e-05
-3.33516e-07
9.19095e-05
-6.69114e-07
9.19913e-05
-1.00865e-06
9.21551e-05
-1.35349e-06
9.24013e-05
-1.70416e-06
9.27293e-05
-2.05996e-06
9.3136e-05
-2.41834e-06
9.36142e-05
-2.77432e-06
9.41491e-05
-3.11973e-06
9.47145e-05
-3.44254e-06
9.52675e-05
-3.72642e-06
9.57423e-05
-3.95092e-06
9.60437e-05
-4.09243e-06
9.60405e-05
-4.12652e-06
9.55627e-05
-4.03174e-06
9.44014e-05
-3.79466e-06
9.23183e-05
-3.41547e-06
8.90622e-05
-2.91246e-06
8.43963e-05
-2.32365e-06
7.81308e-05
-1.70373e-06
7.01545e-05
-1.11592e-06
6.04578e-05
-6.20072e-07
4.91384e-05
-2.60274e-07
3.63871e-05
-5.60547e-08
2.24583e-05
7.63799e-06
4.52617e-08
7.59273e-06
2.1858e-07
2.2285e-05
5.31437e-07
3.60742e-05
9.71169e-07
4.86987e-05
1.50197e-06
5.9927e-05
2.07198e-06
6.95845e-05
2.62406e-06
7.75787e-05
3.10664e-06
8.39138e-05
3.48182e-06
8.8687e-05
3.72901e-06
9.20711e-05
3.84437e-06
9.42861e-05
3.83735e-06
9.55697e-05
3.72585e-06
9.6152e-05
3.53157e-06
9.62379e-05
3.27634e-06
9.59976e-05
2.97966e-06
9.55642e-05
2.65751e-06
9.50366e-05
2.32199e-06
9.44846e-05
1.9816e-06
9.39546e-05
1.64172e-06
9.34759e-05
1.30532e-06
9.30657e-05
9.73525e-07
9.27331e-05
6.46156e-07
9.24825e-05
3.22171e-07
9.23152e-05
-9.87689e-16
9.22317e-05
-3.22171e-07
9.22317e-05
-6.46156e-07
9.23152e-05
-9.73525e-07
9.24825e-05
-1.30532e-06
9.27331e-05
-1.64172e-06
9.30657e-05
-1.9816e-06
9.34759e-05
-2.32199e-06
9.39546e-05
-2.65751e-06
9.44846e-05
-2.97966e-06
9.50366e-05
-3.27634e-06
9.55642e-05
-3.53157e-06
9.59976e-05
-3.72585e-06
9.62379e-05
-3.83735e-06
9.6152e-05
-3.84437e-06
9.55697e-05
-3.72901e-06
9.42861e-05
-3.48182e-06
9.20711e-05
-3.10664e-06
8.8687e-05
-2.62406e-06
8.39138e-05
-2.07198e-06
7.75787e-05
-1.50197e-06
6.95845e-05
-9.71169e-07
5.9927e-05
-5.31437e-07
4.86987e-05
-2.1858e-07
3.60742e-05
-4.52617e-08
2.2285e-05
7.59273e-06
3.51231e-08
7.55761e-06
1.79551e-07
2.21406e-05
4.48563e-07
3.58052e-05
8.35684e-07
4.83116e-05
1.31253e-06
5.94502e-05
1.83447e-06
6.90625e-05
2.35004e-06
7.70631e-05
2.81088e-06
8.34529e-05
3.17959e-06
8.83183e-05
3.43387e-06
9.18168e-05
3.56679e-06
9.41531e-05
3.58422e-06
9.55523e-05
3.5007e-06
9.62356e-05
3.33528e-06
9.64034e-05
3.10791e-06
9.62249e-05
2.83704e-06
9.58351e-05
2.53815e-06
9.53355e-05
2.22331e-06
9.47994e-05
1.90122e-06
9.42767e-05
1.57763e-06
9.37995e-05
1.25587e-06
9.33874e-05
9.37469e-07
9.30515e-05
6.22596e-07
9.27974e-05
3.1053e-07
9.26273e-05
-1.04476e-15
9.25422e-05
-3.1053e-07
9.25422e-05
-6.22596e-07
9.26273e-05
-9.37469e-07
9.27974e-05
-1.25587e-06
9.30515e-05
-1.57763e-06
9.33874e-05
-1.90122e-06
9.37995e-05
-2.22331e-06
9.42767e-05
-2.53815e-06
9.47994e-05
-2.83704e-06
9.53355e-05
-3.10791e-06
9.58351e-05
-3.33528e-06
9.62249e-05
-3.5007e-06
9.64034e-05
-3.58422e-06
9.62356e-05
-3.56679e-06
9.55523e-05
-3.43387e-06
9.41531e-05
-3.17959e-06
9.18168e-05
-2.81088e-06
8.83183e-05
-2.35004e-06
8.34529e-05
-1.83447e-06
7.70631e-05
-1.31253e-06
6.90625e-05
-8.35684e-07
5.94502e-05
-4.48563e-07
4.83116e-05
-1.79551e-07
3.58052e-05
-3.51231e-08
2.21406e-05
7.55761e-06
2.54924e-08
7.53212e-06
1.4269e-07
2.20234e-05
3.70539e-07
3.55774e-05
7.08252e-07
4.79738e-05
1.13411e-06
5.90243e-05
1.61e-06
6.85866e-05
2.08971e-06
7.65834e-05
2.52803e-06
8.30146e-05
2.88837e-06
8.7958e-05
3.1472e-06
9.1558e-05
3.29498e-06
9.40054e-05
3.33438e-06
9.55129e-05
3.27686e-06
9.62931e-05
3.13885e-06
9.65414e-05
2.93846e-06
9.64253e-05
2.69292e-06
9.60806e-05
2.41714e-06
9.56113e-05
2.12305e-06
9.50935e-05
1.81945e-06
9.45803e-05
1.51238e-06
9.41065e-05
1.20552e-06
9.36943e-05
9.00758e-07
9.33563e-05
5.98611e-07
9.30995e-05
2.98683e-07
9.29272e-05
-1.10268e-15
9.28409e-05
-2.98683e-07
9.28409e-05
-5.98611e-07
9.29272e-05
-9.00758e-07
9.30995e-05
-1.20552e-06
9.33563e-05
-1.51238e-06
9.36943e-05
-1.81945e-06
9.41065e-05
-2.12305e-06
9.45803e-05
-2.41714e-06
9.50935e-05
-2.69292e-06
9.56113e-05
-2.93846e-06
9.60806e-05
-3.13885e-06
9.64253e-05
-3.27686e-06
9.65414e-05
-3.33438e-06
9.62931e-05
-3.29498e-06
9.55129e-05
-3.1472e-06
9.40054e-05
-2.88837e-06
9.1558e-05
-2.52803e-06
8.7958e-05
-2.08971e-06
8.30146e-05
-1.61e-06
7.65834e-05
-1.13411e-06
6.85866e-05
-7.08252e-07
5.90243e-05
-3.70539e-07
4.79738e-05
-1.4269e-07
3.55774e-05
-2.54924e-08
2.20234e-05
7.53212e-06
1.62158e-08
7.5159e-06
1.07496e-07
2.19321e-05
2.96488e-07
3.53884e-05
5.87722e-07
4.76826e-05
9.65481e-07
5.86466e-05
1.39751e-06
6.81546e-05
1.84235e-06
7.61386e-05
2.25785e-06
8.25991e-05
2.60843e-06
8.76074e-05
2.8697e-06
9.12967e-05
3.02997e-06
9.38451e-05
3.08907e-06
9.54538e-05
3.05561e-06
9.63265e-05
2.94356e-06
9.66534e-05
2.76913e-06
9.65998e-05
2.54832e-06
9.63014e-05
2.29537e-06
9.58642e-05
2.02194e-06
9.5367e-05
1.73688e-06
9.48653e-05
1.44645e-06
9.4397e-05
1.15464e-06
9.39861e-05
8.63667e-07
9.36473e-05
5.74384e-07
9.33888e-05
2.86717e-07
9.32149e-05
-1.16081e-15
9.31276e-05
-2.86717e-07
9.31276e-05
-5.74384e-07
9.32149e-05
-8.63667e-07
9.33888e-05
-1.15464e-06
9.36473e-05
-1.44645e-06
9.39861e-05
-1.73688e-06
9.4397e-05
-2.02194e-06
9.48653e-05
-2.29537e-06
9.5367e-05
-2.54832e-06
9.58642e-05
-2.76913e-06
9.63014e-05
-2.94356e-06
9.65998e-05
-3.05561e-06
9.66534e-05
-3.08907e-06
9.63265e-05
-3.02997e-06
9.54538e-05
-2.8697e-06
9.38451e-05
-2.60843e-06
9.12967e-05
-2.25785e-06
8.76074e-05
-1.84235e-06
8.25991e-05
-1.39751e-06
7.61386e-05
-9.65481e-07
6.81546e-05
-5.87722e-07
5.86466e-05
-2.96488e-07
4.76826e-05
-1.07496e-07
3.53884e-05
-1.62158e-08
2.19321e-05
7.5159e-06
7.12118e-09
7.50878e-06
7.34528e-08
2.18658e-05
2.25543e-07
3.52363e-05
4.7299e-07
4.74352e-05
8.05492e-07
5.83141e-05
1.19597e-06
6.77641e-05
1.60727e-06
7.57273e-05
2.00009e-06
8.22063e-05
2.33996e-06
8.72675e-05
2.60198e-06
9.10347e-05
2.77266e-06
9.36744e-05
2.84939e-06
9.5377e-05
2.83815e-06
9.63378e-05
2.75057e-06
9.6741e-05
2.60102e-06
9.67493e-05
2.40424e-06
9.64982e-05
2.17369e-06
9.60948e-05
1.92071e-06
9.56199e-05
1.65413e-06
9.51319e-05
1.38034e-06
9.46707e-05
1.10362e-06
9.42628e-05
8.26475e-07
9.39244e-05
5.50096e-07
9.36652e-05
2.74724e-07
9.34903e-05
-1.21659e-15
9.34023e-05
-2.74724e-07
9.34023e-05
-5.50096e-07
9.34903e-05
-8.26475e-07
9.36652e-05
-1.10362e-06
9.39244e-05
-1.38034e-06
9.42628e-05
-1.65413e-06
9.46707e-05
-1.92071e-06
9.51319e-05
-2.17369e-06
9.56199e-05
-2.40424e-06
9.60948e-05
-2.60102e-06
9.64982e-05
-2.75057e-06
9.67493e-05
-2.83815e-06
9.6741e-05
-2.84939e-06
9.63378e-05
-2.77266e-06
9.5377e-05
-2.60198e-06
9.36744e-05
-2.33996e-06
9.10347e-05
-2.00009e-06
8.72675e-05
-1.60727e-06
8.22063e-05
-1.19597e-06
7.57273e-05
-8.05492e-07
6.77641e-05
-4.7299e-07
5.83141e-05
-2.25543e-07
4.74352e-05
-7.34528e-08
3.52363e-05
-7.12118e-09
2.18658e-05
7.50878e-06
-1.99416e-09
7.51077e-06
4.00034e-08
2.18238e-05
1.56829e-07
3.51195e-05
3.62996e-07
4.7229e-05
6.53052e-07
5.8024e-05
1.00443e-06
6.74127e-05
1.38379e-06
7.53479e-05
1.75444e-06
8.18356e-05
2.08309e-06
8.69389e-05
2.34454e-06
9.07733e-05
2.52388e-06
9.34951e-05
2.61634e-06
9.52846e-05
2.62557e-06
9.63286e-05
2.56099e-06
9.68056e-05
2.4352e-06
9.68751e-05
2.26163e-06
9.66718e-05
2.05295e-06
9.63035e-05
1.8201e-06
9.58528e-05
1.57179e-06
9.53802e-05
1.31454e-06
9.4928e-05
1.05283e-06
9.45245e-05
7.89457e-07
9.41878e-05
5.25928e-07
9.39287e-05
2.62793e-07
9.37534e-05
-1.26753e-15
9.36651e-05
-2.62793e-07
9.36651e-05
-5.25928e-07
9.37534e-05
-7.89457e-07
9.39287e-05
-1.05283e-06
9.41878e-05
-1.31454e-06
9.45245e-05
-1.57179e-06
9.4928e-05
-1.8201e-06
9.53802e-05
-2.05295e-06
9.58528e-05
-2.26163e-06
9.63035e-05
-2.4352e-06
9.66718e-05
-2.56099e-06
9.68751e-05
-2.62557e-06
9.68056e-05
-2.61634e-06
9.63286e-05
-2.52388e-06
9.52846e-05
-2.34454e-06
9.34951e-05
-2.08309e-06
9.07733e-05
-1.75444e-06
8.69389e-05
-1.38379e-06
8.18356e-05
-1.00443e-06
7.53479e-05
-6.53052e-07
6.74127e-05
-3.62996e-07
5.8024e-05
-1.56829e-07
4.7229e-05
-4.00034e-08
3.51195e-05
1.99416e-09
2.18238e-05
7.51077e-06
-1.13797e-08
7.52215e-06
6.52878e-09
2.18059e-05
8.94522e-08
3.50365e-05
2.56718e-07
4.70617e-05
5.07159e-07
5.77736e-05
8.22057e-07
6.70978e-05
1.17133e-06
7.49987e-05
1.52065e-06
8.14863e-05
1.83791e-06
8.66216e-05
2.09781e-06
9.05134e-05
2.28432e-06
9.33086e-05
2.39083e-06
9.51781e-05
2.41888e-06
9.63005e-05
2.37586e-06
9.68486e-05
2.27265e-06
9.69783e-05
2.12141e-06
9.6823e-05
1.93397e-06
9.64909e-05
1.72079e-06
9.6066e-05
1.49046e-06
9.56105e-05
1.24951e-06
9.51689e-05
1.00264e-06
9.47714e-05
7.5289e-07
9.44375e-05
5.02062e-07
9.41795e-05
2.51013e-07
9.40045e-05
-1.30926e-15
9.39161e-05
-2.51013e-07
9.39161e-05
-5.02062e-07
9.40045e-05
-7.5289e-07
9.41795e-05
-1.00264e-06
9.44375e-05
-1.24951e-06
9.47714e-05
-1.49046e-06
9.51689e-05
-1.72079e-06
9.56105e-05
-1.93397e-06
9.6066e-05
-2.12141e-06
9.64909e-05
-2.27265e-06
9.6823e-05
-2.37586e-06
9.69783e-05
-2.41888e-06
9.68486e-05
-2.39083e-06
9.63005e-05
-2.28432e-06
9.51781e-05
-2.09781e-06
9.33086e-05
-1.83791e-06
9.05134e-05
-1.52065e-06
8.66216e-05
-1.17133e-06
8.14863e-05
-8.22057e-07
7.49987e-05
-5.07159e-07
6.70978e-05
-2.56719e-07
5.77736e-05
-8.94522e-08
4.70617e-05
-6.52879e-09
3.50365e-05
1.13797e-08
2.18059e-05
7.52215e-06
-2.13531e-08
7.54351e-06
-2.76723e-08
2.18122e-05
2.24956e-08
3.49864e-05
1.53198e-07
4.6931e-05
3.66928e-07
5.75598e-05
6.48109e-07
6.68166e-05
9.69384e-07
7.46774e-05
1.29852e-06
8.11572e-05
1.60453e-06
8.63156e-05
1.86222e-06
9.02557e-05
2.05466e-06
9.31161e-05
2.17371e-06
9.5059e-05
2.21903e-06
9.62552e-05
2.19616e-06
9.68715e-05
2.11433e-06
9.70601e-05
1.98447e-06
9.69529e-05
1.81753e-06
9.66578e-05
1.62349e-06
9.626e-05
1.4107e-06
9.58233e-05
1.18574e-06
9.53939e-05
9.53424e-07
9.50037e-05
7.17047e-07
9.46739e-05
4.78677e-07
9.44179e-05
2.39474e-07
9.42437e-05
-1.33657e-15
9.41556e-05
-2.39474e-07
9.41556e-05
-4.78677e-07
9.42437e-05
-7.17047e-07
9.44179e-05
-9.53424e-07
9.46739e-05
-1.18574e-06
9.50037e-05
-1.4107e-06
9.53939e-05
-1.62349e-06
9.58233e-05
-1.81753e-06
9.626e-05
-1.98447e-06
9.66578e-05
-2.11433e-06
9.69529e-05
-2.19616e-06
9.70601e-05
-2.21903e-06
9.68715e-05
-2.17371e-06
9.62552e-05
-2.05466e-06
9.5059e-05
-1.86222e-06
9.31161e-05
-1.60453e-06
9.02557e-05
-1.29852e-06
8.63156e-05
-9.69384e-07
8.11572e-05
-6.48109e-07
7.46774e-05
-3.66928e-07
6.68166e-05
-1.53198e-07
5.75598e-05
-2.24957e-08
4.6931e-05
2.76723e-08
3.49864e-05
2.13531e-08
2.18122e-05
7.54351e-06
-3.23231e-08
7.57583e-06
-6.33975e-08
2.18432e-05
-4.49624e-08
3.49679e-05
5.15729e-08
4.68345e-05
2.31639e-07
5.73798e-05
4.82047e-07
6.65662e-05
7.77628e-07
7.43818e-05
1.08795e-06
8.08469e-05
1.38312e-06
8.60204e-05
1.63818e-06
9.00006e-05
1.83555e-06
9.29188e-05
1.96579e-06
9.49288e-05
2.02693e-06
9.61941e-05
2.02282e-06
9.68756e-05
1.96116e-06
9.71218e-05
1.85166e-06
9.70624e-05
1.70441e-06
9.68051e-05
1.52885e-06
9.64356e-05
1.3331e-06
9.60191e-05
1.12369e-06
9.56033e-05
9.05555e-07
9.52218e-05
6.82198e-07
9.48973e-05
4.55952e-07
9.46441e-05
2.28264e-07
9.44713e-05
-1.34303e-15
9.43839e-05
-2.28264e-07
9.43839e-05
-4.55952e-07
9.44713e-05
-6.82198e-07
9.46441e-05
-9.05555e-07
9.48973e-05
-1.12369e-06
9.52218e-05
-1.3331e-06
9.56033e-05
-1.52885e-06
9.60191e-05
-1.70441e-06
9.64356e-05
-1.85166e-06
9.68051e-05
-1.96116e-06
9.70624e-05
-2.02282e-06
9.71218e-05
-2.02693e-06
9.68756e-05
-1.96579e-06
9.61941e-05
-1.83555e-06
9.49288e-05
-1.63818e-06
9.29188e-05
-1.38312e-06
9.00006e-05
-1.08795e-06
8.60204e-05
-7.77628e-07
8.08469e-05
-4.82047e-07
7.43818e-05
-2.31639e-07
6.65662e-05
-5.15729e-08
5.73798e-05
4.49623e-08
4.68345e-05
6.33975e-08
3.49679e-05
3.23231e-08
2.18432e-05
7.57583e-06
-4.48186e-08
7.62065e-06
-1.01539e-07
2.19e-05
-1.13797e-07
3.49802e-05
-4.88389e-08
4.67695e-05
1.00817e-07
5.72301e-05
3.23582e-07
6.63435e-05
5.95947e-07
7.41094e-05
8.89017e-07
8.05538e-05
1.17398e-06
8.57355e-05
1.42619e-06
8.97484e-05
1.62764e-06
9.27173e-05
1.76787e-06
9.47885e-05
1.84347e-06
9.61185e-05
1.85676e-06
9.68623e-05
1.81404e-06
9.71645e-05
1.72383e-06
9.71526e-05
1.59538e-06
9.69335e-05
1.43756e-06
9.65934e-05
1.25823e-06
9.61984e-05
1.06383e-06
9.57977e-05
8.59395e-07
9.54263e-05
6.48614e-07
9.5108e-05
4.34063e-07
9.48587e-05
2.17471e-07
9.46879e-05
-1.32032e-15
9.46013e-05
-2.17471e-07
9.46013e-05
-4.34063e-07
9.46879e-05
-6.48614e-07
9.48587e-05
-8.59395e-07
9.5108e-05
-1.06383e-06
9.54263e-05
-1.25823e-06
9.57977e-05
-1.43756e-06
9.61984e-05
-1.59538e-06
9.65934e-05
-1.72383e-06
9.69335e-05
-1.81404e-06
9.71526e-05
-1.85676e-06
9.71645e-05
-1.84347e-06
9.68623e-05
-1.76787e-06
9.61185e-05
-1.62764e-06
9.47885e-05
-1.42619e-06
9.27173e-05
-1.17398e-06
8.97484e-05
-8.89017e-07
8.57355e-05
-5.95947e-07
8.05538e-05
-3.23582e-07
7.41094e-05
-1.00817e-07
6.63435e-05
4.88389e-08
5.72301e-05
1.13797e-07
4.67695e-05
1.01539e-07
3.49802e-05
4.48186e-08
2.19e-05
7.62065e-06
-5.95095e-08
7.68016e-06
-1.43047e-07
2.19835e-05
-1.84739e-07
3.50219e-05
-1.4842e-07
4.67332e-05
-2.56459e-08
5.71073e-05
1.72781e-07
6.6145e-05
4.24535e-07
7.38577e-05
7.02048e-07
8.02763e-05
9.77546e-07
8.546e-05
1.22684e-06
8.94991e-05
1.43168e-06
9.25125e-05
1.5808e-06
9.46394e-05
1.66955e-06
9.60297e-05
1.69891e-06
9.68329e-05
1.67387e-06
9.71896e-05
1.60183e-06
9.72246e-05
1.49119e-06
9.70442e-05
1.35028e-06
9.67343e-05
1.18664e-06
9.63621e-05
1.00662e-06
9.59777e-05
8.15308e-07
9.56176e-05
6.16561e-07
9.53068e-05
4.13186e-07
9.50621e-05
2.07182e-07
9.48939e-05
-1.26073e-15
9.48085e-05
-2.07182e-07
9.48085e-05
-4.13186e-07
9.48939e-05
-6.16561e-07
9.50621e-05
-8.15308e-07
9.53068e-05
-1.00662e-06
9.56176e-05
-1.18664e-06
9.59777e-05
-1.35028e-06
9.63621e-05
-1.49119e-06
9.67343e-05
-1.60183e-06
9.70442e-05
-1.67387e-06
9.72246e-05
-1.69891e-06
9.71896e-05
-1.66955e-06
9.68329e-05
-1.5808e-06
9.60297e-05
-1.43168e-06
9.46394e-05
-1.22684e-06
9.25125e-05
-9.77546e-07
8.94991e-05
-7.02048e-07
8.546e-05
-4.24535e-07
8.02763e-05
-1.72781e-07
7.38577e-05
2.56459e-08
6.6145e-05
1.4842e-07
5.71073e-05
1.84739e-07
4.67332e-05
1.43046e-07
3.50219e-05
5.95095e-08
2.19835e-05
7.68016e-06
-7.7217e-08
7.75738e-06
-1.88829e-07
2.20951e-05
-2.58186e-07
3.50912e-05
-2.47055e-07
4.67221e-05
-1.47328e-07
5.70076e-05
3.02031e-08
6.59675e-05
2.64011e-07
7.36239e-05
5.27705e-07
8.00126e-05
7.9456e-07
8.51931e-05
1.04095e-06
8.92527e-05
1.24858e-06
9.23048e-05
1.40553e-06
9.44825e-05
1.50618e-06
9.59291e-05
1.55027e-06
9.67888e-05
1.5416e-06
9.71982e-05
1.48653e-06
9.72797e-05
1.39264e-06
9.71381e-05
1.26769e-06
9.68592e-05
1.11891e-06
9.65108e-05
9.52525e-07
9.61441e-05
7.73658e-07
9.57965e-05
5.86307e-07
9.54941e-05
3.93496e-07
9.52549e-05
1.97483e-07
9.509e-05
-1.15408e-15
9.5006e-05
-1.97483e-07
9.5006e-05
-3.93496e-07
9.509e-05
-5.86307e-07
9.52549e-05
-7.73658e-07
9.54941e-05
-9.52525e-07
9.57965e-05
-1.11891e-06
9.61441e-05
-1.26769e-06
9.65108e-05
-1.39264e-06
9.68592e-05
-1.48653e-06
9.71381e-05
-1.5416e-06
9.72797e-05
-1.55027e-06
9.71982e-05
-1.50618e-06
9.67888e-05
-1.40553e-06
9.59291e-05
-1.24858e-06
9.44825e-05
-1.04095e-06
9.23048e-05
-7.9456e-07
8.92527e-05
-5.27705e-07
8.51931e-05
-2.64011e-07
8.00126e-05
-3.02031e-08
7.36239e-05
1.47328e-07
6.59675e-05
2.47055e-07
5.70076e-05
2.58186e-07
4.67221e-05
1.88829e-07
3.50912e-05
7.7217e-08
2.20951e-05
7.75738e-06
-9.89212e-08
7.8563e-06
-2.3957e-07
2.22358e-05
-3.33928e-07
3.51856e-05
-3.43876e-07
4.6732e-05
-2.63066e-07
5.69268e-05
-1.02931e-07
6.58074e-05
1.15559e-07
7.34054e-05
3.67131e-07
7.9761e-05
6.26148e-07
8.49341e-05
8.69654e-07
8.90092e-05
1.07947e-06
9.2095e-05
1.24324e-06
9.43187e-05
1.3545e-06
9.58178e-05
1.41195e-06
9.67314e-05
1.41828e-06
9.71919e-05
1.37889e-06
9.73191e-05
1.30056e-06
9.72164e-05
1.19052e-06
9.69693e-05
1.05564e-06
9.66457e-05
9.02034e-07
9.62977e-05
7.34819e-07
9.59637e-05
5.58123e-07
9.56708e-05
3.75169e-07
9.54378e-05
1.8846e-07
9.52767e-05
-9.94977e-16
9.51945e-05
-1.8846e-07
9.51945e-05
-3.75169e-07
9.52767e-05
-5.58123e-07
9.54378e-05
-7.34819e-07
9.56708e-05
-9.02034e-07
9.59637e-05
-1.05564e-06
9.62977e-05
-1.19052e-06
9.66457e-05
-1.30056e-06
9.69693e-05
-1.37889e-06
9.72164e-05
-1.41828e-06
9.73191e-05
-1.41195e-06
9.71919e-05
-1.3545e-06
9.67314e-05
-1.24324e-06
9.58178e-05
-1.07947e-06
9.43187e-05
-8.69654e-07
9.2095e-05
-6.26148e-07
8.90092e-05
-3.67131e-07
8.49341e-05
-1.15559e-07
7.9761e-05
1.02931e-07
7.34054e-05
2.63066e-07
6.58074e-05
3.43876e-07
5.69268e-05
3.33928e-07
4.6732e-05
2.3957e-07
3.51856e-05
9.89212e-08
2.22358e-05
7.8563e-06
-1.25767e-07
7.98206e-06
-2.95368e-07
2.24054e-05
-4.10719e-07
3.5301e-05
-4.36915e-07
4.67582e-05
-3.70708e-07
5.68606e-05
-2.24543e-07
6.56612e-05
-1.88902e-08
7.31997e-05
2.22121e-07
7.952e-05
4.74007e-07
8.46822e-05
7.14595e-07
8.87686e-05
9.25957e-07
9.18837e-05
1.09547e-06
9.41492e-05
1.21599e-06
9.56973e-05
1.28531e-06
9.66621e-05
1.30515e-06
9.7172e-05
1.28e-06
9.73442e-05
1.21592e-06
9.72805e-05
1.11957e-06
9.70656e-05
9.97494e-07
9.67678e-05
8.55657e-07
9.64396e-05
6.99179e-07
9.61201e-05
5.32286e-07
9.58377e-05
3.58384e-07
9.56117e-05
1.80201e-07
9.54549e-05
-7.77726e-16
9.53747e-05
-1.80201e-07
9.53747e-05
-3.58384e-07
9.54549e-05
-5.32286e-07
9.56117e-05
-6.99179e-07
9.58377e-05
-8.55657e-07
9.61201e-05
-9.97494e-07
9.64396e-05
-1.11957e-06
9.67678e-05
-1.21592e-06
9.70656e-05
-1.28e-06
9.72805e-05
-1.30515e-06
9.73442e-05
-1.28531e-06
9.7172e-05
-1.21599e-06
9.66621e-05
-1.09547e-06
9.56973e-05
-9.25957e-07
9.41492e-05
-7.14595e-07
9.18837e-05
-4.74007e-07
8.87686e-05
-2.22121e-07
8.46822e-05
1.88902e-08
7.952e-05
2.24543e-07
7.31997e-05
3.70708e-07
6.56612e-05
4.36915e-07
5.68606e-05
4.10719e-07
4.67582e-05
2.95368e-07
3.5301e-05
1.25767e-07
2.24054e-05
7.98206e-06
-1.5846e-07
8.14052e-06
-3.54635e-07
2.26015e-05
-4.85348e-07
3.54317e-05
-5.22463e-07
4.67953e-05
-4.66651e-07
5.68048e-05
-3.31331e-07
6.55259e-05
-1.36341e-07
7.30047e-05
9.54207e-08
7.92882e-05
3.40691e-07
8.44369e-05
5.78165e-07
8.85312e-05
7.9029e-07
9.16715e-05
9.64317e-07
9.39751e-05
1.09258e-06
9.5569e-05
1.17211e-06
9.65825e-05
1.20376e-06
9.71404e-05
1.1912e-06
9.73568e-05
1.13981e-06
9.73319e-05
1.05573e-06
9.71497e-05
9.45174e-07
9.68783e-05
8.13947e-07
9.65708e-05
6.67144e-07
9.62669e-05
5.0908e-07
9.59958e-05
3.43317e-07
9.57775e-05
1.72792e-07
9.56254e-05
-5.10508e-16
9.55474e-05
-1.72792e-07
9.55474e-05
-3.43317e-07
9.56254e-05
-5.0908e-07
9.57775e-05
-6.67144e-07
9.59958e-05
-8.13947e-07
9.62669e-05
-9.45174e-07
9.65708e-05
-1.05573e-06
9.68783e-05
-1.13981e-06
9.71497e-05
-1.1912e-06
9.73319e-05
-1.20376e-06
9.73568e-05
-1.17211e-06
9.71404e-05
-1.09258e-06
9.65825e-05
-9.64317e-07
9.5569e-05
-7.9029e-07
9.39751e-05
-5.78165e-07
9.16715e-05
-3.40691e-07
8.85312e-05
-9.54207e-08
8.44369e-05
1.36341e-07
7.92882e-05
3.31331e-07
7.30047e-05
4.66651e-07
6.55259e-05
5.22463e-07
5.68048e-05
4.85348e-07
4.67953e-05
3.54635e-07
3.54317e-05
1.5846e-07
2.26015e-05
8.14052e-06
-1.94016e-07
8.33454e-06
-4.11208e-07
2.28187e-05
-5.50636e-07
3.55711e-05
-5.93644e-07
4.68383e-05
-5.4473e-07
5.67559e-05
-4.17821e-07
6.5399e-05
-2.31878e-07
7.28188e-05
-8.50065e-09
7.90649e-05
2.30291e-07
8.41981e-05
4.6411e-07
8.82973e-05
6.75869e-07
9.14598e-05
8.52829e-07
9.37982e-05
9.86952e-07
9.54349e-05
1.07464e-06
9.64948e-05
1.11603e-06
9.7099e-05
1.11406e-06
9.73588e-05
1.07348e-06
9.73725e-05
9.99952e-07
9.72232e-05
8.99381e-07
9.69789e-05
7.77394e-07
9.66928e-05
6.3905e-07
9.64053e-05
4.88719e-07
9.61461e-05
3.30095e-07
9.59361e-05
1.66289e-07
9.57892e-05
-2.1329e-16
9.57137e-05
-1.66289e-07
9.57137e-05
-3.30095e-07
9.57892e-05
-4.88719e-07
9.59361e-05
-6.3905e-07
9.61461e-05
-7.77394e-07
9.64053e-05
-8.99381e-07
9.66928e-05
-9.99952e-07
9.69789e-05
-1.07348e-06
9.72232e-05
-1.11406e-06
9.73725e-05
-1.11603e-06
9.73588e-05
-1.07464e-06
9.7099e-05
-9.86952e-07
9.64948e-05
-8.52829e-07
9.54349e-05
-6.75869e-07
9.37982e-05
-4.6411e-07
9.14598e-05
-2.30291e-07
8.82973e-05
8.50065e-09
8.41981e-05
2.31878e-07
7.90649e-05
4.17821e-07
7.28188e-05
5.4473e-07
6.5399e-05
5.93644e-07
5.67559e-05
5.50636e-07
4.68383e-05
4.11208e-07
3.55711e-05
1.94016e-07
2.28187e-05
8.33454e-06
-2.18819e-07
8.55336e-06
-4.51863e-07
2.30518e-05
-5.94136e-07
3.57134e-05
-6.39517e-07
4.68837e-05
-5.9528e-07
5.67116e-05
-4.75247e-07
6.5279e-05
-2.97395e-07
7.2641e-05
-8.20913e-08
7.88496e-05
1.49809e-07
8.39662e-05
3.78831e-07
8.80683e-05
5.88431e-07
9.12502e-05
7.66016e-07
9.36206e-05
9.03353e-07
9.52976e-05
9.964e-07
9.64018e-05
1.04472e-06
9.70507e-05
1.05066e-06
9.73528e-05
1.01843e-06
9.74047e-05
9.53259e-07
9.72884e-05
8.60754e-07
9.70714e-05
7.46359e-07
9.68072e-05
6.15065e-07
9.65366e-05
4.71262e-07
9.62899e-05
3.18723e-07
9.60887e-05
1.60686e-07
9.59472e-05
6.44703e-17
9.58744e-05
-1.60686e-07
9.58744e-05
-3.18723e-07
9.59472e-05
-4.71262e-07
9.60887e-05
-6.15065e-07
9.62899e-05
-7.46359e-07
9.65366e-05
-8.60754e-07
9.68072e-05
-9.53259e-07
9.70714e-05
-1.01843e-06
9.72884e-05
-1.05066e-06
9.74047e-05
-1.04472e-06
9.73528e-05
-9.964e-07
9.70507e-05
-9.03353e-07
9.64018e-05
-7.66016e-07
9.52976e-05
-5.88431e-07
9.36206e-05
-3.78831e-07
9.12502e-05
-1.49809e-07
8.80683e-05
8.20913e-08
8.39662e-05
2.97395e-07
7.88496e-05
4.75247e-07
7.2641e-05
5.9528e-07
6.5279e-05
6.39517e-07
5.67116e-05
5.94136e-07
4.68837e-05
4.51863e-07
3.57134e-05
2.18819e-07
2.30518e-05
8.55336e-06
-2.48041e-07
-4.81357e-07
-6.1927e-07
-6.6266e-07
-6.19125e-07
-5.02178e-07
-3.29154e-07
-1.19578e-07
1.06594e-07
3.30697e-07
5.36792e-07
7.12625e-07
8.50036e-07
9.44841e-07
9.96314e-07
1.00644e-06
9.79053e-07
9.19094e-07
8.31902e-07
7.22752e-07
5.96536e-07
4.57607e-07
3.09747e-07
1.56241e-07
2.23601e-16
-1.56241e-07
-3.09747e-07
-4.57607e-07
-5.96536e-07
-7.22752e-07
-8.31902e-07
-9.19094e-07
-9.79053e-07
-1.00644e-06
-9.96314e-07
-9.44841e-07
-8.50036e-07
-7.12625e-07
-5.36792e-07
-3.30697e-07
-1.06594e-07
1.19578e-07
3.29154e-07
5.02178e-07
6.19125e-07
6.6266e-07
6.1927e-07
4.81357e-07
2.48041e-07
)
;

boundaryField
{
    left
    {
        type            calculated;
        value           uniform 0;
    }
    right
    {
        type            calculated;
        value           uniform 0;
    }
    up
    {
        type            calculated;
        value           nonuniform List<scalar> 
50
(
8.8014e-06
2.32851e-05
3.58513e-05
4.69271e-05
5.66681e-05
6.5162e-05
7.24679e-05
7.864e-05
8.37401e-05
8.78442e-05
9.10441e-05
9.34448e-05
9.51601e-05
9.6307e-05
9.69992e-05
9.73427e-05
9.74321e-05
9.73484e-05
9.71586e-05
9.69163e-05
9.66628e-05
9.64289e-05
9.62365e-05
9.61007e-05
9.60307e-05
9.60307e-05
9.61007e-05
9.62365e-05
9.64289e-05
9.66628e-05
9.69163e-05
9.71586e-05
9.73484e-05
9.74321e-05
9.73427e-05
9.69992e-05
9.6307e-05
9.51601e-05
9.34448e-05
9.10441e-05
8.78442e-05
8.37401e-05
7.864e-05
7.24679e-05
6.5162e-05
5.66681e-05
4.69271e-05
3.58513e-05
2.32851e-05
8.8014e-06
)
;
    }
    down
    {
        type            calculated;
        value           nonuniform List<scalar> 
50
(
-8e-05
-8e-05
-8e-05
-8e-05
-8e-05
-8e-05
-8e-05
-8e-05
-8e-05
-8e-05
-8e-05
-8e-05
-8e-05
-8e-05
-8e-05
-8e-05
-8e-05
-8e-05
-8e-05
-8e-05
-8e-05
-8e-05
-8e-05
-8e-05
-8e-05
-8e-05
-8e-05
-8e-05
-8e-05
-8e-05
-8e-05
-8e-05
-8e-05
-8e-05
-8e-05
-8e-05
-8e-05
-8e-05
-8e-05
-8e-05
-8e-05
-8e-05
-8e-05
-8e-05
-8e-05
-8e-05
-8e-05
-8e-05
-8e-05
-8e-05
)
;
    }
    frontAndBack
    {
        type            empty;
        value           nonuniform 0();
    }
}


// ************************************************************************* //
