/*--------------------------------*- C++ -*----------------------------------*\
  =========                 |
  \\      /  F ield         | OpenFOAM: The Open Source CFD Toolbox
   \\    /   O peration     | Website:  https://openfoam.org
    \\  /    A nd           | Version:  6
     \\/     M anipulation  |
\*---------------------------------------------------------------------------*/
FoamFile
{
    version     2.0;
    format      ascii;
    class       volVectorField;
    location    "3200";
    object      U;
}
// * * * * * * * * * * * * * * * * * * * * * * * * * * * * * * * * * * * * * //

dimensions      [0 1 -1 0 0 0 0];

internalField   nonuniform List<vector> 
2500
(
(0.0200115 0.36237 -4.67547e-19)
(0.0401499 0.407146 -8.80422e-20)
(0.0222494 0.401658 2.58934e-20)
(0.0138057 0.400763 1.28456e-20)
(0.0094591 0.400419 7.97131e-21)
(0.00679298 0.400233 4.17565e-20)
(0.00511299 0.400148 0)
(0.00399075 0.400101 -2.97733e-20)
(0.0032035 0.400073 2.34588e-21)
(0.0026283 0.400055 1.92818e-21)
(0.00219276 0.400043 2.55462e-20)
(0.00185237 0.400034 0)
(0.00157872 0.400028 0)
(0.00135308 0.400023 -1.01995e-20)
(0.00116272 0.400019 4.37799e-22)
(0.000998783 0.400016 9.77058e-21)
(0.000854923 0.400014 -9.07261e-21)
(0.000726494 0.400012 9.07637e-21)
(0.000610012 0.40001 0)
(0.000502791 0.400009 -4.19097e-21)
(0.000402709 0.400008 4.19257e-21)
(0.000308041 0.400007 0)
(0.000217341 0.400007 0)
(0.000129353 0.400007 9.98566e-22)
(4.29442e-05 0.400006 -9.98905e-22)
(-4.29442e-05 0.400006 -9.98905e-22)
(-0.000129353 0.400007 9.98566e-22)
(-0.000217341 0.400007 0)
(-0.000308041 0.400007 0)
(-0.000402709 0.400008 4.19257e-21)
(-0.000502791 0.400009 -4.19097e-21)
(-0.000610012 0.40001 0)
(-0.000726494 0.400012 9.07637e-21)
(-0.000854923 0.400014 -9.07261e-21)
(-0.000998783 0.400016 9.77058e-21)
(-0.00116272 0.400019 4.37799e-22)
(-0.00135308 0.400023 -1.01995e-20)
(-0.00157872 0.400028 0)
(-0.00185237 0.400034 0)
(-0.00219276 0.400043 2.55462e-20)
(-0.0026283 0.400055 1.92818e-21)
(-0.0032035 0.400073 2.34588e-21)
(-0.00399075 0.400101 -2.97733e-20)
(-0.00511299 0.400148 0)
(-0.00679298 0.400233 4.17565e-20)
(-0.0094591 0.400419 7.97131e-21)
(-0.0138057 0.400763 1.28456e-20)
(-0.0222494 0.401658 2.58934e-20)
(-0.0401499 0.407146 -8.80422e-20)
(-0.0200115 0.36237 4.67547e-19)
(0.0253452 0.314021 1.7624e-19)
(0.0743936 0.408077 -2.9825e-19)
(0.054689 0.409155 1.13911e-19)
(0.0386623 0.405905 -6.7865e-20)
(0.0278484 0.403581 1.25092e-19)
(0.0205429 0.402218 -1.0683e-19)
(0.0156454 0.401448 4.97801e-20)
(0.0122635 0.400992 0)
(0.00985046 0.400709 0)
(0.00807287 0.400527 0)
(0.00672277 0.400404 0)
(0.00566761 0.40032 0)
(0.00482079 0.40026 0)
(0.00412434 0.400216 -1.37263e-20)
(0.00353854 0.400184 1.37357e-20)
(0.00303554 0.400159 1.26321e-20)
(0.00259538 0.400141 -1.264e-20)
(0.00220344 0.400127 0)
(0.00184873 0.400115 0)
(0.00152285 0.400107 0)
(0.00121913 0.4001 0)
(0.000932194 0.400095 2.72695e-21)
(0.000657542 0.400092 -2.72835e-21)
(0.000391274 0.40009 0)
(0.00012989 0.400088 0)
(-0.00012989 0.400088 0)
(-0.000391274 0.40009 0)
(-0.000657542 0.400092 -2.72835e-21)
(-0.000932194 0.400095 2.72695e-21)
(-0.00121913 0.4001 0)
(-0.00152285 0.400107 0)
(-0.00184873 0.400115 0)
(-0.00220344 0.400127 0)
(-0.00259538 0.400141 -1.264e-20)
(-0.00303554 0.400159 1.26321e-20)
(-0.00353854 0.400184 1.37357e-20)
(-0.00412434 0.400216 -1.37263e-20)
(-0.00482079 0.40026 0)
(-0.00566761 0.40032 0)
(-0.00672277 0.400404 0)
(-0.00807287 0.400527 0)
(-0.00985046 0.400709 0)
(-0.0122635 0.400992 0)
(-0.0156454 0.401448 4.97801e-20)
(-0.0205429 0.402218 -1.0683e-19)
(-0.0278484 0.403581 1.25092e-19)
(-0.0386623 0.405905 -6.7865e-20)
(-0.054689 0.409155 1.13911e-19)
(-0.0743936 0.408077 -2.9825e-19)
(-0.0253452 0.314021 1.7624e-19)
(0.0168197 0.264832 0)
(0.0775719 0.396795 0)
(0.072403 0.415299 -8.29818e-20)
(0.0578165 0.41328 1.50889e-19)
(0.0441538 0.409127 -6.79535e-20)
(0.0336525 0.406075 0)
(0.0260746 0.40412 -4.46714e-20)
(0.0206159 0.40288 4.47633e-20)
(0.0166253 0.40208 0)
(0.0136443 0.401551 0)
(0.011363 0.401192 0)
(0.00957345 0.400942 0)
(0.00813554 0.400764 0)
(0.00695328 0.400634 1.37378e-20)
(0.00595993 0.400538 -1.37483e-20)
(0.00510827 0.400466 0)
(0.00436423 0.400411 0)
(0.00370275 0.400369 1.18238e-20)
(0.00310501 0.400336 -1.18312e-20)
(0.00255653 0.400311 0)
(0.00204593 0.400292 0)
(0.00156398 0.400277 0)
(0.00110296 0.400267 0)
(0.000656241 0.400261 0)
(0.000217836 0.400257 0)
(-0.000217836 0.400257 0)
(-0.000656241 0.400261 0)
(-0.00110296 0.400267 0)
(-0.00156398 0.400277 0)
(-0.00204593 0.400292 0)
(-0.00255653 0.400311 0)
(-0.00310501 0.400336 -1.18312e-20)
(-0.00370275 0.400369 1.18238e-20)
(-0.00436423 0.400411 0)
(-0.00510827 0.400466 0)
(-0.00595993 0.400538 -1.37483e-20)
(-0.00695328 0.400634 1.37378e-20)
(-0.00813554 0.400764 0)
(-0.00957345 0.400942 0)
(-0.011363 0.401192 0)
(-0.0136443 0.401551 0)
(-0.0166253 0.40208 0)
(-0.0206159 0.40288 4.47633e-20)
(-0.0260746 0.40412 -4.46714e-20)
(-0.0336525 0.406075 0)
(-0.0441538 0.409127 -6.79535e-20)
(-0.0578165 0.41328 1.50889e-19)
(-0.072403 0.415299 -8.29818e-20)
(-0.0775719 0.396795 0)
(-0.0168197 0.264832 0)
(0.00759695 0.218289 0)
(0.0677893 0.37594 0)
(0.0780519 0.416193 0)
(0.070096 0.420031 0)
(0.0571554 0.41574 0)
(0.0452993 0.411268 0)
(0.0359048 0.407964 0)
(0.0287574 0.405701 0)
(0.0233565 0.404174 0)
(0.019239 0.403136 0)
(0.0160488 0.402418 0)
(0.0135283 0.401913 0)
(0.0114953 0.401551 0)
(0.00982076 0.401287 0)
(0.00841325 0.401091 0)
(0.00720697 0.400943 0)
(0.00615396 0.40083 0)
(0.00521872 0.400744 0)
(0.00437444 0.400677 0)
(0.00360048 0.400626 0)
(0.00288057 0.400586 0)
(0.00220152 0.400557 0)
(0.00155233 0.400536 0)
(0.000923508 0.400523 0)
(0.000306538 0.400516 0)
(-0.000306538 0.400516 0)
(-0.000923508 0.400523 0)
(-0.00155233 0.400536 0)
(-0.00220152 0.400557 0)
(-0.00288057 0.400586 0)
(-0.00360048 0.400626 0)
(-0.00437444 0.400677 0)
(-0.00521872 0.400744 0)
(-0.00615396 0.40083 0)
(-0.00720697 0.400943 0)
(-0.00841325 0.401091 0)
(-0.00982076 0.401287 0)
(-0.0114953 0.401551 0)
(-0.0135283 0.401913 0)
(-0.0160488 0.402418 0)
(-0.019239 0.403136 0)
(-0.0233565 0.404174 0)
(-0.0287574 0.405701 0)
(-0.0359048 0.407964 0)
(-0.0452993 0.411268 0)
(-0.0571554 0.41574 0)
(-0.070096 0.420031 0)
(-0.0780519 0.416193 0)
(-0.0677893 0.37594 0)
(-0.00759695 0.218289 0)
(0.00108338 0.18058 0)
(0.0541466 0.350288 0)
(0.0756915 0.410813 0)
(0.0760408 0.423952 0)
(0.0663984 0.421901 0)
(0.0549513 0.416969 0)
(0.0447391 0.412559 0)
(0.0364264 0.409247 0)
(0.0298783 0.406887 0)
(0.0247526 0.405227 0)
(0.0207138 0.404054 0)
(0.017489 0.403217 0)
(0.014871 0.402611 0)
(0.0127069 0.402167 0)
(0.0108844 0.401835 0)
(0.00932141 0.401585 0)
(0.00795698 0.401395 0)
(0.0067456 0.401248 0)
(0.00565266 0.401135 0)
(0.00465137 0.401048 0)
(0.00372054 0.400981 0)
(0.002843 0.400931 0)
(0.0020044 0.400896 0)
(0.00119235 0.400874 0)
(0.000395758 0.400863 0)
(-0.000395758 0.400863 0)
(-0.00119235 0.400874 0)
(-0.0020044 0.400896 0)
(-0.002843 0.400931 0)
(-0.00372054 0.400981 0)
(-0.00465137 0.401048 0)
(-0.00565266 0.401135 0)
(-0.0067456 0.401248 0)
(-0.00795698 0.401395 0)
(-0.00932141 0.401585 0)
(-0.0108844 0.401835 0)
(-0.0127069 0.402167 0)
(-0.014871 0.402611 0)
(-0.017489 0.403217 0)
(-0.0207138 0.404054 0)
(-0.0247526 0.405227 0)
(-0.0298783 0.406887 0)
(-0.0364264 0.409247 0)
(-0.0447391 0.412559 0)
(-0.0549513 0.416969 0)
(-0.0663984 0.421901 0)
(-0.0760408 0.423952 0)
(-0.0756915 0.410813 0)
(-0.0541466 0.350288 0)
(-0.00108338 0.18058 0)
(-0.00303957 0.151302 -7.14665e-20)
(0.0406746 0.323486 7.42207e-20)
(0.068803 0.400276 -7.18781e-20)
(0.0769579 0.424249 0)
(0.0720014 0.426571 0)
(0.0623657 0.422446 4.75989e-20)
(0.0523054 0.417481 -9.10257e-20)
(0.0434102 0.413287 4.33931e-20)
(0.0360422 0.410098 -3.66389e-20)
(0.0300857 0.407762 7.08429e-20)
(0.0252921 0.406068 -2.21021e-21)
(0.0214114 0.404838 -3.20261e-20)
(0.018233 0.403937 0)
(0.015591 0.40327 0)
(0.0133588 0.40277 1.3016e-20)
(0.011441 0.402392 -2.55388e-20)
(0.00976549 0.402103 1.25213e-20)
(0.00827755 0.401881 -1.17071e-20)
(0.00693522 0.401709 1.17161e-20)
(0.00570581 0.401576 -5.57111e-21)
(0.0045633 0.401475 1.0557e-22)
(0.00348656 0.4014 5.47296e-21)
(0.0024579 0.401347 -2.66921e-21)
(0.00146204 0.401312 2.67083e-21)
(0.000485256 0.401296 0)
(-0.000485256 0.401296 0)
(-0.00146204 0.401312 2.67083e-21)
(-0.0024579 0.401347 -2.66921e-21)
(-0.00348656 0.4014 5.47296e-21)
(-0.0045633 0.401475 1.0557e-22)
(-0.00570581 0.401576 -5.57111e-21)
(-0.00693522 0.401709 1.17161e-20)
(-0.00827755 0.401881 -1.17071e-20)
(-0.00976549 0.402103 1.25213e-20)
(-0.011441 0.402392 -2.55388e-20)
(-0.0133588 0.40277 1.3016e-20)
(-0.015591 0.40327 0)
(-0.018233 0.403937 0)
(-0.0214114 0.404838 -3.20261e-20)
(-0.0252921 0.406068 -2.21021e-21)
(-0.0300857 0.407762 7.08429e-20)
(-0.0360422 0.410098 -3.66389e-20)
(-0.0434102 0.413287 4.33931e-20)
(-0.0523054 0.417481 -9.10257e-20)
(-0.0623657 0.422446 4.75989e-20)
(-0.0720014 0.426571 0)
(-0.0769579 0.424249 0)
(-0.068803 0.400276 -7.18781e-20)
(-0.0406746 0.323486 7.42207e-20)
(0.00303957 0.151302 7.14665e-20)
(-0.00545784 0.128581 0)
(0.0290458 0.29757 0)
(0.0599165 0.386217 0)
(0.0743182 0.421014 -5.57809e-20)
(0.0744281 0.429187 5.56288e-20)
(0.0675354 0.427134 -4.6109e-20)
(0.0584553 0.422332 4.62767e-20)
(0.0495527 0.41758 0)
(0.0417234 0.41367 -3.61319e-20)
(0.0351477 0.410667 3.62306e-20)
(0.0297206 0.408421 3.16684e-20)
(0.0252523 0.406754 -4.66735e-20)
(0.0215513 0.405516 7.93163e-22)
(0.0184521 0.40459 1.41954e-20)
(0.0158215 0.403893 0)
(0.0135549 0.403362 0)
(0.0115714 0.402955 0)
(0.00980847 0.402642 -1.16394e-20)
(0.00821753 0.402399 1.1649e-20)
(0.00676032 0.402212 0)
(0.00540625 0.402069 -5.43915e-21)
(0.00413032 0.401963 8.12419e-21)
(0.00291156 0.401888 -5.33772e-21)
(0.00173182 0.401839 1.33663e-21)
(0.000574785 0.401816 1.32052e-21)
(-0.000574785 0.401816 1.32052e-21)
(-0.00173182 0.401839 1.33663e-21)
(-0.00291156 0.401888 -5.33772e-21)
(-0.00413032 0.401963 8.12419e-21)
(-0.00540625 0.402069 -5.43915e-21)
(-0.00676032 0.402212 0)
(-0.00821753 0.402399 1.1649e-20)
(-0.00980847 0.402642 -1.16394e-20)
(-0.0115714 0.402955 0)
(-0.0135549 0.403362 0)
(-0.0158215 0.403893 0)
(-0.0184521 0.40459 1.41954e-20)
(-0.0215513 0.405516 7.93163e-22)
(-0.0252523 0.406754 -4.66735e-20)
(-0.0297206 0.408421 3.16684e-20)
(-0.0351477 0.410667 3.62306e-20)
(-0.0417234 0.41367 -3.61319e-20)
(-0.0495527 0.41758 0)
(-0.0584553 0.422332 4.62767e-20)
(-0.0675354 0.427134 -4.6109e-20)
(-0.0744281 0.429187 5.56288e-20)
(-0.0743182 0.421014 -5.57809e-20)
(-0.0599165 0.386217 0)
(-0.0290458 0.29757 0)
(0.00545784 0.128581 0)
(-0.00669947 0.110923 -5.20937e-20)
(0.0197454 0.273583 5.32603e-20)
(0.0506724 0.370112 0)
(0.0694563 0.414756 -5.23109e-20)
(0.0743111 0.429555 5.20097e-20)
(0.0706294 0.430637 4.4448e-20)
(0.0631536 0.426767 -4.4581e-20)
(0.054759 0.421885 0)
(0.046827 0.417453 3.55033e-20)
(0.0398619 0.413851 -6.88556e-20)
(0.0339421 0.411059 6.46136e-20)
(0.0289704 0.408936 -3.13494e-20)
(0.0247964 0.407333 1.40415e-20)
(0.0212693 0.406119 -6.70614e-22)
(0.0182573 0.405197 -1.34102e-20)
(0.0156519 0.404492 0)
(0.0133664 0.403949 -1.19172e-20)
(0.0113322 0.40353 2.34862e-20)
(0.00949487 0.403205 -1.71954e-20)
(0.00781134 0.402954 5.63215e-21)
(0.00624671 0.402763 5.4033e-21)
(0.00477233 0.40262 -2.74337e-21)
(0.00336405 0.402519 -2.81102e-23)
(0.00200093 0.402454 -3.95052e-21)
(0.000664096 0.402422 1.31208e-21)
(-0.000664096 0.402422 1.31208e-21)
(-0.00200093 0.402454 -3.95052e-21)
(-0.00336405 0.402519 -2.81102e-23)
(-0.00477233 0.40262 -2.74337e-21)
(-0.00624671 0.402763 5.4033e-21)
(-0.00781134 0.402954 5.63215e-21)
(-0.00949487 0.403205 -1.71954e-20)
(-0.0113322 0.40353 2.34862e-20)
(-0.0133664 0.403949 -1.19172e-20)
(-0.0156519 0.404492 0)
(-0.0182573 0.405197 -1.34102e-20)
(-0.0212693 0.406119 -6.70614e-22)
(-0.0247964 0.407333 1.40415e-20)
(-0.0289704 0.408936 -3.13494e-20)
(-0.0339421 0.411059 6.46136e-20)
(-0.0398619 0.413851 -6.88556e-20)
(-0.046827 0.417453 3.55033e-20)
(-0.054759 0.421885 0)
(-0.0631536 0.426767 -4.4581e-20)
(-0.0706294 0.430637 4.4448e-20)
(-0.0743111 0.429555 5.20097e-20)
(-0.0694563 0.414756 -5.23109e-20)
(-0.0506724 0.370112 0)
(-0.0197454 0.273583 5.32603e-20)
(0.00669947 0.110923 -5.20937e-20)
(-0.0071673 0.0971765 0)
(0.0126763 0.251987 0)
(0.0420114 0.353131 -5.18751e-20)
(0.0634394 0.406149 5.07434e-20)
(0.0723183 0.427745 0)
(0.0719291 0.432734 -4.26947e-20)
(0.0664585 0.430515 4.2782e-20)
(0.0589925 0.425983 0)
(0.0512903 0.421292 0)
(0.0441679 0.417216 0)
(0.0379073 0.413922 0)
(0.0325281 0.411347 -1.45971e-20)
(0.0279407 0.409364 1.46258e-20)
(0.0240222 0.407843 0)
(0.0206513 0.406676 0)
(0.0177211 0.405777 0)
(0.0151424 0.405082 0)
(0.0128425 0.404543 5.73102e-21)
(0.0107626 0.404125 -5.73638e-21)
(0.00885529 0.403801 0)
(0.007082 0.403554 0)
(0.00541064 0.40337 0)
(0.00381406 0.403239 0)
(0.0022686 0.403155 0)
(0.000752937 0.403114 0)
(-0.000752937 0.403114 0)
(-0.0022686 0.403155 0)
(-0.00381406 0.403239 0)
(-0.00541064 0.40337 0)
(-0.007082 0.403554 0)
(-0.00885529 0.403801 0)
(-0.0107626 0.404125 -5.73638e-21)
(-0.0128425 0.404543 5.73102e-21)
(-0.0151424 0.405082 0)
(-0.0177211 0.405777 0)
(-0.0206513 0.406676 0)
(-0.0240222 0.407843 0)
(-0.0279407 0.409364 1.46258e-20)
(-0.0325281 0.411347 -1.45971e-20)
(-0.0379073 0.413922 0)
(-0.0441679 0.417216 0)
(-0.0512903 0.421292 0)
(-0.0589925 0.425983 0)
(-0.0664585 0.430515 4.2782e-20)
(-0.0719291 0.432734 -4.26947e-20)
(-0.0723183 0.427745 0)
(-0.0634394 0.406149 5.07434e-20)
(-0.0420114 0.353131 -5.18751e-20)
(-0.0126763 0.251987 0)
(0.0071673 0.0971765 0)
(-0.00715418 0.0864118 -4.16771e-21)
(0.00750864 0.23288 4.15627e-20)
(0.0343901 0.33613 -4.78443e-20)
(0.0570427 0.39589 4.66727e-20)
(0.069065 0.424001 0)
(0.07177 0.433356 0)
(0.0684965 0.433394 -3.84231e-20)
(0.0622683 0.42969 7.46226e-20)
(0.0550826 0.425045 -2.25192e-21)
(0.0480235 0.420661 -2.03816e-21)
(0.0415767 0.416943 -3.21221e-20)
(0.0358931 0.413945 0)
(0.030959 0.411584 -1.36957e-20)
(0.0266919 0.409745 1.37207e-20)
(0.0229893 0.408318 0)
(0.0197519 0.40721 1.20985e-20)
(0.0168913 0.406349 -4.16214e-22)
(0.0143332 0.405678 -1.17098e-20)
(0.0120159 0.405156 0)
(0.00988865 0.404752 0)
(0.00790949 0.404442 -5.31498e-21)
(0.00604333 0.404212 2.6982e-21)
(0.00426027 0.404048 5.21845e-21)
(0.00253408 0.403942 -1.30684e-21)
(0.000841056 0.403891 -1.2914e-21)
(-0.000841056 0.403891 -1.2914e-21)
(-0.00253408 0.403942 -1.30684e-21)
(-0.00426027 0.404048 5.21845e-21)
(-0.00604333 0.404212 2.6982e-21)
(-0.00790949 0.404442 -5.31498e-21)
(-0.00988865 0.404752 0)
(-0.0120159 0.405156 0)
(-0.0143332 0.405678 -1.17098e-20)
(-0.0168913 0.406349 -4.16214e-22)
(-0.0197519 0.40721 1.20985e-20)
(-0.0229893 0.408318 0)
(-0.0266919 0.409745 1.37207e-20)
(-0.030959 0.411584 -1.36957e-20)
(-0.0358931 0.413945 0)
(-0.0415767 0.416943 -3.21221e-20)
(-0.0480235 0.420661 -2.03816e-21)
(-0.0550826 0.425045 -2.25192e-21)
(-0.0622683 0.42969 7.46226e-20)
(-0.0684965 0.433394 -3.84231e-20)
(-0.07177 0.433356 0)
(-0.069065 0.424001 0)
(-0.0570427 0.39589 4.66727e-20)
(-0.0343901 0.33613 -4.78443e-20)
(-0.00750864 0.23288 4.15627e-20)
(0.00715418 0.0864118 -7.65737e-20)
(-0.00685755 0.0779027 -3.81664e-21)
(0.00386214 0.21615 3.77366e-20)
(0.0279628 0.319683 0)
(0.0507832 0.384605 0)
(0.0650681 0.418657 0)
(0.070495 0.432554 0)
(0.0694365 0.435304 0)
(0.0646419 0.432867 0)
(0.0582021 0.428584 0)
(0.0514043 0.424089 0)
(0.0449211 0.420056 1.48597e-20)
(0.0390386 0.416683 -2.90345e-20)
(0.0338294 0.413962 1.41681e-20)
(0.029261 0.411806 1.29113e-20)
(0.0252581 0.410111 -1.29332e-20)
(0.0217339 0.408784 0)
(0.0186053 0.407745 0)
(0.0157985 0.406932 0)
(0.0132504 0.406297 0)
(0.0109079 0.405804 0)
(0.00872654 0.405426 0)
(0.0066685 0.405144 0)
(0.00470137 0.404944 0)
(0.00279659 0.404815 0)
(0.000928206 0.404752 0)
(-0.000928206 0.404752 0)
(-0.00279659 0.404815 0)
(-0.00470137 0.404944 0)
(-0.0066685 0.405144 0)
(-0.00872654 0.405426 0)
(-0.0109079 0.405804 0)
(-0.0132504 0.406297 0)
(-0.0157985 0.406932 0)
(-0.0186053 0.407745 0)
(-0.0217339 0.408784 0)
(-0.0252581 0.410111 -1.29332e-20)
(-0.029261 0.411806 1.29113e-20)
(-0.0338294 0.413962 1.41681e-20)
(-0.0390386 0.416683 -2.90345e-20)
(-0.0449211 0.420056 1.48597e-20)
(-0.0514043 0.424089 0)
(-0.0582021 0.428584 0)
(-0.0646419 0.432867 0)
(-0.0694365 0.435304 0)
(-0.070495 0.432554 0)
(-0.0650681 0.418657 0)
(-0.0507832 0.384605 0)
(-0.0279628 0.319683 0)
(-0.00386214 0.21615 3.77366e-20)
(0.00685755 0.0779027 -6.92428e-20)
(-0.00640388 0.0710991 -3.41261e-21)
(0.00138667 0.201583 3.47875e-20)
(0.022711 0.304142 4.12493e-20)
(0.044974 0.372815 -4.00979e-20)
(0.0607318 0.412074 -3.91165e-20)
(0.0684231 0.43046 3.8828e-20)
(0.069467 0.436219 0)
(0.0661982 0.435419 -3.38676e-20)
(0.0606718 0.431809 1.78706e-20)
(0.0543032 0.427415 1.61314e-20)
(0.0479219 0.423194 1.45452e-20)
(0.0419442 0.419517 -2.84546e-20)
(0.0365333 0.416468 6.43774e-22)
(0.0317143 0.414005 2.59989e-20)
(0.0274454 0.412041 -5.10313e-22)
(0.0236578 0.410488 -1.22438e-20)
(0.0202771 0.409262 0)
(0.0172326 0.408299 0)
(0.0144616 0.407543 0)
(0.0119098 0.406955 0)
(0.00953061 0.406503 0)
(0.00728428 0.406166 2.56777e-21)
(0.00513612 0.405925 -2.5698e-21)
(0.00305542 0.405771 0)
(0.00101415 0.405696 0)
(-0.00101415 0.405696 0)
(-0.00305542 0.405771 0)
(-0.00513612 0.405925 -2.5698e-21)
(-0.00728428 0.406166 2.56777e-21)
(-0.00953061 0.406503 0)
(-0.0119098 0.406955 0)
(-0.0144616 0.407543 0)
(-0.0172326 0.408299 0)
(-0.0202771 0.409262 0)
(-0.0236578 0.410488 -1.22438e-20)
(-0.0274454 0.412041 -5.10313e-22)
(-0.0317143 0.414005 2.59989e-20)
(-0.0365333 0.416468 6.43774e-22)
(-0.0419442 0.419517 -2.84546e-20)
(-0.0479219 0.423194 1.45452e-20)
(-0.0543032 0.427415 1.61314e-20)
(-0.0606718 0.431809 1.78706e-20)
(-0.0661982 0.435419 -3.38676e-20)
(-0.069467 0.436219 0)
(-0.0684231 0.43046 3.8828e-20)
(-0.0607318 0.412074 -3.91165e-20)
(-0.044974 0.372815 -4.00979e-20)
(-0.022711 0.304142 4.12493e-20)
(-0.00138667 0.201583 3.47875e-20)
(0.00640388 0.0710991 -6.37247e-20)
(-0.0058717 0.0655919 0)
(-0.000209726 0.18893 3.75392e-20)
(0.0185289 0.289696 -7.46079e-20)
(0.0397802 0.360924 3.7473e-20)
(0.0563535 0.404602 0)
(0.0658321 0.427252 0)
(0.0687782 0.436172 -3.42624e-20)
(0.0670403 0.437299 3.42696e-20)
(0.0625338 0.434642 0)
(0.0567277 0.430563 1.48876e-20)
(0.0505708 0.426297 -1.49306e-20)
(0.0445957 0.4224 1.35848e-20)
(0.0390561 0.419068 -6.05752e-22)
(0.0340388 0.416318 -1.30411e-20)
(0.0295404 0.414093 0)
(0.0255149 0.412311 1.16206e-20)
(0.0218997 0.410895 -1.16377e-20)
(0.0186302 0.409774 0)
(0.0156453 0.408891 5.34133e-21)
(0.0128909 0.408202 -5.34693e-21)
(0.0103193 0.407672 0)
(0.00788887 0.407274 0)
(0.00556327 0.406991 0)
(0.00330984 0.406809 0)
(0.00109864 0.40672 0)
(-0.00109864 0.40672 0)
(-0.00330984 0.406809 0)
(-0.00556327 0.406991 0)
(-0.00788887 0.407274 0)
(-0.0103193 0.407672 0)
(-0.0128909 0.408202 -5.34693e-21)
(-0.0156453 0.408891 5.34133e-21)
(-0.0186302 0.409774 0)
(-0.0218997 0.410895 -1.16377e-20)
(-0.0255149 0.412311 1.16206e-20)
(-0.0295404 0.414093 0)
(-0.0340388 0.416318 -1.30411e-20)
(-0.0390561 0.419068 -6.05752e-22)
(-0.0445957 0.4224 1.35848e-20)
(-0.0505708 0.426297 -1.49306e-20)
(-0.0567277 0.430563 1.48876e-20)
(-0.0625338 0.434642 0)
(-0.0670403 0.437299 3.42696e-20)
(-0.0687782 0.436172 -3.42624e-20)
(-0.0658321 0.427252 0)
(-0.0563535 0.404602 0)
(-0.0397802 0.360924 3.7473e-20)
(-0.0185289 0.289696 -7.46079e-20)
(0.000209726 0.18893 3.75392e-20)
(0.0058717 0.0655919 0)
(-0.00530835 0.0610781 -2.67725e-20)
(-0.00115731 0.177941 0)
(0.0152756 0.276419 0)
(0.0352659 0.349232 -3.61138e-20)
(0.0521383 0.39655 3.54186e-20)
(0.0629507 0.42313 0)
(0.0675489 0.435235 0)
(0.0672792 0.438493 0)
(0.0638437 0.437031 0)
(0.058698 0.433473 0)
(0.0528684 0.42931 0)
(0.0469854 0.42529 0)
(0.0413873 0.421731 0)
(0.0362238 0.418724 0)
(0.0315338 0.416249 0)
(0.0272972 0.414244 0)
(0.0234669 0.412634 0)
(0.0199861 0.411352 0)
(0.0167976 0.410337 0)
(0.0138483 0.409542 0)
(0.0110901 0.408928 0)
(0.00848056 0.408468 0)
(0.00598165 0.408139 0)
(0.00355916 0.407928 0)
(0.00118146 0.407825 0)
(-0.00118146 0.407825 0)
(-0.00355916 0.407928 0)
(-0.00598165 0.408139 0)
(-0.00848056 0.408468 0)
(-0.0110901 0.408928 0)
(-0.0138483 0.409542 0)
(-0.0167976 0.410337 0)
(-0.0199861 0.411352 0)
(-0.0234669 0.412634 0)
(-0.0272972 0.414244 0)
(-0.0315338 0.416249 0)
(-0.0362238 0.418724 0)
(-0.0413873 0.421731 0)
(-0.0469854 0.42529 0)
(-0.0528684 0.42931 0)
(-0.058698 0.433473 0)
(-0.0638437 0.437031 0)
(-0.0672792 0.438493 0)
(-0.0675489 0.435235 0)
(-0.0629507 0.42313 0)
(-0.0521383 0.39655 3.54186e-20)
(-0.0352659 0.349232 -3.61138e-20)
(-0.0152756 0.276419 0)
(0.00115731 0.177941 0)
(0.00530835 0.0610781 2.67725e-20)
(-0.00474132 0.057334 -2.56134e-20)
(-0.00163147 0.168385 0)
(0.0128049 0.264312 3.42572e-20)
(0.0314307 0.337946 1.00021e-21)
(0.0482172 0.388185 -3.35445e-20)
(0.0599589 0.418295 0)
(0.0659392 0.433509 1.58097e-20)
(0.0670264 0.439022 -1.57808e-20)
(0.0646657 0.438948 0)
(0.0602438 0.436099 0)
(0.0548238 0.432186 0)
(0.0491111 0.428145 -1.29665e-20)
(0.0435201 0.424425 2.54711e-20)
(0.0382614 0.421198 -4.84094e-22)
(0.0334178 0.418493 -1.20414e-20)
(0.0289982 0.416272 0)
(0.0249731 0.414471 0)
(0.0212959 0.413025 0)
(0.0179148 0.411875 5.1866e-21)
(0.014779 0.41097 -1.02769e-20)
(0.011841 0.41027 5.08961e-21)
(0.0090577 0.409744 2.4695e-21)
(0.00639014 0.409368 -2.47162e-21)
(0.00380273 0.409126 0)
(0.0012624 0.409007 0)
(-0.0012624 0.409007 0)
(-0.00380273 0.409126 0)
(-0.00639014 0.409368 -2.47162e-21)
(-0.0090577 0.409744 2.4695e-21)
(-0.011841 0.41027 5.08961e-21)
(-0.014779 0.41097 -1.02769e-20)
(-0.0179148 0.411875 5.1866e-21)
(-0.0212959 0.413025 0)
(-0.0249731 0.414471 0)
(-0.0289982 0.416272 0)
(-0.0334178 0.418493 -1.20414e-20)
(-0.0382614 0.421198 -4.84094e-22)
(-0.0435201 0.424425 2.54711e-20)
(-0.0491111 0.428145 -1.29665e-20)
(-0.0548238 0.432186 0)
(-0.0602438 0.436099 0)
(-0.0646657 0.438948 0)
(-0.0670264 0.439022 -1.57808e-20)
(-0.0659392 0.433509 1.58097e-20)
(-0.0599589 0.418295 0)
(-0.0482172 0.388185 -3.35445e-20)
(-0.0314307 0.337946 1.00021e-21)
(-0.0128049 0.264312 3.42572e-20)
(0.00163147 0.168385 0)
(0.00474132 0.057334 2.56134e-20)
(-0.00418572 0.054194 0)
(-0.00176279 0.160058 0)
(0.0109806 0.253333 -3.24911e-20)
(0.0282367 0.327204 4.78056e-20)
(0.044665 0.379723 -1.59331e-20)
(0.0569916 0.412938 -1.5653e-20)
(0.0640858 0.431112 1.55395e-20)
(0.066388 0.438928 0)
(0.0650681 0.440388 -1.4154e-20)
(0.0614019 0.43841 1.41759e-20)
(0.0564522 0.434888 0)
(0.050976 0.430931 0)
(0.0454513 0.427121 0)
(0.040146 0.423718 1.17575e-20)
(0.0351864 0.420808 -1.17825e-20)
(0.030612 0.418383 0)
(0.0264131 0.416396 0)
(0.0225552 0.414788 0)
(0.0189935 0.413501 0)
(0.0156804 0.412484 0)
(0.0125698 0.411695 -2.46225e-21)
(0.00961876 0.4111 2.46462e-21)
(0.00678766 0.410674 -1.20549e-21)
(0.00403992 0.410399 6.06701e-22)
(0.00134124 0.410265 6.00217e-22)
(-0.00134124 0.410265 6.00217e-22)
(-0.00403992 0.410399 6.06701e-22)
(-0.00678766 0.410674 -1.20549e-21)
(-0.00961876 0.4111 2.46462e-21)
(-0.0125698 0.411695 -2.46225e-21)
(-0.0156804 0.412484 0)
(-0.0189935 0.413501 0)
(-0.0225552 0.414788 0)
(-0.0264131 0.416396 0)
(-0.030612 0.418383 0)
(-0.0351864 0.420808 -1.17825e-20)
(-0.040146 0.423718 1.17575e-20)
(-0.0454513 0.427121 0)
(-0.050976 0.430931 0)
(-0.0564522 0.434888 0)
(-0.0614019 0.43841 1.41759e-20)
(-0.0650681 0.440388 -1.4154e-20)
(-0.066388 0.438928 0)
(-0.0640858 0.431112 1.55395e-20)
(-0.0569916 0.412938 -1.5653e-20)
(-0.044665 0.379723 -1.59331e-20)
(-0.0282367 0.327204 4.78056e-20)
(-0.0109806 0.253333 -3.24911e-20)
(0.00176279 0.160058 0)
(0.00418572 0.054194 0)
(-0.00364915 0.0515347 -2.56337e-20)
(-0.00164708 0.152785 2.68716e-20)
(0.00968328 0.243415 0)
(0.0256266 0.317089 1.55172e-20)
(0.0415158 0.371332 -3.05044e-20)
(0.0541452 0.40723 1.51039e-20)
(0.0621016 0.428162 0)
(0.0654608 0.43827 1.41367e-20)
(0.0651188 0.441361 -1.41255e-20)
(0.0622131 0.440391 0)
(0.0577744 0.437389 1.27454e-20)
(0.0525877 0.433619 -2.50778e-20)
(0.0471814 0.429791 1.23321e-20)
(0.0418744 0.426263 5.74358e-21)
(0.036835 0.423178 -1.93547e-22)
(0.032134 0.420566 -1.75159e-22)
(0.0277828 0.418401 -1.56226e-22)
(0.0237606 0.416633 -1.37149e-22)
(0.0200306 0.41521 -5.12929e-21)
(0.01655 0.414079 0)
(0.0132746 0.413198 0)
(0.0101623 0.412533 0)
(0.00717325 0.412055 0)
(0.00427016 0.411748 0)
(0.0014178 0.411597 0)
(-0.0014178 0.411597 0)
(-0.00427016 0.411748 0)
(-0.00717325 0.412055 0)
(-0.0101623 0.412533 0)
(-0.0132746 0.413198 0)
(-0.01655 0.414079 0)
(-0.0200306 0.41521 -5.12929e-21)
(-0.0237606 0.416633 -1.37149e-22)
(-0.0277828 0.418401 -1.56226e-22)
(-0.032134 0.420566 -1.75159e-22)
(-0.036835 0.423178 -1.93547e-22)
(-0.0418744 0.426263 5.74358e-21)
(-0.0471814 0.429791 1.23321e-20)
(-0.0525877 0.433619 -2.50778e-20)
(-0.0577744 0.437389 1.27454e-20)
(-0.0622131 0.440391 0)
(-0.0651188 0.441361 -1.41255e-20)
(-0.0654608 0.43827 1.41367e-20)
(-0.0621016 0.428162 0)
(-0.0541452 0.40723 1.51039e-20)
(-0.0415158 0.371332 -3.05044e-20)
(-0.0256266 0.317089 1.55172e-20)
(-0.00968328 0.243415 0)
(0.00164708 0.152785 2.68716e-20)
(0.00364915 0.0515347 -2.56337e-20)
(-0.00313474 0.0492637 0)
(-0.00135395 0.146416 0)
(0.00881201 0.234476 1.47731e-20)
(0.0235349 0.307642 -1.43411e-20)
(0.0387752 0.363142 0)
(0.0514843 0.401321 0)
(0.0600761 0.424779 0)
(0.0643297 0.437117 0)
(0.0648833 0.441894 0)
(0.0627203 0.442036 0)
(0.0588146 0.439668 0)
(0.0539575 0.436183 0)
(0.0487138 0.432414 0)
(0.0434456 0.428811 5.60345e-21)
(0.0383608 0.425585 -5.61574e-21)
(0.0335605 0.422806 0)
(0.0290785 0.420474 -5.14321e-21)
(0.0249087 0.418553 5.15138e-21)
(0.0210235 0.416994 0)
(0.0173855 0.41575 2.41378e-21)
(0.0139537 0.414777 -2.4165e-21)
(0.010687 0.414039 0)
(0.00754597 0.41351 0)
(0.00449291 0.413168 -5.80077e-22)
(0.00149189 0.413 5.8052e-22)
(-0.00149189 0.413 5.8052e-22)
(-0.00449291 0.413168 -5.80077e-22)
(-0.00754597 0.41351 0)
(-0.010687 0.414039 0)
(-0.0139537 0.414777 -2.4165e-21)
(-0.0173855 0.41575 2.41378e-21)
(-0.0210235 0.416994 0)
(-0.0249087 0.418553 5.15138e-21)
(-0.0290785 0.420474 -5.14321e-21)
(-0.0335605 0.422806 0)
(-0.0383608 0.425585 -5.61574e-21)
(-0.0434456 0.428811 5.60345e-21)
(-0.0487138 0.432414 0)
(-0.0539575 0.436183 0)
(-0.0588146 0.439668 0)
(-0.0627203 0.442036 0)
(-0.0648833 0.441894 0)
(-0.0643297 0.437117 0)
(-0.0600761 0.424779 0)
(-0.0514843 0.401321 0)
(-0.0387752 0.363142 0)
(-0.0235349 0.307642 -1.43411e-20)
(-0.00881201 0.234476 1.47731e-20)
(0.00135395 0.146416 0)
(0.00313474 0.0492637 0)
(-0.0026431 0.0473108 1.13033e-20)
(-0.000933772 0.140824 1.3806e-20)
(0.00828337 0.226436 -1.33351e-20)
(0.021896 0.298876 0)
(0.0364308 0.355248 -1.40472e-20)
(0.0490486 0.395335 1.38214e-20)
(0.0580783 0.421074 0)
(0.0630675 0.435545 0)
(0.0644221 0.442021 1.27289e-20)
(0.0629663 0.443353 -1.27282e-20)
(0.0595991 0.441716 0)
(0.0550994 0.438606 -5.80338e-21)
(0.0500542 0.434969 5.81662e-21)
(0.0448608 0.431345 0)
(0.0397623 0.428014 0)
(0.0348892 0.425092 -5.15959e-21)
(0.0302976 0.422607 5.169e-21)
(0.0259969 0.420539 0)
(0.0219698 0.418849 0)
(0.0181851 0.417492 -2.36641e-21)
(0.0146055 0.416427 3.67626e-23)
(0.0111917 0.415617 2.3348e-21)
(0.00790499 0.415034 -1.14402e-21)
(0.00470766 0.414657 1.14499e-21)
(0.00156336 0.414472 0)
(-0.00156336 0.414472 0)
(-0.00470766 0.414657 1.14499e-21)
(-0.00790499 0.415034 -1.14402e-21)
(-0.0111917 0.415617 2.3348e-21)
(-0.0146055 0.416427 3.67626e-23)
(-0.0181851 0.417492 -2.36641e-21)
(-0.0219698 0.418849 0)
(-0.0259969 0.420539 0)
(-0.0302976 0.422607 5.169e-21)
(-0.0348892 0.425092 -5.15959e-21)
(-0.0397623 0.428014 0)
(-0.0448608 0.431345 0)
(-0.0500542 0.434969 5.81662e-21)
(-0.0550994 0.438606 -5.80338e-21)
(-0.0595991 0.441716 0)
(-0.0629663 0.443353 -1.27282e-20)
(-0.0644221 0.442021 1.27289e-20)
(-0.0630675 0.435545 0)
(-0.0580783 0.421074 0)
(-0.0490486 0.395335 1.38214e-20)
(-0.0364308 0.355248 -1.40472e-20)
(-0.021896 0.298876 0)
(-0.00828337 0.226436 -1.33351e-20)
(0.000933772 0.140824 1.3806e-20)
(0.0026431 0.0473108 -1.13033e-20)
(-0.0021735 0.0456224 -1.10307e-20)
(-0.00042288 0.135906 1.32971e-20)
(0.00802944 0.219214 -1.28563e-20)
(0.0206478 0.290787 0)
(0.0344586 0.347716 -1.34723e-20)
(0.0468586 0.389376 2.64772e-20)
(0.0561585 0.417148 -1.30824e-20)
(0.0617341 0.433627 0)
(0.0637894 0.441786 6.13451e-21)
(0.0629926 0.444356 -6.1307e-21)
(0.0601556 0.443528 0)
(0.0560296 0.440875 -5.62603e-21)
(0.0512107 0.437439 5.63805e-21)
(0.0461228 0.433849 0)
(0.0410394 0.430451 5.16647e-21)
(0.0361185 0.427412 -1.43428e-22)
(0.031438 0.42479 -5.04288e-21)
(0.0270231 0.422585 0)
(0.0228674 0.420768 -2.35633e-21)
(0.018947 0.419301 2.35946e-21)
(0.0152285 0.418144 1.1424e-21)
(0.0116753 0.417262 -1.14361e-21)
(0.00824956 0.416626 5.60719e-22)
(0.00491399 0.416213 -5.61199e-22)
(0.00163206 0.416011 0)
(-0.00163206 0.416011 0)
(-0.00491399 0.416213 -5.61199e-22)
(-0.00824956 0.416626 5.60719e-22)
(-0.0116753 0.417262 -1.14361e-21)
(-0.0152285 0.418144 1.1424e-21)
(-0.018947 0.419301 2.35946e-21)
(-0.0228674 0.420768 -2.35633e-21)
(-0.0270231 0.422585 0)
(-0.031438 0.42479 -5.04288e-21)
(-0.0361185 0.427412 -1.43428e-22)
(-0.0410394 0.430451 5.16647e-21)
(-0.0461228 0.433849 0)
(-0.0512107 0.437439 5.63805e-21)
(-0.0560296 0.440875 -5.62603e-21)
(-0.0601556 0.443528 0)
(-0.0629926 0.444356 -6.1307e-21)
(-0.0637894 0.441786 6.13451e-21)
(-0.0617341 0.433627 0)
(-0.0561585 0.417148 -1.30824e-20)
(-0.0468586 0.389376 2.64772e-20)
(-0.0344586 0.347716 -1.34723e-20)
(-0.0206478 0.290787 0)
(-0.00802944 0.219214 -1.28563e-20)
(0.00042288 0.135906 1.32971e-20)
(0.0021735 0.0456224 1.10307e-20)
(-0.00172451 0.0441567 0)
(0.00015245 0.131572 0)
(0.00799542 0.212733 -1.30642e-20)
(0.0197336 0.283353 6.16174e-21)
(0.0328285 0.340589 -7.84793e-23)
(0.044921 0.383528 4.7876e-24)
(0.054352 0.413092 6.39126e-23)
(0.060378 0.431438 1.22301e-20)
(0.0630329 0.441234 -1.31538e-22)
(0.0628378 0.445068 -5.90176e-21)
(0.0605116 0.445108 -5.59892e-21)
(0.0567654 0.442983 1.10542e-20)
(0.0521929 0.439812 -5.45777e-21)
(0.047236 0.436308 5.15895e-21)
(0.0421933 0.432883 -5.17003e-21)
(0.0372479 0.429754 2.45176e-21)
(0.0324982 0.427014 -6.05105e-23)
(0.0279855 0.424683 -2.3999e-21)
(0.0237148 0.422746 0)
(0.0196697 0.421172 1.13267e-21)
(0.0158217 0.419925 -1.64513e-23)
(0.0121369 0.418971 -1.11879e-21)
(0.00857901 0.418281 5.48933e-22)
(0.00511147 0.417833 -2.7608e-22)
(0.00169785 0.417613 -2.73538e-22)
(-0.00169785 0.417613 -2.73538e-22)
(-0.00511147 0.417833 -2.7608e-22)
(-0.00857901 0.418281 5.48933e-22)
(-0.0121369 0.418971 -1.11879e-21)
(-0.0158217 0.419925 -1.64513e-23)
(-0.0196697 0.421172 1.13267e-21)
(-0.0237148 0.422746 0)
(-0.0279855 0.424683 -2.3999e-21)
(-0.0324982 0.427014 -6.05105e-23)
(-0.0372479 0.429754 2.45176e-21)
(-0.0421933 0.432883 -5.17003e-21)
(-0.047236 0.436308 5.15895e-21)
(-0.0521929 0.439812 -5.45777e-21)
(-0.0567654 0.442983 1.10542e-20)
(-0.0605116 0.445108 -5.59892e-21)
(-0.0628378 0.445068 -5.90176e-21)
(-0.0630329 0.441234 -1.31538e-22)
(-0.060378 0.431438 1.22301e-20)
(-0.054352 0.413092 6.39126e-23)
(-0.044921 0.383528 4.7876e-24)
(-0.0328285 0.340589 -7.84793e-23)
(-0.0197336 0.283353 6.16174e-21)
(-0.00799542 0.212733 -1.30642e-20)
(-0.00015245 0.131572 0)
(0.00172451 0.0441567 0)
(-0.00129449 0.042881 -5.48898e-21)
(0.000773143 0.12775 1.19919e-20)
(0.00813723 0.206923 2.83991e-22)
(0.0191031 0.276549 -1.24005e-20)
(0.0315078 0.333894 6.14069e-21)
(0.0432321 0.377855 0)
(0.0526816 0.408983 0)
(0.0590368 0.429046 0)
(0.0621931 0.440414 0)
(0.0625373 0.445514 5.54532e-21)
(0.0606937 0.446465 -5.54561e-21)
(0.0573246 0.444925 0)
(0.0530115 0.44208 0)
(0.048206 0.438712 -2.50219e-21)
(0.0432263 0.435299 6.60045e-23)
(0.0382775 0.432109 2.44638e-21)
(0.0334774 0.429269 0)
(0.028883 0.426824 2.28691e-21)
(0.0245107 0.424776 -2.29044e-21)
(0.020352 0.4231 0)
(0.0163839 0.421765 0)
(0.0125756 0.42074 5.40465e-22)
(0.00889276 0.419997 -5.40992e-22)
(0.00529977 0.419514 -2.67267e-22)
(0.00176061 0.419276 2.67473e-22)
(-0.00176061 0.419276 2.67473e-22)
(-0.00529977 0.419514 -2.67267e-22)
(-0.00889276 0.419997 -5.40992e-22)
(-0.0125756 0.42074 5.40465e-22)
(-0.0163839 0.421765 0)
(-0.020352 0.4231 0)
(-0.0245107 0.424776 -2.29044e-21)
(-0.028883 0.426824 2.28691e-21)
(-0.0334774 0.429269 0)
(-0.0382775 0.432109 2.44638e-21)
(-0.0432263 0.435299 6.60045e-23)
(-0.048206 0.438712 -2.50219e-21)
(-0.0530115 0.44208 0)
(-0.0573246 0.444925 0)
(-0.0606937 0.446465 -5.54561e-21)
(-0.0625373 0.445514 5.54532e-21)
(-0.0621931 0.440414 0)
(-0.0590368 0.429046 0)
(-0.0526816 0.408983 0)
(-0.0432321 0.377855 0)
(-0.0315078 0.333894 6.14069e-21)
(-0.0191031 0.276549 -1.24005e-20)
(-0.00813723 0.206923 2.83991e-22)
(-0.000773143 0.12775 1.19919e-20)
(0.00129449 0.042881 -5.48898e-21)
(-0.000881759 0.0417692 5.15153e-21)
(0.00142525 0.124378 0)
(0.00841946 0.201723 0)
(0.0187123 0.270342 0)
(0.0304632 0.327644 0)
(0.0417817 0.372407 2.92903e-21)
(0.0511601 0.404887 -2.89145e-21)
(0.0577386 0.426513 -2.80052e-21)
(0.0613036 0.439375 2.78663e-21)
(0.0621225 0.445724 0)
(0.0607271 0.447612 0)
(0.0577253 0.446704 0)
(0.053678 0.444235 0)
(0.0490392 0.441051 0)
(0.0441416 0.437689 0)
(0.0392085 0.434466 0)
(0.0343757 0.431547 0)
(0.0297149 0.429003 0)
(0.0252541 0.426852 0)
(0.020993 0.425079 0)
(0.0169142 0.42366 0)
(0.0129907 0.422566 0)
(0.0091903 0.421771 0)
(0.00547859 0.421253 0)
(0.00182026 0.420998 0)
(-0.00182026 0.420998 0)
(-0.00547859 0.421253 0)
(-0.0091903 0.421771 0)
(-0.0129907 0.422566 0)
(-0.0169142 0.42366 0)
(-0.020993 0.425079 0)
(-0.0252541 0.426852 0)
(-0.0297149 0.429003 0)
(-0.0343757 0.431547 0)
(-0.0392085 0.434466 0)
(-0.0441416 0.437689 0)
(-0.0490392 0.441051 0)
(-0.053678 0.444235 0)
(-0.0577253 0.446704 0)
(-0.0607271 0.447612 0)
(-0.0621225 0.445724 0)
(-0.0613036 0.439375 2.78663e-21)
(-0.0577386 0.426513 -2.80052e-21)
(-0.0511601 0.404887 -2.89145e-21)
(-0.0417817 0.372407 2.92903e-21)
(-0.0304632 0.327644 0)
(-0.0187123 0.270342 0)
(-0.00841946 0.201723 0)
(-0.00142525 0.124378 0)
(0.000881759 0.0417692 -5.15153e-21)
(-0.000484746 0.0408003 0)
(0.00209844 0.121403 -2.9036e-21)
(0.00881356 0.197074 2.81669e-21)
(0.0185232 0.264699 0)
(0.0296626 0.321842 0)
(0.0405548 0.36722 0)
(0.0497926 0.40086 0)
(0.0565037 0.423897 0)
(0.0603916 0.438162 2.62763e-21)
(0.0616209 0.445729 -2.62034e-21)
(0.0606351 0.448565 1.25455e-21)
(0.0579849 0.448325 -1.25523e-21)
(0.0542042 0.446276 0)
(0.049743 0.443318 0)
(0.044943 0.440044 0)
(0.0400427 0.436817 0)
(0.0351934 0.433841 0)
(0.0304809 0.431213 5.40894e-22)
(0.0259444 0.428968 -5.41745e-22)
(0.021592 0.427105 0)
(0.0174122 0.425606 0)
(0.0133818 0.424445 -2.57024e-22)
(0.00947122 0.423599 2.57279e-22)
(0.00564767 0.423047 -1.27231e-22)
(0.00187669 0.422774 1.27328e-22)
(-0.00187669 0.422774 1.27328e-22)
(-0.00564767 0.423047 -1.27231e-22)
(-0.00947122 0.423599 2.57279e-22)
(-0.0133818 0.424445 -2.57024e-22)
(-0.0174122 0.425606 0)
(-0.021592 0.427105 0)
(-0.0259444 0.428968 -5.41745e-22)
(-0.0304809 0.431213 5.40894e-22)
(-0.0351934 0.433841 0)
(-0.0400427 0.436817 0)
(-0.044943 0.440044 0)
(-0.049743 0.443318 0)
(-0.0542042 0.446276 0)
(-0.0579849 0.448325 -1.25523e-21)
(-0.0606351 0.448565 1.25455e-21)
(-0.0616209 0.445729 -2.62034e-21)
(-0.0603916 0.438162 2.62763e-21)
(-0.0565037 0.423897 0)
(-0.0497926 0.40086 0)
(-0.0405548 0.36722 0)
(-0.0296626 0.321842 0)
(-0.0185232 0.264699 0)
(-0.00881356 0.197074 2.81669e-21)
(-0.00209844 0.121403 -2.9036e-21)
(0.000484746 0.0408003 0)
(-0.000102041 0.0399571 -1.23066e-21)
(0.00278497 0.118783 -7.02723e-22)
(0.0092964 0.192927 -2.28527e-23)
(0.0185028 0.259585 -7.125e-22)
(0.0290756 0.316485 6.79134e-22)
(0.0395341 0.362321 1.44387e-24)
(0.0485783 0.396946 5.78809e-24)
(0.0553452 0.421248 8.69378e-24)
(0.0594786 0.43682 1.06106e-23)
(0.0610557 0.445561 1.18644e-23)
(0.0604386 0.449343 1.26452e-23)
(0.0581198 0.449794 1.30504e-23)
(0.0546019 0.448202 1.31311e-23)
(0.0503249 0.445509 2.95853e-22)
(0.0456351 0.442356 -2.70997e-22)
(0.0407822 0.439154 1.17754e-23)
(0.0359313 0.436142 2.77826e-22)
(0.0311811 0.433446 4.94712e-24)
(0.0265814 0.431119 4.38122e-24)
(0.0221485 0.429173 1.31302e-22)
(0.0178771 0.427598 1.56235e-24)
(0.0137483 0.426373 1.22702e-24)
(0.0097352 0.425478 6.30272e-23)
(0.00580681 0.424892 3.12325e-23)
(0.00192985 0.424603 3.09901e-23)
(-0.00192985 0.424603 3.09901e-23)
(-0.00580681 0.424892 3.12325e-23)
(-0.0097352 0.425478 6.30272e-23)
(-0.0137483 0.426373 1.22702e-24)
(-0.0178771 0.427598 1.56235e-24)
(-0.0221485 0.429173 1.31302e-22)
(-0.0265814 0.431119 4.38122e-24)
(-0.0311811 0.433446 4.94712e-24)
(-0.0359313 0.436142 2.77826e-22)
(-0.0407822 0.439154 1.17754e-23)
(-0.0456351 0.442356 -2.70997e-22)
(-0.0503249 0.445509 2.95853e-22)
(-0.0546019 0.448202 1.31311e-23)
(-0.0581198 0.449794 1.30504e-23)
(-0.0604386 0.449343 1.26452e-23)
(-0.0610557 0.445561 1.18644e-23)
(-0.0594786 0.43682 1.06106e-23)
(-0.0553452 0.421248 8.69378e-24)
(-0.0485783 0.396946 5.78809e-24)
(-0.0395341 0.362321 1.44387e-24)
(-0.0290756 0.316485 6.79134e-22)
(-0.0185028 0.259585 -7.125e-22)
(-0.0092964 0.192927 -2.28527e-23)
(-0.00278497 0.118783 -7.02723e-22)
(0.000102041 0.0399571 1.23066e-21)
(0.000267579 0.0392256 -2.43395e-21)
(0.0034789 0.116479 -5.6291e-23)
(0.00984908 0.189237 6.41418e-22)
(0.0186226 0.254968 -1.05353e-23)
(0.0286737 0.311564 -3.35965e-24)
(0.0387004 0.357727 -6.45319e-22)
(0.0475121 0.393181 6.44209e-22)
(0.054271 0.418609 8.17886e-24)
(0.0585807 0.435388 9.72167e-24)
(0.0604463 0.445251 1.07134e-23)
(0.0601561 0.449966 5.90608e-22)
(0.0581455 0.451123 -5.67546e-22)
(0.0548825 0.450016 1.1752e-23)
(0.0507928 0.44762 2.84353e-22)
(0.0462227 0.444622 5.61397e-24)
(0.04143 0.441472 5.32951e-24)
(0.036591 0.438445 -2.53344e-22)
(0.031816 0.435696 2.63264e-22)
(0.0271649 0.433298 4.01459e-24)
(0.0226623 0.431277 1.27222e-22)
(0.0183088 0.429632 1.44004e-24)
(0.01409 0.428347 1.22614e-22)
(0.009982 0.427404 -1.20785e-22)
(0.00595586 0.426787 9.07912e-23)
(0.00197969 0.426481 3.01223e-23)
(-0.00197969 0.426481 3.01223e-23)
(-0.00595586 0.426787 9.07912e-23)
(-0.009982 0.427404 -1.20785e-22)
(-0.01409 0.428347 1.22614e-22)
(-0.0183088 0.429632 1.44004e-24)
(-0.0226623 0.431277 1.27222e-22)
(-0.0271649 0.433298 4.01459e-24)
(-0.031816 0.435696 2.63264e-22)
(-0.036591 0.438445 -2.53344e-22)
(-0.04143 0.441472 5.32951e-24)
(-0.0462227 0.444622 5.61397e-24)
(-0.0507928 0.44762 2.84353e-22)
(-0.0548825 0.450016 1.1752e-23)
(-0.0581455 0.451123 -5.67546e-22)
(-0.0601561 0.449966 5.90608e-22)
(-0.0604463 0.445251 1.07134e-23)
(-0.0585807 0.435388 9.72167e-24)
(-0.054271 0.418609 8.17886e-24)
(-0.0475121 0.393181 6.44209e-22)
(-0.0387004 0.357727 -6.45319e-22)
(-0.0286737 0.311564 -3.35965e-24)
(-0.0186226 0.254968 -1.05353e-23)
(-0.00984908 0.189237 6.41418e-22)
(-0.0034789 0.116479 -5.6291e-23)
(-0.000267579 0.0392256 -3.02152e-23)
(0.000625148 0.0385938 0)
(0.00417555 0.11446 0)
(0.010456 0.185964 0)
(0.0188582 0.250816 0)
(0.0284311 0.307066 0)
(0.0380342 0.353448 -2.48144e-21)
(0.0465857 0.389594 2.44665e-21)
(0.0532842 0.416016 0)
(0.0577094 0.433904 -2.31501e-21)
(0.0598083 0.444828 2.30548e-21)
(0.0598037 0.450454 -1.11078e-21)
(0.058076 0.452321 1.11032e-21)
(0.055057 0.451721 0)
(0.0511546 0.449652 0)
(0.0467111 0.446836 0)
(0.0419891 0.443763 0)
(0.0371741 0.440744 0)
(0.0323864 0.437958 -4.91716e-22)
(0.0276953 0.435501 4.92493e-22)
(0.0231333 0.433414 0)
(0.0187071 0.431703 0)
(0.0144067 0.430362 2.35632e-22)
(0.0102115 0.429375 -2.35868e-22)
(0.00609471 0.428726 1.16831e-22)
(0.00202616 0.428405 -1.16919e-22)
(-0.00202616 0.428405 -1.16919e-22)
(-0.00609471 0.428726 1.16831e-22)
(-0.0102115 0.429375 -2.35868e-22)
(-0.0144067 0.430362 2.35632e-22)
(-0.0187071 0.431703 0)
(-0.0231333 0.433414 0)
(-0.0276953 0.435501 4.92493e-22)
(-0.0323864 0.437958 -4.91716e-22)
(-0.0371741 0.440744 0)
(-0.0419891 0.443763 0)
(-0.0467111 0.446836 0)
(-0.0511546 0.449652 0)
(-0.055057 0.451721 0)
(-0.058076 0.452321 1.11032e-21)
(-0.0598037 0.450454 -1.11078e-21)
(-0.0598083 0.444828 2.30548e-21)
(-0.0577094 0.433904 -2.31501e-21)
(-0.0532842 0.416016 0)
(-0.0465857 0.389594 2.44665e-21)
(-0.0380342 0.353448 -2.48144e-21)
(-0.0284311 0.307066 0)
(-0.0188582 0.250816 0)
(-0.010456 0.185964 0)
(-0.00417555 0.11446 0)
(-0.000625148 0.0385938 0)
(0.000971516 0.0380521 -4.57025e-21)
(0.00487114 0.1127 0)
(0.011104 0.183073 0)
(0.0191883 0.247098 0)
(0.0283237 0.302976 0)
(0.0375161 0.349489 0)
(0.0457885 0.386206 0)
(0.0523842 0.413502 0)
(0.0568723 0.432399 0)
(0.059154 0.444321 0)
(0.059395 0.450828 0)
(0.057924 0.453402 0)
(0.0551359 0.453323 0)
(0.051418 0.451603 0)
(0.0471055 0.448996 0)
(0.042463 0.446025 0)
(0.0376826 0.443032 0)
(0.0328933 0.440226 0)
(0.0281732 0.437723 0)
(0.0235618 0.435578 0)
(0.019072 0.433809 0)
(0.0146983 0.432415 0)
(0.0104235 0.431386 0)
(0.00622331 0.430708 0)
(0.00206924 0.430372 0)
(-0.00206924 0.430372 0)
(-0.00622331 0.430708 0)
(-0.0104235 0.431386 0)
(-0.0146983 0.432415 0)
(-0.019072 0.433809 0)
(-0.0235618 0.435578 0)
(-0.0281732 0.437723 0)
(-0.0328933 0.440226 0)
(-0.0376826 0.443032 0)
(-0.042463 0.446025 0)
(-0.0471055 0.448996 0)
(-0.051418 0.451603 0)
(-0.0551359 0.453323 0)
(-0.057924 0.453402 0)
(-0.059395 0.450828 0)
(-0.059154 0.444321 0)
(-0.0568723 0.432399 0)
(-0.0523842 0.413502 0)
(-0.0457885 0.386206 0)
(-0.0375161 0.349489 0)
(-0.0283237 0.302976 0)
(-0.0191883 0.247098 0)
(-0.011104 0.183073 0)
(-0.00487114 0.1127 0)
(-0.000971516 0.0380521 4.57025e-21)
(0.00130737 0.0375921 4.51298e-21)
(0.00556248 0.111174 -9.69233e-21)
(0.011782 0.180533 -7.69247e-23)
(0.019594 0.243786 9.49536e-21)
(0.0283298 0.299278 -4.6613e-21)
(0.0371268 0.34585 0)
(0.0451085 0.383033 0)
(0.0515678 0.41109 0)
(0.0560736 0.430902 0)
(0.0584927 0.443756 -4.13839e-21)
(0.0589413 0.451107 4.12737e-21)
(0.0577004 0.454379 0)
(0.0551286 0.454828 0)
(0.0515904 0.453477 1.93377e-21)
(0.0474114 0.4511 -3.14957e-23)
(0.0428552 0.448253 -1.90803e-21)
(0.0381189 0.445306 0)
(0.0333383 0.442496 -1.82913e-21)
(0.0285991 0.439959 1.83198e-21)
(0.023948 0.437765 0)
(0.0194036 0.435944 0)
(0.0149649 0.434503 -4.40855e-22)
(0.0106181 0.433434 4.41293e-22)
(0.00634165 0.432729 2.18836e-22)
(0.00210893 0.432379 -2.18995e-22)
(-0.00210893 0.432379 -2.18995e-22)
(-0.00634165 0.432729 2.18836e-22)
(-0.0106181 0.433434 4.41293e-22)
(-0.0149649 0.434503 -4.40855e-22)
(-0.0194036 0.435944 0)
(-0.023948 0.437765 0)
(-0.0285991 0.439959 1.83198e-21)
(-0.0333383 0.442496 -1.82913e-21)
(-0.0381189 0.445306 0)
(-0.0428552 0.448253 -1.90803e-21)
(-0.0474114 0.4511 -3.14957e-23)
(-0.0515904 0.453477 1.93377e-21)
(-0.0551286 0.454828 0)
(-0.0577004 0.454379 0)
(-0.0589413 0.451107 4.12737e-21)
(-0.0584927 0.443756 -4.13839e-21)
(-0.0560736 0.430902 0)
(-0.0515678 0.41109 0)
(-0.0451085 0.383033 0)
(-0.0371268 0.34585 0)
(-0.0283298 0.299278 -4.6613e-21)
(-0.019594 0.243786 9.49536e-21)
(-0.011782 0.180533 -7.69247e-23)
(-0.00556248 0.111174 -9.69233e-21)
(-0.00130737 0.0375921 4.51298e-21)
(0.00163322 0.0372066 0)
(0.00624677 0.109863 9.45527e-21)
(0.0124803 0.178316 1.09081e-22)
(0.020059 0.240854 -4.52838e-21)
(0.0284294 0.295956 -1.66488e-23)
(0.0368477 0.342528 -3.86299e-23)
(0.0445326 0.380085 -5.10975e-23)
(0.0508293 0.408802 -8.28021e-21)
(0.0553148 0.429438 5.83603e-23)
(0.0578308 0.443156 4.00034e-21)
(0.0584516 0.451311 3.87254e-21)
(0.057415 0.455264 -7.67778e-21)
(0.0550437 0.456245 3.80996e-21)
(0.051679 0.455275 -3.69984e-21)
(0.0476341 0.453147 3.70448e-21)
(0.0431697 0.450443 -1.80111e-21)
(0.0384854 0.447562 2.50799e-23)
(0.0337229 0.444763 1.78183e-21)
(0.0289743 0.442204 0)
(0.0242927 0.439971 -8.62135e-22)
(0.0197023 0.438106 7.7592e-24)
(0.0152066 0.436621 8.56448e-22)
(0.0107954 0.435516 -4.23319e-22)
(0.00644975 0.434786 2.12519e-22)
(0.00214525 0.434423 2.11311e-22)
(-0.00214525 0.434423 2.11311e-22)
(-0.00644975 0.434786 2.12519e-22)
(-0.0107954 0.435516 -4.23319e-22)
(-0.0152066 0.436621 8.56448e-22)
(-0.0197023 0.438106 7.7592e-24)
(-0.0242927 0.439971 -8.62135e-22)
(-0.0289743 0.442204 0)
(-0.0337229 0.444763 1.78183e-21)
(-0.0384854 0.447562 2.50799e-23)
(-0.0431697 0.450443 -1.80111e-21)
(-0.0476341 0.453147 3.70448e-21)
(-0.051679 0.455275 -3.69984e-21)
(-0.0550437 0.456245 3.80996e-21)
(-0.057415 0.455264 -7.67778e-21)
(-0.0584516 0.451311 3.87254e-21)
(-0.0578308 0.443156 4.00034e-21)
(-0.0553148 0.429438 5.83603e-23)
(-0.0508293 0.408802 -8.28021e-21)
(-0.0445326 0.380085 -5.10975e-23)
(-0.0368477 0.342528 -3.86299e-23)
(-0.0284294 0.295956 -1.66488e-23)
(-0.020059 0.240854 -4.52838e-21)
(-0.0124803 0.178316 1.09081e-22)
(-0.00624677 0.109863 9.45527e-21)
(-0.00163322 0.0372066 0)
(0.00194946 0.0368896 8.37011e-21)
(0.00692145 0.108749 -9.09035e-21)
(0.0131902 0.176399 8.85133e-21)
(0.0205682 0.238278 0)
(0.028604 0.292992 8.47221e-21)
(0.036661 0.339518 -1.65571e-20)
(0.0440473 0.377368 8.11648e-21)
(0.0501615 0.406653 0)
(0.054595 0.428027 -3.81975e-21)
(0.0571725 0.442541 3.79894e-21)
(0.0579332 0.451456 0)
(0.0570758 0.456071 3.62733e-21)
(0.0548891 0.45758 -3.62623e-21)
(0.0516902 0.457 0)
(0.0477787 0.455138 -3.48803e-21)
(0.0434101 0.452595 4.56713e-23)
(0.0387848 0.449796 3.45271e-21)
(0.0340487 0.447024 0)
(0.0292996 0.444455 1.67109e-21)
(0.0245964 0.442192 -1.67343e-21)
(0.0199684 0.440289 -8.22769e-22)
(0.0154237 0.438766 8.23696e-22)
(0.0109555 0.437629 -4.07512e-22)
(0.0065477 0.436876 4.07855e-22)
(0.0021782 0.436501 0)
(-0.0021782 0.436501 0)
(-0.0065477 0.436876 4.07855e-22)
(-0.0109555 0.437629 -4.07512e-22)
(-0.0154237 0.438766 8.23696e-22)
(-0.0199684 0.440289 -8.22769e-22)
(-0.0245964 0.442192 -1.67343e-21)
(-0.0292996 0.444455 1.67109e-21)
(-0.0340487 0.447024 0)
(-0.0387848 0.449796 3.45271e-21)
(-0.0434101 0.452595 4.56713e-23)
(-0.0477787 0.455138 -3.48803e-21)
(-0.0516902 0.457 0)
(-0.0548891 0.45758 -3.62623e-21)
(-0.0570758 0.456071 3.62733e-21)
(-0.0579332 0.451456 0)
(-0.0571725 0.442541 3.79894e-21)
(-0.054595 0.428027 -3.81975e-21)
(-0.0501615 0.406653 0)
(-0.0440473 0.377368 8.11648e-21)
(-0.036661 0.339518 -1.65571e-20)
(-0.028604 0.292992 8.47221e-21)
(-0.0205682 0.238278 0)
(-0.0131902 0.176399 8.85133e-21)
(-0.00692145 0.108749 -9.09035e-21)
(-0.00194946 0.0368896 -8.37011e-21)
(0.00225635 0.0366362 -8.09239e-21)
(0.00758408 0.107818 -8.71786e-21)
(0.0139041 0.17476 8.49179e-21)
(0.0211083 0.236035 0)
(0.0288365 0.290369 8.05068e-21)
(0.0365495 0.336812 -7.90912e-21)
(0.0436386 0.374887 0)
(0.0495559 0.404656 0)
(0.0539117 0.426686 0)
(0.0565199 0.44193 0)
(0.0573913 0.451561 0)
(0.0566895 0.456811 3.44421e-21)
(0.0546716 0.458842 -3.44241e-21)
(0.0516302 0.458658 0)
(0.0478503 0.457073 0)
(0.0435803 0.454706 3.29104e-21)
(0.03902 0.452005 -3.29595e-21)
(0.0343179 0.449273 0)
(0.0295766 0.446707 0)
(0.0248601 0.444425 1.58898e-21)
(0.0202026 0.442491 -1.20184e-23)
(0.0156165 0.440935 -1.58073e-21)
(0.0110986 0.43977 7.82796e-22)
(0.00663562 0.438995 -7.83445e-22)
(0.00220784 0.438609 0)
(-0.00220784 0.438609 0)
(-0.00663562 0.438995 -7.83445e-22)
(-0.0110986 0.43977 7.82796e-22)
(-0.0156165 0.440935 -1.58073e-21)
(-0.0202026 0.442491 -1.20184e-23)
(-0.0248601 0.444425 1.58898e-21)
(-0.0295766 0.446707 0)
(-0.0343179 0.449273 0)
(-0.03902 0.452005 -3.29595e-21)
(-0.0435803 0.454706 3.29104e-21)
(-0.0478503 0.457073 0)
(-0.0516302 0.458658 0)
(-0.0546716 0.458842 -3.44241e-21)
(-0.0566895 0.456811 3.44421e-21)
(-0.0573913 0.451561 0)
(-0.0565199 0.44193 0)
(-0.0539117 0.426686 0)
(-0.0495559 0.404656 0)
(-0.0436386 0.374887 0)
(-0.0365495 0.336812 -7.90912e-21)
(-0.0288365 0.290369 8.05068e-21)
(-0.0211083 0.236035 0)
(-0.0139041 0.17476 8.49179e-21)
(-0.00758408 0.107818 -8.71786e-21)
(-0.00225635 0.0366362 8.09239e-21)
(0.002554 0.0364419 0)
(0.00823221 0.107056 0)
(0.0146144 0.17338 -8.1131e-21)
(0.0216666 0.234105 7.92515e-21)
(0.0291109 0.288071 0)
(0.0364966 0.334402 0)
(0.0432926 0.372641 0)
(0.0490032 0.402818 0)
(0.0532605 0.425429 0)
(0.0558735 0.441338 0)
(0.0568296 0.451637 0)
(0.0562618 0.457497 0)
(0.0543971 0.460038 0)
(0.0515047 0.460251 -3.19169e-21)
(0.0478536 0.458953 3.19437e-21)
(0.0436841 0.456776 0)
(0.0391936 0.454187 3.10695e-21)
(0.0345324 0.451509 -3.11154e-21)
(0.0298066 0.448957 0)
(0.0250847 0.446665 -1.51976e-21)
(0.0204056 0.444707 1.52165e-21)
(0.0157856 0.443125 0)
(0.011225 0.441935 0)
(0.00671365 0.441142 3.74367e-22)
(0.0022342 0.440746 -3.74619e-22)
(-0.0022342 0.440746 -3.74619e-22)
(-0.00671365 0.441142 3.74367e-22)
(-0.011225 0.441935 0)
(-0.0157856 0.443125 0)
(-0.0204056 0.444707 1.52165e-21)
(-0.0250847 0.446665 -1.51976e-21)
(-0.0298066 0.448957 0)
(-0.0345324 0.451509 -3.11154e-21)
(-0.0391936 0.454187 3.10695e-21)
(-0.0436841 0.456776 0)
(-0.0478536 0.458953 3.19437e-21)
(-0.0515047 0.460251 -3.19169e-21)
(-0.0543971 0.460038 0)
(-0.0562618 0.457497 0)
(-0.0568296 0.451637 0)
(-0.0558735 0.441338 0)
(-0.0532605 0.425429 0)
(-0.0490032 0.402818 0)
(-0.0432926 0.372641 0)
(-0.0364966 0.334402 0)
(-0.0291109 0.288071 0)
(-0.0216666 0.234105 7.92515e-21)
(-0.0146144 0.17338 -8.1131e-21)
(-0.00823221 0.107056 0)
(-0.002554 0.0364419 0)
(0.00284244 0.0363032 1.49842e-20)
(0.00886334 0.106453 -1.59283e-20)
(0.0153142 0.172242 0)
(0.0222312 0.232469 -7.44494e-21)
(0.029412 0.28608 1.44891e-20)
(0.0364865 0.332276 -7.06997e-21)
(0.0429953 0.370628 0)
(0.0484933 0.401145 -6.5749e-21)
(0.0526363 0.424266 6.51828e-21)
(0.0552324 0.440778 0)
(0.0562506 0.4517 -6.22707e-21)
(0.055797 0.458138 1.23675e-20)
(0.0540709 0.461176 -6.14882e-21)
(0.0513187 0.461785 -3.02091e-21)
(0.047793 0.46078 2.5944e-23)
(0.0437251 0.458805 2.56308e-23)
(0.0393087 0.45634 2.50738e-23)
(0.0346944 0.453729 2.40565e-23)
(0.0299912 0.451202 2.93798e-21)
(0.0252715 0.448909 0)
(0.0205781 0.446936 0)
(0.0159314 0.445332 0)
(0.0113351 0.444121 0)
(0.00678201 0.443312 0)
(0.00225736 0.442907 0)
(-0.00225736 0.442907 0)
(-0.00678201 0.443312 0)
(-0.0113351 0.444121 0)
(-0.0159314 0.445332 0)
(-0.0205781 0.446936 0)
(-0.0252715 0.448909 0)
(-0.0299912 0.451202 2.93798e-21)
(-0.0346944 0.453729 2.40565e-23)
(-0.0393087 0.45634 2.50738e-23)
(-0.0437251 0.458805 2.56308e-23)
(-0.047793 0.46078 2.5944e-23)
(-0.0513187 0.461785 -3.02091e-21)
(-0.0540709 0.461176 -6.14882e-21)
(-0.055797 0.458138 1.23675e-20)
(-0.0562506 0.4517 -6.22707e-21)
(-0.0552324 0.440778 0)
(-0.0526363 0.424266 6.51828e-21)
(-0.0484933 0.401145 -6.5749e-21)
(-0.0429953 0.370628 0)
(-0.0364865 0.332276 -7.06997e-21)
(-0.029412 0.28608 1.44891e-20)
(-0.0222312 0.232469 -7.44494e-21)
(-0.0153142 0.172242 0)
(-0.00886334 0.106453 -1.59283e-20)
(-0.00284244 0.0363032 1.49842e-20)
(0.00312159 0.0362173 0)
(0.00947476 0.106 0)
(0.0159965 0.171333 1.45453e-20)
(0.0227907 0.231111 -2.12262e-20)
(0.0297253 0.284382 1.12395e-22)
(0.0365038 0.330423 6.64146e-21)
(0.0427331 0.368843 0)
(0.048016 0.399639 0)
(0.052033 0.423204 6.02703e-21)
(0.0545946 0.440261 -5.98909e-21)
(0.0556555 0.451758 0)
(0.0552984 0.458745 0)
(0.0536974 0.462263 0)
(0.0510767 0.463264 -5.69913e-21)
(0.0476729 0.462556 2.87062e-21)
(0.0437069 0.460791 2.83457e-21)
(0.039368 0.458462 0)
(0.0348062 0.455929 0)
(0.0301321 0.453439 0)
(0.0254215 0.451154 0)
(0.020721 0.449173 1.37298e-21)
(0.0160546 0.447553 -1.37446e-21)
(0.0114293 0.446326 6.82746e-22)
(0.00684092 0.445503 -3.42313e-22)
(0.00227739 0.445091 -3.4119e-22)
(-0.00227739 0.445091 -3.4119e-22)
(-0.00684092 0.445503 -3.42313e-22)
(-0.0114293 0.446326 6.82746e-22)
(-0.0160546 0.447553 -1.37446e-21)
(-0.020721 0.449173 1.37298e-21)
(-0.0254215 0.451154 0)
(-0.0301321 0.453439 0)
(-0.0348062 0.455929 0)
(-0.039368 0.458462 0)
(-0.0437069 0.460791 2.83457e-21)
(-0.0476729 0.462556 2.87062e-21)
(-0.0510767 0.463264 -5.69913e-21)
(-0.0536974 0.462263 0)
(-0.0552984 0.458745 0)
(-0.0556555 0.451758 0)
(-0.0545946 0.440261 -5.98909e-21)
(-0.052033 0.423204 6.02703e-21)
(-0.048016 0.399639 0)
(-0.0427331 0.368843 0)
(-0.0365038 0.330423 6.64146e-21)
(-0.0297253 0.284382 1.12395e-22)
(-0.0227907 0.231111 -2.12262e-20)
(-0.0159965 0.171333 1.45453e-20)
(-0.00947476 0.106 0)
(-0.00312159 0.0362173 0)
(0.00339124 0.036182 1.36971e-20)
(0.0100635 0.105689 0)
(0.0166541 0.170639 -1.36712e-20)
(0.0233339 0.230015 2.35999e-22)
(0.0300368 0.282961 1.28707e-20)
(0.0365338 0.328833 0)
(0.0424926 0.367279 -5.89673e-21)
(0.0475609 0.398299 5.8293e-21)
(0.0514441 0.422249 0)
(0.0539573 0.439795 0)
(0.0550447 0.451822 0)
(0.0547686 0.459325 5.41876e-21)
(0.0532803 0.463306 -1.07951e-20)
(0.050783 0.464692 2.64118e-23)
(0.0474972 0.464283 5.35774e-21)
(0.0436332 0.462735 0)
(0.0393746 0.460553 0)
(0.03487 0.458109 0)
(0.0302311 0.455665 -2.62269e-21)
(0.0255363 0.453397 5.23923e-21)
(0.0208354 0.451416 -2.61628e-21)
(0.0161558 0.449786 -1.29909e-21)
(0.0115081 0.448546 1.30028e-21)
(0.00689066 0.447713 0)
(0.00229438 0.447295 0)
(-0.00229438 0.447295 0)
(-0.00689066 0.447713 0)
(-0.0115081 0.448546 1.30028e-21)
(-0.0161558 0.449786 -1.29909e-21)
(-0.0208354 0.451416 -2.61628e-21)
(-0.0255363 0.453397 5.23923e-21)
(-0.0302311 0.455665 -2.62269e-21)
(-0.03487 0.458109 0)
(-0.0393746 0.460553 0)
(-0.0436332 0.462735 0)
(-0.0474972 0.464283 5.35774e-21)
(-0.050783 0.464692 2.64118e-23)
(-0.0532803 0.463306 -1.07951e-20)
(-0.0547686 0.459325 5.41876e-21)
(-0.0550447 0.451822 0)
(-0.0539573 0.439795 0)
(-0.0514441 0.422249 0)
(-0.0475609 0.398299 5.8293e-21)
(-0.0424926 0.367279 -5.89673e-21)
(-0.0365338 0.328833 0)
(-0.0300368 0.282961 1.28707e-20)
(-0.0233339 0.230015 2.35999e-22)
(-0.0166541 0.170639 -1.36712e-20)
(-0.0100635 0.105689 0)
(-0.00339124 0.036182 -1.36971e-20)
(0.00365108 0.0361961 1.2999e-20)
(0.0106262 0.105516 0)
(0.0172794 0.17015 0)
(0.0238495 0.229166 0)
(0.0303329 0.281802 0)
(0.0365624 0.327492 0)
(0.0422608 0.36593 0)
(0.0471176 0.397125 0)
(0.0508626 0.421404 0)
(0.0533174 0.439386 0)
(0.0544179 0.451899 0)
(0.0542095 0.459887 0)
(0.0528228 0.46431 0)
(0.0504414 0.466072 0)
(0.0472697 0.465964 0)
(0.0435072 0.464638 0)
(0.0393314 0.462611 0)
(0.0348883 0.460266 0)
(0.0302902 0.457878 0)
(0.0256172 0.455636 0)
(0.0209223 0.453661 0)
(0.016236 0.452028 0)
(0.0115719 0.450779 0)
(0.00693154 0.449938 0)
(0.00230843 0.449515 0)
(-0.00230843 0.449515 0)
(-0.00693154 0.449938 0)
(-0.0115719 0.450779 0)
(-0.016236 0.452028 0)
(-0.0209223 0.453661 0)
(-0.0256172 0.455636 0)
(-0.0302902 0.457878 0)
(-0.0348883 0.460266 0)
(-0.0393314 0.462611 0)
(-0.0435072 0.464638 0)
(-0.0472697 0.465964 0)
(-0.0504414 0.466072 0)
(-0.0528228 0.46431 0)
(-0.0542095 0.459887 0)
(-0.0544179 0.451899 0)
(-0.0533174 0.439386 0)
(-0.0508626 0.421404 0)
(-0.0471176 0.397125 0)
(-0.0422608 0.36593 0)
(-0.0365624 0.327492 0)
(-0.0303329 0.281802 0)
(-0.0238495 0.229166 0)
(-0.0172794 0.17015 0)
(-0.0106262 0.105516 0)
(-0.00365108 0.0361961 -1.2999e-20)
(0.00390068 0.0362591 0)
(0.0111588 0.105474 -1.24701e-20)
(0.0178644 0.169857 2.40096e-20)
(0.0243262 0.228551 -1.15842e-20)
(0.0306004 0.280889 0)
(0.036576 0.326386 0)
(0.0420255 0.364786 1.00524e-20)
(0.0466764 0.39611 -9.93768e-21)
(0.0502819 0.420668 0)
(0.0526711 0.439036 -4.74208e-21)
(0.0537744 0.451994 4.71987e-21)
(0.0536227 0.460435 -4.68114e-21)
(0.0523278 0.465281 3.0827e-24)
(0.0500552 0.46741 4.66756e-21)
(0.0469939 0.467599 0)
(0.0433324 0.466501 -4.66189e-21)
(0.0392413 0.464635 4.66656e-21)
(0.0348636 0.462398 0)
(0.0303112 0.460076 -2.3243e-21)
(0.0256659 0.457869 2.3271e-21)
(0.020983 0.455907 0)
(0.016296 0.454276 0)
(0.0116214 0.453023 0)
(0.00696392 0.452176 0)
(0.00231966 0.45175 0)
(-0.00231966 0.45175 0)
(-0.00696392 0.452176 0)
(-0.0116214 0.453023 0)
(-0.016296 0.454276 0)
(-0.020983 0.455907 0)
(-0.0256659 0.457869 2.3271e-21)
(-0.0303112 0.460076 -2.3243e-21)
(-0.0348636 0.462398 0)
(-0.0392413 0.464635 4.66656e-21)
(-0.0433324 0.466501 -4.66189e-21)
(-0.0469939 0.467599 0)
(-0.0500552 0.46741 4.66756e-21)
(-0.0523278 0.465281 3.08269e-24)
(-0.0536227 0.460435 -4.68114e-21)
(-0.0537744 0.451994 4.71987e-21)
(-0.0526711 0.439036 -4.74208e-21)
(-0.0502819 0.420668 0)
(-0.0466764 0.39611 -9.93768e-21)
(-0.0420255 0.364786 1.00524e-20)
(-0.036576 0.326386 0)
(-0.0306004 0.280889 0)
(-0.0243262 0.228551 -1.15842e-20)
(-0.0178644 0.169857 2.40096e-20)
(-0.0111588 0.105474 -1.24701e-20)
(-0.00390068 0.0362591 0)
(0.00413941 0.0363716 -2.40799e-22)
(0.0116567 0.105564 -1.19905e-20)
(0.0184004 0.169752 -1.08847e-20)
(0.0247523 0.228158 1.0649e-20)
(0.0308263 0.280209 9.85894e-21)
(0.0365618 0.325502 -9.69628e-21)
(0.0417751 0.363836 0)
(0.0462281 0.395249 8.94363e-21)
(0.0496955 0.42004 -4.46914e-21)
(0.052015 0.43875 -4.36449e-21)
(0.0531134 0.452112 -4.32082e-21)
(0.0530091 0.460975 8.61909e-21)
(0.0517978 0.466224 9.14419e-24)
(0.0496278 0.468708 -8.63017e-21)
(0.0466734 0.469191 -8.40449e-24)
(0.0431121 0.468323 4.33113e-21)
(0.0391073 0.466626 0)
(0.0347984 0.464505 0)
(0.0302964 0.462257 0)
(0.025684 0.460092 0)
(0.0210187 0.458151 0)
(0.0163366 0.456527 -1.08545e-21)
(0.0116573 0.455274 1.08639e-21)
(0.00698816 0.454426 0)
(0.00232819 0.453998 0)
(-0.00232819 0.453998 0)
(-0.00698816 0.454426 0)
(-0.0116573 0.455274 1.08639e-21)
(-0.0163366 0.456527 -1.08545e-21)
(-0.0210187 0.458151 0)
(-0.025684 0.460092 0)
(-0.0302964 0.462257 0)
(-0.0347984 0.464505 0)
(-0.0391073 0.466626 0)
(-0.0431121 0.468323 4.33113e-21)
(-0.0466734 0.469191 -8.4045e-24)
(-0.0496278 0.468708 -8.63017e-21)
(-0.0517978 0.466224 9.1442e-24)
(-0.0530091 0.460975 8.61909e-21)
(-0.0531134 0.452112 -4.32082e-21)
(-0.052015 0.43875 -4.36449e-21)
(-0.0496955 0.42004 -4.46914e-21)
(-0.0462281 0.395249 8.94363e-21)
(-0.0417751 0.363836 0)
(-0.0365618 0.325502 -9.69628e-21)
(-0.0308263 0.280209 9.85894e-21)
(-0.0247523 0.228158 1.0649e-20)
(-0.0184004 0.169752 -1.08847e-20)
(-0.0116567 0.105564 -1.19905e-20)
(-0.00413941 0.0363716 2.2751e-20)
(0.00436643 0.0365358 -2.82796e-22)
(0.0121143 0.105784 -1.10861e-20)
(0.0188777 0.16983 0)
(0.0251161 0.227975 0)
(0.0309986 0.279745 0)
(0.0365082 0.324825 0)
(0.0414995 0.363068 0)
(0.0457643 0.394534 8.08647e-21)
(0.0490978 0.419516 -8.01372e-21)
(0.0513461 0.438525 0)
(0.052434 0.452255 -3.93829e-21)
(0.05237 0.461511 7.86786e-21)
(0.0512352 0.467141 -3.93486e-21)
(0.0491623 0.469969 -3.97409e-21)
(0.0463116 0.470742 3.97374e-21)
(0.0428496 0.470105 0)
(0.0389325 0.468583 0)
(0.0346953 0.466585 0)
(0.0302479 0.464419 0)
(0.0256733 0.462304 -2.02346e-21)
(0.0210309 0.460391 2.02562e-21)
(0.0163591 0.45878 0)
(0.0116803 0.457532 0)
(0.0070047 0.456684 0)
(0.00233416 0.456256 0)
(-0.00233416 0.456256 0)
(-0.0070047 0.456684 0)
(-0.0116803 0.457532 0)
(-0.0163591 0.45878 0)
(-0.0210309 0.460391 2.02562e-21)
(-0.0256733 0.462304 -2.02346e-21)
(-0.0302479 0.464419 0)
(-0.0346953 0.466585 0)
(-0.0389325 0.468583 0)
(-0.0428496 0.470105 0)
(-0.0463116 0.470742 3.97374e-21)
(-0.0491623 0.469969 -3.97409e-21)
(-0.0512352 0.467141 -3.93486e-21)
(-0.05237 0.461511 7.86786e-21)
(-0.052434 0.452255 -3.93829e-21)
(-0.0513461 0.438525 0)
(-0.0490978 0.419516 -8.01372e-21)
(-0.0457643 0.394534 8.08647e-21)
(-0.0414995 0.363068 0)
(-0.0365082 0.324825 0)
(-0.0309986 0.279745 0)
(-0.0251161 0.227975 0)
(-0.0188777 0.16983 0)
(-0.0121143 0.105784 -1.10861e-20)
(-0.00436643 0.0365358 2.10878e-20)
(0.00458059 0.0367554 -3.2368e-22)
(0.0125246 0.106135 -1.01345e-20)
(0.019286 0.170084 8.86641e-21)
(0.0254063 0.227989 -8.67894e-21)
(0.031106 0.279483 0)
(0.0364053 0.324339 0)
(0.0411901 0.362468 7.37778e-21)
(0.0452786 0.393957 -1.45192e-20)
(0.0484842 0.419092 2.20662e-23)
(0.0506619 0.438363 -1.58007e-23)
(0.0517361 0.452424 7.06846e-21)
(0.0517068 0.462044 0)
(0.0506427 0.468036 3.59888e-21)
(0.048662 0.471195 -3.59525e-21)
(0.045912 0.472254 0)
(0.0425486 0.471849 -3.68303e-21)
(0.03872 0.470505 -1.94736e-23)
(0.0345573 0.468637 3.70883e-21)
(0.0301681 0.466561 0)
(0.0256358 0.464503 0)
(0.021021 0.462625 1.87615e-21)
(0.0163645 0.461032 -9.38757e-22)
(0.0116912 0.459793 -1.87981e-21)
(0.007014 0.458948 4.70311e-22)
(0.00233773 0.458521 4.70468e-22)
(-0.00233773 0.458521 4.70468e-22)
(-0.007014 0.458948 4.70311e-22)
(-0.0116912 0.459793 -1.87981e-21)
(-0.0163645 0.461032 -9.38757e-22)
(-0.021021 0.462625 1.87615e-21)
(-0.0256358 0.464503 0)
(-0.0301681 0.466561 0)
(-0.0345573 0.468637 3.70883e-21)
(-0.03872 0.470505 -1.94736e-23)
(-0.0425486 0.471849 -3.68303e-21)
(-0.045912 0.472254 0)
(-0.048662 0.471195 -3.59525e-21)
(-0.0506427 0.468036 3.59888e-21)
(-0.0517068 0.462044 0)
(-0.0517361 0.452424 7.06846e-21)
(-0.0506619 0.438363 -1.58007e-23)
(-0.0484842 0.419092 2.20662e-23)
(-0.0452786 0.393957 -1.45192e-20)
(-0.0411901 0.362468 7.37778e-21)
(-0.0364053 0.324339 0)
(-0.031106 0.279483 0)
(-0.0254063 0.227989 -8.67894e-21)
(-0.019286 0.170084 8.86641e-21)
(-0.0125246 0.106135 -1.01345e-20)
(-0.00458059 0.0367554 1.93367e-20)
(0.00478022 0.0370366 8.56195e-21)
(0.0128793 0.106623 -9.13036e-21)
(0.0196142 0.17051 7.8034e-21)
(0.025612 0.228187 -7.63976e-21)
(0.0311395 0.279406 0)
(0.0362454 0.324028 6.65811e-21)
(0.0408409 0.362024 -6.56774e-21)
(0.0447663 0.393506 0)
(0.0478518 0.418762 0)
(0.0499615 0.438259 0)
(0.0510201 0.452621 0)
(0.0510215 0.462578 3.20417e-21)
(0.0500231 0.468911 -3.19714e-21)
(0.0481306 0.472389 0)
(0.0454786 0.473728 0)
(0.0422126 0.473555 0)
(0.0384735 0.472392 0)
(0.0343873 0.470661 -1.70471e-21)
(0.0300597 0.468681 1.70644e-21)
(0.0255736 0.466688 0)
(0.0209908 0.464851 0)
(0.016354 0.463282 -8.64954e-22)
(0.0116907 0.462056 8.65643e-22)
(0.00701657 0.461218 0)
(0.00233905 0.460793 0)
(-0.00233905 0.460793 0)
(-0.00701657 0.461218 0)
(-0.0116907 0.462056 8.65643e-22)
(-0.016354 0.463282 -8.64954e-22)
(-0.0209908 0.464851 0)
(-0.0255736 0.466688 0)
(-0.0300597 0.468681 1.70644e-21)
(-0.0343873 0.470661 -1.70471e-21)
(-0.0384735 0.472392 0)
(-0.0422126 0.473555 0)
(-0.0454786 0.473728 0)
(-0.0481306 0.472389 0)
(-0.0500231 0.468911 -3.19714e-21)
(-0.0510215 0.462578 3.20417e-21)
(-0.0510201 0.452621 0)
(-0.0499615 0.438259 0)
(-0.0478518 0.418762 0)
(-0.0447663 0.393506 0)
(-0.0408409 0.362024 -6.56774e-21)
(-0.0362454 0.324028 6.65811e-21)
(-0.0311395 0.279406 0)
(-0.025612 0.228187 -7.63976e-21)
(-0.0196142 0.17051 7.8034e-21)
(-0.0128793 0.106623 -9.13036e-21)
(-0.00478022 0.0370366 8.56195e-21)
(0.00496305 0.0373884 7.56182e-21)
(0.0131685 0.10725 -8.06616e-21)
(0.0198515 0.171102 0)
(0.0257246 0.228557 6.24443e-21)
(0.0310931 0.279495 -6.1319e-21)
(0.0360245 0.323873 -5.69862e-21)
(0.0404491 0.361719 5.6222e-21)
(0.0442259 0.393171 0)
(0.0472003 0.418518 -5.47993e-21)
(0.0492455 0.438211 1.09561e-20)
(0.0502881 0.452843 -1.10681e-20)
(0.0503172 0.463113 5.56202e-21)
(0.0493806 0.469768 -2.88553e-21)
(0.0475724 0.473553 -5.42366e-23)
(0.0450157 0.475166 2.93488e-21)
(0.041846 0.475223 0)
(0.0381967 0.474245 3.06429e-21)
(0.0341888 0.472655 -6.16153e-21)
(0.0299254 0.470778 4.65708e-21)
(0.025489 0.468857 -1.56095e-21)
(0.020942 0.467067 -1.57538e-21)
(0.0163291 0.465528 7.86669e-22)
(0.01168 0.464319 -1.03806e-24)
(0.00701295 0.46349 1.18866e-21)
(0.00233832 0.463069 -3.96598e-22)
(-0.00233832 0.463069 -3.96598e-22)
(-0.00701295 0.46349 1.18866e-21)
(-0.01168 0.464319 -1.03806e-24)
(-0.0163291 0.465528 7.86669e-22)
(-0.020942 0.467067 -1.57538e-21)
(-0.025489 0.468857 -1.56095e-21)
(-0.0299254 0.470778 4.65708e-21)
(-0.0341888 0.472655 -6.16153e-21)
(-0.0381967 0.474245 3.06429e-21)
(-0.041846 0.475223 0)
(-0.0450157 0.475166 2.93488e-21)
(-0.0475724 0.473553 -5.42366e-23)
(-0.0493806 0.469768 -2.88553e-21)
(-0.0503172 0.463113 5.56202e-21)
(-0.0502881 0.452843 -1.10681e-20)
(-0.0492455 0.438211 1.09561e-20)
(-0.0472003 0.418518 -5.47993e-21)
(-0.0442259 0.393171 0)
(-0.0404491 0.361719 5.6222e-21)
(-0.0360245 0.323873 -5.69862e-21)
(-0.0310931 0.279495 -6.1319e-21)
(-0.0257246 0.228557 6.24443e-21)
(-0.0198515 0.171102 0)
(-0.0131685 0.10725 -8.06616e-21)
(-0.00496305 0.0373884 7.56182e-21)
(0.00512603 0.0378234 0)
(0.0133811 0.108025 0)
(0.0199884 0.171851 0)
(0.0257394 0.22908 0)
(0.0309656 0.279731 0)
(0.0357435 0.323856 4.7308e-21)
(0.0400166 0.361537 -4.6689e-21)
(0.0436597 0.392939 0)
(0.0465325 0.418353 4.6507e-21)
(0.0485177 0.438214 -4.61804e-21)
(0.0495446 0.45309 -4.81961e-21)
(0.0495989 0.463649 7.26973e-21)
(0.0487205 0.470608 6.77925e-23)
(0.046993 0.474688 -2.52641e-21)
(0.0445288 0.476568 0)
(0.041454 0.476854 0)
(0.0378943 0.476064 0)
(0.0339658 0.47462 2.77903e-21)
(0.0297687 0.472852 -2.78152e-21)
(0.0253847 0.471009 0)
(0.0208768 0.469273 1.42332e-21)
(0.0162913 0.467768 -2.13917e-21)
(0.01166 0.466581 1.43183e-21)
(0.00700376 0.465764 -3.58146e-22)
(0.00233573 0.465348 -3.59131e-22)
(-0.00233573 0.465348 -3.59131e-22)
(-0.00700376 0.465764 -3.58146e-22)
(-0.01166 0.466581 1.43183e-21)
(-0.0162913 0.467768 -2.13917e-21)
(-0.0208768 0.469273 1.42332e-21)
(-0.0253847 0.471009 0)
(-0.0297687 0.472852 -2.78152e-21)
(-0.0339658 0.47462 2.77903e-21)
(-0.0378943 0.476064 0)
(-0.041454 0.476854 0)
(-0.0445288 0.476568 0)
(-0.046993 0.474688 -2.52641e-21)
(-0.0487205 0.470608 6.77925e-23)
(-0.0495989 0.463649 7.26973e-21)
(-0.0495446 0.45309 -4.81961e-21)
(-0.0485177 0.438214 -4.61804e-21)
(-0.0465325 0.418353 4.6507e-21)
(-0.0436597 0.392939 0)
(-0.0400166 0.361537 -4.6689e-21)
(-0.0357435 0.323856 4.7308e-21)
(-0.0309656 0.279731 0)
(-0.0257394 0.22908 0)
(-0.0199884 0.171851 0)
(-0.0133811 0.108025 0)
(-0.00512603 0.0378234 0)
(0.00526481 0.0383612 5.81021e-21)
(0.0135057 0.108955 -4.94961e-21)
(0.0200198 0.172751 4.83187e-21)
(0.0256585 0.229739 -4.05933e-21)
(0.0307635 0.280093 3.98707e-21)
(0.0354104 0.323957 -3.75863e-21)
(0.0395516 0.361463 3.71064e-21)
(0.0430756 0.3928 3.75242e-21)
(0.0458563 0.418259 1.04233e-22)
(0.0477858 0.438265 -7.72504e-21)
(0.0487974 0.453361 -1.51142e-22)
(0.0488746 0.464187 4.04378e-21)
(0.0480506 0.471433 0)
(0.0463999 0.475796 0)
(0.0440251 0.477937 -2.31236e-21)
(0.0410428 0.47845 4.68312e-21)
(0.0375718 0.47785 -2.37178e-21)
(0.0337228 0.476556 2.46217e-21)
(0.0295933 0.474902 -2.46423e-21)
(0.0252637 0.473144 1.26042e-21)
(0.0207975 0.471466 8.47103e-24)
(0.0162422 0.470002 -1.27105e-21)
(0.0116318 0.46884 6.40803e-22)
(0.00698965 0.468037 -6.41188e-22)
(0.0023315 0.467629 0)
(-0.0023315 0.467629 0)
(-0.00698965 0.468037 -6.41188e-22)
(-0.0116318 0.46884 6.40803e-22)
(-0.0162422 0.470002 -1.27105e-21)
(-0.0207975 0.471466 8.47103e-24)
(-0.0252637 0.473144 1.26042e-21)
(-0.0295933 0.474902 -2.46423e-21)
(-0.0337228 0.476556 2.46217e-21)
(-0.0375718 0.47785 -2.37178e-21)
(-0.0410428 0.47845 4.68312e-21)
(-0.0440251 0.477937 -2.31236e-21)
(-0.0463999 0.475796 0)
(-0.0480506 0.471433 0)
(-0.0488746 0.464187 4.04378e-21)
(-0.0487974 0.453361 -1.51142e-22)
(-0.0477858 0.438265 -7.72504e-21)
(-0.0458563 0.418259 1.04233e-22)
(-0.0430756 0.3928 3.75242e-21)
(-0.0395516 0.361463 3.71064e-21)
(-0.0354104 0.323957 -3.75863e-21)
(-0.0307635 0.280093 3.98707e-21)
(-0.0256585 0.229739 -4.05933e-21)
(-0.0200198 0.172751 4.83187e-21)
(-0.0135057 0.108955 -4.94961e-21)
(-0.00526481 0.0383612 -5.81021e-21)
(0.00537134 0.0390329 0)
(0.0135337 0.11005 0)
(0.0199493 0.173787 0)
(0.0254949 0.230514 0)
(0.030504 0.280563 0)
(0.035043 0.324161 0)
(0.0390707 0.361484 0)
(0.0424892 0.392742 0)
(0.0451859 0.41823 0)
(0.0470634 0.438358 0)
(0.0480594 0.453653 0)
(0.0481566 0.464726 0)
(0.0473828 0.472243 0)
(0.0458042 0.476877 0)
(0.0435142 0.479272 0)
(0.0406211 0.48001 0)
(0.0372364 0.4796 0)
(0.033466 0.47846 0)
(0.029404 0.476926 0)
(0.0251297 0.475257 0)
(0.0207067 0.473645 0)
(0.0161838 0.472225 0)
(0.0115967 0.471092 0)
(0.00697132 0.470307 0)
(0.00232584 0.469906 0)
(-0.00232584 0.469906 0)
(-0.00697132 0.470307 0)
(-0.0115967 0.471092 0)
(-0.0161838 0.472225 0)
(-0.0207067 0.473645 0)
(-0.0251297 0.475257 0)
(-0.029404 0.476926 0)
(-0.033466 0.47846 0)
(-0.0372364 0.4796 0)
(-0.0406211 0.48001 0)
(-0.0435142 0.479272 0)
(-0.0458042 0.476877 0)
(-0.0473828 0.472243 0)
(-0.0481566 0.464726 0)
(-0.0480594 0.453653 0)
(-0.0470634 0.438358 0)
(-0.0451859 0.41823 0)
(-0.0424892 0.392742 0)
(-0.0390707 0.361484 0)
(-0.035043 0.324161 0)
(-0.030504 0.280563 0)
(-0.0254949 0.230514 0)
(-0.0199493 0.173787 0)
(-0.0135337 0.11005 0)
(-0.00537134 0.0390329 0)
(0.0054342 0.0398572 0)
(0.013466 0.11129 0)
(0.0197969 0.174926 0)
(0.0252788 0.231371 0)
(0.0302188 0.281111 0)
(0.0346713 0.324443 0)
(0.0386018 0.361583 0)
(0.0419258 0.392754 0)
(0.044545 0.418256 0)
(0.0463725 0.43849 0)
(0.0473514 0.453963 0)
(0.0474642 0.465266 0)
(0.0467344 0.473038 0)
(0.0452212 0.477932 0)
(0.0430098 0.480573 0)
(0.0402003 0.481533 0)
(0.0368977 0.481313 0)
(0.0332027 0.480329 0)
(0.0292066 0.47892 0)
(0.024987 0.477346 0)
(0.0206076 0.475803 0)
(0.0161181 0.474432 0)
(0.0115561 0.473332 0)
(0.0069495 0.472567 0)
(0.002319 0.472176 0)
(-0.002319 0.472176 0)
(-0.0069495 0.472567 0)
(-0.0115561 0.473332 0)
(-0.0161181 0.474432 0)
(-0.0206076 0.475803 0)
(-0.024987 0.477346 0)
(-0.0292066 0.47892 0)
(-0.0332027 0.480329 0)
(-0.0368977 0.481313 0)
(-0.0402003 0.481533 0)
(-0.0430098 0.480573 0)
(-0.0452212 0.477932 0)
(-0.0467344 0.473038 0)
(-0.0474642 0.465266 0)
(-0.0473514 0.453963 0)
(-0.0463725 0.43849 0)
(-0.044545 0.418256 0)
(-0.0419258 0.392754 0)
(-0.0386018 0.361583 0)
(-0.0346713 0.324443 0)
(-0.0302188 0.281111 0)
(-0.0252788 0.231371 0)
(-0.0197969 0.174926 0)
(-0.013466 0.11129 0)
(-0.0054342 0.0398572 0)
(0.00547113 0.0407477 0)
(0.0133315 0.112562 0)
(0.019615 0.176057 0)
(0.0250674 0.232215 -5.50058e-22)
(0.0299617 0.281657 5.40483e-22)
(0.0343442 0.32474 0)
(0.0381891 0.361706 9.19003e-22)
(0.0414266 0.392795 -2.01792e-21)
(0.043972 0.418309 1.09881e-21)
(0.0457491 0.438642 0)
(0.0467064 0.454284 0)
(0.0468275 0.465806 0)
(0.0461326 0.473826 0)
(0.0446748 0.478974 0)
(0.0425319 0.481859 0)
(0.039797 0.483042 0)
(0.0365687 0.483015 0)
(0.0329432 0.482193 -1.53194e-21)
(0.0290085 0.480914 1.53295e-21)
(0.0248408 0.47944 0)
(0.0205037 0.477973 0)
(0.0160475 0.476656 0)
(0.0115113 0.475593 0)
(0.00692492 0.474851 0)
(0.00231119 0.47447 0)
(-0.00231119 0.47447 0)
(-0.00692492 0.474851 0)
(-0.0115113 0.475593 0)
(-0.0160475 0.476656 0)
(-0.0205037 0.477973 0)
(-0.0248408 0.47944 0)
(-0.0290085 0.480914 1.53295e-21)
(-0.0329432 0.482193 -1.53194e-21)
(-0.0365687 0.483015 0)
(-0.039797 0.483042 0)
(-0.0425319 0.481859 0)
(-0.0446748 0.478974 0)
(-0.0461326 0.473826 0)
(-0.0468275 0.465806 0)
(-0.0467064 0.454284 0)
(-0.0457491 0.438642 0)
(-0.043972 0.418309 1.09881e-21)
(-0.0414266 0.392795 -2.01792e-21)
(-0.0381891 0.361706 9.19003e-22)
(-0.0343442 0.32474 0)
(-0.0299617 0.281657 5.40483e-22)
(-0.0250674 0.232215 -5.50058e-22)
(-0.019615 0.176057 0)
(-0.0133315 0.112562 0)
(-0.00547113 0.0407477 0)
(0.00563468 0.0415118 6.73025e-22)
(0.0132275 0.113737 -1.54319e-21)
(0.0195135 0.177047 8.04781e-22)
(0.0249595 0.232924 -6.00984e-22)
(0.029819 0.282091 1.01894e-21)
(0.0341393 0.324948 -6.56193e-22)
(0.0379055 0.361764 2.31259e-22)
(0.041061 0.392792 0)
(0.0435336 0.418337 0)
(0.0452565 0.438785 0)
(0.046184 0.454613 0)
(0.0463011 0.46637 0)
(0.0456259 0.474653 0)
(0.0442067 0.480072 9.34626e-22)
(0.0421156 0.483219 -9.33675e-22)
(0.0394395 0.484642 -1.13928e-21)
(0.0362717 0.484826 1.13937e-21)
(0.032704 0.484181 0)
(0.0288217 0.483045 0)
(0.0246995 0.481684 0)
(0.0204004 0.480302 0)
(0.0159753 0.479048 -3.55393e-22)
(0.0114642 0.478027 3.55617e-22)
(0.00689854 0.477311 0)
(0.00230271 0.476943 0)
(-0.00230271 0.476943 0)
(-0.00689854 0.477311 0)
(-0.0114642 0.478027 3.55617e-22)
(-0.0159753 0.479048 -3.55393e-22)
(-0.0204004 0.480302 0)
(-0.0246995 0.481684 0)
(-0.0288217 0.483045 0)
(-0.032704 0.484181 0)
(-0.0362717 0.484826 1.13937e-21)
(-0.0394395 0.484642 -1.13928e-21)
(-0.0421156 0.483219 -9.33675e-22)
(-0.0442067 0.480072 9.34626e-22)
(-0.0456259 0.474653 0)
(-0.0463011 0.46637 0)
(-0.046184 0.454613 0)
(-0.0452565 0.438785 0)
(-0.0435336 0.418337 0)
(-0.041061 0.392792 0)
(-0.0379055 0.361764 2.31259e-22)
(-0.0341393 0.324948 -6.56193e-22)
(-0.029819 0.282091 1.01894e-21)
(-0.0249595 0.232924 -6.00984e-22)
(-0.0195135 0.177047 8.04781e-22)
(-0.0132275 0.113737 -1.54319e-21)
(-0.00563468 0.0415118 6.73025e-22)
(0.00586045 0.0441462 -9.98886e-22)
(0.0133655 0.116492 -5.46565e-22)
(0.0196573 0.179332 4.69761e-24)
(0.0250874 0.23473 3.90926e-23)
(0.0299053 0.283459 5.36431e-23)
(0.0341651 0.325944 3.90919e-22)
(0.0378592 0.362474 0)
(0.0409391 0.393314 -8.96604e-24)
(0.043341 0.418774 2.07007e-22)
(0.0450049 0.439235 2.3934e-22)
(0.0458901 0.45516 -4.31781e-22)
(0.0459836 0.46708 0)
(0.045303 0.475567 0)
(0.0438942 0.481213 7.2876e-22)
(0.0418257 0.48459 1.11733e-22)
(0.0391803 0.486232 -8.38715e-22)
(0.0360475 0.486613 1.01831e-21)
(0.0325159 0.486138 -1.01883e-21)
(0.0286683 0.485144 0)
(0.0245782 0.483897 5.90684e-22)
(0.0203076 0.482602 -5.91305e-22)
(0.0159075 0.481412 0)
(0.0114184 0.480437 0)
(0.00687207 0.479749 -1.57293e-22)
(0.00229407 0.479395 1.57385e-22)
(-0.00229407 0.479395 1.57385e-22)
(-0.00687207 0.479749 -1.57293e-22)
(-0.0114184 0.480437 0)
(-0.0159075 0.481412 0)
(-0.0203076 0.482602 -5.91305e-22)
(-0.0245782 0.483897 5.90684e-22)
(-0.0286683 0.485144 0)
(-0.0325159 0.486138 -1.01883e-21)
(-0.0360475 0.486613 1.01831e-21)
(-0.0391803 0.486232 -8.38715e-22)
(-0.0418257 0.48459 1.11733e-22)
(-0.0438942 0.481213 7.2876e-22)
(-0.045303 0.475567 0)
(-0.0459836 0.46708 0)
(-0.0458901 0.45516 -4.31781e-22)
(-0.0450049 0.439235 2.3934e-22)
(-0.043341 0.418774 2.07007e-22)
(-0.0409391 0.393314 -8.96605e-24)
(-0.0378592 0.362474 0)
(-0.0341651 0.325944 3.90919e-22)
(-0.0299053 0.283459 5.36431e-23)
(-0.0250874 0.23473 3.90926e-23)
(-0.0196573 0.179332 4.6976e-24)
(-0.0133655 0.116492 -5.46565e-22)
(-0.00586045 0.0441462 9.98886e-22)
)
;

boundaryField
{
    left
    {
        type            noSlip;
    }
    right
    {
        type            noSlip;
    }
    up
    {
        type            zeroGradient;
    }
    down
    {
        type            fixedValue;
        value           uniform (0 0.4 0);
    }
    frontAndBack
    {
        type            empty;
    }
}


// ************************************************************************* //
