
4.86958
2.51026
1.48338
1.10729
0.896037
0.755885
0.646326
0.568135
0.507536
0.447465
0.410077
0.377144
0.343911
0.313521
0.26625
0.230894
0.204024
0.201646
0.208974
0.22219
0.240165
0.245611
0.236494
0.214937
0.178293
0.146113
0.122932
0.106552
0.105251
0.112012
0.120935
0.134374
0.150685
3.21529
2.20345
1.53117
1.18576
0.965458
0.811973
0.693255
0.606813
0.539896
0.476984
0.434235
0.396978
0.361385
0.330588
0.288612
0.256874
0.230742
0.223478
0.224046
0.22984
0.24067
0.242156
0.233326
0.216448
0.188844
0.163948
0.144746
0.128785
0.123933
0.126181
0.130645
0.139785
0.152764
2.2343
1.89209
1.50008
1.21434
1.00639
0.852907
0.73187
0.641119
0.570208
0.50511
0.458305
0.4174
0.3797
0.348897
0.310876
0.282547
0.257101
0.246198
0.240729
0.239546
0.243721
0.241151
0.232183
0.219239
0.198891
0.180654
0.165839
0.151442
0.145063
0.144231
0.144958
0.150254
0.16005
1.7467
1.62876
1.39679
1.17969
1.00403
0.865279
0.751192
0.662168
0.591048
0.526075
0.477508
0.43497
0.396418
0.365533
0.329558
0.302823
0.277728
0.264708
0.255483
0.249836
0.249665
0.244345
0.234961
0.223921
0.207387
0.193093
0.181414
0.168861
0.16257
0.160475
0.159001
0.161716
0.169303
1.44048
1.41216
1.2769
1.11951
0.978806
0.859691
0.757136
0.673531
0.604826
0.541876
0.493147
0.450326
0.411795
0.380891
0.346235
0.320168
0.295175
0.280637
0.268886
0.260272
0.257125
0.249945
0.240145
0.230055
0.215655
0.203702
0.194094
0.183076
0.177328
0.174823
0.172141
0.17318
0.179341
1.22792
1.23973
1.16454
1.05335
0.943415
0.84386
0.754279
0.677983
0.613336
0.553721
0.505958
0.463741
0.425809
0.395039
0.361518
0.335782
0.310832
0.295067
0.281457
0.270719
0.265348
0.25683
0.246668
0.237078
0.224003
0.21352
0.205283
0.19543
0.190244
0.187653
0.184329
0.184302
0.189601
1.07913
1.10585
1.06612
0.988563
0.9039
0.822111
0.745388
0.677212
0.617601
0.562163
0.516206
0.475244
0.438342
0.407892
0.375503
0.349999
0.325138
0.308373
0.293375
0.281083
0.273975
0.264466
0.253986
0.244618
0.232381
0.222804
0.215444
0.206442
0.20172
0.199147
0.195504
0.194818
0.199641
0.972442
1.00208
0.982434
0.928564
0.863867
0.79741
0.73258
0.672608
0.618505
0.567692
0.524138
0.484907
0.449363
0.419435
0.388242
0.362993
0.338326
0.320757
0.304727
0.291291
0.282783
0.272516
0.261753
0.25242
0.240709
0.23166
0.224817
0.216419
0.212027
0.209475
0.205681
0.204584
0.209162
0.893124
0.920879
0.91234
0.874852
0.825515
0.771827
0.717509
0.665343
0.616833
0.570782
0.530017
0.492846
0.4589
0.429693
0.399786
0.37488
0.350539
0.332349
0.315564
0.301277
0.291606
0.280738
0.269717
0.260296
0.248913
0.240135
0.233553
0.225569
0.221378
0.218801
0.214931
0.213562
0.217998
0.832211
0.856537
0.853995
0.827724
0.789997
0.746694
0.701383
0.656349
0.613248
0.571862
0.534094
0.499192
0.467009
0.438706
0.410164
0.38572
0.36184
0.343206
0.325893
0.310974
0.300313
0.288951
0.277692
0.268099
0.256916
0.248236
0.241731
0.234019
0.229915
0.227256
0.223338
0.221764
0.226073
0.784185
0.804896
0.805462
0.786837
0.7578
0.722813
0.685056
0.646352
0.608298
0.571324
0.536617
0.504085
0.473762
0.446519
0.419395
0.395534
0.372242
0.353336
0.335686
0.320305
0.308796
0.297014
0.285534
0.275716
0.264646
0.255948
0.249385
0.24184
0.237725
0.234928
0.230965
0.229216
0.23336
0.745507
0.762929
0.764994
0.751586
0.729025
0.700631
0.669119
0.63591
0.602442
0.569528
0.537827
0.507683
0.479254
0.45319
0.427502
0.404333
0.381733
0.362717
0.344898
0.329194
0.316959
0.304815
0.293128
0.283055
0.27204
0.263243
0.256527
0.249067
0.24486
0.241875
0.237859
0.235942
0.239861
0.713836
0.728441
0.731126
0.721295
0.703559
0.680363
0.653961
0.625447
0.596059
0.566802
0.537966
0.510151
0.483598
0.458788
0.434521
0.412127
0.390296
0.37132
0.353474
0.337565
0.324718
0.312262
0.300382
0.290038
0.27904
0.270093
0.263156
0.255719
0.251354
0.248137
0.244054
0.241962
0.24557
0.687576
0.699834
0.702672
0.695314
0.681183
0.662073
0.639825
0.615274
0.589456
0.563437
0.537263
0.511664
0.486923
0.4634
0.440505
0.41894
0.397924
0.379116
0.361365
0.34535
0.332002
0.319275
0.307217
0.296603
0.285593
0.276467
0.269266
0.261802
0.257226
0.253741
0.249572
0.247292
0.25051
0.665609
0.675936
0.678688
0.673057
0.661632
0.645736
0.626851
0.605615
0.582878
0.559686
0.535936
0.512396
0.489367
0.467123
0.445523
0.424812
0.404624
0.386089
0.36853
0.352494
0.338748
0.32579
0.313571
0.302693
0.291653
0.282334
0.274845
0.267317
0.262487
0.258707
0.254431
0.251943
0.254685
0.647132
0.655875
0.658428
0.654016
0.644639
0.631271
0.615103
0.596621
0.576517
0.555762
0.534179
0.512516
0.491071
0.470061
0.449661
0.429797
0.410421
0.392237
0.37494
0.358954
0.344907
0.331757
0.31939
0.308265
0.297182
0.287667
0.27988
0.272259
0.267145
0.263048
0.258644
0.255928
0.258119
0.631551
0.638995
0.641307
0.637767
0.629947
0.618575
0.604599
0.588393
0.570515
0.551841
0.532163
0.512181
0.492173
0.472324
0.453011
0.433961
0.415358
0.397573
0.380586
0.364703
0.350443
0.337135
0.324635
0.313282
0.302147
0.29244
0.284357
0.276622
0.271203
0.266776
0.262221
0.259255
0.260826
0.618423
0.624799
0.626863
0.623954
0.617329
0.607535
0.595325
0.58099
0.56498
0.548063
0.530037
0.511532
0.492804
0.474019
0.455671
0.437382
0.41949
0.402126
0.385472
0.369729
0.355331
0.341896
0.329276
0.317716
0.30652
0.296631
0.288263
0.280398
0.274662
0.269897
0.265171
0.261937
0.262843
0.607409
0.612907
0.614737
0.612288
0.606584
0.59804
0.587251
0.574445
0.559988
0.544539
0.527923
0.510693
0.493084
0.475251
0.457738
0.440137
0.422881
0.405936
0.389615
0.374034
0.359559
0.346021
0.333293
0.321545
0.310282
0.300222
0.291585
0.283578
0.277521
0.272417
0.2675
0.263977
0.264177
0.598253
0.603026
0.604643
0.602535
0.597544
0.58999
0.580339
0.568775
0.555594
0.541356
0.525922
0.509772
0.493118
0.476113
0.459305
0.442308
0.4256
0.40905
0.393043
0.37763
0.363121
0.349502
0.336673
0.324755
0.313418
0.303199
0.294311
0.286155
0.279777
0.274338
0.269213
0.265389
0.264867
0.590755
0.594933
0.596361
0.594506
0.590069
0.583296
0.574551
0.563983
0.551837
0.53858
0.524117
0.50886
0.492999
0.476691
0.460457
0.44397
0.427716
0.411519
0.395791
0.380538
0.366024
0.352336
0.339411
0.327337
0.315919
0.30555
0.29643
0.288118
0.281427
0.275657
0.27031
0.266173
0.264926
0.584767
0.588455
0.589721
0.588055
0.584045
0.577884
0.56985
0.560068
0.548744
0.536262
0.522575
0.50803
0.492805
0.477061
0.461272
0.445194
0.429295
0.413397
0.397899
0.382783
0.368277
0.354525
0.341505
0.329286
0.317779
0.30727
0.297934
0.289463
0.282465
0.276374
0.270793
0.266334
0.264369
0.580176
0.583465
0.584597
0.58307
0.579386
0.573696
0.566207
0.55703
0.546337
0.534443
0.521349
0.507345
0.492603
0.477287
0.461815
0.446042
0.430398
0.414731
0.399406
0.384396
0.369896
0.356078
0.342959
0.330602
0.318999
0.308353
0.298815
0.290181
0.282887
0.276483
0.27066
0.265875
0.263218
0.576905
0.579874
0.580895
0.57947
0.576028
0.570689
0.563602
0.554866
0.544632
0.533154
0.520481
0.506856
0.492447
0.477423
0.462143
0.44657
0.431079
0.415571
0.400353
0.385408
0.370898
0.357006
0.34378
0.331286
0.319578
0.308797
0.299069
0.290269
0.282686
0.275979
0.269907
0.264792
0.261465
0.574903
0.577621
0.578556
0.577203
0.573931
0.568838
0.562023
0.55358
0.543646
0.532422
0.520005
0.5066
0.492378
0.477512
0.462302
0.446821
0.431386
0.415955
0.400776
0.385847
0.371302
0.35732
0.343977
0.331345
0.319522
0.308604
0.298692
0.289721
0.281858
0.274856
0.268531
0.263086
0.259124
0.574145
0.576678
0.577549
0.576242
0.573076
0.568133
0.56147
0.55318
0.543392
0.532267
0.519948
0.506609
0.49243
0.477586
0.462329
0.446834
0.431359
0.415922
0.40071
0.385744
0.37113
0.357035
0.343562
0.330783
0.318835
0.307776
0.297683
0.288537
0.280397
0.273109
0.266529
0.260754
0.256187
0.574634
0.57704
0.577872
0.576587
0.573466
0.568582
0.561953
0.55368
0.543889
0.532708
0.52033
0.506904
0.492625
0.477671
0.462252
0.446638
0.431029
0.415502
0.400187
0.385125
0.370401
0.356168
0.342546
0.32961
0.317527
0.306318
0.296041
0.286716
0.278301
0.270732
0.263897
0.257795
0.252651
0.576396
0.578735
0.57955
0.578264
0.575128
0.570209
0.563496
0.555101
0.545153
0.53376
0.521164
0.507498
0.492977
0.477779
0.462088
0.446253
0.430425
0.414722
0.399236
0.384019
0.369138
0.354737
0.340945
0.327838
0.315606
0.304238
0.293771
0.28426
0.275567
0.267723
0.260637
0.254209
0.248514
0.579485
0.581818
0.58264
0.581326
0.578109
0.573058
0.566134
0.557468
0.547204
0.535435
0.522458
0.508396
0.493489
0.477916
0.461848
0.445694
0.429567
0.413604
0.397885
0.382453
0.367365
0.352764
0.338779
0.325482
0.313087
0.301544
0.290878
0.281173
0.272196
0.264082
0.256748
0.249999
0.243772
0.583986
0.586377
0.587231
0.585859
0.582487
0.577191
0.569914
0.560816
0.550059
0.537741
0.52421
0.509591
0.494154
0.478077
0.461536
0.444969
0.428474
0.41217
0.396162
0.380456
0.365112
0.350273
0.336069
0.32256
0.309987
0.298252
0.28737
0.277463
0.268191
0.259811
0.252236
0.24517
0.238425
0.590019
0.592541
0.593452
0.591982
0.588364
0.582692
0.574897
0.565179
0.553734
0.540674
0.526406
0.511066
0.494954
0.478248
0.461146
0.444083
0.427161
0.410444
0.394102
0.378063
0.362413
0.347298
0.332846
0.319098
0.306326
0.294377
0.283263
0.273142
0.263559
0.254916
0.24711
0.239732
0.23248
0.597752
0.600487
0.601479
0.599858
0.595878
0.589668
0.581155
0.570598
0.558239
0.544224
0.529021
0.512788
0.495855
0.478403
0.46067
0.443036
0.425646
0.40845
0.391744
0.375318
0.359313
0.343881
0.329149
0.315129
0.302134
0.289945
0.278572
0.268224
0.258312
0.249408
0.241381
0.233697
0.225949
0.607409
0.610454
0.611549
0.6097
0.605206
0.598248
0.588768
0.577107
0.563572
0.548361
0.532008
0.514707
0.496813
0.478509
0.460093
0.44183
0.42395
0.406222
0.389136
0.372274
0.355869
0.340077
0.325027
0.310696
0.297446
0.284983
0.273324
0.26273
0.252462
0.243301
0.235065
0.227083
0.218849
0.619293
0.622762
0.623977
0.621786
0.616568
0.608588
0.597826
0.584735
0.56971
0.55303
0.535297
0.516751
0.497762
0.478521
0.459397
0.440468
0.422101
0.403804
0.386344
0.369004
0.352156
0.335959
0.320544
0.305856
0.292309
0.279531
0.267548
0.256684
0.24603
0.236612
0.22818
0.21991
0.211204
0.633812
0.637844
0.639179
0.636474
0.630236
0.620865
0.608413
0.593487
0.576601
0.558143
0.538782
0.518821
0.498618
0.478381
0.458559
0.438955
0.420137
0.401254
0.383448
0.365596
0.348271
0.331617
0.315785
0.300679
0.28678
0.273633
0.26128
0.250115
0.239038
0.22936
0.220747
0.212197
0.203038
0.651526
0.656284
0.657708
0.654222
0.646544
0.635277
0.620602
0.603335
0.584144
0.563562
0.542317
0.520784
0.499273
0.478021
0.457554
0.4373
0.418103
0.398647
0.380551
0.362165
0.344333
0.327168
0.310851
0.295255
0.28093
0.267348
0.254566
0.243057
0.231509
0.221568
0.212783
0.203965
0.194386
0.673215
0.678887
0.680305
0.67562
0.665889
0.652028
0.63443
0.61419
0.592171
0.569082
0.545696
0.522464
0.499591
0.477356
0.45635
0.435513
0.416054
0.396071
0.377773
0.358849
0.34049
0.322751
0.30587
0.289691
0.274848
0.260742
0.247456
0.235545
0.223469
0.213251
0.2043
0.195222
0.185265
0.699995
0.706777
0.707968
0.701417
0.688731
0.671304
0.649866
0.625869
0.600414
0.574411
0.548645
0.523632
0.499395
0.476278
0.454898
0.433601
0.414047
0.39363
0.375255
0.355807
0.336916
0.31854
0.300998
0.284123
0.268639
0.253896
0.240007
0.227618
0.214939
0.20442
0.1953
0.185971
0.175705
0.733504
0.74155
0.742047
0.732556
0.715577
0.693232
0.666756
0.638044
0.608467
0.579138
0.550796
0.523993
0.498463
0.474644
0.453124
0.431552
0.412128
0.391426
0.373142
0.353221
0.333812
0.314734
0.296421
0.278711
0.26243
0.246905
0.232285
0.219311
0.205935
0.195075
0.18577
0.176191
0.165689
0.776223
0.785521
0.784378
0.770199
0.746936
0.717792
0.684741
0.650176
0.615738
0.582699
0.551666
0.523164
0.496506
0.472259
0.450908
0.42932
0.410317
0.389549
0.37158
0.351283
0.331405
0.311569
0.292362
0.273651
0.256378
0.239882
0.224363
0.210662
0.196462
0.185197
0.175674
0.16584
0.155206
0.832041
0.842099
0.837447
0.815719
0.78321
0.744692
0.703138
0.661422
0.621384
0.584339
0.550627
0.520651
0.493145
0.468852
0.448058
0.4268
0.408581
0.388054
0.37069
0.350185
0.329938
0.309312
0.289085
0.269182
0.250676
0.232967
0.216324
0.201701
0.186511
0.174741
0.164939
0.154832
0.144174
0.907274
0.916383
0.904549
0.870595
0.82449
0.773141
0.720762
0.670519
0.624239
0.58306
0.546876
0.51582
0.487889
0.464052
0.444285
0.423803
0.406813
0.38694
0.370558
0.35011
0.329673
0.308274
0.286912
0.265603
0.24557
0.226337
0.208272
0.192456
0.176046
0.163622
0.153443
0.143031
0.132481
1.01277
1.01618
0.989887
0.936077
0.870123
0.80149
0.73568
0.675625
0.622728
0.577577
0.539404
0.507879
0.48012
0.457368
0.439188
0.420038
0.404811
0.386129
0.371213
0.351221
0.330886
0.308813
0.28624
0.263299
0.241387
0.220228
0.200334
0.182951
0.164995
0.151692
0.140987
0.130213
0.119919
1.16802
1.15371
1.09856
1.01254
0.918039
0.826732
0.744907
0.674167
0.614794
0.566292
0.526993
0.495885
0.469101
0.448204
0.432264
0.415115
0.402275
0.385458
0.37262
0.353657
0.333873
0.311355
0.28757
0.26278
0.238576
0.21497
0.192688
0.173199
0.153222
0.138702
0.127247
0.116032
0.106172
1.40576
1.34671
1.23583
1.09853
0.96403
0.844092
0.74424
0.662837
0.597974
0.547406
0.508338
0.478856
0.454085
0.43595
0.422985
0.408601
0.398845
0.384699
0.374691
0.357526
0.338941
0.316391
0.291519
0.264708
0.237746
0.211028
0.185584
0.163212
0.140509
0.124269
0.111745
0.0999979
0.0908055
1.77635
1.61408
1.40139
1.18739
1.00002
0.846153
0.727894
0.637516
0.569481
0.519068
0.482212
0.455939
0.434457
0.420105
0.410908
0.400107
0.394163
0.383608
0.377323
0.362952
0.346444
0.324514
0.298871
0.26996
0.239737
0.209062
0.179383
0.152986
0.126494
0.107796
0.0937737
0.0814141
0.0732164
2.42061
1.98216
1.57299
1.25341
1.00503
0.817343
0.685206
0.591332
0.525014
0.478607
0.446955
0.426044
0.40945
0.40008
0.395545
0.389184
0.387823
0.381943
0.380552
0.370349
0.357188
0.336932
0.311155
0.280238
0.246188
0.210342
0.174667
0.142191
0.109945
0.0875472
0.0714919
0.0586573
0.0522361
3.90273
2.55817
1.7031
1.23922
0.936454
0.729707
0.598993
0.514064
0.458484
0.422335
0.400296
0.387682
0.377928
0.375039
0.376274
0.375214
0.379312
0.379407
0.384651
0.38062
0.372797
0.356019
0.331384
0.298943
0.260433
0.217464
0.172488
0.129643
0.0873352
0.0589558
0.0403844
0.0279681
0.0251175
6.82914
3.42908
1.82151
1.17219
0.819836
0.608655
0.492819
0.425754
0.386372
0.363589
0.352911
0.349481
0.346712
0.35042
0.357411
0.361175
0.370743
0.376466
0.388887
0.391403
0.389886
0.377706
0.355359
0.322193
0.279345
0.228476
0.17255
0.117551
0.0629238
0.0281825
0.00732392
-0.00400874
-0.00249202
0.16668
0.183974
0.200252
0.215173
0.229154
0.24198
0.253511
0.264092
0.273758
0.282703
0.29078
0.298415
0.305774
0.313042
0.320351
0.32784
0.335487
0.343002
0.350659
0.357231
0.363763
0.368882
0.37282
0.165511
0.180809
0.195805
0.209885
0.223465
0.236274
0.247946
0.258822
0.268874
0.278413
0.287049
0.295265
0.303199
0.310903
0.31841
0.325901
0.333341
0.340404
0.347476
0.353237
0.358947
0.363172
0.366366
0.168831
0.181735
0.194867
0.207509
0.220192
0.232561
0.243984
0.254833
0.264955
0.274849
0.283785
0.292364
0.300691
0.308669
0.316225
0.323594
0.330738
0.337276
0.343791
0.348736
0.353749
0.357207
0.359832
0.174446
0.185187
0.196396
0.207365
0.218875
0.230538
0.241436
0.252019
0.261984
0.272054
0.281098
0.289874
0.298464
0.306622
0.314175
0.321418
0.328317
0.334441
0.340555
0.344872
0.349409
0.352332
0.354594
0.18131
0.190237
0.199654
0.208902
0.219095
0.229878
0.240058
0.250189
0.259815
0.269916
0.278931
0.287779
0.296541
0.304809
0.312319
0.319433
0.326113
0.331887
0.337677
0.34147
0.345635
0.348125
0.350098
0.188891
0.196379
0.204234
0.211849
0.220692
0.230502
0.239832
0.249369
0.2585
0.2685
0.277353
0.286159
0.294999
0.3033
0.310718
0.317676
0.324134
0.329582
0.335078
0.338397
0.342233
0.344328
0.346031
0.19674
0.203144
0.209712
0.21587
0.223428
0.232249
0.240668
0.249522
0.258041
0.267825
0.276404
0.285058
0.293883
0.302133
0.309397
0.316155
0.322367
0.327488
0.332689
0.335552
0.33907
0.340777
0.342204
0.204507
0.210127
0.215681
0.220602
0.227001
0.23488
0.242386
0.250516
0.258347
0.267823
0.276033
0.284436
0.293155
0.30127
0.308312
0.314818
0.320745
0.325522
0.330407
0.332811
0.335998
0.3373
0.338423
0.211951
0.217001
0.221768
0.225673
0.23107
0.238095
0.244738
0.252155
0.259272
0.268379
0.276155
0.284228
0.292758
0.30065
0.307398
0.313587
0.319174
0.32357
0.328102
0.330023
0.33285
0.33372
0.334509
0.21895
0.22356
0.227713
0.230796
0.235347
0.241615
0.247473
0.254218
0.26063
0.269329
0.276631
0.284314
0.292579
0.300167
0.306547
0.312351
0.317539
0.321511
0.325641
0.327049
0.329479
0.329883
0.330302
0.225435
0.229672
0.233326
0.235742
0.239578
0.245182
0.250336
0.256466
0.262207
0.270478
0.277289
0.284539
0.292478
0.299687
0.305632
0.310983
0.315709
0.319211
0.322884
0.323749
0.325742
0.325649
0.325664
0.23137
0.235268
0.238507
0.240386
0.24362
0.248633
0.253156
0.258717
0.263817
0.27163
0.277931
0.284708
0.292258
0.299021
0.304475
0.309316
0.313526
0.31652
0.319687
0.319983
0.321501
0.320882
0.32046
0.236709
0.240246
0.243093
0.244512
0.247222
0.251701
0.255666
0.260717
0.265239
0.272596
0.278403
0.284697
0.291817
0.298079
0.30299
0.307264
0.310901
0.313344
0.315955
0.315665
0.316676
0.31552
0.314649
0.241474
0.244631
0.24711
0.248139
0.250385
0.254364
0.257813
0.262381
0.266353
0.273221
0.278525
0.284309
0.290949
0.29666
0.300992
0.304658
0.307684
0.309552
0.311571
0.310689
0.311168
0.309467
0.308131
0.245636
0.248369
0.25047
0.251144
0.252964
0.256463
0.259433
0.263543
0.267007
0.273372
0.278181
0.283448
0.289572
0.294695
0.298419
0.301446
0.303827
0.305098
0.306495
0.305025
0.304958
0.30272
0.300921
0.249201
0.251478
0.253196
0.253553
0.254979
0.258008
0.260523
0.26418
0.267154
0.272973
0.27727
0.281992
0.28755
0.292048
0.295145
0.297513
0.29923
0.299899
0.300656
0.298615
0.297995
0.295232
0.292971
0.25215
0.253921
0.255224
0.255266
0.256302
0.258858
0.260932
0.264144
0.266659
0.271924
0.275726
0.279909
0.284882
0.288737
0.291202
0.292901
0.293943
0.294008
0.294115
0.29153
0.290361
0.287105
0.284403
0.254509
0.255764
0.256659
0.256415
0.257088
0.259174
0.260812
0.263559
0.265604
0.270247
0.273507
0.277099
0.281425
0.284602
0.286422
0.287452
0.287823
0.287294
0.286757
0.283662
0.281948
0.278224
0.275084
0.256228
0.256931
0.257382
0.25684
0.257143
0.258751
0.259964
0.26225
0.263855
0.26788
0.270617
0.273632
0.277304
0.279803
0.28099
0.281361
0.281072
0.279965
0.278795
0.275232
0.272995
0.268849
0.265306
0.257344
0.257496
0.257503
0.256673
0.256614
0.257743
0.258529
0.260335
0.261492
0.264858
0.267045
0.269455
0.272435
0.274242
0.274799
0.274526
0.273596
0.271932
0.270149
0.266163
0.26342
0.25889
0.25496
0.257835
0.257438
0.257002
0.255888
0.255475
0.25613
0.256497
0.257816
0.258529
0.261217
0.262838
0.264625
0.266885
0.267992
0.267927
0.267028
0.265482
0.263285
0.260917
0.256551
0.253327
0.248452
0.244158
0.257693
0.256752
0.255863
0.254455
0.253681
0.253859
0.25381
0.254641
0.254928
0.256951
0.258029
0.259215
0.260773
0.261207
0.260549
0.259062
0.256939
0.254242
0.251325
0.246633
0.242962
0.237794
0.23317
0.256941
0.255485
0.25417
0.252487
0.251373
0.251089
0.250632
0.250966
0.250813
0.252141
0.252637
0.253185
0.254001
0.253745
0.252491
0.250429
0.247754
0.244579
0.241142
0.236157
0.232057
0.226624
0.22168
0.255545
0.253589
0.25185
0.249886
0.24843
0.247693
0.246843
0.246694
0.246133
0.246809
0.246768
0.246725
0.246845
0.245951
0.244147
0.241563
0.238391
0.234782
0.23088
0.225659
0.221176
0.215533
0.210309
0.253536
0.25111
0.248973
0.246744
0.244963
0.243792
0.242562
0.241934
0.240966
0.240991
0.240407
0.239769
0.239192
0.237672
0.235332
0.232252
0.228617
0.224601
0.220267
0.214843
0.209997
0.204173
0.198681
0.250904
0.248032
0.245517
0.243036
0.240946
0.239364
0.237775
0.236687
0.235334
0.234739
0.233637
0.23243
0.231186
0.229077
0.226232
0.222698
0.218647
0.214257
0.209539
0.203952
0.198778
0.192809
0.187075
0.247659
0.244367
0.241496
0.238781
0.236402
0.234435
0.232513
0.23099
0.229283
0.228114
0.226536
0.224809
0.222951
0.220313
0.217014
0.213082
0.208676
0.203962
0.198917
0.193214
0.187752
0.18168
0.175727
0.243814
0.240123
0.236918
0.23399
0.231345
0.229019
0.226792
0.224855
0.222815
0.2211
0.219066
0.21684
0.214395
0.211259
0.207529
0.203231
0.198506
0.19349
0.188152
0.182355
0.176623
0.170465
0.164306
0.239385
0.235314
0.231802
0.22869
0.225809
0.22316
0.220667
0.218354
0.216027
0.213821
0.211388
0.208725
0.205761
0.202199
0.1981
0.193502
0.188527
0.183263
0.177695
0.171854
0.165895
0.159693
0.15335
0.234391
0.229956
0.226159
0.222896
0.219811
0.216875
0.214158
0.211504
0.208934
0.206287
0.203506
0.20046
0.197034
0.193112
0.188693
0.18385
0.178682
0.173211
0.167463
0.161613
0.155453
0.149233
0.142722
0.228854
0.224072
0.220014
0.216636
0.213387
0.210204
0.207312
0.204359
0.2016
0.19857
0.195501
0.192135
0.188316
0.184107
0.179429
0.174403
0.169108
0.163475
0.157602
0.151781
0.145451
0.139238
0.132572
0.222802
0.217688
0.213397
0.209948
0.206577
0.203193
0.200183
0.196978
0.194093
0.190742
0.187454
0.183839
0.179703
0.175288
0.170416
0.165278
0.159924
0.154179
0.148237
0.142484
0.136011
0.129831
0.123022
0.216263
0.210838
0.206343
0.202873
0.19943
0.195894
0.192832
0.189429
0.18649
0.182888
0.179457
0.175673
0.171301
0.166771
0.161776
0.156599
0.151262
0.145454
0.139504
0.133859
0.127272
0.121148
0.114206
0.209267
0.203557
0.198893
0.195458
0.192
0.188369
0.185329
0.181787
0.178878
0.175101
0.171613
0.167748
0.163229
0.158681
0.153639
0.148503
0.14326
0.137444
0.131548
0.12605
0.119378
0.113334
0.106269
0.201839
0.195877
0.191084
0.187745
0.184333
0.180667
0.177731
0.174114
0.171324
0.167454
0.164
0.160147
0.155575
0.151111
0.146101
0.141088
0.136022
0.130256
0.12448
0.119175
0.11245
0.106517
0.0993489
0.193999
0.187837
0.182974
0.179806
0.176515
0.172893
0.170157
0.166545
0.163983
0.160122
0.156815
0.153089
0.148583
0.144329
0.139454
0.134669
0.12988
0.124236
0.118661
0.113601
0.106865
0.101073
0.0938077
0.185739
0.17943
0.174542
0.171607
0.1685
0.164987
0.162541
0.159006
0.156769
0.153008
0.149945
0.14644
0.142093
0.138147
0.133477
0.128995
0.12456
0.119093
0.113789
0.109022
0.102316
0.0967062
0.0893945
0.177074
0.170703
0.165875
0.163265
0.160433
0.157123
0.155084
0.151721
0.149935
0.146395
0.143708
0.140561
0.136518
0.133032
0.128695
0.124645
0.120691
0.115503
0.110579
0.106187
0.0995892
0.0942275
0.08691
0.167935
0.161583
0.156877
0.154656
0.152168
0.149138
0.147601
0.144494
0.143265
0.140055
0.137851
0.135167
0.131537
0.128619
0.124697
0.12117
0.117789
0.112963
0.108521
0.104586
0.0981858
0.0931621
0.0859459
0.158289
0.152065
0.147578
0.145836
0.14378
0.141125
0.140201
0.137449
0.136892
0.134134
0.132539
0.130451
0.127379
0.125177
0.121802
0.118928
0.116255
0.111917
0.108096
0.104741
0.0986762
0.0941284
0.0871512
0.147988
0.142002
0.137814
0.136616
0.135063
0.132866
0.132648
0.130341
0.130557
0.128363
0.127485
0.1261
0.123706
0.122335
0.119608
0.117497
0.11565
0.111926
0.108876
0.106241
0.100684
0.0967894
0.0902645
0.13688
0.131266
0.127477
0.126899
0.125924
0.12427
0.124847
0.123072
0.124146
0.122621
0.122555
0.121977
0.120381
0.119957
0.117991
0.11676
0.115867
0.112902
0.110791
0.109045
0.104219
0.101216
0.095433
0.124698
0.119604
0.116315
0.116426
0.1161
0.115073
0.116519
0.115365
0.117364
0.116603
0.117425
0.117733
0.117034
0.11764
0.116529
0.116271
0.116435
0.11437
0.113358
0.112673
0.108821
0.106972
0.102281
0.111091
0.106691
0.104028
0.104905
0.105313
0.105012
0.107401
0.106957
0.109933
0.110019
0.111782
0.113032
0.113302
0.114995
0.11481
0.115594
0.116892
0.115849
0.116075
0.116607
0.113978
0.113552
0.110342
0.0956032
0.0921211
0.0902533
0.092008
0.0932632
0.0938134
0.0972189
0.0975924
0.101577
0.102581
0.105309
0.107521
0.108793
0.111572
0.112338
0.11417
0.116605
0.116638
0.118151
0.119968
0.118731
0.119907
0.118508
0.0776713
0.0754085
0.0745807
0.0773858
0.0796705
0.081264
0.0857991
0.0871436
0.0921819
0.0941854
0.097892
0.101067
0.103344
0.107162
0.10886
0.111689
0.115193
0.116283
0.119039
0.122098
0.122293
0.125093
0.12566
0.0566649
0.0561694
0.0567795
0.0609228
0.0645258
0.0674411
0.0732534
0.0757624
0.0818896
0.0849604
0.0896236
0.0937144
0.0969392
0.101677
0.104215
0.107905
0.11231
0.114325
0.118138
0.122237
0.123715
0.127931
0.130335
0.0305314
0.0328318
0.0357808
0.0420197
0.0476249
0.0524502
0.0598976
0.0639243
0.0712638
0.075507
0.0810967
0.0860213
0.0900798
0.0955446
0.0987309
0.103056
0.108108
0.110795
0.115362
0.120161
0.122553
0.127743
0.131472
0.00366659
0.00888472
0.0145015
0.0231817
0.0310415
0.0379568
0.0471223
0.0526247
0.0611217
0.0663572
0.0726989
0.0782332
0.0828508
0.0887955
0.0923257
0.0970112
0.102444
0.105448
0.110442
0.115599
0.118432
0.124202
0.128737
0.375211
0.375901
0.374453
0.373247
0.370591
0.366544
0.362363
0.358355
0.354281
0.350548
0.346378
0.344507
0.339792
0.341562
0.335539
0.340296
0.340647
0.337308
0.330007
0.260591
0.294337
0.368093
0.368549
0.367198
0.366045
0.363567
0.359933
0.356143
0.352303
0.348269
0.34433
0.339825
0.336972
0.331327
0.330548
0.321722
0.320541
0.310669
0.289289
0.252277
0.182799
0.174445
0.361043
0.361397
0.360087
0.359032
0.3567
0.353333
0.349781
0.345957
0.341767
0.337422
0.332179
0.328119
0.320628
0.316895
0.303527
0.295317
0.274572
0.238605
0.189216
0.122183
0.129689
0.3554
0.355646
0.354248
0.35317
0.350811
0.347428
0.343813
0.339738
0.33514
0.330122
0.323845
0.318287
0.308591
0.30165
0.283705
0.269463
0.241371
0.199463
0.150652
0.0963758
0.114688
0.350498
0.350592
0.349015
0.347804
0.345272
0.341682
0.337806
0.33329
0.328097
0.322218
0.314736
0.307528
0.295611
0.285594
0.263938
0.245376
0.213599
0.171234
0.127547
0.0849379
0.104887
0.345997
0.345892
0.344063
0.342626
0.339803
0.335873
0.3316
0.326512
0.320608
0.313771
0.305036
0.2962
0.282288
0.26964
0.245414
0.2242
0.191343
0.151074
0.112939
0.0786541
0.0968449
0.341692
0.341341
0.339198
0.337455
0.334251
0.329887
0.325128
0.319389
0.312723
0.304913
0.294983
0.284667
0.269119
0.254406
0.228679
0.206114
0.173742
0.136479
0.103151
0.0745731
0.089903
0.337382
0.336731
0.334216
0.332096
0.32844
0.323576
0.31828
0.31186
0.304437
0.295712
0.284731
0.273183
0.25644
0.240286
0.213987
0.191076
0.160104
0.126038
0.0966344
0.0719366
0.0839109
0.332892
0.331901
0.328977
0.326438
0.322292
0.316906
0.311066
0.303987
0.295866
0.286339
0.274494
0.261985
0.244447
0.227364
0.201111
0.178419
0.149131
0.117923
0.0914685
0.0693049
0.0781382
0.328067
0.326701
0.32334
0.320351
0.315696
0.309786
0.303422
0.29573
0.286996
0.2768
0.264285
0.251073
0.233078
0.215466
0.189652
0.167493
0.1399
0.111124
0.0868863
0.0664643
0.0724487
0.322785
0.321016
0.317206
0.313752
0.308591
0.302179
0.295331
0.287093
0.277847
0.26712
0.254121
0.240428
0.222239
0.204387
0.179242
0.157751
0.131737
0.105008
0.0824865
0.0633867
0.0667906
0.316911
0.314712
0.310443
0.306515
0.300858
0.293978
0.2867
0.278001
0.26836
0.257264
0.243987
0.230059
0.211953
0.194155
0.169899
0.149223
0.124735
0.0998324
0.0787736
0.0607541
0.0615847
0.310448
0.307826
0.303129
0.298758
0.292655
0.285375
0.277749
0.268692
0.258775
0.247444
0.234032
0.220009
0.202106
0.184457
0.161086
0.141147
0.11796
0.094557
0.0746381
0.0574582
0.0561856
0.30329
0.300237
0.295126
0.290328
0.283817
0.276193
0.268288
0.258963
0.248881
0.237448
0.224055
0.210102
0.192559
0.175214
0.152801
0.133637
0.111681
0.0896538
0.0707765
0.0543713
0.0510504
0.295484
0.292017
0.286535
0.281351
0.274493
0.266599
0.258496
0.249002
0.238857
0.22743
0.214163
0.200374
0.183261
0.166269
0.14479
0.126344
0.105492
0.0846833
0.0667138
0.0509897
0.0458745
0.286984
0.283112
0.277291
0.271755
0.264602
0.256505
0.248273
0.238696
0.228582
0.217267
0.204239
0.190726
0.17414
0.157586
0.137069
0.119349
0.0995552
0.0798964
0.0627843
0.0476963
0.04087
0.277942
0.273699
0.267597
0.261764
0.254387
0.246165
0.237879
0.228302
0.218292
0.207154
0.194414
0.181193
0.16512
0.148972
0.129342
0.112257
0.0934044
0.0747758
0.058426
0.0439349
0.0356999
0.268207
0.263592
0.257234
0.251128
0.243572
0.235275
0.226985
0.217476
0.207641
0.196768
0.184417
0.171601
0.156153
0.140525
0.121859
0.105475
0.0875975
0.070015
0.0544531
0.0405715
0.0308967
0.258107
0.253164
0.246613
0.240295
0.232632
0.224336
0.216109
0.206741
0.197137
0.18657
0.174629
0.162203
0.147336
0.132174
0.11439
0.098616
0.0816155
0.0649808
0.050125
0.0367975
0.0260067
0.247512
0.242252
0.235538
0.229037
0.221311
0.213059
0.204931
0.195753
0.186423
0.176208
0.164723
0.15273
0.138482
0.123828
0.106944
0.0917983
0.0756757
0.059979
0.0458292
0.0330583
0.0212675
0.236541
0.230981
0.224136
0.217485
0.209741
0.201579
0.193584
0.184644
0.175623
0.165798
0.154807
0.143277
0.129671
0.115554
0.0995735
0.0850543
0.0697929
0.0550054
0.0415383
0.0292972
0.0166921
0.225463
0.219637
0.212705
0.205947
0.198237
0.190211
0.182385
0.173725
0.165036
0.155611
0.145105
0.134001
0.120979
0.107351
0.092211
0.0782663
0.0638148
0.0498877
0.0370706
0.0253358
0.0121593
0.213946
0.207849
0.200833
0.193972
0.18631
0.178433
0.170781
0.162422
0.15408
0.145085
0.135107
0.124487
0.112115
0.0990565
0.0848095
0.0714839
0.0578616
0.0447894
0.0326115
0.0213614
0.00783795
0.202616
0.196283
0.189224
0.182299
0.174733
0.167046
0.159592
0.15157
0.143586
0.135017
0.125541
0.115353
0.103561
0.0910166
0.0775914
0.0648324
0.0519884
0.0397241
0.028158
0.0173689
0.00368409
0.191081
0.184512
0.17741
0.170421
0.162957
0.15546
0.148198
0.140519
0.13289
0.12475
0.115784
0.10604
0.0948365
0.0828369
0.0702375
0.0580569
0.0459833
0.0345036
0.0235262
0.0131589
-0.000378594
0.179614
0.172822
0.165684
0.158639
0.151289
0.143989
0.136913
0.129585
0.122302
0.114583
0.106114
0.0967972
0.0861626
0.0747084
0.0629103
0.0512946
0.0399662
0.0292379
0.0188269
0.0088658
-0.00426834
0.168438
0.161434
0.15427
0.147176
0.139951
0.132852
0.125955
0.118985
0.112039
0.104726
0.0967324
0.0878111
0.0777056
0.0667833
0.0557548
0.0446956
0.0340953
0.0240968
0.014241
0.00465685
-0.00789771
0.157226
0.150007
0.142797
0.135632
0.128517
0.121595
0.114846
0.10822
0.101582
0.0946573
0.0871212
0.0785827
0.0689899
0.0586043
0.0483181
0.0377988
0.0278918
0.0185744
0.00921963
-5.94021e-05
-0.0115163
0.146493
0.139065
0.131808
0.124565
0.117554
0.110798
0.104175
0.0978841
0.0915321
0.084968
0.0778567
0.0696667
0.0605495
0.0506921
0.0411174
0.0311301
0.0218953
0.0132298
0.00434957
-0.00465577
-0.0148895
0.136107
0.128467
0.121142
0.113793
0.106861
0.100239
0.0937022
0.0877265
0.0816263
0.0753949
0.0686782
0.0608073
0.0521317
0.042793
0.0338945
0.0244243
0.0158333
0.00778479
-0.000649072
-0.00940539
-0.0181205
0.126201
0.118339
0.110916
0.103423
0.0965356
0.0900048
0.0835036
0.0778133
0.0719217
0.065985
0.0596232
0.0520346
0.043762
0.0349297
0.0266702
0.0177029
0.0097288
0.00226457
-0.0057513
-0.0142853
-0.0211882
0.116891
0.108791
0.101233
0.0935453
0.0866544
0.0801605
0.0736343
0.0681915
0.0624585
0.056773
0.0507219
0.0433755
0.0354653
0.0271259
0.0194676
0.0109892
0.00360538
-0.00330839
-0.0109407
-0.0192871
-0.0240873
0.108298
0.0999408
0.0921978
0.084252
0.0772938
0.0707674
0.0641416
0.0588982
0.0532652
0.0477816
0.0419917
0.0348441
0.0272544
0.0193922
0.0122948
0.00428954
-0.00253382
-0.00893629
-0.0162331
-0.0244458
-0.0268401
0.100559
0.0919172
0.0839297
0.0756454
0.068538
0.0618906
0.055072
0.0499651
0.0443611
0.0390201
0.0334329
0.0264298
0.0191055
0.0116908
0.00510314
-0.00245319
-0.00875092
-0.0146831
-0.0216984
-0.0298412
-0.0295229
0.0938171
0.0848663
0.0765644
0.0678429
0.0604816
0.0535986
0.0464668
0.0414075
0.0357369
0.0304585
0.0249998
0.0180763
0.0109575
0.00395718
-0.00217001
-0.00929914
-0.0150965
-0.0205816
-0.0273345
-0.0354044
-0.0321456
0.0883908
0.0790991
0.0704141
0.0611554
0.0534341
0.0462022
0.0386417
0.033556
0.0277378
0.0224565
0.017067
0.0101843
0.00325242
-0.00331779
-0.00898924
-0.0156799
-0.0209923
-0.0260725
-0.0326195
-0.0406158
-0.0343765
0.0840975
0.0744504
0.0652844
0.0553307
0.0470635
0.0392705
0.0310605
0.0257746
0.0196475
0.0142434
0.00881595
0.00186113
-0.00501503
-0.0112735
-0.0166164
-0.0229447
-0.0278153
-0.0324988
-0.0388426
-0.0467866
-0.0368447
0.0816688
0.0716822
0.0620037
0.0512678
0.0423413
0.0338456
0.0248239
0.0192192
0.0126445
0.00699415
0.0014207
-0.00566297
-0.0124776
-0.0183635
-0.0233341
-0.0292555
-0.033693
-0.0380458
-0.0442925
-0.0522253
-0.0388701
0.0808079
0.070533
0.0602705
0.0485695
0.0387255
0.0292012
0.0190093
0.0127926
0.00551391
-0.000555768
-0.00641308
-0.0137693
-0.0206956
-0.0263741
-0.0311316
-0.0367341
-0.040765
-0.0447568
-0.050864
-0.0587522
-0.0411554
0.0821546
0.0717638
0.0610157
0.0483433
0.0374893
0.026743
0.0150984
0.0080136
-0.000266076
-0.00701588
-0.013377
-0.0211452
-0.0282273
-0.03367
-0.0381912
-0.0434475
-0.0470898
-0.050789
-0.0568553
-0.0647117
-0.0431272
0.0855585
0.0753067
0.0641938
0.0505046
0.0384331
0.0260801
0.0124574
0.00401597
-0.00573264
-0.0134901
-0.0205947
-0.0289822
-0.0364268
-0.0418116
-0.046249
-0.0512252
-0.0544705
-0.0578094
-0.0637483
-0.0714476
-0.0451919
0.0912552
0.0816306
0.0705743
0.0561494
0.0429481
0.0288123
0.0127446
0.0023909
-0.00950792
-0.018858
-0.0271646
-0.0364897
-0.0444862
-0.0499056
-0.0543236
-0.0590365
-0.0618906
-0.0648746
-0.0706896
-0.0781567
-0.0471596
0.0989799
0.0906451
0.0802762
0.0656311
0.0515756
0.0355728
0.0165249
0.00350548
-0.0115203
-0.0233009
-0.0334401
-0.0441613
-0.0530519
-0.0587511
-0.0633293
-0.0678448
-0.0702812
-0.0728135
-0.0783625
-0.0853508
-0.0491146
0.108343
0.10218
0.0934906
0.0796463
0.065549
0.0480697
0.0257308
0.0091655
-0.0104543
-0.0261288
-0.0392377
-0.0521185
-0.062412
-0.0687227
-0.0736765
-0.0780502
-0.0799925
-0.0818891
-0.0869097
-0.0931039
-0.0511803
0.118258
0.115244
0.109531
0.0981229
0.0856444
0.0680975
0.043068
0.0225038
-0.00342217
-0.0252707
-0.0433878
-0.0598198
-0.0723812
-0.0798538
-0.0855492
-0.0899275
-0.0913456
-0.0924223
-0.096544
-0.10132
-0.0532568
0.127419
0.128312
0.126827
0.119809
0.111329
0.0963095
0.0705896
0.0464342
0.0124675
-0.0189903
-0.0456342
-0.067959
-0.0840478
-0.0934597
-0.100432
-0.104987
-0.105745
-0.105618
-0.108213
-0.110722
-0.0556098
0.134003
0.139009
0.142526
0.14176
0.140322
0.132318
0.111189
0.0872149
0.0457269
0.000229591
-0.0421705
-0.0763918
-0.0989072
-0.111335
-0.120145
-0.124984
-0.124836
-0.122987
-0.123192
-0.122226
-0.0587195
0.136276
0.144547
0.152457
0.158119
0.165557
0.169438
0.161894
0.149243
0.110511
0.0523607
-0.0162394
-0.0785377
-0.118807
-0.138232
-0.149873
-0.154818
-0.15308
-0.148597
-0.145146
-0.139445
-0.0654805
0.133865
0.143896
0.154126
0.163445
0.177254
0.192493
0.202529
0.212649
0.195308
0.139968
0.0438731
-0.0661837
-0.142534
-0.172502
-0.185337
-0.188854
-0.1848
-0.177151
-0.168884
-0.161409
-0.0845006
