/*--------------------------------*- C++ -*----------------------------------*\
  =========                 |
  \\      /  F ield         | OpenFOAM: The Open Source CFD Toolbox
   \\    /   O peration     | Website:  https://openfoam.org
    \\  /    A nd           | Version:  6
     \\/     M anipulation  |
\*---------------------------------------------------------------------------*/
FoamFile
{
    version     2.0;
    format      ascii;
    class       volVectorField;
    location    "3200";
    object      C;
}
// * * * * * * * * * * * * * * * * * * * * * * * * * * * * * * * * * * * * * //

dimensions      [0 1 0 0 0 0 0];

internalField   nonuniform List<vector> 
2500
(
(-0.487159 -0.245384 0.005)
(-0.467275 -0.245384 0.005)
(-0.447391 -0.245384 0.005)
(-0.427507 -0.245384 0.005)
(-0.407623 -0.245384 0.005)
(-0.387739 -0.245384 0.005)
(-0.367855 -0.245384 0.005)
(-0.347971 -0.245384 0.005)
(-0.328087 -0.245384 0.005)
(-0.308203 -0.245384 0.005)
(-0.288319 -0.245384 0.005)
(-0.268434 -0.245384 0.005)
(-0.24855 -0.245384 0.005)
(-0.228666 -0.245384 0.005)
(-0.208782 -0.245384 0.005)
(-0.188898 -0.245384 0.005)
(-0.169014 -0.245384 0.005)
(-0.14913 -0.245384 0.005)
(-0.129246 -0.245384 0.005)
(-0.109362 -0.245384 0.005)
(-0.0894782 -0.245384 0.005)
(-0.0695941 -0.245384 0.005)
(-0.0497101 -0.245384 0.005)
(-0.0298261 -0.245384 0.005)
(-0.00994202 -0.245384 0.005)
(0.00994202 -0.245384 0.005)
(0.0298261 -0.245384 0.005)
(0.0497101 -0.245384 0.005)
(0.0695941 -0.245384 0.005)
(0.0894782 -0.245384 0.005)
(0.109362 -0.245384 0.005)
(0.129246 -0.245384 0.005)
(0.14913 -0.245384 0.005)
(0.169014 -0.245384 0.005)
(0.188898 -0.245384 0.005)
(0.208782 -0.245384 0.005)
(0.228666 -0.245384 0.005)
(0.24855 -0.245384 0.005)
(0.268434 -0.245384 0.005)
(0.288319 -0.245384 0.005)
(0.308203 -0.245384 0.005)
(0.328087 -0.245384 0.005)
(0.347971 -0.245384 0.005)
(0.367855 -0.245384 0.005)
(0.387739 -0.245384 0.005)
(0.407623 -0.245384 0.005)
(0.427507 -0.245384 0.005)
(0.447391 -0.245384 0.005)
(0.467275 -0.245384 0.005)
(0.487159 -0.245384 0.005)
(-0.481472 -0.236128 0.005)
(-0.461821 -0.236128 0.005)
(-0.442169 -0.236128 0.005)
(-0.422517 -0.236128 0.005)
(-0.402865 -0.236128 0.005)
(-0.383213 -0.236128 0.005)
(-0.363561 -0.236128 0.005)
(-0.343909 -0.236128 0.005)
(-0.324257 -0.236128 0.005)
(-0.304605 -0.236128 0.005)
(-0.284953 -0.236128 0.005)
(-0.265301 -0.236128 0.005)
(-0.245649 -0.236128 0.005)
(-0.225997 -0.236128 0.005)
(-0.206345 -0.236128 0.005)
(-0.186693 -0.236128 0.005)
(-0.167041 -0.236128 0.005)
(-0.14739 -0.236128 0.005)
(-0.127738 -0.236128 0.005)
(-0.108086 -0.236128 0.005)
(-0.0884337 -0.236128 0.005)
(-0.0687818 -0.236128 0.005)
(-0.0491298 -0.236128 0.005)
(-0.0294779 -0.236128 0.005)
(-0.00982597 -0.236128 0.005)
(0.00982597 -0.236128 0.005)
(0.0294779 -0.236128 0.005)
(0.0491298 -0.236128 0.005)
(0.0687818 -0.236128 0.005)
(0.0884337 -0.236128 0.005)
(0.108086 -0.236128 0.005)
(0.127738 -0.236128 0.005)
(0.14739 -0.236128 0.005)
(0.167041 -0.236128 0.005)
(0.186693 -0.236128 0.005)
(0.206345 -0.236128 0.005)
(0.225997 -0.236128 0.005)
(0.245649 -0.236128 0.005)
(0.265301 -0.236128 0.005)
(0.284953 -0.236128 0.005)
(0.304605 -0.236128 0.005)
(0.324257 -0.236128 0.005)
(0.343909 -0.236128 0.005)
(0.363561 -0.236128 0.005)
(0.383213 -0.236128 0.005)
(0.402865 -0.236128 0.005)
(0.422517 -0.236128 0.005)
(0.442169 -0.236128 0.005)
(0.461821 -0.236128 0.005)
(0.481472 -0.236128 0.005)
(-0.475807 -0.226859 0.005)
(-0.456386 -0.226859 0.005)
(-0.436965 -0.226859 0.005)
(-0.417545 -0.226859 0.005)
(-0.398124 -0.226859 0.005)
(-0.378703 -0.226859 0.005)
(-0.359283 -0.226859 0.005)
(-0.339862 -0.226859 0.005)
(-0.320441 -0.226859 0.005)
(-0.30102 -0.226859 0.005)
(-0.2816 -0.226859 0.005)
(-0.262179 -0.226859 0.005)
(-0.242758 -0.226859 0.005)
(-0.223338 -0.226859 0.005)
(-0.203917 -0.226859 0.005)
(-0.184496 -0.226859 0.005)
(-0.165076 -0.226859 0.005)
(-0.145655 -0.226859 0.005)
(-0.126234 -0.226859 0.005)
(-0.106814 -0.226859 0.005)
(-0.087393 -0.226859 0.005)
(-0.0679724 -0.226859 0.005)
(-0.0485517 -0.226859 0.005)
(-0.029131 -0.226859 0.005)
(-0.00971034 -0.226859 0.005)
(0.00971034 -0.226859 0.005)
(0.029131 -0.226859 0.005)
(0.0485517 -0.226859 0.005)
(0.0679724 -0.226859 0.005)
(0.087393 -0.226859 0.005)
(0.106814 -0.226859 0.005)
(0.126234 -0.226859 0.005)
(0.145655 -0.226859 0.005)
(0.165076 -0.226859 0.005)
(0.184496 -0.226859 0.005)
(0.203917 -0.226859 0.005)
(0.223338 -0.226859 0.005)
(0.242758 -0.226859 0.005)
(0.262179 -0.226859 0.005)
(0.2816 -0.226859 0.005)
(0.30102 -0.226859 0.005)
(0.320441 -0.226859 0.005)
(0.339862 -0.226859 0.005)
(0.359283 -0.226859 0.005)
(0.378703 -0.226859 0.005)
(0.398124 -0.226859 0.005)
(0.417545 -0.226859 0.005)
(0.436965 -0.226859 0.005)
(0.456386 -0.226859 0.005)
(0.475807 -0.226859 0.005)
(-0.470175 -0.217567 0.005)
(-0.450985 -0.217567 0.005)
(-0.431794 -0.217567 0.005)
(-0.412603 -0.217567 0.005)
(-0.393412 -0.217567 0.005)
(-0.374221 -0.217567 0.005)
(-0.35503 -0.217567 0.005)
(-0.33584 -0.217567 0.005)
(-0.316649 -0.217567 0.005)
(-0.297458 -0.217567 0.005)
(-0.278267 -0.217567 0.005)
(-0.259076 -0.217567 0.005)
(-0.239885 -0.217567 0.005)
(-0.220695 -0.217567 0.005)
(-0.201504 -0.217567 0.005)
(-0.182313 -0.217567 0.005)
(-0.163122 -0.217567 0.005)
(-0.143931 -0.217567 0.005)
(-0.12474 -0.217567 0.005)
(-0.10555 -0.217567 0.005)
(-0.0863587 -0.217567 0.005)
(-0.0671679 -0.217567 0.005)
(-0.0479771 -0.217567 0.005)
(-0.0287862 -0.217567 0.005)
(-0.00959542 -0.217567 0.005)
(0.00959542 -0.217567 0.005)
(0.0287862 -0.217567 0.005)
(0.0479771 -0.217567 0.005)
(0.0671679 -0.217567 0.005)
(0.0863587 -0.217567 0.005)
(0.10555 -0.217567 0.005)
(0.12474 -0.217567 0.005)
(0.143931 -0.217567 0.005)
(0.163122 -0.217567 0.005)
(0.182313 -0.217567 0.005)
(0.201504 -0.217567 0.005)
(0.220695 -0.217567 0.005)
(0.239885 -0.217567 0.005)
(0.259076 -0.217567 0.005)
(0.278267 -0.217567 0.005)
(0.297458 -0.217567 0.005)
(0.316649 -0.217567 0.005)
(0.33584 -0.217567 0.005)
(0.35503 -0.217567 0.005)
(0.374221 -0.217567 0.005)
(0.393412 -0.217567 0.005)
(0.412603 -0.217567 0.005)
(0.431794 -0.217567 0.005)
(0.450985 -0.217567 0.005)
(0.470175 -0.217567 0.005)
(-0.464593 -0.208244 0.005)
(-0.44563 -0.208244 0.005)
(-0.426667 -0.208244 0.005)
(-0.407704 -0.208244 0.005)
(-0.388741 -0.208244 0.005)
(-0.369778 -0.208244 0.005)
(-0.350815 -0.208244 0.005)
(-0.331852 -0.208244 0.005)
(-0.312889 -0.208244 0.005)
(-0.293926 -0.208244 0.005)
(-0.274963 -0.208244 0.005)
(-0.256 -0.208244 0.005)
(-0.237037 -0.208244 0.005)
(-0.218074 -0.208244 0.005)
(-0.199111 -0.208244 0.005)
(-0.180148 -0.208244 0.005)
(-0.161185 -0.208244 0.005)
(-0.142222 -0.208244 0.005)
(-0.123259 -0.208244 0.005)
(-0.104296 -0.208244 0.005)
(-0.0853335 -0.208244 0.005)
(-0.0663705 -0.208244 0.005)
(-0.0474075 -0.208244 0.005)
(-0.0284445 -0.208244 0.005)
(-0.0094815 -0.208244 0.005)
(0.0094815 -0.208244 0.005)
(0.0284445 -0.208244 0.005)
(0.0474075 -0.208244 0.005)
(0.0663705 -0.208244 0.005)
(0.0853335 -0.208244 0.005)
(0.104296 -0.208244 0.005)
(0.123259 -0.208244 0.005)
(0.142222 -0.208244 0.005)
(0.161185 -0.208244 0.005)
(0.180148 -0.208244 0.005)
(0.199111 -0.208244 0.005)
(0.218074 -0.208244 0.005)
(0.237037 -0.208244 0.005)
(0.256 -0.208244 0.005)
(0.274963 -0.208244 0.005)
(0.293926 -0.208244 0.005)
(0.312889 -0.208244 0.005)
(0.331852 -0.208244 0.005)
(0.350815 -0.208244 0.005)
(0.369778 -0.208244 0.005)
(0.388741 -0.208244 0.005)
(0.407704 -0.208244 0.005)
(0.426667 -0.208244 0.005)
(0.44563 -0.208244 0.005)
(0.464593 -0.208244 0.005)
(-0.459075 -0.198882 0.005)
(-0.440338 -0.198882 0.005)
(-0.4216 -0.198882 0.005)
(-0.402862 -0.198882 0.005)
(-0.384124 -0.198882 0.005)
(-0.365387 -0.198882 0.005)
(-0.346649 -0.198882 0.005)
(-0.327911 -0.198882 0.005)
(-0.309173 -0.198882 0.005)
(-0.290436 -0.198882 0.005)
(-0.271698 -0.198882 0.005)
(-0.25296 -0.198882 0.005)
(-0.234222 -0.198882 0.005)
(-0.215484 -0.198882 0.005)
(-0.196747 -0.198882 0.005)
(-0.178009 -0.198882 0.005)
(-0.159271 -0.198882 0.005)
(-0.140533 -0.198882 0.005)
(-0.121796 -0.198882 0.005)
(-0.103058 -0.198882 0.005)
(-0.08432 -0.198882 0.005)
(-0.0655822 -0.198882 0.005)
(-0.0468444 -0.198882 0.005)
(-0.0281067 -0.198882 0.005)
(-0.00936889 -0.198882 0.005)
(0.00936889 -0.198882 0.005)
(0.0281067 -0.198882 0.005)
(0.0468444 -0.198882 0.005)
(0.0655822 -0.198882 0.005)
(0.08432 -0.198882 0.005)
(0.103058 -0.198882 0.005)
(0.121796 -0.198882 0.005)
(0.140533 -0.198882 0.005)
(0.159271 -0.198882 0.005)
(0.178009 -0.198882 0.005)
(0.196747 -0.198882 0.005)
(0.215484 -0.198882 0.005)
(0.234222 -0.198882 0.005)
(0.25296 -0.198882 0.005)
(0.271698 -0.198882 0.005)
(0.290436 -0.198882 0.005)
(0.309173 -0.198882 0.005)
(0.327911 -0.198882 0.005)
(0.346649 -0.198882 0.005)
(0.365387 -0.198882 0.005)
(0.384124 -0.198882 0.005)
(0.402862 -0.198882 0.005)
(0.4216 -0.198882 0.005)
(0.440338 -0.198882 0.005)
(0.459075 -0.198882 0.005)
(-0.453637 -0.189471 0.005)
(-0.435121 -0.189471 0.005)
(-0.416605 -0.189471 0.005)
(-0.39809 -0.189471 0.005)
(-0.379574 -0.189471 0.005)
(-0.361058 -0.189471 0.005)
(-0.342542 -0.189471 0.005)
(-0.324026 -0.189471 0.005)
(-0.305511 -0.189471 0.005)
(-0.286995 -0.189471 0.005)
(-0.268479 -0.189471 0.005)
(-0.249963 -0.189471 0.005)
(-0.231447 -0.189471 0.005)
(-0.212932 -0.189471 0.005)
(-0.194416 -0.189471 0.005)
(-0.1759 -0.189471 0.005)
(-0.157384 -0.189471 0.005)
(-0.138868 -0.189471 0.005)
(-0.120353 -0.189471 0.005)
(-0.101837 -0.189471 0.005)
(-0.0833211 -0.189471 0.005)
(-0.0648053 -0.189471 0.005)
(-0.0462895 -0.189471 0.005)
(-0.0277737 -0.189471 0.005)
(-0.0092579 -0.189471 0.005)
(0.0092579 -0.189471 0.005)
(0.0277737 -0.189471 0.005)
(0.0462895 -0.189471 0.005)
(0.0648053 -0.189471 0.005)
(0.0833211 -0.189471 0.005)
(0.101837 -0.189471 0.005)
(0.120353 -0.189471 0.005)
(0.138868 -0.189471 0.005)
(0.157384 -0.189471 0.005)
(0.1759 -0.189471 0.005)
(0.194416 -0.189471 0.005)
(0.212932 -0.189471 0.005)
(0.231447 -0.189471 0.005)
(0.249963 -0.189471 0.005)
(0.268479 -0.189471 0.005)
(0.286995 -0.189471 0.005)
(0.305511 -0.189471 0.005)
(0.324026 -0.189471 0.005)
(0.342542 -0.189471 0.005)
(0.361058 -0.189471 0.005)
(0.379574 -0.189471 0.005)
(0.39809 -0.189471 0.005)
(0.416605 -0.189471 0.005)
(0.435121 -0.189471 0.005)
(0.453637 -0.189471 0.005)
(-0.448294 -0.180004 0.005)
(-0.429996 -0.180004 0.005)
(-0.411699 -0.180004 0.005)
(-0.393401 -0.180004 0.005)
(-0.375103 -0.180004 0.005)
(-0.356806 -0.180004 0.005)
(-0.338508 -0.180004 0.005)
(-0.32021 -0.180004 0.005)
(-0.301912 -0.180004 0.005)
(-0.283615 -0.180004 0.005)
(-0.265317 -0.180004 0.005)
(-0.247019 -0.180004 0.005)
(-0.228722 -0.180004 0.005)
(-0.210424 -0.180004 0.005)
(-0.192126 -0.180004 0.005)
(-0.173828 -0.180004 0.005)
(-0.155531 -0.180004 0.005)
(-0.137233 -0.180004 0.005)
(-0.118935 -0.180004 0.005)
(-0.100637 -0.180004 0.005)
(-0.0823398 -0.180004 0.005)
(-0.064042 -0.180004 0.005)
(-0.0457443 -0.180004 0.005)
(-0.0274466 -0.180004 0.005)
(-0.00914886 -0.180004 0.005)
(0.00914886 -0.180004 0.005)
(0.0274466 -0.180004 0.005)
(0.0457443 -0.180004 0.005)
(0.064042 -0.180004 0.005)
(0.0823398 -0.180004 0.005)
(0.100637 -0.180004 0.005)
(0.118935 -0.180004 0.005)
(0.137233 -0.180004 0.005)
(0.155531 -0.180004 0.005)
(0.173828 -0.180004 0.005)
(0.192126 -0.180004 0.005)
(0.210424 -0.180004 0.005)
(0.228722 -0.180004 0.005)
(0.247019 -0.180004 0.005)
(0.265317 -0.180004 0.005)
(0.283615 -0.180004 0.005)
(0.301912 -0.180004 0.005)
(0.32021 -0.180004 0.005)
(0.338508 -0.180004 0.005)
(0.356806 -0.180004 0.005)
(0.375103 -0.180004 0.005)
(0.393401 -0.180004 0.005)
(0.411699 -0.180004 0.005)
(0.429996 -0.180004 0.005)
(0.448294 -0.180004 0.005)
(-0.443064 -0.170472 0.005)
(-0.42498 -0.170472 0.005)
(-0.406895 -0.170472 0.005)
(-0.388811 -0.170472 0.005)
(-0.370727 -0.170472 0.005)
(-0.352643 -0.170472 0.005)
(-0.334558 -0.170472 0.005)
(-0.316474 -0.170472 0.005)
(-0.29839 -0.170472 0.005)
(-0.280306 -0.170472 0.005)
(-0.262221 -0.170472 0.005)
(-0.244137 -0.170472 0.005)
(-0.226053 -0.170472 0.005)
(-0.207969 -0.170472 0.005)
(-0.189885 -0.170472 0.005)
(-0.1718 -0.170472 0.005)
(-0.153716 -0.170472 0.005)
(-0.135632 -0.170472 0.005)
(-0.117548 -0.170472 0.005)
(-0.0994633 -0.170472 0.005)
(-0.0813791 -0.170472 0.005)
(-0.0632948 -0.170472 0.005)
(-0.0452106 -0.170472 0.005)
(-0.0271264 -0.170472 0.005)
(-0.00904212 -0.170472 0.005)
(0.00904212 -0.170472 0.005)
(0.0271264 -0.170472 0.005)
(0.0452106 -0.170472 0.005)
(0.0632948 -0.170472 0.005)
(0.0813791 -0.170472 0.005)
(0.0994633 -0.170472 0.005)
(0.117548 -0.170472 0.005)
(0.135632 -0.170472 0.005)
(0.153716 -0.170472 0.005)
(0.1718 -0.170472 0.005)
(0.189885 -0.170472 0.005)
(0.207969 -0.170472 0.005)
(0.226053 -0.170472 0.005)
(0.244137 -0.170472 0.005)
(0.262221 -0.170472 0.005)
(0.280306 -0.170472 0.005)
(0.29839 -0.170472 0.005)
(0.316474 -0.170472 0.005)
(0.334558 -0.170472 0.005)
(0.352643 -0.170472 0.005)
(0.370727 -0.170472 0.005)
(0.388811 -0.170472 0.005)
(0.406895 -0.170472 0.005)
(0.42498 -0.170472 0.005)
(0.443064 -0.170472 0.005)
(-0.437964 -0.160866 0.005)
(-0.420088 -0.160866 0.005)
(-0.402212 -0.160866 0.005)
(-0.384336 -0.160866 0.005)
(-0.36646 -0.160866 0.005)
(-0.348584 -0.160866 0.005)
(-0.330707 -0.160866 0.005)
(-0.312831 -0.160866 0.005)
(-0.294955 -0.160866 0.005)
(-0.277079 -0.160866 0.005)
(-0.259203 -0.160866 0.005)
(-0.241327 -0.160866 0.005)
(-0.223451 -0.160866 0.005)
(-0.205575 -0.160866 0.005)
(-0.187699 -0.160866 0.005)
(-0.169823 -0.160866 0.005)
(-0.151947 -0.160866 0.005)
(-0.134071 -0.160866 0.005)
(-0.116195 -0.160866 0.005)
(-0.0983184 -0.160866 0.005)
(-0.0804424 -0.160866 0.005)
(-0.0625663 -0.160866 0.005)
(-0.0446902 -0.160866 0.005)
(-0.0268141 -0.160866 0.005)
(-0.00893804 -0.160866 0.005)
(0.00893804 -0.160866 0.005)
(0.0268141 -0.160866 0.005)
(0.0446902 -0.160866 0.005)
(0.0625663 -0.160866 0.005)
(0.0804424 -0.160866 0.005)
(0.0983184 -0.160866 0.005)
(0.116195 -0.160866 0.005)
(0.134071 -0.160866 0.005)
(0.151947 -0.160866 0.005)
(0.169823 -0.160866 0.005)
(0.187699 -0.160866 0.005)
(0.205575 -0.160866 0.005)
(0.223451 -0.160866 0.005)
(0.241327 -0.160866 0.005)
(0.259203 -0.160866 0.005)
(0.277079 -0.160866 0.005)
(0.294955 -0.160866 0.005)
(0.312831 -0.160866 0.005)
(0.330707 -0.160866 0.005)
(0.348584 -0.160866 0.005)
(0.36646 -0.160866 0.005)
(0.384336 -0.160866 0.005)
(0.402212 -0.160866 0.005)
(0.420088 -0.160866 0.005)
(0.437964 -0.160866 0.005)
(-0.433013 -0.15118 0.005)
(-0.415339 -0.15118 0.005)
(-0.397665 -0.15118 0.005)
(-0.379991 -0.15118 0.005)
(-0.362317 -0.15118 0.005)
(-0.344643 -0.15118 0.005)
(-0.326969 -0.15118 0.005)
(-0.309295 -0.15118 0.005)
(-0.291621 -0.15118 0.005)
(-0.273947 -0.15118 0.005)
(-0.256273 -0.15118 0.005)
(-0.238599 -0.15118 0.005)
(-0.220925 -0.15118 0.005)
(-0.203251 -0.15118 0.005)
(-0.185577 -0.15118 0.005)
(-0.167903 -0.15118 0.005)
(-0.150229 -0.15118 0.005)
(-0.132555 -0.15118 0.005)
(-0.114881 -0.15118 0.005)
(-0.097207 -0.15118 0.005)
(-0.079533 -0.15118 0.005)
(-0.061859 -0.15118 0.005)
(-0.044185 -0.15118 0.005)
(-0.026511 -0.15118 0.005)
(-0.008837 -0.15118 0.005)
(0.008837 -0.15118 0.005)
(0.026511 -0.15118 0.005)
(0.044185 -0.15118 0.005)
(0.061859 -0.15118 0.005)
(0.079533 -0.15118 0.005)
(0.097207 -0.15118 0.005)
(0.114881 -0.15118 0.005)
(0.132555 -0.15118 0.005)
(0.150229 -0.15118 0.005)
(0.167903 -0.15118 0.005)
(0.185577 -0.15118 0.005)
(0.203251 -0.15118 0.005)
(0.220925 -0.15118 0.005)
(0.238599 -0.15118 0.005)
(0.256273 -0.15118 0.005)
(0.273947 -0.15118 0.005)
(0.291621 -0.15118 0.005)
(0.309295 -0.15118 0.005)
(0.326969 -0.15118 0.005)
(0.344643 -0.15118 0.005)
(0.362317 -0.15118 0.005)
(0.379991 -0.15118 0.005)
(0.397665 -0.15118 0.005)
(0.415339 -0.15118 0.005)
(0.433013 -0.15118 0.005)
(-0.428232 -0.141407 0.005)
(-0.410753 -0.141407 0.005)
(-0.393274 -0.141407 0.005)
(-0.375795 -0.141407 0.005)
(-0.358316 -0.141407 0.005)
(-0.340837 -0.141407 0.005)
(-0.323359 -0.141407 0.005)
(-0.30588 -0.141407 0.005)
(-0.288401 -0.141407 0.005)
(-0.270922 -0.141407 0.005)
(-0.253443 -0.141407 0.005)
(-0.235964 -0.141407 0.005)
(-0.218486 -0.141407 0.005)
(-0.201007 -0.141407 0.005)
(-0.183528 -0.141407 0.005)
(-0.166049 -0.141407 0.005)
(-0.14857 -0.141407 0.005)
(-0.131091 -0.141407 0.005)
(-0.113612 -0.141407 0.005)
(-0.0961336 -0.141407 0.005)
(-0.0786548 -0.141407 0.005)
(-0.0611759 -0.141407 0.005)
(-0.0436971 -0.141407 0.005)
(-0.0262183 -0.141407 0.005)
(-0.00873942 -0.141407 0.005)
(0.00873942 -0.141407 0.005)
(0.0262183 -0.141407 0.005)
(0.0436971 -0.141407 0.005)
(0.0611759 -0.141407 0.005)
(0.0786548 -0.141407 0.005)
(0.0961336 -0.141407 0.005)
(0.113612 -0.141407 0.005)
(0.131091 -0.141407 0.005)
(0.14857 -0.141407 0.005)
(0.166049 -0.141407 0.005)
(0.183528 -0.141407 0.005)
(0.201007 -0.141407 0.005)
(0.218486 -0.141407 0.005)
(0.235964 -0.141407 0.005)
(0.253443 -0.141407 0.005)
(0.270922 -0.141407 0.005)
(0.288401 -0.141407 0.005)
(0.30588 -0.141407 0.005)
(0.323359 -0.141407 0.005)
(0.340837 -0.141407 0.005)
(0.358316 -0.141407 0.005)
(0.375795 -0.141407 0.005)
(0.393274 -0.141407 0.005)
(0.410753 -0.141407 0.005)
(0.428232 -0.141407 0.005)
(-0.42364 -0.131539 0.005)
(-0.406349 -0.131539 0.005)
(-0.389057 -0.131539 0.005)
(-0.371766 -0.131539 0.005)
(-0.354475 -0.131539 0.005)
(-0.337183 -0.131539 0.005)
(-0.319892 -0.131539 0.005)
(-0.3026 -0.131539 0.005)
(-0.285309 -0.131539 0.005)
(-0.268017 -0.131539 0.005)
(-0.250726 -0.131539 0.005)
(-0.233434 -0.131539 0.005)
(-0.216143 -0.131539 0.005)
(-0.198852 -0.131539 0.005)
(-0.18156 -0.131539 0.005)
(-0.164269 -0.131539 0.005)
(-0.146977 -0.131539 0.005)
(-0.129686 -0.131539 0.005)
(-0.112394 -0.131539 0.005)
(-0.0951029 -0.131539 0.005)
(-0.0778115 -0.131539 0.005)
(-0.06052 -0.131539 0.005)
(-0.0432286 -0.131539 0.005)
(-0.0259372 -0.131539 0.005)
(-0.00864572 -0.131539 0.005)
(0.00864572 -0.131539 0.005)
(0.0259372 -0.131539 0.005)
(0.0432286 -0.131539 0.005)
(0.06052 -0.131539 0.005)
(0.0778115 -0.131539 0.005)
(0.0951029 -0.131539 0.005)
(0.112394 -0.131539 0.005)
(0.129686 -0.131539 0.005)
(0.146977 -0.131539 0.005)
(0.164269 -0.131539 0.005)
(0.18156 -0.131539 0.005)
(0.198852 -0.131539 0.005)
(0.216143 -0.131539 0.005)
(0.233434 -0.131539 0.005)
(0.250726 -0.131539 0.005)
(0.268017 -0.131539 0.005)
(0.285309 -0.131539 0.005)
(0.3026 -0.131539 0.005)
(0.319892 -0.131539 0.005)
(0.337183 -0.131539 0.005)
(0.354475 -0.131539 0.005)
(0.371766 -0.131539 0.005)
(0.389057 -0.131539 0.005)
(0.406349 -0.131539 0.005)
(0.42364 -0.131539 0.005)
(-0.419262 -0.121571 0.005)
(-0.402149 -0.121571 0.005)
(-0.385036 -0.121571 0.005)
(-0.367924 -0.121571 0.005)
(-0.350811 -0.121571 0.005)
(-0.333698 -0.121571 0.005)
(-0.316585 -0.121571 0.005)
(-0.299473 -0.121571 0.005)
(-0.28236 -0.121571 0.005)
(-0.265247 -0.121571 0.005)
(-0.248135 -0.121571 0.005)
(-0.231022 -0.121571 0.005)
(-0.213909 -0.121571 0.005)
(-0.196796 -0.121571 0.005)
(-0.179684 -0.121571 0.005)
(-0.162571 -0.121571 0.005)
(-0.145458 -0.121571 0.005)
(-0.128345 -0.121571 0.005)
(-0.111233 -0.121571 0.005)
(-0.09412 -0.121571 0.005)
(-0.0770073 -0.121571 0.005)
(-0.0598945 -0.121571 0.005)
(-0.0427818 -0.121571 0.005)
(-0.0256691 -0.121571 0.005)
(-0.00855636 -0.121571 0.005)
(0.00855636 -0.121571 0.005)
(0.0256691 -0.121571 0.005)
(0.0427818 -0.121571 0.005)
(0.0598945 -0.121571 0.005)
(0.0770073 -0.121571 0.005)
(0.09412 -0.121571 0.005)
(0.111233 -0.121571 0.005)
(0.128345 -0.121571 0.005)
(0.145458 -0.121571 0.005)
(0.162571 -0.121571 0.005)
(0.179684 -0.121571 0.005)
(0.196796 -0.121571 0.005)
(0.213909 -0.121571 0.005)
(0.231022 -0.121571 0.005)
(0.248135 -0.121571 0.005)
(0.265247 -0.121571 0.005)
(0.28236 -0.121571 0.005)
(0.299473 -0.121571 0.005)
(0.316585 -0.121571 0.005)
(0.333698 -0.121571 0.005)
(0.350811 -0.121571 0.005)
(0.367924 -0.121571 0.005)
(0.385036 -0.121571 0.005)
(0.402149 -0.121571 0.005)
(0.419262 -0.121571 0.005)
(-0.415119 -0.111499 0.005)
(-0.398176 -0.111499 0.005)
(-0.381232 -0.111499 0.005)
(-0.364288 -0.111499 0.005)
(-0.347345 -0.111499 0.005)
(-0.330401 -0.111499 0.005)
(-0.313457 -0.111499 0.005)
(-0.296514 -0.111499 0.005)
(-0.27957 -0.111499 0.005)
(-0.262627 -0.111499 0.005)
(-0.245683 -0.111499 0.005)
(-0.228739 -0.111499 0.005)
(-0.211796 -0.111499 0.005)
(-0.194852 -0.111499 0.005)
(-0.177908 -0.111499 0.005)
(-0.160965 -0.111499 0.005)
(-0.144021 -0.111499 0.005)
(-0.127077 -0.111499 0.005)
(-0.110134 -0.111499 0.005)
(-0.0931901 -0.111499 0.005)
(-0.0762464 -0.111499 0.005)
(-0.0593028 -0.111499 0.005)
(-0.0423591 -0.111499 0.005)
(-0.0254155 -0.111499 0.005)
(-0.00847182 -0.111499 0.005)
(0.00847182 -0.111499 0.005)
(0.0254155 -0.111499 0.005)
(0.0423591 -0.111499 0.005)
(0.0593028 -0.111499 0.005)
(0.0762464 -0.111499 0.005)
(0.0931901 -0.111499 0.005)
(0.110134 -0.111499 0.005)
(0.127077 -0.111499 0.005)
(0.144021 -0.111499 0.005)
(0.160965 -0.111499 0.005)
(0.177908 -0.111499 0.005)
(0.194852 -0.111499 0.005)
(0.211796 -0.111499 0.005)
(0.228739 -0.111499 0.005)
(0.245683 -0.111499 0.005)
(0.262627 -0.111499 0.005)
(0.27957 -0.111499 0.005)
(0.296514 -0.111499 0.005)
(0.313457 -0.111499 0.005)
(0.330401 -0.111499 0.005)
(0.347345 -0.111499 0.005)
(0.364288 -0.111499 0.005)
(0.381232 -0.111499 0.005)
(0.398176 -0.111499 0.005)
(0.415119 -0.111499 0.005)
(-0.411238 -0.101321 0.005)
(-0.394452 -0.101321 0.005)
(-0.377667 -0.101321 0.005)
(-0.360882 -0.101321 0.005)
(-0.344097 -0.101321 0.005)
(-0.327312 -0.101321 0.005)
(-0.310526 -0.101321 0.005)
(-0.293741 -0.101321 0.005)
(-0.276956 -0.101321 0.005)
(-0.260171 -0.101321 0.005)
(-0.243386 -0.101321 0.005)
(-0.2266 -0.101321 0.005)
(-0.209815 -0.101321 0.005)
(-0.19303 -0.101321 0.005)
(-0.176245 -0.101321 0.005)
(-0.159459 -0.101321 0.005)
(-0.142674 -0.101321 0.005)
(-0.125889 -0.101321 0.005)
(-0.109104 -0.101321 0.005)
(-0.0923187 -0.101321 0.005)
(-0.0755334 -0.101321 0.005)
(-0.0587482 -0.101321 0.005)
(-0.041963 -0.101321 0.005)
(-0.0251778 -0.101321 0.005)
(-0.0083926 -0.101321 0.005)
(0.0083926 -0.101321 0.005)
(0.0251778 -0.101321 0.005)
(0.041963 -0.101321 0.005)
(0.0587482 -0.101321 0.005)
(0.0755334 -0.101321 0.005)
(0.0923187 -0.101321 0.005)
(0.109104 -0.101321 0.005)
(0.125889 -0.101321 0.005)
(0.142674 -0.101321 0.005)
(0.159459 -0.101321 0.005)
(0.176245 -0.101321 0.005)
(0.19303 -0.101321 0.005)
(0.209815 -0.101321 0.005)
(0.2266 -0.101321 0.005)
(0.243386 -0.101321 0.005)
(0.260171 -0.101321 0.005)
(0.276956 -0.101321 0.005)
(0.293741 -0.101321 0.005)
(0.310526 -0.101321 0.005)
(0.327312 -0.101321 0.005)
(0.344097 -0.101321 0.005)
(0.360882 -0.101321 0.005)
(0.377667 -0.101321 0.005)
(0.394452 -0.101321 0.005)
(0.411238 -0.101321 0.005)
(-0.407642 -0.0910339 0.005)
(-0.391004 -0.0910339 0.005)
(-0.374365 -0.0910339 0.005)
(-0.357727 -0.0910339 0.005)
(-0.341088 -0.0910339 0.005)
(-0.32445 -0.0910339 0.005)
(-0.307811 -0.0910339 0.005)
(-0.291173 -0.0910339 0.005)
(-0.274534 -0.0910339 0.005)
(-0.257896 -0.0910339 0.005)
(-0.241258 -0.0910339 0.005)
(-0.224619 -0.0910339 0.005)
(-0.207981 -0.0910339 0.005)
(-0.191342 -0.0910339 0.005)
(-0.174704 -0.0910339 0.005)
(-0.158065 -0.0910339 0.005)
(-0.141427 -0.0910339 0.005)
(-0.124788 -0.0910339 0.005)
(-0.10815 -0.0910339 0.005)
(-0.0915115 -0.0910339 0.005)
(-0.074873 -0.0910339 0.005)
(-0.0582346 -0.0910339 0.005)
(-0.0415961 -0.0910339 0.005)
(-0.0249577 -0.0910339 0.005)
(-0.00831923 -0.0910339 0.005)
(0.00831923 -0.0910339 0.005)
(0.0249577 -0.0910339 0.005)
(0.0415961 -0.0910339 0.005)
(0.0582346 -0.0910339 0.005)
(0.074873 -0.0910339 0.005)
(0.0915115 -0.0910339 0.005)
(0.10815 -0.0910339 0.005)
(0.124788 -0.0910339 0.005)
(0.141427 -0.0910339 0.005)
(0.158065 -0.0910339 0.005)
(0.174704 -0.0910339 0.005)
(0.191342 -0.0910339 0.005)
(0.207981 -0.0910339 0.005)
(0.224619 -0.0910339 0.005)
(0.241258 -0.0910339 0.005)
(0.257896 -0.0910339 0.005)
(0.274534 -0.0910339 0.005)
(0.291173 -0.0910339 0.005)
(0.307811 -0.0910339 0.005)
(0.32445 -0.0910339 0.005)
(0.341088 -0.0910339 0.005)
(0.357727 -0.0910339 0.005)
(0.374365 -0.0910339 0.005)
(0.391004 -0.0910339 0.005)
(0.407642 -0.0910339 0.005)
(-0.404358 -0.0806398 0.005)
(-0.387854 -0.0806398 0.005)
(-0.37135 -0.0806398 0.005)
(-0.354845 -0.0806398 0.005)
(-0.338341 -0.0806398 0.005)
(-0.321836 -0.0806398 0.005)
(-0.305332 -0.0806398 0.005)
(-0.288827 -0.0806398 0.005)
(-0.272323 -0.0806398 0.005)
(-0.255819 -0.0806398 0.005)
(-0.239314 -0.0806398 0.005)
(-0.22281 -0.0806398 0.005)
(-0.206305 -0.0806398 0.005)
(-0.189801 -0.0806398 0.005)
(-0.173296 -0.0806398 0.005)
(-0.156792 -0.0806398 0.005)
(-0.140288 -0.0806398 0.005)
(-0.123783 -0.0806398 0.005)
(-0.107279 -0.0806398 0.005)
(-0.0907743 -0.0806398 0.005)
(-0.0742699 -0.0806398 0.005)
(-0.0577655 -0.0806398 0.005)
(-0.0412611 -0.0806398 0.005)
(-0.0247566 -0.0806398 0.005)
(-0.00825221 -0.0806398 0.005)
(0.00825221 -0.0806398 0.005)
(0.0247566 -0.0806398 0.005)
(0.0412611 -0.0806398 0.005)
(0.0577655 -0.0806398 0.005)
(0.0742699 -0.0806398 0.005)
(0.0907743 -0.0806398 0.005)
(0.107279 -0.0806398 0.005)
(0.123783 -0.0806398 0.005)
(0.140288 -0.0806398 0.005)
(0.156792 -0.0806398 0.005)
(0.173296 -0.0806398 0.005)
(0.189801 -0.0806398 0.005)
(0.206305 -0.0806398 0.005)
(0.22281 -0.0806398 0.005)
(0.239314 -0.0806398 0.005)
(0.255819 -0.0806398 0.005)
(0.272323 -0.0806398 0.005)
(0.288827 -0.0806398 0.005)
(0.305332 -0.0806398 0.005)
(0.321836 -0.0806398 0.005)
(0.338341 -0.0806398 0.005)
(0.354845 -0.0806398 0.005)
(0.37135 -0.0806398 0.005)
(0.387854 -0.0806398 0.005)
(0.404358 -0.0806398 0.005)
(-0.401413 -0.0701416 0.005)
(-0.385028 -0.0701416 0.005)
(-0.368644 -0.0701416 0.005)
(-0.35226 -0.0701416 0.005)
(-0.335876 -0.0701416 0.005)
(-0.319492 -0.0701416 0.005)
(-0.303108 -0.0701416 0.005)
(-0.286723 -0.0701416 0.005)
(-0.270339 -0.0701416 0.005)
(-0.253955 -0.0701416 0.005)
(-0.237571 -0.0701416 0.005)
(-0.221187 -0.0701416 0.005)
(-0.204802 -0.0701416 0.005)
(-0.188418 -0.0701416 0.005)
(-0.172034 -0.0701416 0.005)
(-0.15565 -0.0701416 0.005)
(-0.139266 -0.0701416 0.005)
(-0.122881 -0.0701416 0.005)
(-0.106497 -0.0701416 0.005)
(-0.090113 -0.0701416 0.005)
(-0.0737289 -0.0701416 0.005)
(-0.0573447 -0.0701416 0.005)
(-0.0409605 -0.0701416 0.005)
(-0.0245763 -0.0701416 0.005)
(-0.00819209 -0.0701416 0.005)
(0.00819209 -0.0701416 0.005)
(0.0245763 -0.0701416 0.005)
(0.0409605 -0.0701416 0.005)
(0.0573447 -0.0701416 0.005)
(0.0737289 -0.0701416 0.005)
(0.090113 -0.0701416 0.005)
(0.106497 -0.0701416 0.005)
(0.122881 -0.0701416 0.005)
(0.139266 -0.0701416 0.005)
(0.15565 -0.0701416 0.005)
(0.172034 -0.0701416 0.005)
(0.188418 -0.0701416 0.005)
(0.204802 -0.0701416 0.005)
(0.221187 -0.0701416 0.005)
(0.237571 -0.0701416 0.005)
(0.253955 -0.0701416 0.005)
(0.270339 -0.0701416 0.005)
(0.286723 -0.0701416 0.005)
(0.303108 -0.0701416 0.005)
(0.319492 -0.0701416 0.005)
(0.335876 -0.0701416 0.005)
(0.35226 -0.0701416 0.005)
(0.368644 -0.0701416 0.005)
(0.385028 -0.0701416 0.005)
(0.401413 -0.0701416 0.005)
(-0.39883 -0.059545 0.005)
(-0.382551 -0.059545 0.005)
(-0.366273 -0.059545 0.005)
(-0.349994 -0.059545 0.005)
(-0.333715 -0.059545 0.005)
(-0.317436 -0.059545 0.005)
(-0.301157 -0.059545 0.005)
(-0.284879 -0.059545 0.005)
(-0.2686 -0.059545 0.005)
(-0.252321 -0.059545 0.005)
(-0.236042 -0.059545 0.005)
(-0.219764 -0.059545 0.005)
(-0.203485 -0.059545 0.005)
(-0.187206 -0.059545 0.005)
(-0.170927 -0.059545 0.005)
(-0.154648 -0.059545 0.005)
(-0.13837 -0.059545 0.005)
(-0.122091 -0.059545 0.005)
(-0.105812 -0.059545 0.005)
(-0.0895333 -0.059545 0.005)
(-0.0732545 -0.059545 0.005)
(-0.0569757 -0.059545 0.005)
(-0.0406969 -0.059545 0.005)
(-0.0244182 -0.059545 0.005)
(-0.00813939 -0.059545 0.005)
(0.00813939 -0.059545 0.005)
(0.0244182 -0.059545 0.005)
(0.0406969 -0.059545 0.005)
(0.0569757 -0.059545 0.005)
(0.0732545 -0.059545 0.005)
(0.0895333 -0.059545 0.005)
(0.105812 -0.059545 0.005)
(0.122091 -0.059545 0.005)
(0.13837 -0.059545 0.005)
(0.154648 -0.059545 0.005)
(0.170927 -0.059545 0.005)
(0.187206 -0.059545 0.005)
(0.203485 -0.059545 0.005)
(0.219764 -0.059545 0.005)
(0.236042 -0.059545 0.005)
(0.252321 -0.059545 0.005)
(0.2686 -0.059545 0.005)
(0.284879 -0.059545 0.005)
(0.301157 -0.059545 0.005)
(0.317436 -0.059545 0.005)
(0.333715 -0.059545 0.005)
(0.349994 -0.059545 0.005)
(0.366273 -0.059545 0.005)
(0.382551 -0.059545 0.005)
(0.39883 -0.059545 0.005)
(-0.396634 -0.0488563 0.005)
(-0.380445 -0.0488563 0.005)
(-0.364256 -0.0488563 0.005)
(-0.348067 -0.0488563 0.005)
(-0.331878 -0.0488563 0.005)
(-0.315689 -0.0488563 0.005)
(-0.299499 -0.0488563 0.005)
(-0.28331 -0.0488563 0.005)
(-0.267121 -0.0488563 0.005)
(-0.250932 -0.0488563 0.005)
(-0.234743 -0.0488563 0.005)
(-0.218554 -0.0488563 0.005)
(-0.202364 -0.0488563 0.005)
(-0.186175 -0.0488563 0.005)
(-0.169986 -0.0488563 0.005)
(-0.153797 -0.0488563 0.005)
(-0.137608 -0.0488563 0.005)
(-0.121419 -0.0488563 0.005)
(-0.10523 -0.0488563 0.005)
(-0.0890404 -0.0488563 0.005)
(-0.0728512 -0.0488563 0.005)
(-0.0566621 -0.0488563 0.005)
(-0.0404729 -0.0488563 0.005)
(-0.0242837 -0.0488563 0.005)
(-0.00809458 -0.0488563 0.005)
(0.00809458 -0.0488563 0.005)
(0.0242837 -0.0488563 0.005)
(0.0404729 -0.0488563 0.005)
(0.0566621 -0.0488563 0.005)
(0.0728512 -0.0488563 0.005)
(0.0890404 -0.0488563 0.005)
(0.10523 -0.0488563 0.005)
(0.121419 -0.0488563 0.005)
(0.137608 -0.0488563 0.005)
(0.153797 -0.0488563 0.005)
(0.169986 -0.0488563 0.005)
(0.186175 -0.0488563 0.005)
(0.202364 -0.0488563 0.005)
(0.218554 -0.0488563 0.005)
(0.234743 -0.0488563 0.005)
(0.250932 -0.0488563 0.005)
(0.267121 -0.0488563 0.005)
(0.28331 -0.0488563 0.005)
(0.299499 -0.0488563 0.005)
(0.315689 -0.0488563 0.005)
(0.331878 -0.0488563 0.005)
(0.348067 -0.0488563 0.005)
(0.364256 -0.0488563 0.005)
(0.380445 -0.0488563 0.005)
(0.396634 -0.0488563 0.005)
(-0.394848 -0.0380864 0.005)
(-0.378731 -0.0380864 0.005)
(-0.362615 -0.0380864 0.005)
(-0.346499 -0.0380864 0.005)
(-0.330383 -0.0380864 0.005)
(-0.314266 -0.0380864 0.005)
(-0.29815 -0.0380864 0.005)
(-0.282034 -0.0380864 0.005)
(-0.265918 -0.0380864 0.005)
(-0.249802 -0.0380864 0.005)
(-0.233685 -0.0380864 0.005)
(-0.217569 -0.0380864 0.005)
(-0.201453 -0.0380864 0.005)
(-0.185337 -0.0380864 0.005)
(-0.16922 -0.0380864 0.005)
(-0.153104 -0.0380864 0.005)
(-0.136988 -0.0380864 0.005)
(-0.120872 -0.0380864 0.005)
(-0.104755 -0.0380864 0.005)
(-0.0886393 -0.0380864 0.005)
(-0.072523 -0.0380864 0.005)
(-0.0564068 -0.0380864 0.005)
(-0.0402906 -0.0380864 0.005)
(-0.0241743 -0.0380864 0.005)
(-0.00805811 -0.0380864 0.005)
(0.00805811 -0.0380864 0.005)
(0.0241743 -0.0380864 0.005)
(0.0402906 -0.0380864 0.005)
(0.0564068 -0.0380864 0.005)
(0.072523 -0.0380864 0.005)
(0.0886393 -0.0380864 0.005)
(0.104755 -0.0380864 0.005)
(0.120872 -0.0380864 0.005)
(0.136988 -0.0380864 0.005)
(0.153104 -0.0380864 0.005)
(0.16922 -0.0380864 0.005)
(0.185337 -0.0380864 0.005)
(0.201453 -0.0380864 0.005)
(0.217569 -0.0380864 0.005)
(0.233685 -0.0380864 0.005)
(0.249802 -0.0380864 0.005)
(0.265918 -0.0380864 0.005)
(0.282034 -0.0380864 0.005)
(0.29815 -0.0380864 0.005)
(0.314266 -0.0380864 0.005)
(0.330383 -0.0380864 0.005)
(0.346499 -0.0380864 0.005)
(0.362615 -0.0380864 0.005)
(0.378731 -0.0380864 0.005)
(0.394848 -0.0380864 0.005)
(-0.393489 -0.0272519 0.005)
(-0.377429 -0.0272519 0.005)
(-0.361368 -0.0272519 0.005)
(-0.345307 -0.0272519 0.005)
(-0.329246 -0.0272519 0.005)
(-0.313185 -0.0272519 0.005)
(-0.297125 -0.0272519 0.005)
(-0.281064 -0.0272519 0.005)
(-0.265003 -0.0272519 0.005)
(-0.248942 -0.0272519 0.005)
(-0.232881 -0.0272519 0.005)
(-0.216821 -0.0272519 0.005)
(-0.20076 -0.0272519 0.005)
(-0.184699 -0.0272519 0.005)
(-0.168638 -0.0272519 0.005)
(-0.152578 -0.0272519 0.005)
(-0.136517 -0.0272519 0.005)
(-0.120456 -0.0272519 0.005)
(-0.104395 -0.0272519 0.005)
(-0.0883344 -0.0272519 0.005)
(-0.0722736 -0.0272519 0.005)
(-0.0562128 -0.0272519 0.005)
(-0.040152 -0.0272519 0.005)
(-0.0240912 -0.0272519 0.005)
(-0.0080304 -0.0272519 0.005)
(0.0080304 -0.0272519 0.005)
(0.0240912 -0.0272519 0.005)
(0.040152 -0.0272519 0.005)
(0.0562128 -0.0272519 0.005)
(0.0722736 -0.0272519 0.005)
(0.0883344 -0.0272519 0.005)
(0.104395 -0.0272519 0.005)
(0.120456 -0.0272519 0.005)
(0.136517 -0.0272519 0.005)
(0.152578 -0.0272519 0.005)
(0.168638 -0.0272519 0.005)
(0.184699 -0.0272519 0.005)
(0.20076 -0.0272519 0.005)
(0.216821 -0.0272519 0.005)
(0.232881 -0.0272519 0.005)
(0.248942 -0.0272519 0.005)
(0.265003 -0.0272519 0.005)
(0.281064 -0.0272519 0.005)
(0.297125 -0.0272519 0.005)
(0.313185 -0.0272519 0.005)
(0.329246 -0.0272519 0.005)
(0.345307 -0.0272519 0.005)
(0.361368 -0.0272519 0.005)
(0.377429 -0.0272519 0.005)
(0.393489 -0.0272519 0.005)
(-0.392575 -0.0163704 0.005)
(-0.376552 -0.0163704 0.005)
(-0.360528 -0.0163704 0.005)
(-0.344505 -0.0163704 0.005)
(-0.328481 -0.0163704 0.005)
(-0.312458 -0.0163704 0.005)
(-0.296434 -0.0163704 0.005)
(-0.280411 -0.0163704 0.005)
(-0.264387 -0.0163704 0.005)
(-0.248364 -0.0163704 0.005)
(-0.23234 -0.0163704 0.005)
(-0.216317 -0.0163704 0.005)
(-0.200293 -0.0163704 0.005)
(-0.18427 -0.0163704 0.005)
(-0.168246 -0.0163704 0.005)
(-0.152223 -0.0163704 0.005)
(-0.1362 -0.0163704 0.005)
(-0.120176 -0.0163704 0.005)
(-0.104153 -0.0163704 0.005)
(-0.0881291 -0.0163704 0.005)
(-0.0721056 -0.0163704 0.005)
(-0.0560822 -0.0163704 0.005)
(-0.0400587 -0.0163704 0.005)
(-0.0240352 -0.0163704 0.005)
(-0.00801174 -0.0163704 0.005)
(0.00801174 -0.0163704 0.005)
(0.0240352 -0.0163704 0.005)
(0.0400587 -0.0163704 0.005)
(0.0560822 -0.0163704 0.005)
(0.0721056 -0.0163704 0.005)
(0.0881291 -0.0163704 0.005)
(0.104153 -0.0163704 0.005)
(0.120176 -0.0163704 0.005)
(0.1362 -0.0163704 0.005)
(0.152223 -0.0163704 0.005)
(0.168246 -0.0163704 0.005)
(0.18427 -0.0163704 0.005)
(0.200293 -0.0163704 0.005)
(0.216317 -0.0163704 0.005)
(0.23234 -0.0163704 0.005)
(0.248364 -0.0163704 0.005)
(0.264387 -0.0163704 0.005)
(0.280411 -0.0163704 0.005)
(0.296434 -0.0163704 0.005)
(0.312458 -0.0163704 0.005)
(0.328481 -0.0163704 0.005)
(0.344505 -0.0163704 0.005)
(0.360528 -0.0163704 0.005)
(0.376552 -0.0163704 0.005)
(0.392575 -0.0163704 0.005)
(-0.392115 -0.00546007 0.005)
(-0.376111 -0.00546007 0.005)
(-0.360106 -0.00546007 0.005)
(-0.344101 -0.00546007 0.005)
(-0.328096 -0.00546007 0.005)
(-0.312092 -0.00546007 0.005)
(-0.296087 -0.00546007 0.005)
(-0.280082 -0.00546007 0.005)
(-0.264078 -0.00546007 0.005)
(-0.248073 -0.00546007 0.005)
(-0.232068 -0.00546007 0.005)
(-0.216064 -0.00546007 0.005)
(-0.200059 -0.00546007 0.005)
(-0.184054 -0.00546007 0.005)
(-0.168049 -0.00546007 0.005)
(-0.152045 -0.00546007 0.005)
(-0.13604 -0.00546007 0.005)
(-0.120035 -0.00546007 0.005)
(-0.104031 -0.00546007 0.005)
(-0.0880259 -0.00546007 0.005)
(-0.0720212 -0.00546007 0.005)
(-0.0560165 -0.00546007 0.005)
(-0.0400118 -0.00546007 0.005)
(-0.0240071 -0.00546007 0.005)
(-0.00800235 -0.00546007 0.005)
(0.00800235 -0.00546007 0.005)
(0.0240071 -0.00546007 0.005)
(0.0400118 -0.00546007 0.005)
(0.0560165 -0.00546007 0.005)
(0.0720212 -0.00546007 0.005)
(0.0880259 -0.00546007 0.005)
(0.104031 -0.00546007 0.005)
(0.120035 -0.00546007 0.005)
(0.13604 -0.00546007 0.005)
(0.152045 -0.00546007 0.005)
(0.168049 -0.00546007 0.005)
(0.184054 -0.00546007 0.005)
(0.200059 -0.00546007 0.005)
(0.216064 -0.00546007 0.005)
(0.232068 -0.00546007 0.005)
(0.248073 -0.00546007 0.005)
(0.264078 -0.00546007 0.005)
(0.280082 -0.00546007 0.005)
(0.296087 -0.00546007 0.005)
(0.312092 -0.00546007 0.005)
(0.328096 -0.00546007 0.005)
(0.344101 -0.00546007 0.005)
(0.360106 -0.00546007 0.005)
(0.376111 -0.00546007 0.005)
(0.392115 -0.00546007 0.005)
(-0.392115 0.00546007 0.005)
(-0.376111 0.00546007 0.005)
(-0.360106 0.00546007 0.005)
(-0.344101 0.00546007 0.005)
(-0.328096 0.00546007 0.005)
(-0.312092 0.00546007 0.005)
(-0.296087 0.00546007 0.005)
(-0.280082 0.00546007 0.005)
(-0.264078 0.00546007 0.005)
(-0.248073 0.00546007 0.005)
(-0.232068 0.00546007 0.005)
(-0.216064 0.00546007 0.005)
(-0.200059 0.00546007 0.005)
(-0.184054 0.00546007 0.005)
(-0.168049 0.00546007 0.005)
(-0.152045 0.00546007 0.005)
(-0.13604 0.00546007 0.005)
(-0.120035 0.00546007 0.005)
(-0.104031 0.00546007 0.005)
(-0.0880259 0.00546007 0.005)
(-0.0720212 0.00546007 0.005)
(-0.0560165 0.00546007 0.005)
(-0.0400118 0.00546007 0.005)
(-0.0240071 0.00546007 0.005)
(-0.00800235 0.00546007 0.005)
(0.00800235 0.00546007 0.005)
(0.0240071 0.00546007 0.005)
(0.0400118 0.00546007 0.005)
(0.0560165 0.00546007 0.005)
(0.0720212 0.00546007 0.005)
(0.0880259 0.00546007 0.005)
(0.104031 0.00546007 0.005)
(0.120035 0.00546007 0.005)
(0.13604 0.00546007 0.005)
(0.152045 0.00546007 0.005)
(0.168049 0.00546007 0.005)
(0.184054 0.00546007 0.005)
(0.200059 0.00546007 0.005)
(0.216064 0.00546007 0.005)
(0.232068 0.00546007 0.005)
(0.248073 0.00546007 0.005)
(0.264078 0.00546007 0.005)
(0.280082 0.00546007 0.005)
(0.296087 0.00546007 0.005)
(0.312092 0.00546007 0.005)
(0.328096 0.00546007 0.005)
(0.344101 0.00546007 0.005)
(0.360106 0.00546007 0.005)
(0.376111 0.00546007 0.005)
(0.392115 0.00546007 0.005)
(-0.392575 0.0163704 0.005)
(-0.376552 0.0163704 0.005)
(-0.360528 0.0163704 0.005)
(-0.344505 0.0163704 0.005)
(-0.328481 0.0163704 0.005)
(-0.312458 0.0163704 0.005)
(-0.296434 0.0163704 0.005)
(-0.280411 0.0163704 0.005)
(-0.264387 0.0163704 0.005)
(-0.248364 0.0163704 0.005)
(-0.23234 0.0163704 0.005)
(-0.216317 0.0163704 0.005)
(-0.200293 0.0163704 0.005)
(-0.18427 0.0163704 0.005)
(-0.168246 0.0163704 0.005)
(-0.152223 0.0163704 0.005)
(-0.1362 0.0163704 0.005)
(-0.120176 0.0163704 0.005)
(-0.104153 0.0163704 0.005)
(-0.0881291 0.0163704 0.005)
(-0.0721056 0.0163704 0.005)
(-0.0560822 0.0163704 0.005)
(-0.0400587 0.0163704 0.005)
(-0.0240352 0.0163704 0.005)
(-0.00801174 0.0163704 0.005)
(0.00801174 0.0163704 0.005)
(0.0240352 0.0163704 0.005)
(0.0400587 0.0163704 0.005)
(0.0560822 0.0163704 0.005)
(0.0721056 0.0163704 0.005)
(0.0881291 0.0163704 0.005)
(0.104153 0.0163704 0.005)
(0.120176 0.0163704 0.005)
(0.1362 0.0163704 0.005)
(0.152223 0.0163704 0.005)
(0.168246 0.0163704 0.005)
(0.18427 0.0163704 0.005)
(0.200293 0.0163704 0.005)
(0.216317 0.0163704 0.005)
(0.23234 0.0163704 0.005)
(0.248364 0.0163704 0.005)
(0.264387 0.0163704 0.005)
(0.280411 0.0163704 0.005)
(0.296434 0.0163704 0.005)
(0.312458 0.0163704 0.005)
(0.328481 0.0163704 0.005)
(0.344505 0.0163704 0.005)
(0.360528 0.0163704 0.005)
(0.376552 0.0163704 0.005)
(0.392575 0.0163704 0.005)
(-0.393489 0.0272519 0.005)
(-0.377429 0.0272519 0.005)
(-0.361368 0.0272519 0.005)
(-0.345307 0.0272519 0.005)
(-0.329246 0.0272519 0.005)
(-0.313185 0.0272519 0.005)
(-0.297125 0.0272519 0.005)
(-0.281064 0.0272519 0.005)
(-0.265003 0.0272519 0.005)
(-0.248942 0.0272519 0.005)
(-0.232881 0.0272519 0.005)
(-0.216821 0.0272519 0.005)
(-0.20076 0.0272519 0.005)
(-0.184699 0.0272519 0.005)
(-0.168638 0.0272519 0.005)
(-0.152578 0.0272519 0.005)
(-0.136517 0.0272519 0.005)
(-0.120456 0.0272519 0.005)
(-0.104395 0.0272519 0.005)
(-0.0883344 0.0272519 0.005)
(-0.0722736 0.0272519 0.005)
(-0.0562128 0.0272519 0.005)
(-0.040152 0.0272519 0.005)
(-0.0240912 0.0272519 0.005)
(-0.0080304 0.0272519 0.005)
(0.0080304 0.0272519 0.005)
(0.0240912 0.0272519 0.005)
(0.040152 0.0272519 0.005)
(0.0562128 0.0272519 0.005)
(0.0722736 0.0272519 0.005)
(0.0883344 0.0272519 0.005)
(0.104395 0.0272519 0.005)
(0.120456 0.0272519 0.005)
(0.136517 0.0272519 0.005)
(0.152578 0.0272519 0.005)
(0.168638 0.0272519 0.005)
(0.184699 0.0272519 0.005)
(0.20076 0.0272519 0.005)
(0.216821 0.0272519 0.005)
(0.232881 0.0272519 0.005)
(0.248942 0.0272519 0.005)
(0.265003 0.0272519 0.005)
(0.281064 0.0272519 0.005)
(0.297125 0.0272519 0.005)
(0.313185 0.0272519 0.005)
(0.329246 0.0272519 0.005)
(0.345307 0.0272519 0.005)
(0.361368 0.0272519 0.005)
(0.377429 0.0272519 0.005)
(0.393489 0.0272519 0.005)
(-0.394848 0.0380864 0.005)
(-0.378731 0.0380864 0.005)
(-0.362615 0.0380864 0.005)
(-0.346499 0.0380864 0.005)
(-0.330383 0.0380864 0.005)
(-0.314266 0.0380864 0.005)
(-0.29815 0.0380864 0.005)
(-0.282034 0.0380864 0.005)
(-0.265918 0.0380864 0.005)
(-0.249802 0.0380864 0.005)
(-0.233685 0.0380864 0.005)
(-0.217569 0.0380864 0.005)
(-0.201453 0.0380864 0.005)
(-0.185337 0.0380864 0.005)
(-0.16922 0.0380864 0.005)
(-0.153104 0.0380864 0.005)
(-0.136988 0.0380864 0.005)
(-0.120872 0.0380864 0.005)
(-0.104755 0.0380864 0.005)
(-0.0886393 0.0380864 0.005)
(-0.072523 0.0380864 0.005)
(-0.0564068 0.0380864 0.005)
(-0.0402906 0.0380864 0.005)
(-0.0241743 0.0380864 0.005)
(-0.00805811 0.0380864 0.005)
(0.00805811 0.0380864 0.005)
(0.0241743 0.0380864 0.005)
(0.0402906 0.0380864 0.005)
(0.0564068 0.0380864 0.005)
(0.072523 0.0380864 0.005)
(0.0886393 0.0380864 0.005)
(0.104755 0.0380864 0.005)
(0.120872 0.0380864 0.005)
(0.136988 0.0380864 0.005)
(0.153104 0.0380864 0.005)
(0.16922 0.0380864 0.005)
(0.185337 0.0380864 0.005)
(0.201453 0.0380864 0.005)
(0.217569 0.0380864 0.005)
(0.233685 0.0380864 0.005)
(0.249802 0.0380864 0.005)
(0.265918 0.0380864 0.005)
(0.282034 0.0380864 0.005)
(0.29815 0.0380864 0.005)
(0.314266 0.0380864 0.005)
(0.330383 0.0380864 0.005)
(0.346499 0.0380864 0.005)
(0.362615 0.0380864 0.005)
(0.378731 0.0380864 0.005)
(0.394848 0.0380864 0.005)
(-0.396634 0.0488563 0.005)
(-0.380445 0.0488563 0.005)
(-0.364256 0.0488563 0.005)
(-0.348067 0.0488563 0.005)
(-0.331878 0.0488563 0.005)
(-0.315689 0.0488563 0.005)
(-0.299499 0.0488563 0.005)
(-0.28331 0.0488563 0.005)
(-0.267121 0.0488563 0.005)
(-0.250932 0.0488563 0.005)
(-0.234743 0.0488563 0.005)
(-0.218554 0.0488563 0.005)
(-0.202364 0.0488563 0.005)
(-0.186175 0.0488563 0.005)
(-0.169986 0.0488563 0.005)
(-0.153797 0.0488563 0.005)
(-0.137608 0.0488563 0.005)
(-0.121419 0.0488563 0.005)
(-0.10523 0.0488563 0.005)
(-0.0890404 0.0488563 0.005)
(-0.0728512 0.0488563 0.005)
(-0.0566621 0.0488563 0.005)
(-0.0404729 0.0488563 0.005)
(-0.0242837 0.0488563 0.005)
(-0.00809458 0.0488563 0.005)
(0.00809458 0.0488563 0.005)
(0.0242837 0.0488563 0.005)
(0.0404729 0.0488563 0.005)
(0.0566621 0.0488563 0.005)
(0.0728512 0.0488563 0.005)
(0.0890404 0.0488563 0.005)
(0.10523 0.0488563 0.005)
(0.121419 0.0488563 0.005)
(0.137608 0.0488563 0.005)
(0.153797 0.0488563 0.005)
(0.169986 0.0488563 0.005)
(0.186175 0.0488563 0.005)
(0.202364 0.0488563 0.005)
(0.218554 0.0488563 0.005)
(0.234743 0.0488563 0.005)
(0.250932 0.0488563 0.005)
(0.267121 0.0488563 0.005)
(0.28331 0.0488563 0.005)
(0.299499 0.0488563 0.005)
(0.315689 0.0488563 0.005)
(0.331878 0.0488563 0.005)
(0.348067 0.0488563 0.005)
(0.364256 0.0488563 0.005)
(0.380445 0.0488563 0.005)
(0.396634 0.0488563 0.005)
(-0.39883 0.059545 0.005)
(-0.382551 0.059545 0.005)
(-0.366273 0.059545 0.005)
(-0.349994 0.059545 0.005)
(-0.333715 0.059545 0.005)
(-0.317436 0.059545 0.005)
(-0.301157 0.059545 0.005)
(-0.284879 0.059545 0.005)
(-0.2686 0.059545 0.005)
(-0.252321 0.059545 0.005)
(-0.236042 0.059545 0.005)
(-0.219764 0.059545 0.005)
(-0.203485 0.059545 0.005)
(-0.187206 0.059545 0.005)
(-0.170927 0.059545 0.005)
(-0.154648 0.059545 0.005)
(-0.13837 0.059545 0.005)
(-0.122091 0.059545 0.005)
(-0.105812 0.059545 0.005)
(-0.0895333 0.059545 0.005)
(-0.0732545 0.059545 0.005)
(-0.0569757 0.059545 0.005)
(-0.0406969 0.059545 0.005)
(-0.0244182 0.059545 0.005)
(-0.00813939 0.059545 0.005)
(0.00813939 0.059545 0.005)
(0.0244182 0.059545 0.005)
(0.0406969 0.059545 0.005)
(0.0569757 0.059545 0.005)
(0.0732545 0.059545 0.005)
(0.0895333 0.059545 0.005)
(0.105812 0.059545 0.005)
(0.122091 0.059545 0.005)
(0.13837 0.059545 0.005)
(0.154648 0.059545 0.005)
(0.170927 0.059545 0.005)
(0.187206 0.059545 0.005)
(0.203485 0.059545 0.005)
(0.219764 0.059545 0.005)
(0.236042 0.059545 0.005)
(0.252321 0.059545 0.005)
(0.2686 0.059545 0.005)
(0.284879 0.059545 0.005)
(0.301157 0.059545 0.005)
(0.317436 0.059545 0.005)
(0.333715 0.059545 0.005)
(0.349994 0.059545 0.005)
(0.366273 0.059545 0.005)
(0.382551 0.059545 0.005)
(0.39883 0.059545 0.005)
(-0.401413 0.0701416 0.005)
(-0.385028 0.0701416 0.005)
(-0.368644 0.0701416 0.005)
(-0.35226 0.0701416 0.005)
(-0.335876 0.0701416 0.005)
(-0.319492 0.0701416 0.005)
(-0.303108 0.0701416 0.005)
(-0.286723 0.0701416 0.005)
(-0.270339 0.0701416 0.005)
(-0.253955 0.0701416 0.005)
(-0.237571 0.0701416 0.005)
(-0.221187 0.0701416 0.005)
(-0.204802 0.0701416 0.005)
(-0.188418 0.0701416 0.005)
(-0.172034 0.0701416 0.005)
(-0.15565 0.0701416 0.005)
(-0.139266 0.0701416 0.005)
(-0.122881 0.0701416 0.005)
(-0.106497 0.0701416 0.005)
(-0.090113 0.0701416 0.005)
(-0.0737289 0.0701416 0.005)
(-0.0573447 0.0701416 0.005)
(-0.0409605 0.0701416 0.005)
(-0.0245763 0.0701416 0.005)
(-0.00819209 0.0701416 0.005)
(0.00819209 0.0701416 0.005)
(0.0245763 0.0701416 0.005)
(0.0409605 0.0701416 0.005)
(0.0573447 0.0701416 0.005)
(0.0737289 0.0701416 0.005)
(0.090113 0.0701416 0.005)
(0.106497 0.0701416 0.005)
(0.122881 0.0701416 0.005)
(0.139266 0.0701416 0.005)
(0.15565 0.0701416 0.005)
(0.172034 0.0701416 0.005)
(0.188418 0.0701416 0.005)
(0.204802 0.0701416 0.005)
(0.221187 0.0701416 0.005)
(0.237571 0.0701416 0.005)
(0.253955 0.0701416 0.005)
(0.270339 0.0701416 0.005)
(0.286723 0.0701416 0.005)
(0.303108 0.0701416 0.005)
(0.319492 0.0701416 0.005)
(0.335876 0.0701416 0.005)
(0.35226 0.0701416 0.005)
(0.368644 0.0701416 0.005)
(0.385028 0.0701416 0.005)
(0.401413 0.0701416 0.005)
(-0.404358 0.0806398 0.005)
(-0.387854 0.0806398 0.005)
(-0.37135 0.0806398 0.005)
(-0.354845 0.0806398 0.005)
(-0.338341 0.0806398 0.005)
(-0.321836 0.0806398 0.005)
(-0.305332 0.0806398 0.005)
(-0.288827 0.0806398 0.005)
(-0.272323 0.0806398 0.005)
(-0.255819 0.0806398 0.005)
(-0.239314 0.0806398 0.005)
(-0.22281 0.0806398 0.005)
(-0.206305 0.0806398 0.005)
(-0.189801 0.0806398 0.005)
(-0.173296 0.0806398 0.005)
(-0.156792 0.0806398 0.005)
(-0.140288 0.0806398 0.005)
(-0.123783 0.0806398 0.005)
(-0.107279 0.0806398 0.005)
(-0.0907743 0.0806398 0.005)
(-0.0742699 0.0806398 0.005)
(-0.0577655 0.0806398 0.005)
(-0.0412611 0.0806398 0.005)
(-0.0247566 0.0806398 0.005)
(-0.00825221 0.0806398 0.005)
(0.00825221 0.0806398 0.005)
(0.0247566 0.0806398 0.005)
(0.0412611 0.0806398 0.005)
(0.0577655 0.0806398 0.005)
(0.0742699 0.0806398 0.005)
(0.0907743 0.0806398 0.005)
(0.107279 0.0806398 0.005)
(0.123783 0.0806398 0.005)
(0.140288 0.0806398 0.005)
(0.156792 0.0806398 0.005)
(0.173296 0.0806398 0.005)
(0.189801 0.0806398 0.005)
(0.206305 0.0806398 0.005)
(0.22281 0.0806398 0.005)
(0.239314 0.0806398 0.005)
(0.255819 0.0806398 0.005)
(0.272323 0.0806398 0.005)
(0.288827 0.0806398 0.005)
(0.305332 0.0806398 0.005)
(0.321836 0.0806398 0.005)
(0.338341 0.0806398 0.005)
(0.354845 0.0806398 0.005)
(0.37135 0.0806398 0.005)
(0.387854 0.0806398 0.005)
(0.404358 0.0806398 0.005)
(-0.407642 0.0910339 0.005)
(-0.391004 0.0910339 0.005)
(-0.374365 0.0910339 0.005)
(-0.357727 0.0910339 0.005)
(-0.341088 0.0910339 0.005)
(-0.32445 0.0910339 0.005)
(-0.307811 0.0910339 0.005)
(-0.291173 0.0910339 0.005)
(-0.274534 0.0910339 0.005)
(-0.257896 0.0910339 0.005)
(-0.241258 0.0910339 0.005)
(-0.224619 0.0910339 0.005)
(-0.207981 0.0910339 0.005)
(-0.191342 0.0910339 0.005)
(-0.174704 0.0910339 0.005)
(-0.158065 0.0910339 0.005)
(-0.141427 0.0910339 0.005)
(-0.124788 0.0910339 0.005)
(-0.10815 0.0910339 0.005)
(-0.0915115 0.0910339 0.005)
(-0.074873 0.0910339 0.005)
(-0.0582346 0.0910339 0.005)
(-0.0415961 0.0910339 0.005)
(-0.0249577 0.0910339 0.005)
(-0.00831923 0.0910339 0.005)
(0.00831923 0.0910339 0.005)
(0.0249577 0.0910339 0.005)
(0.0415961 0.0910339 0.005)
(0.0582346 0.0910339 0.005)
(0.074873 0.0910339 0.005)
(0.0915115 0.0910339 0.005)
(0.10815 0.0910339 0.005)
(0.124788 0.0910339 0.005)
(0.141427 0.0910339 0.005)
(0.158065 0.0910339 0.005)
(0.174704 0.0910339 0.005)
(0.191342 0.0910339 0.005)
(0.207981 0.0910339 0.005)
(0.224619 0.0910339 0.005)
(0.241258 0.0910339 0.005)
(0.257896 0.0910339 0.005)
(0.274534 0.0910339 0.005)
(0.291173 0.0910339 0.005)
(0.307811 0.0910339 0.005)
(0.32445 0.0910339 0.005)
(0.341088 0.0910339 0.005)
(0.357727 0.0910339 0.005)
(0.374365 0.0910339 0.005)
(0.391004 0.0910339 0.005)
(0.407642 0.0910339 0.005)
(-0.411238 0.101321 0.005)
(-0.394452 0.101321 0.005)
(-0.377667 0.101321 0.005)
(-0.360882 0.101321 0.005)
(-0.344097 0.101321 0.005)
(-0.327312 0.101321 0.005)
(-0.310526 0.101321 0.005)
(-0.293741 0.101321 0.005)
(-0.276956 0.101321 0.005)
(-0.260171 0.101321 0.005)
(-0.243386 0.101321 0.005)
(-0.2266 0.101321 0.005)
(-0.209815 0.101321 0.005)
(-0.19303 0.101321 0.005)
(-0.176245 0.101321 0.005)
(-0.159459 0.101321 0.005)
(-0.142674 0.101321 0.005)
(-0.125889 0.101321 0.005)
(-0.109104 0.101321 0.005)
(-0.0923187 0.101321 0.005)
(-0.0755334 0.101321 0.005)
(-0.0587482 0.101321 0.005)
(-0.041963 0.101321 0.005)
(-0.0251778 0.101321 0.005)
(-0.0083926 0.101321 0.005)
(0.0083926 0.101321 0.005)
(0.0251778 0.101321 0.005)
(0.041963 0.101321 0.005)
(0.0587482 0.101321 0.005)
(0.0755334 0.101321 0.005)
(0.0923187 0.101321 0.005)
(0.109104 0.101321 0.005)
(0.125889 0.101321 0.005)
(0.142674 0.101321 0.005)
(0.159459 0.101321 0.005)
(0.176245 0.101321 0.005)
(0.19303 0.101321 0.005)
(0.209815 0.101321 0.005)
(0.2266 0.101321 0.005)
(0.243386 0.101321 0.005)
(0.260171 0.101321 0.005)
(0.276956 0.101321 0.005)
(0.293741 0.101321 0.005)
(0.310526 0.101321 0.005)
(0.327312 0.101321 0.005)
(0.344097 0.101321 0.005)
(0.360882 0.101321 0.005)
(0.377667 0.101321 0.005)
(0.394452 0.101321 0.005)
(0.411238 0.101321 0.005)
(-0.415119 0.111499 0.005)
(-0.398176 0.111499 0.005)
(-0.381232 0.111499 0.005)
(-0.364288 0.111499 0.005)
(-0.347345 0.111499 0.005)
(-0.330401 0.111499 0.005)
(-0.313457 0.111499 0.005)
(-0.296514 0.111499 0.005)
(-0.27957 0.111499 0.005)
(-0.262627 0.111499 0.005)
(-0.245683 0.111499 0.005)
(-0.228739 0.111499 0.005)
(-0.211796 0.111499 0.005)
(-0.194852 0.111499 0.005)
(-0.177908 0.111499 0.005)
(-0.160965 0.111499 0.005)
(-0.144021 0.111499 0.005)
(-0.127077 0.111499 0.005)
(-0.110134 0.111499 0.005)
(-0.0931901 0.111499 0.005)
(-0.0762464 0.111499 0.005)
(-0.0593028 0.111499 0.005)
(-0.0423591 0.111499 0.005)
(-0.0254155 0.111499 0.005)
(-0.00847182 0.111499 0.005)
(0.00847182 0.111499 0.005)
(0.0254155 0.111499 0.005)
(0.0423591 0.111499 0.005)
(0.0593028 0.111499 0.005)
(0.0762464 0.111499 0.005)
(0.0931901 0.111499 0.005)
(0.110134 0.111499 0.005)
(0.127077 0.111499 0.005)
(0.144021 0.111499 0.005)
(0.160965 0.111499 0.005)
(0.177908 0.111499 0.005)
(0.194852 0.111499 0.005)
(0.211796 0.111499 0.005)
(0.228739 0.111499 0.005)
(0.245683 0.111499 0.005)
(0.262627 0.111499 0.005)
(0.27957 0.111499 0.005)
(0.296514 0.111499 0.005)
(0.313457 0.111499 0.005)
(0.330401 0.111499 0.005)
(0.347345 0.111499 0.005)
(0.364288 0.111499 0.005)
(0.381232 0.111499 0.005)
(0.398176 0.111499 0.005)
(0.415119 0.111499 0.005)
(-0.419262 0.121571 0.005)
(-0.402149 0.121571 0.005)
(-0.385036 0.121571 0.005)
(-0.367924 0.121571 0.005)
(-0.350811 0.121571 0.005)
(-0.333698 0.121571 0.005)
(-0.316585 0.121571 0.005)
(-0.299473 0.121571 0.005)
(-0.28236 0.121571 0.005)
(-0.265247 0.121571 0.005)
(-0.248135 0.121571 0.005)
(-0.231022 0.121571 0.005)
(-0.213909 0.121571 0.005)
(-0.196796 0.121571 0.005)
(-0.179684 0.121571 0.005)
(-0.162571 0.121571 0.005)
(-0.145458 0.121571 0.005)
(-0.128345 0.121571 0.005)
(-0.111233 0.121571 0.005)
(-0.09412 0.121571 0.005)
(-0.0770073 0.121571 0.005)
(-0.0598945 0.121571 0.005)
(-0.0427818 0.121571 0.005)
(-0.0256691 0.121571 0.005)
(-0.00855636 0.121571 0.005)
(0.00855636 0.121571 0.005)
(0.0256691 0.121571 0.005)
(0.0427818 0.121571 0.005)
(0.0598945 0.121571 0.005)
(0.0770073 0.121571 0.005)
(0.09412 0.121571 0.005)
(0.111233 0.121571 0.005)
(0.128345 0.121571 0.005)
(0.145458 0.121571 0.005)
(0.162571 0.121571 0.005)
(0.179684 0.121571 0.005)
(0.196796 0.121571 0.005)
(0.213909 0.121571 0.005)
(0.231022 0.121571 0.005)
(0.248135 0.121571 0.005)
(0.265247 0.121571 0.005)
(0.28236 0.121571 0.005)
(0.299473 0.121571 0.005)
(0.316585 0.121571 0.005)
(0.333698 0.121571 0.005)
(0.350811 0.121571 0.005)
(0.367924 0.121571 0.005)
(0.385036 0.121571 0.005)
(0.402149 0.121571 0.005)
(0.419262 0.121571 0.005)
(-0.42364 0.131539 0.005)
(-0.406349 0.131539 0.005)
(-0.389057 0.131539 0.005)
(-0.371766 0.131539 0.005)
(-0.354475 0.131539 0.005)
(-0.337183 0.131539 0.005)
(-0.319892 0.131539 0.005)
(-0.3026 0.131539 0.005)
(-0.285309 0.131539 0.005)
(-0.268017 0.131539 0.005)
(-0.250726 0.131539 0.005)
(-0.233434 0.131539 0.005)
(-0.216143 0.131539 0.005)
(-0.198852 0.131539 0.005)
(-0.18156 0.131539 0.005)
(-0.164269 0.131539 0.005)
(-0.146977 0.131539 0.005)
(-0.129686 0.131539 0.005)
(-0.112394 0.131539 0.005)
(-0.0951029 0.131539 0.005)
(-0.0778115 0.131539 0.005)
(-0.06052 0.131539 0.005)
(-0.0432286 0.131539 0.005)
(-0.0259372 0.131539 0.005)
(-0.00864572 0.131539 0.005)
(0.00864572 0.131539 0.005)
(0.0259372 0.131539 0.005)
(0.0432286 0.131539 0.005)
(0.06052 0.131539 0.005)
(0.0778115 0.131539 0.005)
(0.0951029 0.131539 0.005)
(0.112394 0.131539 0.005)
(0.129686 0.131539 0.005)
(0.146977 0.131539 0.005)
(0.164269 0.131539 0.005)
(0.18156 0.131539 0.005)
(0.198852 0.131539 0.005)
(0.216143 0.131539 0.005)
(0.233434 0.131539 0.005)
(0.250726 0.131539 0.005)
(0.268017 0.131539 0.005)
(0.285309 0.131539 0.005)
(0.3026 0.131539 0.005)
(0.319892 0.131539 0.005)
(0.337183 0.131539 0.005)
(0.354475 0.131539 0.005)
(0.371766 0.131539 0.005)
(0.389057 0.131539 0.005)
(0.406349 0.131539 0.005)
(0.42364 0.131539 0.005)
(-0.428232 0.141407 0.005)
(-0.410753 0.141407 0.005)
(-0.393274 0.141407 0.005)
(-0.375795 0.141407 0.005)
(-0.358316 0.141407 0.005)
(-0.340837 0.141407 0.005)
(-0.323359 0.141407 0.005)
(-0.30588 0.141407 0.005)
(-0.288401 0.141407 0.005)
(-0.270922 0.141407 0.005)
(-0.253443 0.141407 0.005)
(-0.235964 0.141407 0.005)
(-0.218486 0.141407 0.005)
(-0.201007 0.141407 0.005)
(-0.183528 0.141407 0.005)
(-0.166049 0.141407 0.005)
(-0.14857 0.141407 0.005)
(-0.131091 0.141407 0.005)
(-0.113612 0.141407 0.005)
(-0.0961336 0.141407 0.005)
(-0.0786548 0.141407 0.005)
(-0.0611759 0.141407 0.005)
(-0.0436971 0.141407 0.005)
(-0.0262183 0.141407 0.005)
(-0.00873942 0.141407 0.005)
(0.00873942 0.141407 0.005)
(0.0262183 0.141407 0.005)
(0.0436971 0.141407 0.005)
(0.0611759 0.141407 0.005)
(0.0786548 0.141407 0.005)
(0.0961336 0.141407 0.005)
(0.113612 0.141407 0.005)
(0.131091 0.141407 0.005)
(0.14857 0.141407 0.005)
(0.166049 0.141407 0.005)
(0.183528 0.141407 0.005)
(0.201007 0.141407 0.005)
(0.218486 0.141407 0.005)
(0.235964 0.141407 0.005)
(0.253443 0.141407 0.005)
(0.270922 0.141407 0.005)
(0.288401 0.141407 0.005)
(0.30588 0.141407 0.005)
(0.323359 0.141407 0.005)
(0.340837 0.141407 0.005)
(0.358316 0.141407 0.005)
(0.375795 0.141407 0.005)
(0.393274 0.141407 0.005)
(0.410753 0.141407 0.005)
(0.428232 0.141407 0.005)
(-0.433013 0.15118 0.005)
(-0.415339 0.15118 0.005)
(-0.397665 0.15118 0.005)
(-0.379991 0.15118 0.005)
(-0.362317 0.15118 0.005)
(-0.344643 0.15118 0.005)
(-0.326969 0.15118 0.005)
(-0.309295 0.15118 0.005)
(-0.291621 0.15118 0.005)
(-0.273947 0.15118 0.005)
(-0.256273 0.15118 0.005)
(-0.238599 0.15118 0.005)
(-0.220925 0.15118 0.005)
(-0.203251 0.15118 0.005)
(-0.185577 0.15118 0.005)
(-0.167903 0.15118 0.005)
(-0.150229 0.15118 0.005)
(-0.132555 0.15118 0.005)
(-0.114881 0.15118 0.005)
(-0.097207 0.15118 0.005)
(-0.079533 0.15118 0.005)
(-0.061859 0.15118 0.005)
(-0.044185 0.15118 0.005)
(-0.026511 0.15118 0.005)
(-0.008837 0.15118 0.005)
(0.008837 0.15118 0.005)
(0.026511 0.15118 0.005)
(0.044185 0.15118 0.005)
(0.061859 0.15118 0.005)
(0.079533 0.15118 0.005)
(0.097207 0.15118 0.005)
(0.114881 0.15118 0.005)
(0.132555 0.15118 0.005)
(0.150229 0.15118 0.005)
(0.167903 0.15118 0.005)
(0.185577 0.15118 0.005)
(0.203251 0.15118 0.005)
(0.220925 0.15118 0.005)
(0.238599 0.15118 0.005)
(0.256273 0.15118 0.005)
(0.273947 0.15118 0.005)
(0.291621 0.15118 0.005)
(0.309295 0.15118 0.005)
(0.326969 0.15118 0.005)
(0.344643 0.15118 0.005)
(0.362317 0.15118 0.005)
(0.379991 0.15118 0.005)
(0.397665 0.15118 0.005)
(0.415339 0.15118 0.005)
(0.433013 0.15118 0.005)
(-0.437964 0.160866 0.005)
(-0.420088 0.160866 0.005)
(-0.402212 0.160866 0.005)
(-0.384336 0.160866 0.005)
(-0.36646 0.160866 0.005)
(-0.348584 0.160866 0.005)
(-0.330707 0.160866 0.005)
(-0.312831 0.160866 0.005)
(-0.294955 0.160866 0.005)
(-0.277079 0.160866 0.005)
(-0.259203 0.160866 0.005)
(-0.241327 0.160866 0.005)
(-0.223451 0.160866 0.005)
(-0.205575 0.160866 0.005)
(-0.187699 0.160866 0.005)
(-0.169823 0.160866 0.005)
(-0.151947 0.160866 0.005)
(-0.134071 0.160866 0.005)
(-0.116195 0.160866 0.005)
(-0.0983184 0.160866 0.005)
(-0.0804424 0.160866 0.005)
(-0.0625663 0.160866 0.005)
(-0.0446902 0.160866 0.005)
(-0.0268141 0.160866 0.005)
(-0.00893804 0.160866 0.005)
(0.00893804 0.160866 0.005)
(0.0268141 0.160866 0.005)
(0.0446902 0.160866 0.005)
(0.0625663 0.160866 0.005)
(0.0804424 0.160866 0.005)
(0.0983184 0.160866 0.005)
(0.116195 0.160866 0.005)
(0.134071 0.160866 0.005)
(0.151947 0.160866 0.005)
(0.169823 0.160866 0.005)
(0.187699 0.160866 0.005)
(0.205575 0.160866 0.005)
(0.223451 0.160866 0.005)
(0.241327 0.160866 0.005)
(0.259203 0.160866 0.005)
(0.277079 0.160866 0.005)
(0.294955 0.160866 0.005)
(0.312831 0.160866 0.005)
(0.330707 0.160866 0.005)
(0.348584 0.160866 0.005)
(0.36646 0.160866 0.005)
(0.384336 0.160866 0.005)
(0.402212 0.160866 0.005)
(0.420088 0.160866 0.005)
(0.437964 0.160866 0.005)
(-0.443064 0.170472 0.005)
(-0.42498 0.170472 0.005)
(-0.406895 0.170472 0.005)
(-0.388811 0.170472 0.005)
(-0.370727 0.170472 0.005)
(-0.352643 0.170472 0.005)
(-0.334558 0.170472 0.005)
(-0.316474 0.170472 0.005)
(-0.29839 0.170472 0.005)
(-0.280306 0.170472 0.005)
(-0.262221 0.170472 0.005)
(-0.244137 0.170472 0.005)
(-0.226053 0.170472 0.005)
(-0.207969 0.170472 0.005)
(-0.189885 0.170472 0.005)
(-0.1718 0.170472 0.005)
(-0.153716 0.170472 0.005)
(-0.135632 0.170472 0.005)
(-0.117548 0.170472 0.005)
(-0.0994633 0.170472 0.005)
(-0.0813791 0.170472 0.005)
(-0.0632948 0.170472 0.005)
(-0.0452106 0.170472 0.005)
(-0.0271264 0.170472 0.005)
(-0.00904212 0.170472 0.005)
(0.00904212 0.170472 0.005)
(0.0271264 0.170472 0.005)
(0.0452106 0.170472 0.005)
(0.0632948 0.170472 0.005)
(0.0813791 0.170472 0.005)
(0.0994633 0.170472 0.005)
(0.117548 0.170472 0.005)
(0.135632 0.170472 0.005)
(0.153716 0.170472 0.005)
(0.1718 0.170472 0.005)
(0.189885 0.170472 0.005)
(0.207969 0.170472 0.005)
(0.226053 0.170472 0.005)
(0.244137 0.170472 0.005)
(0.262221 0.170472 0.005)
(0.280306 0.170472 0.005)
(0.29839 0.170472 0.005)
(0.316474 0.170472 0.005)
(0.334558 0.170472 0.005)
(0.352643 0.170472 0.005)
(0.370727 0.170472 0.005)
(0.388811 0.170472 0.005)
(0.406895 0.170472 0.005)
(0.42498 0.170472 0.005)
(0.443064 0.170472 0.005)
(-0.448294 0.180004 0.005)
(-0.429996 0.180004 0.005)
(-0.411699 0.180004 0.005)
(-0.393401 0.180004 0.005)
(-0.375103 0.180004 0.005)
(-0.356806 0.180004 0.005)
(-0.338508 0.180004 0.005)
(-0.32021 0.180004 0.005)
(-0.301912 0.180004 0.005)
(-0.283615 0.180004 0.005)
(-0.265317 0.180004 0.005)
(-0.247019 0.180004 0.005)
(-0.228722 0.180004 0.005)
(-0.210424 0.180004 0.005)
(-0.192126 0.180004 0.005)
(-0.173828 0.180004 0.005)
(-0.155531 0.180004 0.005)
(-0.137233 0.180004 0.005)
(-0.118935 0.180004 0.005)
(-0.100637 0.180004 0.005)
(-0.0823398 0.180004 0.005)
(-0.064042 0.180004 0.005)
(-0.0457443 0.180004 0.005)
(-0.0274466 0.180004 0.005)
(-0.00914886 0.180004 0.005)
(0.00914886 0.180004 0.005)
(0.0274466 0.180004 0.005)
(0.0457443 0.180004 0.005)
(0.064042 0.180004 0.005)
(0.0823398 0.180004 0.005)
(0.100637 0.180004 0.005)
(0.118935 0.180004 0.005)
(0.137233 0.180004 0.005)
(0.155531 0.180004 0.005)
(0.173828 0.180004 0.005)
(0.192126 0.180004 0.005)
(0.210424 0.180004 0.005)
(0.228722 0.180004 0.005)
(0.247019 0.180004 0.005)
(0.265317 0.180004 0.005)
(0.283615 0.180004 0.005)
(0.301912 0.180004 0.005)
(0.32021 0.180004 0.005)
(0.338508 0.180004 0.005)
(0.356806 0.180004 0.005)
(0.375103 0.180004 0.005)
(0.393401 0.180004 0.005)
(0.411699 0.180004 0.005)
(0.429996 0.180004 0.005)
(0.448294 0.180004 0.005)
(-0.453637 0.189471 0.005)
(-0.435121 0.189471 0.005)
(-0.416605 0.189471 0.005)
(-0.39809 0.189471 0.005)
(-0.379574 0.189471 0.005)
(-0.361058 0.189471 0.005)
(-0.342542 0.189471 0.005)
(-0.324026 0.189471 0.005)
(-0.305511 0.189471 0.005)
(-0.286995 0.189471 0.005)
(-0.268479 0.189471 0.005)
(-0.249963 0.189471 0.005)
(-0.231447 0.189471 0.005)
(-0.212932 0.189471 0.005)
(-0.194416 0.189471 0.005)
(-0.1759 0.189471 0.005)
(-0.157384 0.189471 0.005)
(-0.138868 0.189471 0.005)
(-0.120353 0.189471 0.005)
(-0.101837 0.189471 0.005)
(-0.0833211 0.189471 0.005)
(-0.0648053 0.189471 0.005)
(-0.0462895 0.189471 0.005)
(-0.0277737 0.189471 0.005)
(-0.0092579 0.189471 0.005)
(0.0092579 0.189471 0.005)
(0.0277737 0.189471 0.005)
(0.0462895 0.189471 0.005)
(0.0648053 0.189471 0.005)
(0.0833211 0.189471 0.005)
(0.101837 0.189471 0.005)
(0.120353 0.189471 0.005)
(0.138868 0.189471 0.005)
(0.157384 0.189471 0.005)
(0.1759 0.189471 0.005)
(0.194416 0.189471 0.005)
(0.212932 0.189471 0.005)
(0.231447 0.189471 0.005)
(0.249963 0.189471 0.005)
(0.268479 0.189471 0.005)
(0.286995 0.189471 0.005)
(0.305511 0.189471 0.005)
(0.324026 0.189471 0.005)
(0.342542 0.189471 0.005)
(0.361058 0.189471 0.005)
(0.379574 0.189471 0.005)
(0.39809 0.189471 0.005)
(0.416605 0.189471 0.005)
(0.435121 0.189471 0.005)
(0.453637 0.189471 0.005)
(-0.459075 0.198882 0.005)
(-0.440338 0.198882 0.005)
(-0.4216 0.198882 0.005)
(-0.402862 0.198882 0.005)
(-0.384124 0.198882 0.005)
(-0.365387 0.198882 0.005)
(-0.346649 0.198882 0.005)
(-0.327911 0.198882 0.005)
(-0.309173 0.198882 0.005)
(-0.290436 0.198882 0.005)
(-0.271698 0.198882 0.005)
(-0.25296 0.198882 0.005)
(-0.234222 0.198882 0.005)
(-0.215484 0.198882 0.005)
(-0.196747 0.198882 0.005)
(-0.178009 0.198882 0.005)
(-0.159271 0.198882 0.005)
(-0.140533 0.198882 0.005)
(-0.121796 0.198882 0.005)
(-0.103058 0.198882 0.005)
(-0.08432 0.198882 0.005)
(-0.0655822 0.198882 0.005)
(-0.0468444 0.198882 0.005)
(-0.0281067 0.198882 0.005)
(-0.00936889 0.198882 0.005)
(0.00936889 0.198882 0.005)
(0.0281067 0.198882 0.005)
(0.0468444 0.198882 0.005)
(0.0655822 0.198882 0.005)
(0.08432 0.198882 0.005)
(0.103058 0.198882 0.005)
(0.121796 0.198882 0.005)
(0.140533 0.198882 0.005)
(0.159271 0.198882 0.005)
(0.178009 0.198882 0.005)
(0.196747 0.198882 0.005)
(0.215484 0.198882 0.005)
(0.234222 0.198882 0.005)
(0.25296 0.198882 0.005)
(0.271698 0.198882 0.005)
(0.290436 0.198882 0.005)
(0.309173 0.198882 0.005)
(0.327911 0.198882 0.005)
(0.346649 0.198882 0.005)
(0.365387 0.198882 0.005)
(0.384124 0.198882 0.005)
(0.402862 0.198882 0.005)
(0.4216 0.198882 0.005)
(0.440338 0.198882 0.005)
(0.459075 0.198882 0.005)
(-0.464593 0.208244 0.005)
(-0.44563 0.208244 0.005)
(-0.426667 0.208244 0.005)
(-0.407704 0.208244 0.005)
(-0.388741 0.208244 0.005)
(-0.369778 0.208244 0.005)
(-0.350815 0.208244 0.005)
(-0.331852 0.208244 0.005)
(-0.312889 0.208244 0.005)
(-0.293926 0.208244 0.005)
(-0.274963 0.208244 0.005)
(-0.256 0.208244 0.005)
(-0.237037 0.208244 0.005)
(-0.218074 0.208244 0.005)
(-0.199111 0.208244 0.005)
(-0.180148 0.208244 0.005)
(-0.161185 0.208244 0.005)
(-0.142222 0.208244 0.005)
(-0.123259 0.208244 0.005)
(-0.104296 0.208244 0.005)
(-0.0853335 0.208244 0.005)
(-0.0663705 0.208244 0.005)
(-0.0474075 0.208244 0.005)
(-0.0284445 0.208244 0.005)
(-0.0094815 0.208244 0.005)
(0.0094815 0.208244 0.005)
(0.0284445 0.208244 0.005)
(0.0474075 0.208244 0.005)
(0.0663705 0.208244 0.005)
(0.0853335 0.208244 0.005)
(0.104296 0.208244 0.005)
(0.123259 0.208244 0.005)
(0.142222 0.208244 0.005)
(0.161185 0.208244 0.005)
(0.180148 0.208244 0.005)
(0.199111 0.208244 0.005)
(0.218074 0.208244 0.005)
(0.237037 0.208244 0.005)
(0.256 0.208244 0.005)
(0.274963 0.208244 0.005)
(0.293926 0.208244 0.005)
(0.312889 0.208244 0.005)
(0.331852 0.208244 0.005)
(0.350815 0.208244 0.005)
(0.369778 0.208244 0.005)
(0.388741 0.208244 0.005)
(0.407704 0.208244 0.005)
(0.426667 0.208244 0.005)
(0.44563 0.208244 0.005)
(0.464593 0.208244 0.005)
(-0.470175 0.217567 0.005)
(-0.450985 0.217567 0.005)
(-0.431794 0.217567 0.005)
(-0.412603 0.217567 0.005)
(-0.393412 0.217567 0.005)
(-0.374221 0.217567 0.005)
(-0.35503 0.217567 0.005)
(-0.33584 0.217567 0.005)
(-0.316649 0.217567 0.005)
(-0.297458 0.217567 0.005)
(-0.278267 0.217567 0.005)
(-0.259076 0.217567 0.005)
(-0.239885 0.217567 0.005)
(-0.220695 0.217567 0.005)
(-0.201504 0.217567 0.005)
(-0.182313 0.217567 0.005)
(-0.163122 0.217567 0.005)
(-0.143931 0.217567 0.005)
(-0.12474 0.217567 0.005)
(-0.10555 0.217567 0.005)
(-0.0863587 0.217567 0.005)
(-0.0671679 0.217567 0.005)
(-0.0479771 0.217567 0.005)
(-0.0287862 0.217567 0.005)
(-0.00959542 0.217567 0.005)
(0.00959542 0.217567 0.005)
(0.0287862 0.217567 0.005)
(0.0479771 0.217567 0.005)
(0.0671679 0.217567 0.005)
(0.0863587 0.217567 0.005)
(0.10555 0.217567 0.005)
(0.12474 0.217567 0.005)
(0.143931 0.217567 0.005)
(0.163122 0.217567 0.005)
(0.182313 0.217567 0.005)
(0.201504 0.217567 0.005)
(0.220695 0.217567 0.005)
(0.239885 0.217567 0.005)
(0.259076 0.217567 0.005)
(0.278267 0.217567 0.005)
(0.297458 0.217567 0.005)
(0.316649 0.217567 0.005)
(0.33584 0.217567 0.005)
(0.35503 0.217567 0.005)
(0.374221 0.217567 0.005)
(0.393412 0.217567 0.005)
(0.412603 0.217567 0.005)
(0.431794 0.217567 0.005)
(0.450985 0.217567 0.005)
(0.470175 0.217567 0.005)
(-0.475807 0.226859 0.005)
(-0.456386 0.226859 0.005)
(-0.436965 0.226859 0.005)
(-0.417545 0.226859 0.005)
(-0.398124 0.226859 0.005)
(-0.378703 0.226859 0.005)
(-0.359283 0.226859 0.005)
(-0.339862 0.226859 0.005)
(-0.320441 0.226859 0.005)
(-0.30102 0.226859 0.005)
(-0.2816 0.226859 0.005)
(-0.262179 0.226859 0.005)
(-0.242758 0.226859 0.005)
(-0.223338 0.226859 0.005)
(-0.203917 0.226859 0.005)
(-0.184496 0.226859 0.005)
(-0.165076 0.226859 0.005)
(-0.145655 0.226859 0.005)
(-0.126234 0.226859 0.005)
(-0.106814 0.226859 0.005)
(-0.087393 0.226859 0.005)
(-0.0679724 0.226859 0.005)
(-0.0485517 0.226859 0.005)
(-0.029131 0.226859 0.005)
(-0.00971034 0.226859 0.005)
(0.00971034 0.226859 0.005)
(0.029131 0.226859 0.005)
(0.0485517 0.226859 0.005)
(0.0679724 0.226859 0.005)
(0.087393 0.226859 0.005)
(0.106814 0.226859 0.005)
(0.126234 0.226859 0.005)
(0.145655 0.226859 0.005)
(0.165076 0.226859 0.005)
(0.184496 0.226859 0.005)
(0.203917 0.226859 0.005)
(0.223338 0.226859 0.005)
(0.242758 0.226859 0.005)
(0.262179 0.226859 0.005)
(0.2816 0.226859 0.005)
(0.30102 0.226859 0.005)
(0.320441 0.226859 0.005)
(0.339862 0.226859 0.005)
(0.359283 0.226859 0.005)
(0.378703 0.226859 0.005)
(0.398124 0.226859 0.005)
(0.417545 0.226859 0.005)
(0.436965 0.226859 0.005)
(0.456386 0.226859 0.005)
(0.475807 0.226859 0.005)
(-0.481472 0.236128 0.005)
(-0.461821 0.236128 0.005)
(-0.442169 0.236128 0.005)
(-0.422517 0.236128 0.005)
(-0.402865 0.236128 0.005)
(-0.383213 0.236128 0.005)
(-0.363561 0.236128 0.005)
(-0.343909 0.236128 0.005)
(-0.324257 0.236128 0.005)
(-0.304605 0.236128 0.005)
(-0.284953 0.236128 0.005)
(-0.265301 0.236128 0.005)
(-0.245649 0.236128 0.005)
(-0.225997 0.236128 0.005)
(-0.206345 0.236128 0.005)
(-0.186693 0.236128 0.005)
(-0.167041 0.236128 0.005)
(-0.14739 0.236128 0.005)
(-0.127738 0.236128 0.005)
(-0.108086 0.236128 0.005)
(-0.0884337 0.236128 0.005)
(-0.0687818 0.236128 0.005)
(-0.0491298 0.236128 0.005)
(-0.0294779 0.236128 0.005)
(-0.00982597 0.236128 0.005)
(0.00982597 0.236128 0.005)
(0.0294779 0.236128 0.005)
(0.0491298 0.236128 0.005)
(0.0687818 0.236128 0.005)
(0.0884337 0.236128 0.005)
(0.108086 0.236128 0.005)
(0.127738 0.236128 0.005)
(0.14739 0.236128 0.005)
(0.167041 0.236128 0.005)
(0.186693 0.236128 0.005)
(0.206345 0.236128 0.005)
(0.225997 0.236128 0.005)
(0.245649 0.236128 0.005)
(0.265301 0.236128 0.005)
(0.284953 0.236128 0.005)
(0.304605 0.236128 0.005)
(0.324257 0.236128 0.005)
(0.343909 0.236128 0.005)
(0.363561 0.236128 0.005)
(0.383213 0.236128 0.005)
(0.402865 0.236128 0.005)
(0.422517 0.236128 0.005)
(0.442169 0.236128 0.005)
(0.461821 0.236128 0.005)
(0.481472 0.236128 0.005)
(-0.487159 0.245384 0.005)
(-0.467275 0.245384 0.005)
(-0.447391 0.245384 0.005)
(-0.427507 0.245384 0.005)
(-0.407623 0.245384 0.005)
(-0.387739 0.245384 0.005)
(-0.367855 0.245384 0.005)
(-0.347971 0.245384 0.005)
(-0.328087 0.245384 0.005)
(-0.308203 0.245384 0.005)
(-0.288319 0.245384 0.005)
(-0.268434 0.245384 0.005)
(-0.24855 0.245384 0.005)
(-0.228666 0.245384 0.005)
(-0.208782 0.245384 0.005)
(-0.188898 0.245384 0.005)
(-0.169014 0.245384 0.005)
(-0.14913 0.245384 0.005)
(-0.129246 0.245384 0.005)
(-0.109362 0.245384 0.005)
(-0.0894782 0.245384 0.005)
(-0.0695941 0.245384 0.005)
(-0.0497101 0.245384 0.005)
(-0.0298261 0.245384 0.005)
(-0.00994202 0.245384 0.005)
(0.00994202 0.245384 0.005)
(0.0298261 0.245384 0.005)
(0.0497101 0.245384 0.005)
(0.0695941 0.245384 0.005)
(0.0894782 0.245384 0.005)
(0.109362 0.245384 0.005)
(0.129246 0.245384 0.005)
(0.14913 0.245384 0.005)
(0.169014 0.245384 0.005)
(0.188898 0.245384 0.005)
(0.208782 0.245384 0.005)
(0.228666 0.245384 0.005)
(0.24855 0.245384 0.005)
(0.268434 0.245384 0.005)
(0.288319 0.245384 0.005)
(0.308203 0.245384 0.005)
(0.328087 0.245384 0.005)
(0.347971 0.245384 0.005)
(0.367855 0.245384 0.005)
(0.387739 0.245384 0.005)
(0.407623 0.245384 0.005)
(0.427507 0.245384 0.005)
(0.447391 0.245384 0.005)
(0.467275 0.245384 0.005)
(0.487159 0.245384 0.005)
)
;

boundaryField
{
    left
    {
        type            calculated;
        value           nonuniform List<vector> 
50
(
(-0.497095 -0.245375 0.005)
(-0.491293 -0.236119 0.005)
(-0.485511 -0.22685 0.005)
(-0.479765 -0.217558 0.005)
(-0.474069 -0.208235 0.005)
(-0.468439 -0.198873 0.005)
(-0.462889 -0.189462 0.005)
(-0.457438 -0.179995 0.005)
(-0.452101 -0.170462 0.005)
(-0.446897 -0.160857 0.005)
(-0.441846 -0.151171 0.005)
(-0.436967 -0.141398 0.005)
(-0.432282 -0.13153 0.005)
(-0.427814 -0.121563 0.005)
(-0.423588 -0.111491 0.005)
(-0.419627 -0.101313 0.005)
(-0.415959 -0.0910266 0.005)
(-0.412609 -0.0806331 0.005)
(-0.409603 -0.0701356 0.005)
(-0.406968 -0.0595397 0.005)
(-0.404728 -0.0488518 0.005)
(-0.402905 -0.0380828 0.005)
(-0.40152 -0.0272493 0.005)
(-0.400587 -0.0163688 0.005)
(-0.400118 -0.00545953 0.005)
(-0.400118 0.00545953 0.005)
(-0.400587 0.0163688 0.005)
(-0.40152 0.0272493 0.005)
(-0.402905 0.0380828 0.005)
(-0.404728 0.0488518 0.005)
(-0.406968 0.0595397 0.005)
(-0.409603 0.0701356 0.005)
(-0.412609 0.0806331 0.005)
(-0.415959 0.0910266 0.005)
(-0.419627 0.101313 0.005)
(-0.423588 0.111491 0.005)
(-0.427814 0.121563 0.005)
(-0.432282 0.13153 0.005)
(-0.436967 0.141398 0.005)
(-0.441846 0.151171 0.005)
(-0.446897 0.160857 0.005)
(-0.452101 0.170462 0.005)
(-0.457438 0.179995 0.005)
(-0.462889 0.189462 0.005)
(-0.468439 0.198873 0.005)
(-0.474069 0.208235 0.005)
(-0.479765 0.217558 0.005)
(-0.485511 0.22685 0.005)
(-0.491293 0.236119 0.005)
(-0.497095 0.245375 0.005)
)
;
    }
    right
    {
        type            calculated;
        value           nonuniform List<vector> 
50
(
(0.497095 -0.245375 0.005)
(0.491293 -0.236119 0.005)
(0.485511 -0.22685 0.005)
(0.479765 -0.217558 0.005)
(0.474069 -0.208235 0.005)
(0.468439 -0.198873 0.005)
(0.462889 -0.189462 0.005)
(0.457438 -0.179995 0.005)
(0.452101 -0.170462 0.005)
(0.446897 -0.160857 0.005)
(0.441846 -0.151171 0.005)
(0.436967 -0.141398 0.005)
(0.432282 -0.13153 0.005)
(0.427814 -0.121563 0.005)
(0.423588 -0.111491 0.005)
(0.419627 -0.101313 0.005)
(0.415959 -0.0910266 0.005)
(0.412609 -0.0806331 0.005)
(0.409603 -0.0701356 0.005)
(0.406968 -0.0595397 0.005)
(0.404728 -0.0488518 0.005)
(0.402905 -0.0380828 0.005)
(0.40152 -0.0272493 0.005)
(0.400587 -0.0163688 0.005)
(0.400118 -0.00545953 0.005)
(0.400118 0.00545953 0.005)
(0.400587 0.0163688 0.005)
(0.40152 0.0272493 0.005)
(0.402905 0.0380828 0.005)
(0.404728 0.0488518 0.005)
(0.406968 0.0595397 0.005)
(0.409603 0.0701356 0.005)
(0.412609 0.0806331 0.005)
(0.415959 0.0910266 0.005)
(0.419627 0.101313 0.005)
(0.423588 0.111491 0.005)
(0.427814 0.121563 0.005)
(0.432282 0.13153 0.005)
(0.436967 0.141398 0.005)
(0.441846 0.151171 0.005)
(0.446897 0.160857 0.005)
(0.452101 0.170462 0.005)
(0.457438 0.179995 0.005)
(0.462889 0.189462 0.005)
(0.468439 0.198873 0.005)
(0.474069 0.208235 0.005)
(0.479765 0.217558 0.005)
(0.485511 0.22685 0.005)
(0.491293 0.236119 0.005)
(0.497095 0.245375 0.005)
)
;
    }
    up
    {
        type            calculated;
        value           nonuniform List<vector> 
50
(
(-0.49 0.25 0.005)
(-0.47 0.25 0.005)
(-0.45 0.25 0.005)
(-0.43 0.25 0.005)
(-0.41 0.25 0.005)
(-0.39 0.25 0.005)
(-0.37 0.25 0.005)
(-0.35 0.25 0.005)
(-0.33 0.25 0.005)
(-0.31 0.25 0.005)
(-0.29 0.25 0.005)
(-0.27 0.25 0.005)
(-0.25 0.25 0.005)
(-0.23 0.25 0.005)
(-0.21 0.25 0.005)
(-0.19 0.25 0.005)
(-0.17 0.25 0.005)
(-0.15 0.25 0.005)
(-0.13 0.25 0.005)
(-0.11 0.25 0.005)
(-0.09 0.25 0.005)
(-0.07 0.25 0.005)
(-0.05 0.25 0.005)
(-0.03 0.25 0.005)
(-0.01 0.25 0.005)
(0.01 0.25 0.005)
(0.03 0.25 0.005)
(0.05 0.25 0.005)
(0.07 0.25 0.005)
(0.09 0.25 0.005)
(0.11 0.25 0.005)
(0.13 0.25 0.005)
(0.15 0.25 0.005)
(0.17 0.25 0.005)
(0.19 0.25 0.005)
(0.21 0.25 0.005)
(0.23 0.25 0.005)
(0.25 0.25 0.005)
(0.27 0.25 0.005)
(0.29 0.25 0.005)
(0.31 0.25 0.005)
(0.33 0.25 0.005)
(0.35 0.25 0.005)
(0.37 0.25 0.005)
(0.39 0.25 0.005)
(0.41 0.25 0.005)
(0.43 0.25 0.005)
(0.45 0.25 0.005)
(0.47 0.25 0.005)
(0.49 0.25 0.005)
)
;
    }
    down
    {
        type            calculated;
        value           nonuniform List<vector> 
50
(
(-0.49 -0.25 0.005)
(-0.47 -0.25 0.005)
(-0.45 -0.25 0.005)
(-0.43 -0.25 0.005)
(-0.41 -0.25 0.005)
(-0.39 -0.25 0.005)
(-0.37 -0.25 0.005)
(-0.35 -0.25 0.005)
(-0.33 -0.25 0.005)
(-0.31 -0.25 0.005)
(-0.29 -0.25 0.005)
(-0.27 -0.25 0.005)
(-0.25 -0.25 0.005)
(-0.23 -0.25 0.005)
(-0.21 -0.25 0.005)
(-0.19 -0.25 0.005)
(-0.17 -0.25 0.005)
(-0.15 -0.25 0.005)
(-0.13 -0.25 0.005)
(-0.11 -0.25 0.005)
(-0.09 -0.25 0.005)
(-0.07 -0.25 0.005)
(-0.05 -0.25 0.005)
(-0.03 -0.25 0.005)
(-0.01 -0.25 0.005)
(0.01 -0.25 0.005)
(0.03 -0.25 0.005)
(0.05 -0.25 0.005)
(0.07 -0.25 0.005)
(0.09 -0.25 0.005)
(0.11 -0.25 0.005)
(0.13 -0.25 0.005)
(0.15 -0.25 0.005)
(0.17 -0.25 0.005)
(0.19 -0.25 0.005)
(0.21 -0.25 0.005)
(0.23 -0.25 0.005)
(0.25 -0.25 0.005)
(0.27 -0.25 0.005)
(0.29 -0.25 0.005)
(0.31 -0.25 0.005)
(0.33 -0.25 0.005)
(0.35 -0.25 0.005)
(0.37 -0.25 0.005)
(0.39 -0.25 0.005)
(0.41 -0.25 0.005)
(0.43 -0.25 0.005)
(0.45 -0.25 0.005)
(0.47 -0.25 0.005)
(0.49 -0.25 0.005)
)
;
    }
    frontAndBack
    {
        type            empty;
    }
}


// ************************************************************************* //
