/*--------------------------------*- C++ -*----------------------------------*\
  =========                 |
  \\      /  F ield         | OpenFOAM: The Open Source CFD Toolbox
   \\    /   O peration     | Website:  https://openfoam.org
    \\  /    A nd           | Version:  6
     \\/     M anipulation  |
\*---------------------------------------------------------------------------*/
FoamFile
{
    version     2.0;
    format      ascii;
    class       volScalarField;
    location    "3200";
    object      Cy;
}
// * * * * * * * * * * * * * * * * * * * * * * * * * * * * * * * * * * * * * //

dimensions      [0 1 0 0 0 0 0];

internalField   nonuniform List<scalar> 
2500
(
-0.245384
-0.245384
-0.245384
-0.245384
-0.245384
-0.245384
-0.245384
-0.245384
-0.245384
-0.245384
-0.245384
-0.245384
-0.245384
-0.245384
-0.245384
-0.245384
-0.245384
-0.245384
-0.245384
-0.245384
-0.245384
-0.245384
-0.245384
-0.245384
-0.245384
-0.245384
-0.245384
-0.245384
-0.245384
-0.245384
-0.245384
-0.245384
-0.245384
-0.245384
-0.245384
-0.245384
-0.245384
-0.245384
-0.245384
-0.245384
-0.245384
-0.245384
-0.245384
-0.245384
-0.245384
-0.245384
-0.245384
-0.245384
-0.245384
-0.245384
-0.236128
-0.236128
-0.236128
-0.236128
-0.236128
-0.236128
-0.236128
-0.236128
-0.236128
-0.236128
-0.236128
-0.236128
-0.236128
-0.236128
-0.236128
-0.236128
-0.236128
-0.236128
-0.236128
-0.236128
-0.236128
-0.236128
-0.236128
-0.236128
-0.236128
-0.236128
-0.236128
-0.236128
-0.236128
-0.236128
-0.236128
-0.236128
-0.236128
-0.236128
-0.236128
-0.236128
-0.236128
-0.236128
-0.236128
-0.236128
-0.236128
-0.236128
-0.236128
-0.236128
-0.236128
-0.236128
-0.236128
-0.236128
-0.236128
-0.236128
-0.226859
-0.226859
-0.226859
-0.226859
-0.226859
-0.226859
-0.226859
-0.226859
-0.226859
-0.226859
-0.226859
-0.226859
-0.226859
-0.226859
-0.226859
-0.226859
-0.226859
-0.226859
-0.226859
-0.226859
-0.226859
-0.226859
-0.226859
-0.226859
-0.226859
-0.226859
-0.226859
-0.226859
-0.226859
-0.226859
-0.226859
-0.226859
-0.226859
-0.226859
-0.226859
-0.226859
-0.226859
-0.226859
-0.226859
-0.226859
-0.226859
-0.226859
-0.226859
-0.226859
-0.226859
-0.226859
-0.226859
-0.226859
-0.226859
-0.226859
-0.217567
-0.217567
-0.217567
-0.217567
-0.217567
-0.217567
-0.217567
-0.217567
-0.217567
-0.217567
-0.217567
-0.217567
-0.217567
-0.217567
-0.217567
-0.217567
-0.217567
-0.217567
-0.217567
-0.217567
-0.217567
-0.217567
-0.217567
-0.217567
-0.217567
-0.217567
-0.217567
-0.217567
-0.217567
-0.217567
-0.217567
-0.217567
-0.217567
-0.217567
-0.217567
-0.217567
-0.217567
-0.217567
-0.217567
-0.217567
-0.217567
-0.217567
-0.217567
-0.217567
-0.217567
-0.217567
-0.217567
-0.217567
-0.217567
-0.217567
-0.208244
-0.208244
-0.208244
-0.208244
-0.208244
-0.208244
-0.208244
-0.208244
-0.208244
-0.208244
-0.208244
-0.208244
-0.208244
-0.208244
-0.208244
-0.208244
-0.208244
-0.208244
-0.208244
-0.208244
-0.208244
-0.208244
-0.208244
-0.208244
-0.208244
-0.208244
-0.208244
-0.208244
-0.208244
-0.208244
-0.208244
-0.208244
-0.208244
-0.208244
-0.208244
-0.208244
-0.208244
-0.208244
-0.208244
-0.208244
-0.208244
-0.208244
-0.208244
-0.208244
-0.208244
-0.208244
-0.208244
-0.208244
-0.208244
-0.208244
-0.198882
-0.198882
-0.198882
-0.198882
-0.198882
-0.198882
-0.198882
-0.198882
-0.198882
-0.198882
-0.198882
-0.198882
-0.198882
-0.198882
-0.198882
-0.198882
-0.198882
-0.198882
-0.198882
-0.198882
-0.198882
-0.198882
-0.198882
-0.198882
-0.198882
-0.198882
-0.198882
-0.198882
-0.198882
-0.198882
-0.198882
-0.198882
-0.198882
-0.198882
-0.198882
-0.198882
-0.198882
-0.198882
-0.198882
-0.198882
-0.198882
-0.198882
-0.198882
-0.198882
-0.198882
-0.198882
-0.198882
-0.198882
-0.198882
-0.198882
-0.189471
-0.189471
-0.189471
-0.189471
-0.189471
-0.189471
-0.189471
-0.189471
-0.189471
-0.189471
-0.189471
-0.189471
-0.189471
-0.189471
-0.189471
-0.189471
-0.189471
-0.189471
-0.189471
-0.189471
-0.189471
-0.189471
-0.189471
-0.189471
-0.189471
-0.189471
-0.189471
-0.189471
-0.189471
-0.189471
-0.189471
-0.189471
-0.189471
-0.189471
-0.189471
-0.189471
-0.189471
-0.189471
-0.189471
-0.189471
-0.189471
-0.189471
-0.189471
-0.189471
-0.189471
-0.189471
-0.189471
-0.189471
-0.189471
-0.189471
-0.180004
-0.180004
-0.180004
-0.180004
-0.180004
-0.180004
-0.180004
-0.180004
-0.180004
-0.180004
-0.180004
-0.180004
-0.180004
-0.180004
-0.180004
-0.180004
-0.180004
-0.180004
-0.180004
-0.180004
-0.180004
-0.180004
-0.180004
-0.180004
-0.180004
-0.180004
-0.180004
-0.180004
-0.180004
-0.180004
-0.180004
-0.180004
-0.180004
-0.180004
-0.180004
-0.180004
-0.180004
-0.180004
-0.180004
-0.180004
-0.180004
-0.180004
-0.180004
-0.180004
-0.180004
-0.180004
-0.180004
-0.180004
-0.180004
-0.180004
-0.170472
-0.170472
-0.170472
-0.170472
-0.170472
-0.170472
-0.170472
-0.170472
-0.170472
-0.170472
-0.170472
-0.170472
-0.170472
-0.170472
-0.170472
-0.170472
-0.170472
-0.170472
-0.170472
-0.170472
-0.170472
-0.170472
-0.170472
-0.170472
-0.170472
-0.170472
-0.170472
-0.170472
-0.170472
-0.170472
-0.170472
-0.170472
-0.170472
-0.170472
-0.170472
-0.170472
-0.170472
-0.170472
-0.170472
-0.170472
-0.170472
-0.170472
-0.170472
-0.170472
-0.170472
-0.170472
-0.170472
-0.170472
-0.170472
-0.170472
-0.160866
-0.160866
-0.160866
-0.160866
-0.160866
-0.160866
-0.160866
-0.160866
-0.160866
-0.160866
-0.160866
-0.160866
-0.160866
-0.160866
-0.160866
-0.160866
-0.160866
-0.160866
-0.160866
-0.160866
-0.160866
-0.160866
-0.160866
-0.160866
-0.160866
-0.160866
-0.160866
-0.160866
-0.160866
-0.160866
-0.160866
-0.160866
-0.160866
-0.160866
-0.160866
-0.160866
-0.160866
-0.160866
-0.160866
-0.160866
-0.160866
-0.160866
-0.160866
-0.160866
-0.160866
-0.160866
-0.160866
-0.160866
-0.160866
-0.160866
-0.15118
-0.15118
-0.15118
-0.15118
-0.15118
-0.15118
-0.15118
-0.15118
-0.15118
-0.15118
-0.15118
-0.15118
-0.15118
-0.15118
-0.15118
-0.15118
-0.15118
-0.15118
-0.15118
-0.15118
-0.15118
-0.15118
-0.15118
-0.15118
-0.15118
-0.15118
-0.15118
-0.15118
-0.15118
-0.15118
-0.15118
-0.15118
-0.15118
-0.15118
-0.15118
-0.15118
-0.15118
-0.15118
-0.15118
-0.15118
-0.15118
-0.15118
-0.15118
-0.15118
-0.15118
-0.15118
-0.15118
-0.15118
-0.15118
-0.15118
-0.141407
-0.141407
-0.141407
-0.141407
-0.141407
-0.141407
-0.141407
-0.141407
-0.141407
-0.141407
-0.141407
-0.141407
-0.141407
-0.141407
-0.141407
-0.141407
-0.141407
-0.141407
-0.141407
-0.141407
-0.141407
-0.141407
-0.141407
-0.141407
-0.141407
-0.141407
-0.141407
-0.141407
-0.141407
-0.141407
-0.141407
-0.141407
-0.141407
-0.141407
-0.141407
-0.141407
-0.141407
-0.141407
-0.141407
-0.141407
-0.141407
-0.141407
-0.141407
-0.141407
-0.141407
-0.141407
-0.141407
-0.141407
-0.141407
-0.141407
-0.131539
-0.131539
-0.131539
-0.131539
-0.131539
-0.131539
-0.131539
-0.131539
-0.131539
-0.131539
-0.131539
-0.131539
-0.131539
-0.131539
-0.131539
-0.131539
-0.131539
-0.131539
-0.131539
-0.131539
-0.131539
-0.131539
-0.131539
-0.131539
-0.131539
-0.131539
-0.131539
-0.131539
-0.131539
-0.131539
-0.131539
-0.131539
-0.131539
-0.131539
-0.131539
-0.131539
-0.131539
-0.131539
-0.131539
-0.131539
-0.131539
-0.131539
-0.131539
-0.131539
-0.131539
-0.131539
-0.131539
-0.131539
-0.131539
-0.131539
-0.121571
-0.121571
-0.121571
-0.121571
-0.121571
-0.121571
-0.121571
-0.121571
-0.121571
-0.121571
-0.121571
-0.121571
-0.121571
-0.121571
-0.121571
-0.121571
-0.121571
-0.121571
-0.121571
-0.121571
-0.121571
-0.121571
-0.121571
-0.121571
-0.121571
-0.121571
-0.121571
-0.121571
-0.121571
-0.121571
-0.121571
-0.121571
-0.121571
-0.121571
-0.121571
-0.121571
-0.121571
-0.121571
-0.121571
-0.121571
-0.121571
-0.121571
-0.121571
-0.121571
-0.121571
-0.121571
-0.121571
-0.121571
-0.121571
-0.121571
-0.111499
-0.111499
-0.111499
-0.111499
-0.111499
-0.111499
-0.111499
-0.111499
-0.111499
-0.111499
-0.111499
-0.111499
-0.111499
-0.111499
-0.111499
-0.111499
-0.111499
-0.111499
-0.111499
-0.111499
-0.111499
-0.111499
-0.111499
-0.111499
-0.111499
-0.111499
-0.111499
-0.111499
-0.111499
-0.111499
-0.111499
-0.111499
-0.111499
-0.111499
-0.111499
-0.111499
-0.111499
-0.111499
-0.111499
-0.111499
-0.111499
-0.111499
-0.111499
-0.111499
-0.111499
-0.111499
-0.111499
-0.111499
-0.111499
-0.111499
-0.101321
-0.101321
-0.101321
-0.101321
-0.101321
-0.101321
-0.101321
-0.101321
-0.101321
-0.101321
-0.101321
-0.101321
-0.101321
-0.101321
-0.101321
-0.101321
-0.101321
-0.101321
-0.101321
-0.101321
-0.101321
-0.101321
-0.101321
-0.101321
-0.101321
-0.101321
-0.101321
-0.101321
-0.101321
-0.101321
-0.101321
-0.101321
-0.101321
-0.101321
-0.101321
-0.101321
-0.101321
-0.101321
-0.101321
-0.101321
-0.101321
-0.101321
-0.101321
-0.101321
-0.101321
-0.101321
-0.101321
-0.101321
-0.101321
-0.101321
-0.0910339
-0.0910339
-0.0910339
-0.0910339
-0.0910339
-0.0910339
-0.0910339
-0.0910339
-0.0910339
-0.0910339
-0.0910339
-0.0910339
-0.0910339
-0.0910339
-0.0910339
-0.0910339
-0.0910339
-0.0910339
-0.0910339
-0.0910339
-0.0910339
-0.0910339
-0.0910339
-0.0910339
-0.0910339
-0.0910339
-0.0910339
-0.0910339
-0.0910339
-0.0910339
-0.0910339
-0.0910339
-0.0910339
-0.0910339
-0.0910339
-0.0910339
-0.0910339
-0.0910339
-0.0910339
-0.0910339
-0.0910339
-0.0910339
-0.0910339
-0.0910339
-0.0910339
-0.0910339
-0.0910339
-0.0910339
-0.0910339
-0.0910339
-0.0806398
-0.0806398
-0.0806398
-0.0806398
-0.0806398
-0.0806398
-0.0806398
-0.0806398
-0.0806398
-0.0806398
-0.0806398
-0.0806398
-0.0806398
-0.0806398
-0.0806398
-0.0806398
-0.0806398
-0.0806398
-0.0806398
-0.0806398
-0.0806398
-0.0806398
-0.0806398
-0.0806398
-0.0806398
-0.0806398
-0.0806398
-0.0806398
-0.0806398
-0.0806398
-0.0806398
-0.0806398
-0.0806398
-0.0806398
-0.0806398
-0.0806398
-0.0806398
-0.0806398
-0.0806398
-0.0806398
-0.0806398
-0.0806398
-0.0806398
-0.0806398
-0.0806398
-0.0806398
-0.0806398
-0.0806398
-0.0806398
-0.0806398
-0.0701416
-0.0701416
-0.0701416
-0.0701416
-0.0701416
-0.0701416
-0.0701416
-0.0701416
-0.0701416
-0.0701416
-0.0701416
-0.0701416
-0.0701416
-0.0701416
-0.0701416
-0.0701416
-0.0701416
-0.0701416
-0.0701416
-0.0701416
-0.0701416
-0.0701416
-0.0701416
-0.0701416
-0.0701416
-0.0701416
-0.0701416
-0.0701416
-0.0701416
-0.0701416
-0.0701416
-0.0701416
-0.0701416
-0.0701416
-0.0701416
-0.0701416
-0.0701416
-0.0701416
-0.0701416
-0.0701416
-0.0701416
-0.0701416
-0.0701416
-0.0701416
-0.0701416
-0.0701416
-0.0701416
-0.0701416
-0.0701416
-0.0701416
-0.059545
-0.059545
-0.059545
-0.059545
-0.059545
-0.059545
-0.059545
-0.059545
-0.059545
-0.059545
-0.059545
-0.059545
-0.059545
-0.059545
-0.059545
-0.059545
-0.059545
-0.059545
-0.059545
-0.059545
-0.059545
-0.059545
-0.059545
-0.059545
-0.059545
-0.059545
-0.059545
-0.059545
-0.059545
-0.059545
-0.059545
-0.059545
-0.059545
-0.059545
-0.059545
-0.059545
-0.059545
-0.059545
-0.059545
-0.059545
-0.059545
-0.059545
-0.059545
-0.059545
-0.059545
-0.059545
-0.059545
-0.059545
-0.059545
-0.059545
-0.0488563
-0.0488563
-0.0488563
-0.0488563
-0.0488563
-0.0488563
-0.0488563
-0.0488563
-0.0488563
-0.0488563
-0.0488563
-0.0488563
-0.0488563
-0.0488563
-0.0488563
-0.0488563
-0.0488563
-0.0488563
-0.0488563
-0.0488563
-0.0488563
-0.0488563
-0.0488563
-0.0488563
-0.0488563
-0.0488563
-0.0488563
-0.0488563
-0.0488563
-0.0488563
-0.0488563
-0.0488563
-0.0488563
-0.0488563
-0.0488563
-0.0488563
-0.0488563
-0.0488563
-0.0488563
-0.0488563
-0.0488563
-0.0488563
-0.0488563
-0.0488563
-0.0488563
-0.0488563
-0.0488563
-0.0488563
-0.0488563
-0.0488563
-0.0380864
-0.0380864
-0.0380864
-0.0380864
-0.0380864
-0.0380864
-0.0380864
-0.0380864
-0.0380864
-0.0380864
-0.0380864
-0.0380864
-0.0380864
-0.0380864
-0.0380864
-0.0380864
-0.0380864
-0.0380864
-0.0380864
-0.0380864
-0.0380864
-0.0380864
-0.0380864
-0.0380864
-0.0380864
-0.0380864
-0.0380864
-0.0380864
-0.0380864
-0.0380864
-0.0380864
-0.0380864
-0.0380864
-0.0380864
-0.0380864
-0.0380864
-0.0380864
-0.0380864
-0.0380864
-0.0380864
-0.0380864
-0.0380864
-0.0380864
-0.0380864
-0.0380864
-0.0380864
-0.0380864
-0.0380864
-0.0380864
-0.0380864
-0.0272519
-0.0272519
-0.0272519
-0.0272519
-0.0272519
-0.0272519
-0.0272519
-0.0272519
-0.0272519
-0.0272519
-0.0272519
-0.0272519
-0.0272519
-0.0272519
-0.0272519
-0.0272519
-0.0272519
-0.0272519
-0.0272519
-0.0272519
-0.0272519
-0.0272519
-0.0272519
-0.0272519
-0.0272519
-0.0272519
-0.0272519
-0.0272519
-0.0272519
-0.0272519
-0.0272519
-0.0272519
-0.0272519
-0.0272519
-0.0272519
-0.0272519
-0.0272519
-0.0272519
-0.0272519
-0.0272519
-0.0272519
-0.0272519
-0.0272519
-0.0272519
-0.0272519
-0.0272519
-0.0272519
-0.0272519
-0.0272519
-0.0272519
-0.0163704
-0.0163704
-0.0163704
-0.0163704
-0.0163704
-0.0163704
-0.0163704
-0.0163704
-0.0163704
-0.0163704
-0.0163704
-0.0163704
-0.0163704
-0.0163704
-0.0163704
-0.0163704
-0.0163704
-0.0163704
-0.0163704
-0.0163704
-0.0163704
-0.0163704
-0.0163704
-0.0163704
-0.0163704
-0.0163704
-0.0163704
-0.0163704
-0.0163704
-0.0163704
-0.0163704
-0.0163704
-0.0163704
-0.0163704
-0.0163704
-0.0163704
-0.0163704
-0.0163704
-0.0163704
-0.0163704
-0.0163704
-0.0163704
-0.0163704
-0.0163704
-0.0163704
-0.0163704
-0.0163704
-0.0163704
-0.0163704
-0.0163704
-0.00546007
-0.00546007
-0.00546007
-0.00546007
-0.00546007
-0.00546007
-0.00546007
-0.00546007
-0.00546007
-0.00546007
-0.00546007
-0.00546007
-0.00546007
-0.00546007
-0.00546007
-0.00546007
-0.00546007
-0.00546007
-0.00546007
-0.00546007
-0.00546007
-0.00546007
-0.00546007
-0.00546007
-0.00546007
-0.00546007
-0.00546007
-0.00546007
-0.00546007
-0.00546007
-0.00546007
-0.00546007
-0.00546007
-0.00546007
-0.00546007
-0.00546007
-0.00546007
-0.00546007
-0.00546007
-0.00546007
-0.00546007
-0.00546007
-0.00546007
-0.00546007
-0.00546007
-0.00546007
-0.00546007
-0.00546007
-0.00546007
-0.00546007
0.00546007
0.00546007
0.00546007
0.00546007
0.00546007
0.00546007
0.00546007
0.00546007
0.00546007
0.00546007
0.00546007
0.00546007
0.00546007
0.00546007
0.00546007
0.00546007
0.00546007
0.00546007
0.00546007
0.00546007
0.00546007
0.00546007
0.00546007
0.00546007
0.00546007
0.00546007
0.00546007
0.00546007
0.00546007
0.00546007
0.00546007
0.00546007
0.00546007
0.00546007
0.00546007
0.00546007
0.00546007
0.00546007
0.00546007
0.00546007
0.00546007
0.00546007
0.00546007
0.00546007
0.00546007
0.00546007
0.00546007
0.00546007
0.00546007
0.00546007
0.0163704
0.0163704
0.0163704
0.0163704
0.0163704
0.0163704
0.0163704
0.0163704
0.0163704
0.0163704
0.0163704
0.0163704
0.0163704
0.0163704
0.0163704
0.0163704
0.0163704
0.0163704
0.0163704
0.0163704
0.0163704
0.0163704
0.0163704
0.0163704
0.0163704
0.0163704
0.0163704
0.0163704
0.0163704
0.0163704
0.0163704
0.0163704
0.0163704
0.0163704
0.0163704
0.0163704
0.0163704
0.0163704
0.0163704
0.0163704
0.0163704
0.0163704
0.0163704
0.0163704
0.0163704
0.0163704
0.0163704
0.0163704
0.0163704
0.0163704
0.0272519
0.0272519
0.0272519
0.0272519
0.0272519
0.0272519
0.0272519
0.0272519
0.0272519
0.0272519
0.0272519
0.0272519
0.0272519
0.0272519
0.0272519
0.0272519
0.0272519
0.0272519
0.0272519
0.0272519
0.0272519
0.0272519
0.0272519
0.0272519
0.0272519
0.0272519
0.0272519
0.0272519
0.0272519
0.0272519
0.0272519
0.0272519
0.0272519
0.0272519
0.0272519
0.0272519
0.0272519
0.0272519
0.0272519
0.0272519
0.0272519
0.0272519
0.0272519
0.0272519
0.0272519
0.0272519
0.0272519
0.0272519
0.0272519
0.0272519
0.0380864
0.0380864
0.0380864
0.0380864
0.0380864
0.0380864
0.0380864
0.0380864
0.0380864
0.0380864
0.0380864
0.0380864
0.0380864
0.0380864
0.0380864
0.0380864
0.0380864
0.0380864
0.0380864
0.0380864
0.0380864
0.0380864
0.0380864
0.0380864
0.0380864
0.0380864
0.0380864
0.0380864
0.0380864
0.0380864
0.0380864
0.0380864
0.0380864
0.0380864
0.0380864
0.0380864
0.0380864
0.0380864
0.0380864
0.0380864
0.0380864
0.0380864
0.0380864
0.0380864
0.0380864
0.0380864
0.0380864
0.0380864
0.0380864
0.0380864
0.0488563
0.0488563
0.0488563
0.0488563
0.0488563
0.0488563
0.0488563
0.0488563
0.0488563
0.0488563
0.0488563
0.0488563
0.0488563
0.0488563
0.0488563
0.0488563
0.0488563
0.0488563
0.0488563
0.0488563
0.0488563
0.0488563
0.0488563
0.0488563
0.0488563
0.0488563
0.0488563
0.0488563
0.0488563
0.0488563
0.0488563
0.0488563
0.0488563
0.0488563
0.0488563
0.0488563
0.0488563
0.0488563
0.0488563
0.0488563
0.0488563
0.0488563
0.0488563
0.0488563
0.0488563
0.0488563
0.0488563
0.0488563
0.0488563
0.0488563
0.059545
0.059545
0.059545
0.059545
0.059545
0.059545
0.059545
0.059545
0.059545
0.059545
0.059545
0.059545
0.059545
0.059545
0.059545
0.059545
0.059545
0.059545
0.059545
0.059545
0.059545
0.059545
0.059545
0.059545
0.059545
0.059545
0.059545
0.059545
0.059545
0.059545
0.059545
0.059545
0.059545
0.059545
0.059545
0.059545
0.059545
0.059545
0.059545
0.059545
0.059545
0.059545
0.059545
0.059545
0.059545
0.059545
0.059545
0.059545
0.059545
0.059545
0.0701416
0.0701416
0.0701416
0.0701416
0.0701416
0.0701416
0.0701416
0.0701416
0.0701416
0.0701416
0.0701416
0.0701416
0.0701416
0.0701416
0.0701416
0.0701416
0.0701416
0.0701416
0.0701416
0.0701416
0.0701416
0.0701416
0.0701416
0.0701416
0.0701416
0.0701416
0.0701416
0.0701416
0.0701416
0.0701416
0.0701416
0.0701416
0.0701416
0.0701416
0.0701416
0.0701416
0.0701416
0.0701416
0.0701416
0.0701416
0.0701416
0.0701416
0.0701416
0.0701416
0.0701416
0.0701416
0.0701416
0.0701416
0.0701416
0.0701416
0.0806398
0.0806398
0.0806398
0.0806398
0.0806398
0.0806398
0.0806398
0.0806398
0.0806398
0.0806398
0.0806398
0.0806398
0.0806398
0.0806398
0.0806398
0.0806398
0.0806398
0.0806398
0.0806398
0.0806398
0.0806398
0.0806398
0.0806398
0.0806398
0.0806398
0.0806398
0.0806398
0.0806398
0.0806398
0.0806398
0.0806398
0.0806398
0.0806398
0.0806398
0.0806398
0.0806398
0.0806398
0.0806398
0.0806398
0.0806398
0.0806398
0.0806398
0.0806398
0.0806398
0.0806398
0.0806398
0.0806398
0.0806398
0.0806398
0.0806398
0.0910339
0.0910339
0.0910339
0.0910339
0.0910339
0.0910339
0.0910339
0.0910339
0.0910339
0.0910339
0.0910339
0.0910339
0.0910339
0.0910339
0.0910339
0.0910339
0.0910339
0.0910339
0.0910339
0.0910339
0.0910339
0.0910339
0.0910339
0.0910339
0.0910339
0.0910339
0.0910339
0.0910339
0.0910339
0.0910339
0.0910339
0.0910339
0.0910339
0.0910339
0.0910339
0.0910339
0.0910339
0.0910339
0.0910339
0.0910339
0.0910339
0.0910339
0.0910339
0.0910339
0.0910339
0.0910339
0.0910339
0.0910339
0.0910339
0.0910339
0.101321
0.101321
0.101321
0.101321
0.101321
0.101321
0.101321
0.101321
0.101321
0.101321
0.101321
0.101321
0.101321
0.101321
0.101321
0.101321
0.101321
0.101321
0.101321
0.101321
0.101321
0.101321
0.101321
0.101321
0.101321
0.101321
0.101321
0.101321
0.101321
0.101321
0.101321
0.101321
0.101321
0.101321
0.101321
0.101321
0.101321
0.101321
0.101321
0.101321
0.101321
0.101321
0.101321
0.101321
0.101321
0.101321
0.101321
0.101321
0.101321
0.101321
0.111499
0.111499
0.111499
0.111499
0.111499
0.111499
0.111499
0.111499
0.111499
0.111499
0.111499
0.111499
0.111499
0.111499
0.111499
0.111499
0.111499
0.111499
0.111499
0.111499
0.111499
0.111499
0.111499
0.111499
0.111499
0.111499
0.111499
0.111499
0.111499
0.111499
0.111499
0.111499
0.111499
0.111499
0.111499
0.111499
0.111499
0.111499
0.111499
0.111499
0.111499
0.111499
0.111499
0.111499
0.111499
0.111499
0.111499
0.111499
0.111499
0.111499
0.121571
0.121571
0.121571
0.121571
0.121571
0.121571
0.121571
0.121571
0.121571
0.121571
0.121571
0.121571
0.121571
0.121571
0.121571
0.121571
0.121571
0.121571
0.121571
0.121571
0.121571
0.121571
0.121571
0.121571
0.121571
0.121571
0.121571
0.121571
0.121571
0.121571
0.121571
0.121571
0.121571
0.121571
0.121571
0.121571
0.121571
0.121571
0.121571
0.121571
0.121571
0.121571
0.121571
0.121571
0.121571
0.121571
0.121571
0.121571
0.121571
0.121571
0.131539
0.131539
0.131539
0.131539
0.131539
0.131539
0.131539
0.131539
0.131539
0.131539
0.131539
0.131539
0.131539
0.131539
0.131539
0.131539
0.131539
0.131539
0.131539
0.131539
0.131539
0.131539
0.131539
0.131539
0.131539
0.131539
0.131539
0.131539
0.131539
0.131539
0.131539
0.131539
0.131539
0.131539
0.131539
0.131539
0.131539
0.131539
0.131539
0.131539
0.131539
0.131539
0.131539
0.131539
0.131539
0.131539
0.131539
0.131539
0.131539
0.131539
0.141407
0.141407
0.141407
0.141407
0.141407
0.141407
0.141407
0.141407
0.141407
0.141407
0.141407
0.141407
0.141407
0.141407
0.141407
0.141407
0.141407
0.141407
0.141407
0.141407
0.141407
0.141407
0.141407
0.141407
0.141407
0.141407
0.141407
0.141407
0.141407
0.141407
0.141407
0.141407
0.141407
0.141407
0.141407
0.141407
0.141407
0.141407
0.141407
0.141407
0.141407
0.141407
0.141407
0.141407
0.141407
0.141407
0.141407
0.141407
0.141407
0.141407
0.15118
0.15118
0.15118
0.15118
0.15118
0.15118
0.15118
0.15118
0.15118
0.15118
0.15118
0.15118
0.15118
0.15118
0.15118
0.15118
0.15118
0.15118
0.15118
0.15118
0.15118
0.15118
0.15118
0.15118
0.15118
0.15118
0.15118
0.15118
0.15118
0.15118
0.15118
0.15118
0.15118
0.15118
0.15118
0.15118
0.15118
0.15118
0.15118
0.15118
0.15118
0.15118
0.15118
0.15118
0.15118
0.15118
0.15118
0.15118
0.15118
0.15118
0.160866
0.160866
0.160866
0.160866
0.160866
0.160866
0.160866
0.160866
0.160866
0.160866
0.160866
0.160866
0.160866
0.160866
0.160866
0.160866
0.160866
0.160866
0.160866
0.160866
0.160866
0.160866
0.160866
0.160866
0.160866
0.160866
0.160866
0.160866
0.160866
0.160866
0.160866
0.160866
0.160866
0.160866
0.160866
0.160866
0.160866
0.160866
0.160866
0.160866
0.160866
0.160866
0.160866
0.160866
0.160866
0.160866
0.160866
0.160866
0.160866
0.160866
0.170472
0.170472
0.170472
0.170472
0.170472
0.170472
0.170472
0.170472
0.170472
0.170472
0.170472
0.170472
0.170472
0.170472
0.170472
0.170472
0.170472
0.170472
0.170472
0.170472
0.170472
0.170472
0.170472
0.170472
0.170472
0.170472
0.170472
0.170472
0.170472
0.170472
0.170472
0.170472
0.170472
0.170472
0.170472
0.170472
0.170472
0.170472
0.170472
0.170472
0.170472
0.170472
0.170472
0.170472
0.170472
0.170472
0.170472
0.170472
0.170472
0.170472
0.180004
0.180004
0.180004
0.180004
0.180004
0.180004
0.180004
0.180004
0.180004
0.180004
0.180004
0.180004
0.180004
0.180004
0.180004
0.180004
0.180004
0.180004
0.180004
0.180004
0.180004
0.180004
0.180004
0.180004
0.180004
0.180004
0.180004
0.180004
0.180004
0.180004
0.180004
0.180004
0.180004
0.180004
0.180004
0.180004
0.180004
0.180004
0.180004
0.180004
0.180004
0.180004
0.180004
0.180004
0.180004
0.180004
0.180004
0.180004
0.180004
0.180004
0.189471
0.189471
0.189471
0.189471
0.189471
0.189471
0.189471
0.189471
0.189471
0.189471
0.189471
0.189471
0.189471
0.189471
0.189471
0.189471
0.189471
0.189471
0.189471
0.189471
0.189471
0.189471
0.189471
0.189471
0.189471
0.189471
0.189471
0.189471
0.189471
0.189471
0.189471
0.189471
0.189471
0.189471
0.189471
0.189471
0.189471
0.189471
0.189471
0.189471
0.189471
0.189471
0.189471
0.189471
0.189471
0.189471
0.189471
0.189471
0.189471
0.189471
0.198882
0.198882
0.198882
0.198882
0.198882
0.198882
0.198882
0.198882
0.198882
0.198882
0.198882
0.198882
0.198882
0.198882
0.198882
0.198882
0.198882
0.198882
0.198882
0.198882
0.198882
0.198882
0.198882
0.198882
0.198882
0.198882
0.198882
0.198882
0.198882
0.198882
0.198882
0.198882
0.198882
0.198882
0.198882
0.198882
0.198882
0.198882
0.198882
0.198882
0.198882
0.198882
0.198882
0.198882
0.198882
0.198882
0.198882
0.198882
0.198882
0.198882
0.208244
0.208244
0.208244
0.208244
0.208244
0.208244
0.208244
0.208244
0.208244
0.208244
0.208244
0.208244
0.208244
0.208244
0.208244
0.208244
0.208244
0.208244
0.208244
0.208244
0.208244
0.208244
0.208244
0.208244
0.208244
0.208244
0.208244
0.208244
0.208244
0.208244
0.208244
0.208244
0.208244
0.208244
0.208244
0.208244
0.208244
0.208244
0.208244
0.208244
0.208244
0.208244
0.208244
0.208244
0.208244
0.208244
0.208244
0.208244
0.208244
0.208244
0.217567
0.217567
0.217567
0.217567
0.217567
0.217567
0.217567
0.217567
0.217567
0.217567
0.217567
0.217567
0.217567
0.217567
0.217567
0.217567
0.217567
0.217567
0.217567
0.217567
0.217567
0.217567
0.217567
0.217567
0.217567
0.217567
0.217567
0.217567
0.217567
0.217567
0.217567
0.217567
0.217567
0.217567
0.217567
0.217567
0.217567
0.217567
0.217567
0.217567
0.217567
0.217567
0.217567
0.217567
0.217567
0.217567
0.217567
0.217567
0.217567
0.217567
0.226859
0.226859
0.226859
0.226859
0.226859
0.226859
0.226859
0.226859
0.226859
0.226859
0.226859
0.226859
0.226859
0.226859
0.226859
0.226859
0.226859
0.226859
0.226859
0.226859
0.226859
0.226859
0.226859
0.226859
0.226859
0.226859
0.226859
0.226859
0.226859
0.226859
0.226859
0.226859
0.226859
0.226859
0.226859
0.226859
0.226859
0.226859
0.226859
0.226859
0.226859
0.226859
0.226859
0.226859
0.226859
0.226859
0.226859
0.226859
0.226859
0.226859
0.236128
0.236128
0.236128
0.236128
0.236128
0.236128
0.236128
0.236128
0.236128
0.236128
0.236128
0.236128
0.236128
0.236128
0.236128
0.236128
0.236128
0.236128
0.236128
0.236128
0.236128
0.236128
0.236128
0.236128
0.236128
0.236128
0.236128
0.236128
0.236128
0.236128
0.236128
0.236128
0.236128
0.236128
0.236128
0.236128
0.236128
0.236128
0.236128
0.236128
0.236128
0.236128
0.236128
0.236128
0.236128
0.236128
0.236128
0.236128
0.236128
0.236128
0.245384
0.245384
0.245384
0.245384
0.245384
0.245384
0.245384
0.245384
0.245384
0.245384
0.245384
0.245384
0.245384
0.245384
0.245384
0.245384
0.245384
0.245384
0.245384
0.245384
0.245384
0.245384
0.245384
0.245384
0.245384
0.245384
0.245384
0.245384
0.245384
0.245384
0.245384
0.245384
0.245384
0.245384
0.245384
0.245384
0.245384
0.245384
0.245384
0.245384
0.245384
0.245384
0.245384
0.245384
0.245384
0.245384
0.245384
0.245384
0.245384
0.245384
)
;

boundaryField
{
    left
    {
        type            calculated;
        value           nonuniform List<scalar> 
50
(
-0.245375
-0.236119
-0.22685
-0.217558
-0.208235
-0.198873
-0.189462
-0.179995
-0.170462
-0.160857
-0.151171
-0.141398
-0.13153
-0.121563
-0.111491
-0.101313
-0.0910266
-0.0806331
-0.0701356
-0.0595397
-0.0488518
-0.0380828
-0.0272493
-0.0163688
-0.00545953
0.00545953
0.0163688
0.0272493
0.0380828
0.0488518
0.0595397
0.0701356
0.0806331
0.0910266
0.101313
0.111491
0.121563
0.13153
0.141398
0.151171
0.160857
0.170462
0.179995
0.189462
0.198873
0.208235
0.217558
0.22685
0.236119
0.245375
)
;
    }
    right
    {
        type            calculated;
        value           nonuniform List<scalar> 
50
(
-0.245375
-0.236119
-0.22685
-0.217558
-0.208235
-0.198873
-0.189462
-0.179995
-0.170462
-0.160857
-0.151171
-0.141398
-0.13153
-0.121563
-0.111491
-0.101313
-0.0910266
-0.0806331
-0.0701356
-0.0595397
-0.0488518
-0.0380828
-0.0272493
-0.0163688
-0.00545953
0.00545953
0.0163688
0.0272493
0.0380828
0.0488518
0.0595397
0.0701356
0.0806331
0.0910266
0.101313
0.111491
0.121563
0.13153
0.141398
0.151171
0.160857
0.170462
0.179995
0.189462
0.198873
0.208235
0.217558
0.22685
0.236119
0.245375
)
;
    }
    up
    {
        type            calculated;
        value           nonuniform List<scalar> 
50
(
0.25
0.25
0.25
0.25
0.25
0.25
0.25
0.25
0.25
0.25
0.25
0.25
0.25
0.25
0.25
0.25
0.25
0.25
0.25
0.25
0.25
0.25
0.25
0.25
0.25
0.25
0.25
0.25
0.25
0.25
0.25
0.25
0.25
0.25
0.25
0.25
0.25
0.25
0.25
0.25
0.25
0.25
0.25
0.25
0.25
0.25
0.25
0.25
0.25
0.25
)
;
    }
    down
    {
        type            calculated;
        value           nonuniform List<scalar> 
50
(
-0.25
-0.25
-0.25
-0.25
-0.25
-0.25
-0.25
-0.25
-0.25
-0.25
-0.25
-0.25
-0.25
-0.25
-0.25
-0.25
-0.25
-0.25
-0.25
-0.25
-0.25
-0.25
-0.25
-0.25
-0.25
-0.25
-0.25
-0.25
-0.25
-0.25
-0.25
-0.25
-0.25
-0.25
-0.25
-0.25
-0.25
-0.25
-0.25
-0.25
-0.25
-0.25
-0.25
-0.25
-0.25
-0.25
-0.25
-0.25
-0.25
-0.25
)
;
    }
    frontAndBack
    {
        type            empty;
    }
}


// ************************************************************************* //
