/*--------------------------------*- C++ -*----------------------------------*\
  =========                 |
  \\      /  F ield         | OpenFOAM: The Open Source CFD Toolbox
   \\    /   O peration     | Website:  https://openfoam.org
    \\  /    A nd           | Version:  6
     \\/     M anipulation  |
\*---------------------------------------------------------------------------*/
FoamFile
{
    version     2.0;
    format      ascii;
    class       surfaceScalarField;
    location    "3200";
    object      phi;
}
// * * * * * * * * * * * * * * * * * * * * * * * * * * * * * * * * * * * * * //

dimensions      [0 3 -1 0 0 0 0];

internalField   nonuniform List<scalar> 
4900
(
-3.65679e-06
8.36568e-05
-9.09987e-06
8.54431e-05
-1.18449e-05
8.2745e-05
-1.34181e-05
8.15732e-05
-1.41932e-05
8.07751e-05
-1.44228e-05
8.02295e-05
-1.43024e-05
7.98796e-05
-1.39513e-05
7.9649e-05
-1.3443e-05
7.94917e-05
-1.28251e-05
7.93822e-05
-1.21297e-05
7.93046e-05
-1.13785e-05
7.92488e-05
-1.05866e-05
7.92081e-05
-9.76483e-06
7.91782e-05
-8.92084e-06
7.9156e-05
-8.06019e-06
7.91394e-05
-7.18699e-06
7.91268e-05
-6.30428e-06
7.91173e-05
-5.41436e-06
7.91101e-05
-4.51897e-06
7.91046e-05
-3.61949e-06
7.91005e-05
-2.71702e-06
7.90975e-05
-1.81245e-06
7.90954e-05
-9.06547e-07
7.90941e-05
2.52033e-16
7.90935e-05
9.06547e-07
7.90935e-05
1.81245e-06
7.90941e-05
2.71702e-06
7.90954e-05
3.61949e-06
7.90975e-05
4.51897e-06
7.91005e-05
5.41436e-06
7.91046e-05
6.30428e-06
7.91101e-05
7.18699e-06
7.91173e-05
8.06019e-06
7.91268e-05
8.92084e-06
7.91394e-05
9.76483e-06
7.9156e-05
1.05866e-05
7.91782e-05
1.13785e-05
7.92081e-05
1.21297e-05
7.92488e-05
1.28251e-05
7.93046e-05
1.3443e-05
7.93822e-05
1.39513e-05
7.94917e-05
1.43024e-05
7.9649e-05
1.44228e-05
7.98796e-05
1.41932e-05
8.02295e-05
1.34181e-05
8.07751e-05
1.18449e-05
8.15732e-05
9.09987e-06
8.2745e-05
3.65679e-06
8.54431e-05
8.36568e-05
4.65328e-06
7.90035e-05
2.49023e-06
8.76061e-05
-1.60475e-06
8.684e-05
-5.0726e-06
8.50411e-05
-7.55311e-06
8.32556e-05
-9.19499e-06
8.18714e-05
-1.01912e-05
8.08758e-05
-1.07057e-05
8.01635e-05
-1.08653e-05
7.96513e-05
-1.07637e-05
7.92805e-05
-1.04692e-05
7.90102e-05
-1.00319e-05
7.88114e-05
-9.48797e-06
7.86642e-05
-8.86409e-06
7.85544e-05
-8.17992e-06
7.84718e-05
-7.45002e-06
7.84095e-05
-6.68529e-06
7.83621e-05
-5.89396e-06
7.8326e-05
-5.08232e-06
7.82984e-05
-4.25523e-06
7.82775e-05
-3.41652e-06
7.82618e-05
-2.56925e-06
7.82503e-05
-1.71599e-06
7.82422e-05
-8.58923e-07
7.8237e-05
-6.95692e-16
7.82345e-05
8.58923e-07
7.82345e-05
1.71599e-06
7.8237e-05
2.56925e-06
7.82422e-05
3.41652e-06
7.82503e-05
4.25523e-06
7.82618e-05
5.08232e-06
7.82775e-05
5.89396e-06
7.82984e-05
6.68529e-06
7.8326e-05
7.45002e-06
7.83621e-05
8.17992e-06
7.84095e-05
8.86409e-06
7.84718e-05
9.48797e-06
7.85544e-05
1.00319e-05
7.86642e-05
1.04692e-05
7.88114e-05
1.07637e-05
7.90102e-05
1.08653e-05
7.92805e-05
1.07057e-05
7.96513e-05
1.01912e-05
8.01635e-05
9.19499e-06
8.08758e-05
7.55311e-06
8.18714e-05
5.0726e-06
8.32556e-05
1.60475e-06
8.50411e-05
-2.49023e-06
8.684e-05
-4.65328e-06
8.76061e-05
7.90035e-05
7.34168e-06
7.16618e-05
8.02622e-06
8.69216e-05
4.54194e-06
9.03243e-05
6.86284e-07
8.88967e-05
-2.5356e-06
8.64775e-05
-4.98419e-06
8.432e-05
-6.71909e-06
8.26107e-05
-7.86342e-06
8.13078e-05
-8.54248e-06
8.03303e-05
-8.86268e-06
7.96007e-05
-8.90871e-06
7.90562e-05
-8.74605e-06
7.86488e-05
-8.42459e-06
7.83427e-05
-7.9821e-06
7.81119e-05
-7.44713e-06
7.79369e-05
-6.8413e-06
7.78036e-05
-6.18104e-06
7.77018e-05
-5.47891e-06
7.76238e-05
-4.74464e-06
7.75642e-05
-3.9858e-06
7.75187e-05
-3.2084e-06
7.74844e-05
-2.41732e-06
7.74592e-05
-1.61663e-06
7.74415e-05
-8.09801e-07
7.74302e-05
1.49201e-16
7.74247e-05
8.09801e-07
7.74247e-05
1.61663e-06
7.74302e-05
2.41732e-06
7.74415e-05
3.2084e-06
7.74592e-05
3.9858e-06
7.74844e-05
4.74464e-06
7.75187e-05
5.47891e-06
7.75642e-05
6.18104e-06
7.76238e-05
6.8413e-06
7.77018e-05
7.44713e-06
7.78036e-05
7.9821e-06
7.79369e-05
8.42459e-06
7.81119e-05
8.74605e-06
7.83427e-05
8.90871e-06
7.86488e-05
8.86268e-06
7.90562e-05
8.54248e-06
7.96007e-05
7.86342e-06
8.03303e-05
6.71909e-06
8.13078e-05
4.98419e-06
8.26107e-05
2.5356e-06
8.432e-05
-6.86284e-07
8.64775e-05
-4.54194e-06
8.88967e-05
-8.02622e-06
9.03243e-05
-7.34168e-06
8.69216e-05
7.16618e-05
8.255e-06
6.34068e-05
1.02935e-05
8.48831e-05
7.92355e-06
9.26942e-05
4.46504e-06
9.23553e-05
1.12597e-06
8.98166e-05
-1.678e-06
8.7124e-05
-3.84215e-06
8.47748e-05
-5.41011e-06
8.28758e-05
-6.47253e-06
8.13927e-05
-7.12473e-06
8.02529e-05
-7.45182e-06
7.93833e-05
-7.52453e-06
7.87215e-05
-7.3995e-06
7.82177e-05
-7.12122e-06
7.78336e-05
-6.72424e-06
7.75399e-05
-6.23532e-06
7.73147e-05
-5.67513e-06
7.71416e-05
-5.05975e-06
7.70085e-05
-4.40171e-06
7.69061e-05
-3.71092e-06
7.68279e-05
-2.9953e-06
7.67688e-05
-2.26132e-06
7.67252e-05
-1.51439e-06
7.66945e-05
-7.59203e-07
7.6675e-05
9.10805e-16
7.66655e-05
7.59203e-07
7.66655e-05
1.51439e-06
7.6675e-05
2.26132e-06
7.66945e-05
2.9953e-06
7.67252e-05
3.71092e-06
7.67688e-05
4.40171e-06
7.68279e-05
5.05975e-06
7.69061e-05
5.67513e-06
7.70085e-05
6.23532e-06
7.71416e-05
6.72424e-06
7.73147e-05
7.12122e-06
7.75399e-05
7.3995e-06
7.78336e-05
7.52453e-06
7.82177e-05
7.45182e-06
7.87215e-05
7.12473e-06
7.93833e-05
6.47253e-06
8.02529e-05
5.41011e-06
8.13927e-05
3.84215e-06
8.28758e-05
1.678e-06
8.47748e-05
-1.12597e-06
8.7124e-05
-4.46504e-06
8.98166e-05
-7.92355e-06
9.23553e-05
-1.02935e-05
9.26942e-05
-8.255e-06
8.48831e-05
6.34068e-05
7.87102e-06
5.55358e-05
1.06241e-05
8.21301e-05
9.47318e-06
9.38451e-05
6.77461e-06
9.50538e-05
3.70191e-06
9.28893e-05
8.63362e-07
8.99625e-05
-1.49046e-06
8.71287e-05
-3.31171e-06
8.46971e-05
-4.63921e-06
8.27202e-05
-5.54235e-06
8.11561e-05
-6.09534e-06
7.99363e-05
-6.36606e-06
7.89922e-05
-6.41227e-06
7.82639e-05
-6.28134e-06
7.77026e-05
-6.01123e-06
7.72698e-05
-5.63204e-06
7.69355e-05
-5.16752e-06
7.66771e-05
-4.63637e-06
7.64773e-05
-4.05342e-06
7.63232e-05
-3.43048e-06
7.62049e-05
-2.7771e-06
7.61154e-05
-2.10114e-06
7.60492e-05
-1.40921e-06
7.60026e-05
-7.0709e-07
7.59729e-05
1.62141e-15
7.59584e-05
7.0709e-07
7.59584e-05
1.40921e-06
7.59729e-05
2.10114e-06
7.60026e-05
2.7771e-06
7.60492e-05
3.43048e-06
7.61154e-05
4.05342e-06
7.62049e-05
4.63637e-06
7.63232e-05
5.16752e-06
7.64773e-05
5.63204e-06
7.66771e-05
6.01123e-06
7.69355e-05
6.28134e-06
7.72698e-05
6.41227e-06
7.77026e-05
6.36606e-06
7.82639e-05
6.09534e-06
7.89922e-05
5.54235e-06
7.99363e-05
4.63921e-06
8.11561e-05
3.31171e-06
8.27202e-05
1.49046e-06
8.46971e-05
-8.63362e-07
8.71287e-05
-3.70191e-06
8.99625e-05
-6.77461e-06
9.28893e-05
-9.47318e-06
9.50538e-05
-1.06241e-05
9.38451e-05
-7.87102e-06
8.21301e-05
5.55358e-05
6.85966e-06
4.86761e-05
9.96787e-06
7.90219e-05
9.90913e-06
9.39038e-05
8.05992e-06
9.6903e-05
5.4509e-06
9.54983e-05
2.78447e-06
9.2629e-05
4.15103e-07
8.9498e-05
-1.52533e-06
8.66375e-05
-3.01929e-06
8.42142e-05
-4.10289e-06
8.22397e-05
-4.83228e-06
8.06657e-05
-5.26667e-06
7.94266e-05
-5.46056e-06
7.84578e-05
-5.46101e-06
7.77031e-05
-5.30712e-06
7.71159e-05
-5.03076e-06
7.66592e-05
-4.65764e-06
7.6304e-05
-4.20833e-06
7.6028e-05
-3.69939e-06
7.58142e-05
-3.14417e-06
7.56497e-05
-2.55356e-06
7.55248e-05
-1.9366e-06
7.54323e-05
-1.30097e-06
7.5367e-05
-6.534e-07
7.53253e-05
2.22557e-15
7.5305e-05
6.534e-07
7.5305e-05
1.30097e-06
7.53253e-05
1.9366e-06
7.5367e-05
2.55356e-06
7.54323e-05
3.14417e-06
7.55248e-05
3.69939e-06
7.56497e-05
4.20833e-06
7.58142e-05
4.65764e-06
7.6028e-05
5.03076e-06
7.6304e-05
5.30712e-06
7.66592e-05
5.46101e-06
7.71159e-05
5.46056e-06
7.77031e-05
5.26667e-06
7.84578e-05
4.83228e-06
7.94266e-05
4.10289e-06
8.06657e-05
3.01929e-06
8.22397e-05
1.52533e-06
8.42142e-05
-4.15103e-07
8.66375e-05
-2.78447e-06
8.9498e-05
-5.4509e-06
9.2629e-05
-8.05992e-06
9.54983e-05
-9.90913e-06
9.6903e-05
-9.96787e-06
9.39038e-05
-6.85966e-06
7.90219e-05
4.86761e-05
5.7096e-06
4.29665e-05
8.93285e-06
7.57986e-05
9.72138e-06
9.31153e-05
8.65992e-06
9.79645e-05
6.58868e-06
9.75695e-05
4.2148e-06
9.50028e-05
1.95011e-06
9.17627e-05
-7.25692e-09
8.85949e-05
-1.58756e-06
8.57945e-05
-2.79166e-06
8.34438e-05
-3.65392e-06
8.15279e-05
-4.22102e-06
7.99937e-05
-4.54096e-06
7.87778e-05
-4.65793e-06
7.78201e-05
-4.61028e-06
7.70682e-05
-4.43028e-06
7.64792e-05
-4.14456e-06
7.60183e-05
-3.7749e-06
7.56583e-05
-3.33904e-06
7.53784e-05
-2.85152e-06
7.51622e-05
-2.32431e-06
7.49976e-05
-1.76744e-06
7.48754e-05
-1.1895e-06
7.4789e-05
-5.98047e-07
7.47339e-05
2.77729e-15
7.4707e-05
5.98047e-07
7.4707e-05
1.1895e-06
7.47339e-05
1.76744e-06
7.4789e-05
2.32431e-06
7.48754e-05
2.85152e-06
7.49976e-05
3.33904e-06
7.51622e-05
3.7749e-06
7.53784e-05
4.14456e-06
7.56583e-05
4.43028e-06
7.60183e-05
4.61028e-06
7.64792e-05
4.65793e-06
7.70682e-05
4.54096e-06
7.78201e-05
4.22102e-06
7.87778e-05
3.65392e-06
7.99937e-05
2.79166e-06
8.15279e-05
1.58756e-06
8.34438e-05
7.25692e-09
8.57945e-05
-1.95011e-06
8.85949e-05
-4.2148e-06
9.17627e-05
-6.58868e-06
9.50028e-05
-8.65992e-06
9.75695e-05
-9.72138e-06
9.79645e-05
-8.93285e-06
9.31153e-05
-5.7096e-06
7.57986e-05
4.29665e-05
4.64405e-06
3.83225e-05
7.82755e-06
7.26151e-05
9.21026e-06
9.17325e-05
8.8169e-06
9.83579e-05
7.28575e-06
9.91007e-05
5.26506e-06
9.70235e-05
3.18367e-06
9.38441e-05
1.28488e-06
9.04937e-05
-3.18139e-07
8.73975e-05
-1.59277e-06
8.47184e-05
-2.5503e-06
8.24855e-05
-3.22269e-06
8.0666e-05
-3.64918e-06
7.92043e-05
-3.86911e-06
7.804e-05
-3.91854e-06
7.71177e-05
-3.82894e-06
7.63896e-05
-3.62702e-06
7.58163e-05
-3.33506e-06
7.53664e-05
-2.97157e-06
7.50149e-05
-2.5519e-06
7.47425e-05
-2.08886e-06
7.45346e-05
-1.5933e-06
7.43798e-05
-1.07455e-06
7.42703e-05
-5.40915e-07
7.42002e-05
3.21258e-15
7.41661e-05
5.40915e-07
7.41661e-05
1.07455e-06
7.42002e-05
1.5933e-06
7.42703e-05
2.08886e-06
7.43798e-05
2.5519e-06
7.45346e-05
2.97157e-06
7.47425e-05
3.33506e-06
7.50149e-05
3.62702e-06
7.53664e-05
3.82894e-06
7.58163e-05
3.91854e-06
7.63896e-05
3.86911e-06
7.71177e-05
3.64918e-06
7.804e-05
3.22269e-06
7.92043e-05
2.5503e-06
8.0666e-05
1.59277e-06
8.24855e-05
3.18139e-07
8.47184e-05
-1.28488e-06
8.73975e-05
-3.18367e-06
9.04937e-05
-5.26506e-06
9.38441e-05
-7.28575e-06
9.70235e-05
-8.8169e-06
9.91007e-05
-9.21026e-06
9.83579e-05
-7.82755e-06
9.17325e-05
-4.64405e-06
7.26151e-05
3.83225e-05
3.73881e-06
3.45837e-05
6.79196e-06
6.9562e-05
8.55761e-06
8.99669e-05
8.70322e-06
9.82123e-05
7.67591e-06
0.000100128
6.02905e-06
9.86704e-05
4.17825e-06
9.56949e-05
2.39152e-06
9.22804e-05
8.14898e-07
8.89741e-05
-4.89538e-07
8.60228e-05
-1.51054e-06
8.35065e-05
-2.26441e-06
8.14199e-05
-2.78016e-06
7.972e-05
-3.09092e-06
7.83507e-05
-3.22921e-06
7.7256e-05
-3.22469e-06
7.6385e-05
-3.10338e-06
7.5695e-05
-2.88752e-06
7.51505e-05
-2.59593e-06
7.47233e-05
-2.24449e-06
7.43911e-05
-1.84659e-06
7.41367e-05
-1.41371e-06
7.3947e-05
-9.55834e-07
7.38124e-05
-4.81856e-07
7.37263e-05
3.605e-15
7.36842e-05
4.81856e-07
7.36842e-05
9.55834e-07
7.37263e-05
1.41371e-06
7.38124e-05
1.84659e-06
7.3947e-05
2.24449e-06
7.41367e-05
2.59593e-06
7.43911e-05
2.88752e-06
7.47233e-05
3.10338e-06
7.51505e-05
3.22469e-06
7.5695e-05
3.22921e-06
7.6385e-05
3.09092e-06
7.7256e-05
2.78016e-06
7.83507e-05
2.26441e-06
7.972e-05
1.51054e-06
8.14199e-05
4.89538e-07
8.35065e-05
-8.14898e-07
8.60228e-05
-2.39152e-06
8.89741e-05
-4.17825e-06
9.22804e-05
-6.02905e-06
9.56949e-05
-7.67591e-06
9.86704e-05
-8.70322e-06
0.000100128
-8.55761e-06
9.82123e-05
-6.79196e-06
8.99669e-05
-3.73881e-06
6.9562e-05
3.45837e-05
3.0062e-06
3.15775e-05
5.88319e-06
6.6685e-05
7.87334e-06
8.79767e-05
8.44048e-06
9.76451e-05
7.86302e-06
0.000100705
6.58532e-06
9.99481e-05
4.98941e-06
9.72908e-05
3.35052e-06
9.39193e-05
1.83692e-06
9.04877e-05
5.35031e-07
8.73247e-05
-5.23132e-07
8.45646e-05
-1.3382e-06
8.2235e-05
-1.92826e-06
8.03101e-05
-2.31923e-06
7.87417e-05
-2.53915e-06
7.74759e-05
-2.6151e-06
7.6461e-05
-2.57174e-06
7.56516e-05
-2.43076e-06
7.50096e-05
-2.21093e-06
7.45035e-05
-1.92834e-06
7.41085e-05
-1.59677e-06
7.38051e-05
-1.22817e-06
7.35784e-05
-8.33e-07
7.34173e-05
-4.20699e-07
7.3314e-05
3.88389e-15
7.32635e-05
4.20699e-07
7.32635e-05
8.33e-07
7.3314e-05
1.22817e-06
7.34173e-05
1.59677e-06
7.35784e-05
1.92834e-06
7.38051e-05
2.21093e-06
7.41085e-05
2.43076e-06
7.45035e-05
2.57174e-06
7.50096e-05
2.6151e-06
7.56516e-05
2.53915e-06
7.6461e-05
2.31923e-06
7.74759e-05
1.92826e-06
7.87417e-05
1.3382e-06
8.03101e-05
5.23132e-07
8.2235e-05
-5.35031e-07
8.45646e-05
-1.83692e-06
8.73247e-05
-3.35052e-06
9.04877e-05
-4.98941e-06
9.39193e-05
-6.58532e-06
9.72908e-05
-7.86302e-06
9.99481e-05
-8.44048e-06
0.000100705
-7.87334e-06
9.76451e-05
-5.88319e-06
8.79767e-05
-3.0062e-06
6.6685e-05
3.15775e-05
2.43144e-06
2.9146e-05
5.11632e-06
6.40001e-05
7.22144e-06
8.58716e-05
8.11264e-06
9.67539e-05
7.92641e-06
0.000100892
6.99859e-06
0.000100876
5.66568e-06
9.86237e-05
4.19657e-06
9.53884e-05
2.77217e-06
9.19121e-05
1.49778e-06
8.85991e-05
4.23709e-07
8.56387e-05
-4.35701e-07
8.30944e-05
-1.0874e-06
8.09618e-05
-1.54951e-06
7.92038e-05
-1.84491e-06
7.77713e-05
-1.99747e-06
7.66136e-05
-2.02995e-06
7.56841e-05
-1.96308e-06
7.49427e-05
-1.8152e-06
7.43556e-05
-1.60237e-06
7.38957e-05
-1.33858e-06
7.35413e-05
-1.03605e-06
7.32758e-05
-7.05659e-07
7.30869e-05
-3.57251e-07
7.29656e-05
4.13631e-15
7.29063e-05
3.57251e-07
7.29063e-05
7.05659e-07
7.29656e-05
1.03605e-06
7.30869e-05
1.33858e-06
7.32758e-05
1.60237e-06
7.35413e-05
1.8152e-06
7.38957e-05
1.96308e-06
7.43556e-05
2.02995e-06
7.49427e-05
1.99747e-06
7.56841e-05
1.84491e-06
7.66136e-05
1.54951e-06
7.77713e-05
1.0874e-06
7.92038e-05
4.35701e-07
8.09618e-05
-4.23709e-07
8.30944e-05
-1.49778e-06
8.56387e-05
-2.77217e-06
8.85991e-05
-4.19657e-06
9.19121e-05
-5.66568e-06
9.53884e-05
-6.99859e-06
9.86237e-05
-7.92641e-06
0.000100876
-8.11264e-06
0.000100892
-7.22144e-06
9.67539e-05
-5.11632e-06
8.58716e-05
-2.43144e-06
6.40001e-05
2.9146e-05
1.9898e-06
2.71563e-05
4.48626e-06
6.15036e-05
6.63707e-06
8.37208e-05
7.77647e-06
9.56145e-05
7.92584e-06
0.000100742
7.32143e-06
0.00010148
6.24882e-06
9.96963e-05
4.96096e-06
9.66763e-05
3.64336e-06
9.32297e-05
2.41501e-06
8.98274e-05
1.34171e-06
8.6712e-05
4.51619e-07
8.39845e-05
-2.51249e-07
8.16646e-05
-7.76958e-07
7.97295e-05
-1.14279e-06
7.81371e-05
-1.3689e-06
7.68397e-05
-1.47572e-06
7.57909e-05
-1.48262e-06
7.49496e-05
-1.40727e-06
7.42802e-05
-1.26543e-06
7.37538e-05
-1.07111e-06
7.3347e-05
-8.36718e-07
7.30414e-05
-5.73389e-07
7.28235e-05
-2.91304e-07
7.26835e-05
4.28761e-15
7.2615e-05
2.91304e-07
7.2615e-05
5.73389e-07
7.26835e-05
8.36718e-07
7.28235e-05
1.07111e-06
7.30414e-05
1.26543e-06
7.3347e-05
1.40727e-06
7.37538e-05
1.48262e-06
7.42802e-05
1.47572e-06
7.49496e-05
1.3689e-06
7.57909e-05
1.14279e-06
7.68397e-05
7.76958e-07
7.81371e-05
2.51249e-07
7.97295e-05
-4.51619e-07
8.16646e-05
-1.34171e-06
8.39845e-05
-2.41501e-06
8.6712e-05
-3.64336e-06
8.98274e-05
-4.96096e-06
9.32297e-05
-6.24882e-06
9.66763e-05
-7.32143e-06
9.96963e-05
-7.92584e-06
0.00010148
-7.77647e-06
0.000100742
-6.63707e-06
9.56145e-05
-4.48626e-06
8.37208e-05
-1.9898e-06
6.15036e-05
2.71563e-05
1.65561e-06
2.55006e-05
3.98014e-06
5.91791e-05
6.13801e-06
8.1563e-05
7.46966e-06
9.42828e-05
7.9058e-06
0.000100306
7.59602e-06
0.00010179
6.77424e-06
0.000100518
5.67137e-06
9.77791e-05
4.47134e-06
9.44297e-05
3.30216e-06
9.09966e-05
2.24226e-06
8.77719e-05
1.33223e-06
8.48945e-05
5.86556e-07
8.24103e-05
3.28209e-09
8.03128e-05
-4.29e-07
7.85694e-05
-7.26379e-07
7.7137e-05
-9.06635e-07
7.59712e-05
-9.8747e-07
7.50304e-05
-9.85595e-07
7.42784e-05
-9.16314e-07
7.36846e-05
-7.93461e-07
7.32241e-05
-6.29503e-07
7.28775e-05
-4.35753e-07
7.26298e-05
-2.22642e-07
7.24704e-05
4.43034e-15
7.23923e-05
2.22642e-07
7.23923e-05
4.35753e-07
7.24704e-05
6.29503e-07
7.26298e-05
7.93461e-07
7.28775e-05
9.16314e-07
7.32241e-05
9.85595e-07
7.36846e-05
9.8747e-07
7.42784e-05
9.06635e-07
7.50304e-05
7.26379e-07
7.59712e-05
4.29e-07
7.7137e-05
-3.2821e-09
7.85694e-05
-5.86556e-07
8.03128e-05
-1.33223e-06
8.24103e-05
-2.24226e-06
8.48945e-05
-3.30216e-06
8.77719e-05
-4.47134e-06
9.09966e-05
-5.67137e-06
9.44297e-05
-6.77424e-06
9.77791e-05
-7.59602e-06
0.000100518
-7.9058e-06
0.00010179
-7.46966e-06
0.000100306
-6.13801e-06
9.42828e-05
-3.98014e-06
8.1563e-05
-1.65561e-06
5.91791e-05
2.55006e-05
1.4064e-06
2.40942e-05
3.5835e-06
5.7002e-05
5.73186e-06
7.94146e-05
7.21657e-06
9.27981e-05
7.89886e-06
9.96239e-05
7.85561e-06
0.000101833
7.27137e-06
0.000101102
6.35186e-06
9.86986e-05
5.27487e-06
9.55067e-05
4.17349e-06
9.2098e-05
3.13611e-06
8.88093e-05
2.21425e-06
8.58164e-05
1.43222e-06
8.31923e-05
7.96007e-07
8.0949e-05
3.00213e-07
7.90652e-05
-6.69567e-08
7.75042e-05
-3.20341e-07
7.62246e-05
-4.75735e-07
7.51858e-05
-5.48678e-07
7.43513e-05
-5.53826e-07
7.36897e-05
-5.04715e-07
7.3175e-05
-4.13748e-07
7.27865e-05
-2.92325e-07
7.25084e-05
-1.51055e-07
7.23291e-05
4.48815e-15
7.22413e-05
1.51055e-07
7.22413e-05
2.92325e-07
7.23291e-05
4.13748e-07
7.25084e-05
5.04715e-07
7.27865e-05
5.53826e-07
7.3175e-05
5.48678e-07
7.36897e-05
4.75735e-07
7.43513e-05
3.20341e-07
7.51858e-05
6.69567e-08
7.62246e-05
-3.00213e-07
7.75042e-05
-7.96007e-07
7.90652e-05
-1.43222e-06
8.0949e-05
-2.21425e-06
8.31923e-05
-3.13611e-06
8.58164e-05
-4.17349e-06
8.88093e-05
-5.27487e-06
9.2098e-05
-6.35186e-06
9.55067e-05
-7.27137e-06
9.86986e-05
-7.85561e-06
0.000101102
-7.89886e-06
0.000101833
-7.21657e-06
9.96239e-05
-5.73186e-06
9.27981e-05
-3.5835e-06
7.94146e-05
-1.4064e-06
5.7002e-05
2.40942e-05
1.22409e-06
2.28702e-05
3.28284e-06
5.49433e-05
5.42005e-06
7.72774e-05
7.03211e-06
9.11861e-05
7.9282e-06
9.87278e-05
8.12576e-06
0.000101636
7.76412e-06
0.000101464
7.02277e-06
9.944e-05
6.0703e-06
9.64592e-05
5.04174e-06
9.31266e-05
4.03307e-06
8.98179e-05
3.1052e-06
8.67442e-05
2.29153e-06
8.4006e-05
1.60571e-06
8.16348e-05
1.04837e-06
7.96225e-05
6.12157e-07
7.79404e-05
2.85379e-07
7.65514e-05
5.43485e-08
7.54168e-05
-9.5119e-08
7.45008e-05
-1.76879e-07
7.37715e-05
-2.04044e-07
7.32022e-05
-1.88854e-07
7.27713e-05
-1.42716e-07
7.24622e-05
-7.63525e-08
7.22627e-05
4.55183e-15
7.21649e-05
7.63525e-08
7.21649e-05
1.42716e-07
7.22627e-05
1.88854e-07
7.24622e-05
2.04044e-07
7.27713e-05
1.76879e-07
7.32022e-05
9.5119e-08
7.37715e-05
-5.43485e-08
7.45008e-05
-2.85379e-07
7.54168e-05
-6.12157e-07
7.65514e-05
-1.04837e-06
7.79404e-05
-1.60571e-06
7.96225e-05
-2.29153e-06
8.16348e-05
-3.1052e-06
8.4006e-05
-4.03307e-06
8.67442e-05
-5.04174e-06
8.98179e-05
-6.0703e-06
9.31266e-05
-7.02277e-06
9.64592e-05
-7.76412e-06
9.944e-05
-8.12576e-06
0.000101464
-7.9282e-06
0.000101636
-7.03211e-06
9.87278e-05
-5.42005e-06
9.11861e-05
-3.28284e-06
7.72774e-05
-1.22409e-06
5.49433e-05
2.28702e-05
1.09471e-06
2.17754e-05
3.0662e-06
5.29718e-05
5.20021e-06
7.51434e-05
6.92422e-06
8.94621e-05
8.00933e-06
9.76427e-05
8.42525e-06
0.00010122
8.27107e-06
0.000101618
7.70057e-06
0.00010001
6.87132e-06
9.72885e-05
5.91783e-06
9.40801e-05
4.94162e-06
9.07941e-05
4.01166e-06
8.76742e-05
3.16956e-06
8.48481e-05
2.43634e-06
8.23681e-05
1.81855e-06
8.02403e-05
1.31338e-06
7.84456e-05
9.1243e-07
7.69523e-05
6.04282e-07
7.5725e-05
3.76258e-07
7.47288e-05
2.15437e-07
7.39323e-05
1.09237e-07
7.33084e-05
4.56692e-08
7.28349e-05
1.33898e-08
7.24945e-05
1.62133e-09
7.22745e-05
4.54436e-15
7.21665e-05
-1.62132e-09
7.21665e-05
-1.33898e-08
7.22745e-05
-4.56692e-08
7.24945e-05
-1.09237e-07
7.28349e-05
-2.15437e-07
7.33084e-05
-3.76258e-07
7.39323e-05
-6.04282e-07
7.47288e-05
-9.1243e-07
7.5725e-05
-1.31338e-06
7.69523e-05
-1.81855e-06
7.84456e-05
-2.43634e-06
8.02403e-05
-3.16956e-06
8.23681e-05
-4.01166e-06
8.48481e-05
-4.94162e-06
8.76742e-05
-5.91783e-06
9.07941e-05
-6.87132e-06
9.40801e-05
-7.70057e-06
9.72885e-05
-8.27107e-06
0.00010001
-8.42525e-06
0.000101618
-8.00933e-06
0.00010122
-6.92422e-06
9.76427e-05
-5.20021e-06
8.94621e-05
-3.0662e-06
7.51434e-05
-1.09471e-06
5.29718e-05
2.17754e-05
1.00762e-06
2.07678e-05
2.92295e-06
5.10564e-05
5.06724e-06
7.29991e-05
6.89547e-06
8.76338e-05
8.15133e-06
9.63869e-05
8.76672e-06
0.000100604
8.8057e-06
0.000101579
8.39779e-06
0.000100418
7.68862e-06
9.79976e-05
6.81045e-06
9.49582e-05
5.86865e-06
9.17359e-05
4.93892e-06
8.86039e-05
4.0704e-06
8.57166e-05
3.29102e-06
8.31475e-05
2.61315e-06
8.09182e-05
2.03856e-06
7.90202e-05
1.56223e-06
7.74287e-05
1.17515e-06
7.61121e-05
8.66278e-07
7.50377e-05
6.23741e-07
7.41748e-05
4.35582e-07
7.34965e-05
2.90139e-07
7.29803e-05
1.76194e-07
7.26085e-05
8.29637e-08
7.23677e-05
4.55301e-15
7.22495e-05
-8.29637e-08
7.22495e-05
-1.76194e-07
7.23677e-05
-2.90139e-07
7.26085e-05
-4.35582e-07
7.29803e-05
-6.23741e-07
7.34965e-05
-8.66278e-07
7.41748e-05
-1.17515e-06
7.50377e-05
-1.56223e-06
7.61121e-05
-2.03856e-06
7.74287e-05
-2.61315e-06
7.90202e-05
-3.29102e-06
8.09182e-05
-4.0704e-06
8.31475e-05
-4.93892e-06
8.57166e-05
-5.86865e-06
8.86039e-05
-6.81045e-06
9.17359e-05
-7.68862e-06
9.49582e-05
-8.39779e-06
9.79976e-05
-8.8057e-06
0.000100418
-8.76672e-06
0.000101579
-8.15133e-06
0.000100604
-6.89547e-06
9.63869e-05
-5.06724e-06
8.76338e-05
-2.92295e-06
7.29991e-05
-1.00762e-06
5.10564e-05
2.07678e-05
9.54532e-07
1.98133e-05
2.8432e-06
4.91678e-05
5.01381e-06
7.08285e-05
6.94388e-06
8.57038e-05
8.35763e-06
9.49731e-05
9.15714e-06
9.98049e-05
9.37646e-06
0.00010136
9.1228e-06
0.000100672
8.52961e-06
9.85908e-05
7.72571e-06
9.57621e-05
6.81894e-06
9.26427e-05
5.89066e-06
8.95322e-05
4.99677e-06
8.66105e-05
4.17174e-06
8.39725e-05
3.43362e-06
8.16563e-05
2.78872e-06
7.96651e-05
2.2355e-06
7.79819e-05
1.76745e-06
7.65801e-05
1.37527e-06
7.54299e-05
1.04825e-06
7.45018e-05
7.75124e-07
7.37697e-05
5.44634e-07
7.32108e-05
3.45739e-07
7.28073e-05
1.67692e-07
7.25458e-05
4.49854e-15
7.24172e-05
-1.67692e-07
7.24172e-05
-3.45739e-07
7.25458e-05
-5.44634e-07
7.28073e-05
-7.75124e-07
7.32108e-05
-1.04825e-06
7.37697e-05
-1.37527e-06
7.45018e-05
-1.76745e-06
7.54299e-05
-2.2355e-06
7.65801e-05
-2.78872e-06
7.79819e-05
-3.43362e-06
7.96651e-05
-4.17174e-06
8.16563e-05
-4.99677e-06
8.39725e-05
-5.89066e-06
8.66105e-05
-6.81894e-06
8.95322e-05
-7.72571e-06
9.26427e-05
-8.52961e-06
9.57621e-05
-9.1228e-06
9.85908e-05
-9.37646e-06
0.000100672
-9.15714e-06
0.00010136
-8.35763e-06
9.98049e-05
-6.94388e-06
9.49731e-05
-5.01381e-06
8.57038e-05
-2.8432e-06
7.08285e-05
-9.54532e-07
4.91678e-05
1.98133e-05
9.2867e-07
1.88846e-05
2.8172e-06
4.72792e-05
5.03053e-06
6.86151e-05
7.06347e-06
8.36708e-05
8.62646e-06
9.34101e-05
9.59806e-06
9.88333e-05
9.98677e-06
0.000100971
9.87961e-06
0.000100779
9.39809e-06
9.90723e-05
8.66676e-06
9.64935e-05
7.79488e-06
9.35146e-05
6.86854e-06
9.04585e-05
5.94973e-06
8.75293e-05
5.0791e-06
8.48431e-05
4.28019e-06
8.24552e-05
3.56385e-06
8.03814e-05
2.93206e-06
7.86137e-05
2.38091e-06
7.71313e-05
1.90293e-06
7.59078e-05
1.48864e-06
7.49161e-05
1.12758e-06
7.41307e-05
8.0892e-07
7.35295e-05
5.21859e-07
7.30944e-05
2.55723e-07
7.28119e-05
4.4598e-15
7.26729e-05
-2.55723e-07
7.26729e-05
-5.21859e-07
7.28119e-05
-8.0892e-07
7.30944e-05
-1.12758e-06
7.35295e-05
-1.48864e-06
7.41307e-05
-1.90293e-06
7.49161e-05
-2.38091e-06
7.59078e-05
-2.93206e-06
7.71313e-05
-3.56385e-06
7.86137e-05
-4.28019e-06
8.03814e-05
-5.0791e-06
8.24552e-05
-5.94973e-06
8.48431e-05
-6.86854e-06
8.75293e-05
-7.79488e-06
9.04585e-05
-8.66676e-06
9.35146e-05
-9.39809e-06
9.64935e-05
-9.87961e-06
9.90723e-05
-9.98677e-06
0.000100779
-9.59806e-06
0.000100971
-8.62646e-06
9.88333e-05
-7.06347e-06
9.34101e-05
-5.03053e-06
8.36708e-05
-2.8172e-06
6.86151e-05
-9.2867e-07
4.72792e-05
1.88846e-05
9.2404e-07
1.79606e-05
2.83485e-06
4.53684e-05
5.1059e-06
6.63441e-05
7.24453e-06
8.15322e-05
8.95125e-06
9.17034e-05
1.00858e-05
9.76988e-05
1.06351e-05
0.000100422
1.06678e-05
0.000100746
1.0294e-05
9.94461e-05
9.63346e-06
9.7154e-05
8.79608e-06
9.4352e-05
7.87187e-06
9.13828e-05
6.92834e-06
8.84729e-05
6.01196e-06
8.57595e-05
5.15162e-06
8.33156e-05
4.36267e-06
8.11703e-05
3.65065e-06
7.93257e-05
3.01433e-06
7.77676e-05
2.44816e-06
7.6474e-05
1.94397e-06
7.54203e-05
1.49215e-06
7.45825e-05
1.08239e-06
7.39392e-05
7.04139e-07
7.34727e-05
3.46844e-07
7.31692e-05
4.35897e-15
7.30198e-05
-3.46844e-07
7.30198e-05
-7.04139e-07
7.31692e-05
-1.08239e-06
7.34727e-05
-1.49215e-06
7.39392e-05
-1.94397e-06
7.45825e-05
-2.44816e-06
7.54203e-05
-3.01433e-06
7.6474e-05
-3.65065e-06
7.77676e-05
-4.36267e-06
7.93257e-05
-5.15162e-06
8.11703e-05
-6.01196e-06
8.33156e-05
-6.92834e-06
8.57595e-05
-7.87187e-06
8.84729e-05
-8.79608e-06
9.13828e-05
-9.63346e-06
9.4352e-05
-1.0294e-05
9.7154e-05
-1.06678e-05
9.94461e-05
-1.06351e-05
0.000100746
-1.00858e-05
0.000100422
-8.95125e-06
9.76988e-05
-7.24453e-06
9.17034e-05
-5.1059e-06
8.15322e-05
-2.83485e-06
6.63441e-05
-9.2404e-07
4.53684e-05
1.79606e-05
9.35257e-07
1.70253e-05
2.8863e-06
4.34174e-05
5.22821e-06
6.40022e-05
7.47658e-06
7.92838e-05
9.32433e-06
8.98556e-05
1.06158e-05
9.64073e-05
1.1319e-05
9.97187e-05
1.14866e-05
0.000100579
1.12173e-05
9.97154e-05
1.06261e-05
9.77452e-05
9.82281e-06
9.51553e-05
8.90072e-06
9.23048e-05
7.93243e-06
8.94412e-05
6.96992e-06
8.6722e-05
6.04731e-06
8.42382e-05
5.18445e-06
8.20332e-05
4.39046e-06
8.01197e-05
3.66687e-06
7.84912e-05
3.01014e-06
7.71307e-05
2.41349e-06
7.6017e-05
1.8682e-06
7.51278e-05
1.36452e-06
7.44429e-05
8.92229e-07
7.3945e-05
4.40878e-07
7.36205e-05
4.26808e-15
7.34606e-05
-4.40878e-07
7.34606e-05
-8.92229e-07
7.36205e-05
-1.36452e-06
7.3945e-05
-1.8682e-06
7.44429e-05
-2.41349e-06
7.51278e-05
-3.01014e-06
7.6017e-05
-3.66687e-06
7.71307e-05
-4.39046e-06
7.84912e-05
-5.18445e-06
8.01197e-05
-6.04731e-06
8.20332e-05
-6.96992e-06
8.42382e-05
-7.93243e-06
8.6722e-05
-8.90072e-06
8.94412e-05
-9.82281e-06
9.23048e-05
-1.06261e-05
9.51553e-05
-1.12173e-05
9.77452e-05
-1.14866e-05
9.97154e-05
-1.1319e-05
0.000100579
-1.06158e-05
9.97187e-05
-9.32433e-06
9.64073e-05
-7.47658e-06
8.98556e-05
-5.22821e-06
7.92838e-05
-2.8863e-06
6.40022e-05
-9.35257e-07
4.34174e-05
1.70253e-05
9.56046e-07
1.60693e-05
2.95801e-06
4.14154e-05
5.37847e-06
6.15817e-05
7.73831e-06
7.6924e-05
9.72425e-06
8.78697e-05
1.11676e-05
9.4964e-05
1.20199e-05
9.88664e-05
1.23187e-05
0.00010028
1.21523e-05
9.98817e-05
1.16303e-05
9.82672e-05
1.08619e-05
9.59237e-05
9.94311e-06
9.32236e-05
8.95115e-06
9.04331e-05
7.94324e-06
8.77299e-05
6.9586e-06
8.52228e-05
6.02153e-06
8.29703e-05
5.14479e-06
8.09964e-05
4.33278e-06
7.93032e-05
3.58401e-06
7.78795e-05
2.89318e-06
7.67078e-05
2.25254e-06
7.57685e-05
1.65297e-06
7.50425e-05
1.08456e-06
7.45134e-05
5.37043e-07
7.41681e-05
4.12159e-15
7.39977e-05
-5.37043e-07
7.39977e-05
-1.08456e-06
7.41681e-05
-1.65297e-06
7.45134e-05
-2.25254e-06
7.50425e-05
-2.89318e-06
7.57685e-05
-3.58401e-06
7.67078e-05
-4.33278e-06
7.78795e-05
-5.14479e-06
7.93032e-05
-6.02153e-06
8.09964e-05
-6.9586e-06
8.29703e-05
-7.94324e-06
8.52228e-05
-8.95115e-06
8.77299e-05
-9.94311e-06
9.04331e-05
-1.08619e-05
9.32236e-05
-1.16303e-05
9.59237e-05
-1.21523e-05
9.82672e-05
-1.23187e-05
9.98817e-05
-1.20199e-05
0.00010028
-1.11676e-05
9.88664e-05
-9.72425e-06
9.4964e-05
-7.73831e-06
8.78697e-05
-5.37847e-06
7.6924e-05
-2.95801e-06
6.15817e-05
-9.56046e-07
4.14154e-05
1.60693e-05
9.81121e-07
1.50882e-05
3.03853e-06
3.9358e-05
5.54092e-06
5.90793e-05
8.01225e-06
7.44527e-05
1.01338e-05
8.57481e-05
1.17253e-05
9.33725e-05
1.27233e-05
9.78683e-05
1.31514e-05
9.98521e-05
1.30875e-05
9.99457e-05
1.26355e-05
9.87191e-05
1.19037e-05
9.66556e-05
1.09902e-05
9.41371e-05
9.97636e-06
9.14469e-05
8.92447e-06
8.87818e-05
7.87867e-06
8.62686e-05
6.86774e-06
8.39812e-05
5.90816e-06
8.1956e-05
5.00721e-06
8.02041e-05
4.16559e-06
7.87211e-05
3.37955e-06
7.74939e-05
2.64237e-06
7.65056e-05
1.9456e-06
7.57393e-05
1.27971e-06
7.51793e-05
6.34628e-07
7.48131e-05
3.998e-15
7.46323e-05
-6.34628e-07
7.46323e-05
-1.27971e-06
7.48131e-05
-1.9456e-06
7.51793e-05
-2.64237e-06
7.57393e-05
-3.37955e-06
7.65056e-05
-4.16559e-06
7.74939e-05
-5.00721e-06
7.87211e-05
-5.90816e-06
8.02041e-05
-6.86774e-06
8.1956e-05
-7.87867e-06
8.39812e-05
-8.92447e-06
8.62686e-05
-9.97636e-06
8.87818e-05
-1.09902e-05
9.14469e-05
-1.19037e-05
9.41371e-05
-1.26355e-05
9.66556e-05
-1.30875e-05
9.87191e-05
-1.31514e-05
9.99457e-05
-1.27233e-05
9.98521e-05
-1.17253e-05
9.78683e-05
-1.01338e-05
9.33725e-05
-8.01225e-06
8.57481e-05
-5.54092e-06
7.44527e-05
-3.03853e-06
5.90793e-05
-9.81121e-07
3.9358e-05
1.50882e-05
1.00537e-06
1.40828e-05
3.11666e-06
3.72467e-05
5.69977e-06
5.64962e-05
8.28052e-06
7.18719e-05
1.0535e-05
8.34937e-05
1.22718e-05
9.16357e-05
1.34137e-05
9.67265e-05
1.39705e-05
9.92953e-05
1.40101e-05
9.99061e-05
1.36304e-05
9.90988e-05
1.29379e-05
9.73481e-05
1.20325e-05
9.50424e-05
1.09995e-05
9.248e-05
9.90582e-06
8.98755e-05
8.8005e-06
8.73739e-05
7.71678e-06
8.50649e-05
6.67493e-06
8.29979e-05
5.68523e-06
8.11938e-05
4.75065e-06
7.96557e-05
3.86905e-06
7.83755e-05
3.03485e-06
7.73398e-05
2.24028e-06
7.65338e-05
1.47626e-06
7.59433e-05
7.32918e-07
7.55565e-05
3.81839e-15
7.53652e-05
-7.32918e-07
7.53652e-05
-1.47626e-06
7.55565e-05
-2.24028e-06
7.59433e-05
-3.03485e-06
7.65338e-05
-3.86905e-06
7.73398e-05
-4.75065e-06
7.83755e-05
-5.68523e-06
7.96557e-05
-6.67493e-06
8.11938e-05
-7.71678e-06
8.29979e-05
-8.8005e-06
8.50649e-05
-9.90582e-06
8.73739e-05
-1.09995e-05
8.98755e-05
-1.20325e-05
9.248e-05
-1.29379e-05
9.50424e-05
-1.36304e-05
9.73481e-05
-1.40101e-05
9.90988e-05
-1.39705e-05
9.99061e-05
-1.34137e-05
9.92953e-05
-1.22718e-05
9.67265e-05
-1.0535e-05
9.16357e-05
-8.28052e-06
8.34937e-05
-5.69977e-06
7.18719e-05
-3.11666e-06
5.64962e-05
-1.00537e-06
3.72467e-05
1.40828e-05
1.02402e-06
1.30588e-05
3.18137e-06
3.50894e-05
5.83883e-06
5.38388e-05
8.52374e-06
6.9187e-05
1.0907e-05
8.11104e-05
1.27864e-05
8.97562e-05
1.40711e-05
9.54418e-05
1.47576e-05
9.86088e-05
1.4903e-05
9.97607e-05
1.45991e-05
9.94027e-05
1.39502e-05
9.79971e-05
1.30573e-05
9.59353e-05
1.2009e-05
9.35283e-05
1.08768e-05
9.10077e-05
9.7147e-06
8.8536e-05
8.56031e-06
8.62193e-05
7.43778e-06
8.41204e-05
6.36048e-06
8.22711e-05
5.33375e-06
8.06824e-05
4.35718e-06
7.9352e-05
3.42637e-06
7.82707e-05
2.53432e-06
7.74259e-05
1.67241e-06
7.68052e-05
8.31017e-07
7.63979e-05
3.66299e-15
7.61962e-05
-8.31017e-07
7.61962e-05
-1.67241e-06
7.63979e-05
-2.53432e-06
7.68052e-05
-3.42637e-06
7.74259e-05
-4.35718e-06
7.82707e-05
-5.33375e-06
7.9352e-05
-6.36048e-06
8.06824e-05
-7.43778e-06
8.22711e-05
-8.56031e-06
8.41204e-05
-9.7147e-06
8.62193e-05
-1.08768e-05
8.8536e-05
-1.2009e-05
9.10077e-05
-1.30573e-05
9.35283e-05
-1.39502e-05
9.59353e-05
-1.45991e-05
9.79971e-05
-1.4903e-05
9.94027e-05
-1.47576e-05
9.97607e-05
-1.40711e-05
9.86088e-05
-1.27864e-05
9.54418e-05
-1.0907e-05
8.97562e-05
-8.52374e-06
8.11104e-05
-5.83883e-06
6.9187e-05
-3.18137e-06
5.38388e-05
-1.02402e-06
3.50894e-05
1.30588e-05
1.03318e-06
1.20256e-05
3.22328e-06
3.28993e-05
5.94369e-06
5.11183e-05
8.72403e-06
6.64067e-05
1.123e-05
7.86045e-05
1.32488e-05
8.77374e-05
1.46756e-05
9.4015e-05
1.54933e-05
9.77911e-05
1.57483e-05
9.95057e-05
1.55251e-05
9.96259e-05
1.49252e-05
9.8597e-05
1.40504e-05
9.68102e-05
1.2992e-05
9.45866e-05
1.18261e-05
9.21736e-05
1.06111e-05
8.9751e-05
9.38939e-06
8.74411e-05
8.18886e-06
8.53209e-05
7.02616e-06
8.34338e-05
5.90913e-06
8.17994e-05
4.83916e-06
8.0422e-05
3.81313e-06
7.92967e-05
2.82487e-06
7.84141e-05
1.86627e-06
7.77638e-05
9.2798e-07
7.73362e-05
3.45732e-15
7.71242e-05
-9.2798e-07
7.71242e-05
-1.86627e-06
7.73362e-05
-2.82487e-06
7.77638e-05
-3.81313e-06
7.84141e-05
-4.83916e-06
7.92967e-05
-5.90913e-06
8.0422e-05
-7.02616e-06
8.17994e-05
-8.18886e-06
8.34338e-05
-9.38939e-06
8.53209e-05
-1.06111e-05
8.74411e-05
-1.18261e-05
8.9751e-05
-1.2992e-05
9.21736e-05
-1.40504e-05
9.45866e-05
-1.49252e-05
9.68102e-05
-1.55251e-05
9.8597e-05
-1.57483e-05
9.96259e-05
-1.54933e-05
9.95057e-05
-1.46756e-05
9.77911e-05
-1.32488e-05
9.4015e-05
-1.123e-05
8.77374e-05
-8.72403e-06
7.86045e-05
-5.94369e-06
6.64067e-05
-3.22328e-06
5.11183e-05
-1.03318e-06
3.28993e-05
1.20256e-05
1.03016e-06
1.09954e-05
3.23536e-06
3.06941e-05
6.00285e-06
4.83509e-05
8.86627e-06
6.35433e-05
1.14866e-05
7.59842e-05
1.364e-05
8.55839e-05
1.52079e-05
9.24471e-05
1.6159e-05
9.684e-05
1.65279e-05
9.91368e-05
1.63915e-05
9.97623e-05
1.58476e-05
9.91409e-05
1.49977e-05
9.76601e-05
1.39359e-05
9.56483e-05
1.27422e-05
9.33674e-05
1.14796e-05
9.10136e-05
1.01949e-05
8.87258e-05
8.92021e-06
8.65956e-05
7.67542e-06
8.46786e-05
6.47097e-06
8.30039e-05
5.31018e-06
8.15828e-05
4.19131e-06
8.04156e-05
3.10908e-06
7.94964e-05
2.05594e-06
7.88169e-05
1.02286e-06
7.83692e-05
3.28462e-15
7.81471e-05
-1.02286e-06
7.81471e-05
-2.05594e-06
7.83692e-05
-3.10908e-06
7.88169e-05
-4.19131e-06
7.94964e-05
-5.31018e-06
8.04156e-05
-6.47097e-06
8.15828e-05
-7.67542e-06
8.30039e-05
-8.92021e-06
8.46786e-05
-1.01949e-05
8.65956e-05
-1.14796e-05
8.87258e-05
-1.27422e-05
9.10136e-05
-1.39359e-05
9.33674e-05
-1.49977e-05
9.56483e-05
-1.58476e-05
9.76601e-05
-1.63915e-05
9.91409e-05
-1.65279e-05
9.97623e-05
-1.6159e-05
9.91368e-05
-1.52079e-05
9.684e-05
-1.364e-05
9.24471e-05
-1.14866e-05
8.55839e-05
-8.86627e-06
7.59842e-05
-6.00285e-06
6.35433e-05
-3.23536e-06
4.83509e-05
-1.03016e-06
3.06941e-05
1.09954e-05
1.01362e-06
9.98181e-06
3.21339e-06
2.84943e-05
6.00848e-06
4.55558e-05
8.93928e-06
6.06125e-05
1.16628e-05
7.32607e-05
1.39447e-05
8.33021e-05
1.56516e-05
9.07402e-05
1.67379e-05
9.57537e-05
1.72255e-05
9.86491e-05
1.71827e-05
9.98051e-05
1.67025e-05
9.96211e-05
1.58857e-05
9.84769e-05
1.48283e-05
9.67057e-05
1.36139e-05
9.45818e-05
1.23101e-05
9.23173e-05
1.09682e-05
9.00677e-05
9.62426e-06
8.79396e-05
8.30172e-06
8.60012e-05
7.01373e-06
8.42919e-05
5.76568e-06
8.28308e-05
4.55728e-06
8.1624e-05
3.38425e-06
8.06694e-05
2.23963e-06
7.99616e-05
1.11476e-06
7.94941e-05
3.0702e-15
7.92618e-05
-1.11476e-06
7.92618e-05
-2.23963e-06
7.94941e-05
-3.38425e-06
7.99616e-05
-4.55728e-06
8.06694e-05
-5.76568e-06
8.1624e-05
-7.01373e-06
8.28308e-05
-8.30172e-06
8.42919e-05
-9.62426e-06
8.60012e-05
-1.09682e-05
8.79396e-05
-1.23101e-05
9.00677e-05
-1.36139e-05
9.23173e-05
-1.48283e-05
9.45818e-05
-1.58857e-05
9.67057e-05
-1.67025e-05
9.84769e-05
-1.71827e-05
9.96211e-05
-1.72255e-05
9.98051e-05
-1.67379e-05
9.86491e-05
-1.56516e-05
9.57537e-05
-1.39447e-05
9.07402e-05
-1.16628e-05
8.33021e-05
-8.93928e-06
7.32607e-05
-6.00848e-06
6.06125e-05
-3.21339e-06
4.55558e-05
-1.01362e-06
2.84943e-05
9.98181e-06
9.83656e-07
8.99816e-06
3.15616e-06
2.63218e-05
5.95689e-06
4.2755e-05
8.93646e-06
5.76329e-05
1.17495e-05
7.04477e-05
1.41512e-05
8.09004e-05
1.59938e-05
8.88975e-05
1.72163e-05
9.45312e-05
1.78274e-05
9.80381e-05
1.78851e-05
9.97473e-05
1.74771e-05
0.000100029
1.67024e-05
9.92516e-05
1.56583e-05
9.77499e-05
1.44315e-05
9.58085e-05
1.3094e-05
9.36549e-05
1.17014e-05
9.14602e-05
1.02942e-05
8.93468e-05
8.89918e-06
8.73962e-05
7.53246e-06
8.56586e-05
6.20159e-06
8.41617e-05
4.90783e-06
8.29177e-05
3.64797e-06
8.19292e-05
2.41574e-06
8.11938e-05
1.20289e-06
8.0707e-05
2.8969e-15
8.04647e-05
-1.20289e-06
8.04647e-05
-2.41574e-06
8.0707e-05
-3.64797e-06
8.11938e-05
-4.90783e-06
8.19292e-05
-6.20159e-06
8.29177e-05
-7.53246e-06
8.41617e-05
-8.89918e-06
8.56586e-05
-1.02942e-05
8.73962e-05
-1.17014e-05
8.93468e-05
-1.3094e-05
9.14602e-05
-1.44315e-05
9.36549e-05
-1.56583e-05
9.58085e-05
-1.67024e-05
9.77499e-05
-1.74771e-05
9.92516e-05
-1.78851e-05
0.000100029
-1.78274e-05
9.97473e-05
-1.72163e-05
9.80381e-05
-1.59938e-05
9.45312e-05
-1.41512e-05
8.88975e-05
-1.17495e-05
8.09004e-05
-8.93646e-06
7.04477e-05
-5.95689e-06
5.76329e-05
-3.15616e-06
4.2755e-05
-9.83656e-07
2.63218e-05
8.99816e-06
9.41379e-07
8.05678e-06
3.06473e-06
2.41984e-05
5.84739e-06
3.99724e-05
8.85435e-06
5.46259e-05
1.174e-05
6.7562e-05
1.42502e-05
7.83901e-05
1.62229e-05
8.69248e-05
1.75812e-05
9.3173e-05
1.83192e-05
9.73e-05
1.84844e-05
9.95822e-05
1.81574e-05
0.000100356
1.74344e-05
9.99746e-05
1.64132e-05
9.87711e-05
1.51834e-05
9.70384e-05
1.38208e-05
9.50175e-05
1.23855e-05
9.28955e-05
1.0922e-05
9.08103e-05
9.46094e-06
8.88572e-05
8.02137e-06
8.70982e-05
6.61313e-06
8.557e-05
5.23917e-06
8.42917e-05
3.89744e-06
8.3271e-05
2.58242e-06
8.25088e-05
1.28632e-06
8.20031e-05
2.69661e-15
8.17511e-05
-1.28632e-06
8.17511e-05
-2.58242e-06
8.20031e-05
-3.89744e-06
8.25088e-05
-5.23917e-06
8.3271e-05
-6.61313e-06
8.42917e-05
-8.02137e-06
8.557e-05
-9.46094e-06
8.70982e-05
-1.0922e-05
8.88572e-05
-1.23855e-05
9.08103e-05
-1.38208e-05
9.28955e-05
-1.51834e-05
9.50175e-05
-1.64132e-05
9.70384e-05
-1.74344e-05
9.87711e-05
-1.81574e-05
9.99746e-05
-1.84844e-05
0.000100356
-1.83192e-05
9.95822e-05
-1.75812e-05
9.73e-05
-1.62229e-05
9.3173e-05
-1.42502e-05
8.69248e-05
-1.174e-05
7.83901e-05
-8.85435e-06
6.7562e-05
-5.84739e-06
5.46259e-05
-3.06473e-06
3.99724e-05
-9.41379e-07
2.41984e-05
8.05678e-06
8.89067e-07
7.16771e-06
2.94314e-06
2.21444e-05
5.68407e-06
3.72315e-05
8.69564e-06
5.16144e-05
1.16348e-05
6.46228e-05
1.42397e-05
7.57852e-05
1.63345e-05
8.48301e-05
1.7826e-05
9.16815e-05
1.86934e-05
9.64326e-05
1.8972e-05
9.93036e-05
1.87344e-05
0.000100594
1.80728e-05
0.000100636
1.70847e-05
9.97592e-05
1.58618e-05
9.82613e-05
1.44834e-05
9.63958e-05
1.3014e-05
9.4365e-05
1.15021e-05
9.23221e-05
9.98222e-06
9.03771e-05
8.47642e-06
8.8604e-05
6.99699e-06
8.70494e-05
5.54869e-06
8.574e-05
4.13071e-06
8.4689e-05
2.73838e-06
8.39011e-05
1.36441e-06
8.3377e-05
2.54424e-15
8.31155e-05
-1.36441e-06
8.31155e-05
-2.73838e-06
8.3377e-05
-4.13071e-06
8.39011e-05
-5.54869e-06
8.4689e-05
-6.99699e-06
8.574e-05
-8.47642e-06
8.70494e-05
-9.98222e-06
8.8604e-05
-1.15021e-05
9.03771e-05
-1.3014e-05
9.23221e-05
-1.44834e-05
9.4365e-05
-1.58618e-05
9.63958e-05
-1.70847e-05
9.82613e-05
-1.80728e-05
9.97592e-05
-1.87344e-05
0.000100636
-1.8972e-05
0.000100594
-1.86934e-05
9.93036e-05
-1.7826e-05
9.64326e-05
-1.63345e-05
9.16815e-05
-1.42397e-05
8.48301e-05
-1.16348e-05
7.57852e-05
-8.69564e-06
6.46228e-05
-5.68407e-06
5.16144e-05
-2.94314e-06
3.72315e-05
-8.89067e-07
2.21444e-05
7.16771e-06
8.30006e-07
6.33771e-06
2.79899e-06
2.01754e-05
5.4778e-06
3.45526e-05
8.47306e-06
4.86191e-05
1.14474e-05
6.16485e-05
1.41329e-05
7.30997e-05
1.63409e-05
8.26221e-05
1.79623e-05
9.00601e-05
1.89606e-05
9.54343e-05
1.93576e-05
9.89065e-05
1.92169e-05
0.000100735
1.86258e-05
0.000101227
1.76803e-05
0.000100705
1.64735e-05
9.94681e-05
1.50882e-05
9.77812e-05
1.35926e-05
9.58606e-05
1.20396e-05
9.38751e-05
1.04675e-05
9.19493e-05
8.9014e-06
9.017e-05
7.35634e-06
8.85944e-05
5.83891e-06
8.72574e-05
4.34968e-06
8.61782e-05
2.88487e-06
8.5366e-05
1.43779e-06
8.48241e-05
2.36008e-15
8.45533e-05
-1.43779e-06
8.45533e-05
-2.88487e-06
8.48241e-05
-4.34968e-06
8.5366e-05
-5.83891e-06
8.61782e-05
-7.35634e-06
8.72574e-05
-8.9014e-06
8.85944e-05
-1.04675e-05
9.017e-05
-1.20396e-05
9.19493e-05
-1.35926e-05
9.38751e-05
-1.50882e-05
9.58606e-05
-1.64735e-05
9.77812e-05
-1.76803e-05
9.94681e-05
-1.86258e-05
0.000100705
-1.92169e-05
0.000101227
-1.93576e-05
0.000100735
-1.89606e-05
9.89065e-05
-1.79623e-05
9.54343e-05
-1.63409e-05
9.00601e-05
-1.41329e-05
8.26221e-05
-1.14474e-05
7.30997e-05
-8.47306e-06
6.16485e-05
-5.4778e-06
4.86191e-05
-2.79899e-06
3.45526e-05
-8.30006e-07
2.01754e-05
6.33771e-06
7.66738e-07
5.57097e-06
2.63759e-06
1.83045e-05
5.23522e-06
3.1955e-05
8.19287e-06
4.56614e-05
1.11821e-05
5.86593e-05
1.39318e-05
7.035e-05
1.62416e-05
8.03123e-05
1.7987e-05
8.83147e-05
1.91153e-05
9.43061e-05
1.96344e-05
9.83874e-05
1.95974e-05
0.000100772
1.90854e-05
0.000101739
1.8192e-05
0.000101598
1.70112e-05
0.000100649
1.56282e-05
9.91641e-05
1.41152e-05
9.73736e-05
1.25291e-05
9.54612e-05
1.09119e-05
9.35664e-05
9.29239e-06
9.17896e-05
7.68794e-06
9.01989e-05
6.10729e-06
8.88381e-05
4.55246e-06
8.7733e-05
3.02065e-06
8.68978e-05
1.50584e-06
8.63389e-05
2.21013e-15
8.60591e-05
-1.50584e-06
8.60591e-05
-3.02065e-06
8.63389e-05
-4.55246e-06
8.68978e-05
-6.10729e-06
8.7733e-05
-7.68794e-06
8.88381e-05
-9.29239e-06
9.01989e-05
-1.09119e-05
9.17896e-05
-1.25291e-05
9.35664e-05
-1.41152e-05
9.54612e-05
-1.56282e-05
9.73736e-05
-1.70112e-05
9.91641e-05
-1.8192e-05
0.000100649
-1.90854e-05
0.000101598
-1.95974e-05
0.000101739
-1.96344e-05
0.000100772
-1.91153e-05
9.83874e-05
-1.7987e-05
9.43061e-05
-1.62416e-05
8.83147e-05
-1.39318e-05
8.03123e-05
-1.11821e-05
7.035e-05
-8.19287e-06
5.86593e-05
-5.23522e-06
4.56614e-05
-2.63759e-06
3.1955e-05
-7.66738e-07
1.83045e-05
5.57097e-06
7.02015e-07
4.86895e-06
2.46565e-06
1.65409e-05
4.96615e-06
2.94545e-05
7.86646e-06
4.27611e-05
1.08505e-05
5.56752e-05
1.36467e-05
6.75538e-05
1.60451e-05
7.79139e-05
1.79064e-05
8.64533e-05
1.9162e-05
9.30505e-05
1.98051e-05
9.77443e-05
1.98772e-05
0.000100699
1.9452e-05
0.000102164
1.86198e-05
0.00010243
1.74743e-05
0.000101795
1.61029e-05
0.000100536
1.45812e-05
9.88952e-05
1.29701e-05
9.70723e-05
1.13154e-05
9.52212e-05
9.64911e-06
9.34558e-05
7.99162e-06
9.18564e-05
6.35372e-06
9.0476e-05
4.73898e-06
8.93478e-05
3.14569e-06
8.8491e-05
1.56854e-06
8.79161e-05
2.04865e-15
8.76276e-05
-1.56854e-06
8.76276e-05
-3.14569e-06
8.79161e-05
-4.73898e-06
8.8491e-05
-6.35372e-06
8.93478e-05
-7.99162e-06
9.0476e-05
-9.64911e-06
9.18564e-05
-1.13154e-05
9.34558e-05
-1.29701e-05
9.52212e-05
-1.45812e-05
9.70723e-05
-1.61029e-05
9.88952e-05
-1.74743e-05
0.000100536
-1.86198e-05
0.000101795
-1.9452e-05
0.00010243
-1.98772e-05
0.000102164
-1.98051e-05
0.000100699
-1.9162e-05
9.77443e-05
-1.79064e-05
9.30505e-05
-1.60451e-05
8.64533e-05
-1.36467e-05
7.79139e-05
-1.08505e-05
6.75538e-05
-7.86646e-06
5.56752e-05
-4.96615e-06
4.27611e-05
-2.46565e-06
2.94545e-05
-7.02015e-07
1.65409e-05
4.86895e-06
6.38223e-07
4.23073e-06
2.28949e-06
1.48896e-05
4.68047e-06
2.70635e-05
7.50603e-06
3.99356e-05
1.04656e-05
5.27156e-05
1.32901e-05
6.47293e-05
1.57623e-05
7.54417e-05
1.77298e-05
8.44858e-05
1.9108e-05
9.16723e-05
1.9875e-05
9.69773e-05
2.006e-05
0.000100514
1.97282e-05
0.000102496
1.89654e-05
0.000103193
1.7864e-05
0.000102896
1.65131e-05
0.000101886
1.49913e-05
0.000100417
1.33631e-05
9.87005e-05
1.16782e-05
9.69061e-05
9.97201e-06
9.5162e-05
8.26777e-06
9.35606e-05
6.57852e-06
9.21652e-05
4.90949e-06
9.10168e-05
3.26015e-06
9.01404e-05
1.62599e-06
8.95502e-05
1.90949e-15
8.92536e-05
-1.62599e-06
8.92536e-05
-3.26015e-06
8.95502e-05
-4.90949e-06
9.01404e-05
-6.57852e-06
9.10168e-05
-8.26777e-06
9.21652e-05
-9.97201e-06
9.35606e-05
-1.16782e-05
9.5162e-05
-1.33631e-05
9.69061e-05
-1.49913e-05
9.87005e-05
-1.65131e-05
0.000100417
-1.7864e-05
0.000101886
-1.89654e-05
0.000102896
-1.97282e-05
0.000103193
-2.006e-05
0.000102496
-1.9875e-05
0.000100514
-1.9108e-05
9.69773e-05
-1.77298e-05
9.16723e-05
-1.57623e-05
8.44858e-05
-1.32901e-05
7.54417e-05
-1.04656e-05
6.47293e-05
-7.50603e-06
5.27156e-05
-4.68047e-06
3.99356e-05
-2.28949e-06
2.70635e-05
-6.38223e-07
1.48896e-05
4.23073e-06
5.7724e-07
3.65349e-06
2.11461e-06
1.33522e-05
4.38747e-06
2.47907e-05
7.12366e-06
3.71994e-05
1.0041e-05
4.97983e-05
1.28757e-05
6.18946e-05
1.54061e-05
7.29112e-05
1.74682e-05
8.24238e-05
1.89622e-05
9.01782e-05
1.98513e-05
9.60882e-05
2.01514e-05
0.000100214
1.99182e-05
0.000102729
1.92318e-05
0.000103879
1.81828e-05
0.000103945
1.68608e-05
0.000103208
1.5347e-05
0.000101931
1.37095e-05
0.000100338
1.20015e-05
9.86141e-05
1.0262e-05
9.69015e-05
8.51719e-06
9.53055e-05
6.78235e-06
9.39001e-05
5.06451e-06
9.27346e-05
3.36439e-06
9.18405e-05
1.67835e-06
9.12363e-05
1.77956e-15
9.0932e-05
-1.67835e-06
9.0932e-05
-3.36439e-06
9.12363e-05
-5.06451e-06
9.18405e-05
-6.78235e-06
9.27346e-05
-8.51719e-06
9.39001e-05
-1.0262e-05
9.53055e-05
-1.20015e-05
9.69015e-05
-1.37095e-05
9.86141e-05
-1.5347e-05
0.000100338
-1.68608e-05
0.000101931
-1.81828e-05
0.000103208
-1.92318e-05
0.000103945
-1.99182e-05
0.000103879
-2.01514e-05
0.000102729
-1.98513e-05
0.000100214
-1.89622e-05
9.60882e-05
-1.74682e-05
9.01782e-05
-1.54061e-05
8.24238e-05
-1.28757e-05
7.29112e-05
-1.0041e-05
6.18946e-05
-7.12366e-06
4.97983e-05
-4.38747e-06
3.71994e-05
-2.11461e-06
2.47907e-05
-5.7724e-07
1.33522e-05
3.65349e-06
5.20384e-07
3.13311e-06
1.94548e-06
1.19271e-05
4.09525e-06
2.26409e-05
6.73063e-06
3.4564e-05
9.58978e-06
4.69392e-05
1.24174e-05
5.90669e-05
1.49899e-05
7.03387e-05
1.71337e-05
8.02801e-05
1.87352e-05
8.85766e-05
1.97425e-05
9.50809e-05
2.01581e-05
9.97987e-05
2.00272e-05
0.00010286
1.94233e-05
0.000104483
1.84338e-05
0.000104934
1.71485e-05
0.000104494
1.56505e-05
0.000103429
1.4011e-05
0.000101978
1.22869e-05
0.000100338
1.05205e-05
9.86678e-05
8.741e-06
9.7085e-05
6.96612e-06
9.56749e-05
5.20472e-06
9.4496e-05
3.45887e-06
9.35864e-05
1.72586e-06
9.29693e-05
1.65248e-15
9.26578e-05
-1.72586e-06
9.26578e-05
-3.45887e-06
9.29693e-05
-5.20472e-06
9.35864e-05
-6.96612e-06
9.4496e-05
-8.741e-06
9.56749e-05
-1.05205e-05
9.7085e-05
-1.22869e-05
9.86678e-05
-1.4011e-05
0.000100338
-1.56505e-05
0.000101978
-1.71485e-05
0.000103429
-1.84338e-05
0.000104494
-1.94233e-05
0.000104934
-2.00272e-05
0.000104483
-2.01581e-05
0.00010286
-1.97425e-05
9.97987e-05
-1.87352e-05
9.50809e-05
-1.71337e-05
8.85766e-05
-1.49899e-05
8.02801e-05
-1.24174e-05
7.03387e-05
-9.58978e-06
5.90669e-05
-6.73063e-06
4.69392e-05
-4.09525e-06
3.4564e-05
-1.94548e-06
2.26409e-05
-5.20384e-07
1.19271e-05
3.13311e-06
4.68405e-07
2.6647e-06
1.78534e-06
1.06102e-05
3.81045e-06
2.06158e-05
6.33683e-06
3.20376e-05
9.12442e-06
4.41516e-05
1.19289e-05
5.62625e-05
1.45274e-05
6.77403e-05
1.6739e-05
7.80684e-05
1.84381e-05
8.68775e-05
1.95581e-05
9.39609e-05
2.00879e-05
9.92689e-05
2.00614e-05
0.000102887
1.95446e-05
0.000105
1.8621e-05
0.000105858
1.73794e-05
0.000105735
1.59044e-05
0.000104904
1.42699e-05
0.000103612
1.25362e-05
0.000102072
1.07491e-05
0.000100455
8.94051e-06
9.88936e-05
7.13087e-06
9.74846e-05
5.33091e-06
9.6296e-05
3.54411e-06
9.53732e-05
1.76879e-06
9.47446e-05
1.5651e-15
9.44266e-05
-1.76879e-06
9.44266e-05
-3.54411e-06
9.47446e-05
-5.33091e-06
9.53732e-05
-7.13087e-06
9.6296e-05
-8.94051e-06
9.74846e-05
-1.07491e-05
9.88936e-05
-1.25362e-05
0.000100455
-1.42699e-05
0.000102072
-1.59044e-05
0.000103612
-1.73794e-05
0.000104904
-1.8621e-05
0.000105735
-1.95446e-05
0.000105858
-2.00614e-05
0.000105
-2.00879e-05
0.000102887
-1.95581e-05
9.92689e-05
-1.84381e-05
9.39609e-05
-1.6739e-05
8.68775e-05
-1.45274e-05
7.80684e-05
-1.19289e-05
6.77403e-05
-9.12442e-06
5.62625e-05
-6.33683e-06
4.41516e-05
-3.81045e-06
3.20376e-05
-1.78534e-06
2.06158e-05
-4.68405e-07
1.06102e-05
2.6647e-06
4.2153e-07
2.24317e-06
1.63621e-06
9.39552e-06
3.53801e-06
1.8714e-05
5.95042e-06
2.96252e-05
8.65573e-06
4.14463e-05
1.14225e-05
5.34956e-05
1.40315e-05
6.51314e-05
1.62968e-05
7.5803e-05
1.80824e-05
8.5092e-05
1.9308e-05
9.27353e-05
1.99489e-05
9.86281e-05
2.00274e-05
0.000102808
1.96011e-05
0.000105427
1.87485e-05
0.000106711
1.75568e-05
0.000106927
1.61114e-05
0.000106349
1.44884e-05
0.000105235
1.27514e-05
0.000103809
1.09493e-05
0.000102257
9.11709e-06
0.000100726
7.27773e-06
9.93239e-05
5.44393e-06
9.81298e-05
3.62069e-06
9.71964e-05
1.80742e-06
9.65579e-05
1.45463e-15
9.6234e-05
-1.80742e-06
9.6234e-05
-3.62069e-06
9.65579e-05
-5.44393e-06
9.71964e-05
-7.27773e-06
9.81298e-05
-9.11709e-06
9.93239e-05
-1.09493e-05
0.000100726
-1.27514e-05
0.000102257
-1.44884e-05
0.000103809
-1.61114e-05
0.000105235
-1.75568e-05
0.000106349
-1.87485e-05
0.000106927
-1.96011e-05
0.000106711
-2.00274e-05
0.000105427
-1.99489e-05
0.000102808
-1.9308e-05
9.86281e-05
-1.80824e-05
9.27353e-05
-1.62968e-05
8.5092e-05
-1.40315e-05
7.5803e-05
-1.14225e-05
6.51314e-05
-8.65573e-06
5.34956e-05
-5.95042e-06
4.14463e-05
-3.53801e-06
2.96252e-05
-1.63621e-06
1.8714e-05
-4.21529e-07
9.39552e-06
2.24317e-06
3.7951e-07
1.86366e-06
1.49892e-06
8.27611e-06
3.28116e-06
1.69318e-05
5.57763e-06
2.73287e-05
8.19274e-06
3.88312e-05
1.09095e-05
5.07789e-05
1.35143e-05
6.25266e-05
1.58192e-05
7.34981e-05
1.76792e-05
8.32321e-05
1.90019e-05
9.14126e-05
1.97494e-05
9.78806e-05
1.99321e-05
0.000102625
1.95982e-05
0.00010576
1.88208e-05
0.000107488
1.76844e-05
0.000108063
1.62744e-05
0.000107759
1.46691e-05
0.00010684
1.29345e-05
0.000105543
1.11229e-05
0.000104069
9.27217e-06
0.000102576
7.40782e-06
0.000101188
5.54464e-06
9.9993e-05
3.68918e-06
9.90519e-05
1.84204e-06
9.8405e-05
1.42319e-15
9.80761e-05
-1.84204e-06
9.80761e-05
-3.68918e-06
9.8405e-05
-5.54464e-06
9.90519e-05
-7.40782e-06
9.9993e-05
-9.27217e-06
0.000101188
-1.11229e-05
0.000102576
-1.29345e-05
0.000104069
-1.46691e-05
0.000105543
-1.62744e-05
0.00010684
-1.76844e-05
0.000107759
-1.88208e-05
0.000108063
-1.95982e-05
0.000107488
-1.99321e-05
0.00010576
-1.97494e-05
0.000102625
-1.90019e-05
9.78806e-05
-1.76792e-05
9.14126e-05
-1.58192e-05
8.32321e-05
-1.35143e-05
7.34981e-05
-1.09095e-05
6.25266e-05
-8.19274e-06
5.07789e-05
-5.57763e-06
3.88312e-05
-3.28116e-06
2.73287e-05
-1.49892e-06
1.69318e-05
-3.7951e-07
8.27611e-06
1.86366e-06
3.41699e-07
1.52196e-06
1.3732e-06
7.24461e-06
3.04139e-06
1.52636e-05
5.2226e-06
2.51475e-05
7.74245e-06
3.63114e-05
1.03992e-05
4.81221e-05
1.29867e-05
5.9939e-05
1.53173e-05
7.11676e-05
1.72393e-05
8.13101e-05
1.86496e-05
9.00022e-05
1.94978e-05
9.70325e-05
1.97822e-05
0.000102341
1.95416e-05
0.000106001
1.88423e-05
0.000108187
1.77656e-05
0.00010914
1.63964e-05
0.000109129
1.48142e-05
0.000108423
1.30875e-05
0.00010727
1.12715e-05
0.000105885
9.40711e-06
0.000104441
7.52225e-06
0.000103073
5.63386e-06
0.000101881
3.75014e-06
0.000100936
1.87294e-06
0.000100282
1.33732e-15
9.9949e-05
-1.87294e-06
9.9949e-05
-3.75014e-06
0.000100282
-5.63386e-06
0.000100936
-7.52225e-06
0.000101881
-9.40711e-06
0.000103073
-1.12715e-05
0.000104441
-1.30875e-05
0.000105885
-1.48142e-05
0.00010727
-1.63964e-05
0.000108423
-1.77656e-05
0.000109129
-1.88423e-05
0.00010914
-1.95416e-05
0.000108187
-1.97822e-05
0.000106001
-1.94978e-05
0.000102341
-1.86496e-05
9.70325e-05
-1.72393e-05
9.00022e-05
-1.53173e-05
8.13101e-05
-1.29867e-05
7.11676e-05
-1.03992e-05
5.9939e-05
-7.74245e-06
4.81221e-05
-5.2226e-06
3.63114e-05
-3.04139e-06
2.51475e-05
-1.3732e-06
1.52636e-05
-3.41699e-07
7.24461e-06
1.52196e-06
3.07134e-07
1.21483e-06
1.25782e-06
6.29393e-06
2.81856e-06
1.37028e-05
4.88743e-06
2.30787e-05
7.30963e-06
3.38892e-05
9.89867e-06
4.55331e-05
1.24577e-05
5.738e-05
1.48009e-05
6.88244e-05
1.67725e-05
7.93385e-05
1.82602e-05
8.85144e-05
1.9202e-05
9.60907e-05
1.95846e-05
0.000101958
1.94366e-05
0.000106149
1.88174e-05
0.000108807
1.78041e-05
0.000110153
1.64802e-05
0.000110452
1.49261e-05
0.000109977
1.32123e-05
0.000108984
1.13968e-05
0.0001077
9.52323e-06
0.000106314
7.62207e-06
0.000104974
5.7124e-06
0.000103791
3.80411e-06
0.000102844
1.90038e-06
0.000102186
1.37617e-15
0.000101849
-1.90038e-06
0.000101849
-3.80411e-06
0.000102186
-5.7124e-06
0.000102844
-7.62207e-06
0.000103791
-9.52323e-06
0.000104974
-1.13968e-05
0.000106314
-1.32123e-05
0.0001077
-1.49261e-05
0.000108984
-1.64802e-05
0.000109977
-1.78041e-05
0.000110452
-1.88174e-05
0.000110153
-1.94366e-05
0.000108807
-1.95846e-05
0.000106149
-1.9202e-05
0.000101958
-1.82602e-05
9.60907e-05
-1.67725e-05
8.85144e-05
-1.48009e-05
7.93385e-05
-1.24577e-05
6.88244e-05
-9.89867e-06
5.738e-05
-7.30963e-06
4.55331e-05
-4.88743e-06
3.38892e-05
-2.81856e-06
2.30787e-05
-1.25782e-06
1.37028e-05
-3.07134e-07
6.29393e-06
1.21483e-06
2.74638e-07
9.4019e-07
1.15073e-06
5.41783e-06
2.61106e-06
1.22425e-05
4.57217e-06
2.11175e-05
6.89677e-06
3.15646e-05
9.4131e-06
4.30168e-05
1.19343e-05
5.48588e-05
1.42784e-05
6.64802e-05
1.62875e-05
7.73294e-05
1.7842e-05
8.69599e-05
1.88695e-05
9.50633e-05
1.93455e-05
0.000101482
1.92885e-05
0.000106206
1.87503e-05
0.000109345
1.78031e-05
0.0001111
1.65285e-05
0.000111727
1.50069e-05
0.000111498
1.33108e-05
0.00011068
1.15003e-05
0.000109511
9.62177e-06
0.000108193
7.7083e-06
0.000106888
5.78103e-06
0.000105718
3.85162e-06
0.000104773
1.92463e-06
0.000104113
1.32929e-15
0.000103774
-1.92463e-06
0.000103774
-3.85162e-06
0.000104113
-5.78103e-06
0.000104773
-7.7083e-06
0.000105718
-9.62177e-06
0.000106888
-1.15003e-05
0.000108193
-1.33108e-05
0.000109511
-1.50069e-05
0.00011068
-1.65285e-05
0.000111498
-1.78031e-05
0.000111727
-1.87503e-05
0.0001111
-1.92885e-05
0.000109345
-1.93455e-05
0.000106206
-1.88695e-05
0.000101482
-1.7842e-05
9.50633e-05
-1.62875e-05
8.69599e-05
-1.42784e-05
7.73294e-05
-1.19343e-05
6.64802e-05
-9.4131e-06
5.48588e-05
-6.89677e-06
4.30168e-05
-4.57217e-06
3.15646e-05
-2.61106e-06
2.11175e-05
-1.15073e-06
1.22425e-05
-2.74638e-07
5.41783e-06
9.4019e-07
2.42956e-07
6.97234e-07
1.04936e-06
4.61143e-06
2.41604e-06
1.08758e-05
4.27498e-06
1.92586e-05
6.50402e-06
2.93355e-05
8.94499e-06
4.05758e-05
1.14213e-05
5.23826e-05
1.37562e-05
6.41453e-05
1.57916e-05
7.5294e-05
1.74024e-05
8.53491e-05
1.8507e-05
9.39586e-05
1.90708e-05
0.000100919
1.91023e-05
0.000106174
1.8645e-05
0.000109802
1.77659e-05
0.00011198
1.65438e-05
0.000112949
1.50588e-05
0.000112983
1.33846e-05
0.000112354
1.15833e-05
0.000111312
9.70398e-06
0.000110072
7.78193e-06
0.00010881
5.84051e-06
0.00010766
3.89318e-06
0.000106721
1.94596e-06
0.00010606
1.4637e-15
0.00010572
-1.94596e-06
0.00010572
-3.89318e-06
0.00010606
-5.84051e-06
0.000106721
-7.78193e-06
0.00010766
-9.70398e-06
0.00010881
-1.15833e-05
0.000110072
-1.33846e-05
0.000111312
-1.50588e-05
0.000112354
-1.65438e-05
0.000112983
-1.77659e-05
0.000112949
-1.8645e-05
0.00011198
-1.91023e-05
0.000109802
-1.90708e-05
0.000106174
-1.8507e-05
0.000100919
-1.74024e-05
9.39586e-05
-1.57916e-05
8.53491e-05
-1.37562e-05
7.5294e-05
-1.14213e-05
6.41453e-05
-8.94499e-06
5.23826e-05
-6.50402e-06
4.05758e-05
-4.27498e-06
2.93355e-05
-2.41604e-06
1.92586e-05
-1.04936e-06
1.08758e-05
-2.42956e-07
4.61143e-06
6.97234e-07
2.10931e-07
4.86303e-07
9.5087e-07
3.87149e-06
2.22972e-06
9.59699e-06
3.99231e-06
1.7496e-05
6.12919e-06
2.71986e-05
8.49427e-06
3.82107e-05
1.09208e-05
4.9956e-05
1.32384e-05
6.18277e-05
1.529e-05
7.32425e-05
1.6947e-05
8.36921e-05
1.81204e-05
9.27852e-05
1.87659e-05
0.000100273
1.88825e-05
0.000106058
1.85053e-05
0.000110179
1.76956e-05
0.000112789
1.65288e-05
0.000114116
1.5084e-05
0.000114428
1.34356e-05
0.000114003
1.16476e-05
0.0001131
9.77113e-06
0.000111949
7.84401e-06
0.000110737
5.89165e-06
0.000109612
3.92933e-06
0.000108683
1.96463e-06
0.000108025
1.4858e-15
0.000107685
-1.96463e-06
0.000107685
-3.92933e-06
0.000108025
-5.89165e-06
0.000108683
-7.84401e-06
0.000109612
-9.77113e-06
0.000110737
-1.16476e-05
0.000111949
-1.34356e-05
0.0001131
-1.5084e-05
0.000114003
-1.65288e-05
0.000114428
-1.76956e-05
0.000114116
-1.85053e-05
0.000112789
-1.88825e-05
0.000110179
-1.87659e-05
0.000106058
-1.81204e-05
0.000100273
-1.6947e-05
9.27852e-05
-1.529e-05
8.36921e-05
-1.32384e-05
7.32425e-05
-1.09208e-05
6.18277e-05
-8.49427e-06
4.9956e-05
-6.12919e-06
3.82107e-05
-3.99231e-06
2.71986e-05
-2.22972e-06
1.7496e-05
-9.5087e-07
9.59699e-06
-2.10931e-07
3.87149e-06
4.86303e-07
1.77824e-07
3.08479e-07
8.52768e-07
3.19654e-06
2.04813e-06
8.40163e-06
3.71958e-06
1.58246e-05
5.76825e-06
2.515e-05
8.05841e-06
3.59205e-05
1.04325e-05
4.75819e-05
1.27266e-05
5.95336e-05
1.47861e-05
7.1183e-05
1.64803e-05
8.19979e-05
1.77143e-05
9.15511e-05
1.84353e-05
9.95521e-05
1.86332e-05
0.00010586
1.83349e-05
0.000110478
1.75953e-05
0.000113529
1.64861e-05
0.000115225
1.50847e-05
0.000115829
1.34657e-05
0.000115622
1.16946e-05
0.000114871
9.82465e-06
0.000113819
7.8957e-06
0.000112666
5.93534e-06
0.000111572
3.9607e-06
0.000110658
1.98096e-06
0.000110005
1.77358e-15
0.000109666
-1.98096e-06
0.000109666
-3.9607e-06
0.000110005
-5.93534e-06
0.000110658
-7.8957e-06
0.000111572
-9.82465e-06
0.000112666
-1.16946e-05
0.000113819
-1.34657e-05
0.000114871
-1.50847e-05
0.000115622
-1.64861e-05
0.000115829
-1.75953e-05
0.000115225
-1.83349e-05
0.000113529
-1.86332e-05
0.000110478
-1.84353e-05
0.00010586
-1.77143e-05
9.95521e-05
-1.64803e-05
9.15511e-05
-1.47861e-05
8.19979e-05
-1.27266e-05
7.1183e-05
-1.04325e-05
5.95336e-05
-8.05841e-06
4.75819e-05
-5.76825e-06
3.59205e-05
-3.71958e-06
2.515e-05
-2.04813e-06
1.58246e-05
-8.52768e-07
8.40163e-06
-1.77824e-07
3.19654e-06
3.08479e-07
1.43984e-07
1.64495e-07
7.54341e-07
2.58619e-06
1.86895e-06
7.28702e-06
3.45312e-06
1.42404e-05
5.41705e-06
2.3186e-05
7.63388e-06
3.37037e-05
9.95426e-06
4.52615e-05
1.22205e-05
5.72673e-05
1.42812e-05
6.91223e-05
1.60049e-05
8.02742e-05
1.72922e-05
9.02639e-05
1.80829e-05
9.87614e-05
1.83583e-05
0.000105585
1.81374e-05
0.000110699
1.74684e-05
0.000114198
1.64186e-05
0.000116275
1.50635e-05
0.000117185
1.34773e-05
0.000117208
1.17266e-05
0.000116622
9.86631e-06
0.000115679
7.93847e-06
0.000114594
5.97269e-06
0.000113538
3.98803e-06
0.000112642
1.99533e-06
0.000111997
1.96368e-15
0.000111661
-1.99533e-06
0.000111661
-3.98803e-06
0.000111997
-5.97269e-06
0.000112642
-7.93847e-06
0.000113538
-9.86631e-06
0.000114594
-1.17266e-05
0.000115679
-1.34773e-05
0.000116622
-1.50635e-05
0.000117208
-1.64186e-05
0.000117185
-1.74684e-05
0.000116275
-1.81374e-05
0.000114198
-1.83583e-05
0.000110699
-1.80829e-05
0.000105585
-1.72922e-05
9.87614e-05
-1.60049e-05
9.02639e-05
-1.42812e-05
8.02742e-05
-1.22205e-05
6.91223e-05
-9.95426e-06
5.72673e-05
-7.63388e-06
4.52615e-05
-5.41705e-06
3.37037e-05
-3.45312e-06
2.3186e-05
-1.86895e-06
1.42404e-05
-7.54341e-07
7.28702e-06
-1.43984e-07
2.58619e-06
1.64495e-07
1.11521e-07
5.29744e-08
6.57959e-07
2.03975e-06
1.6926e-06
6.25238e-06
3.19053e-06
1.27425e-05
5.07072e-06
2.13058e-05
7.21443e-06
3.156e-05
9.4797e-06
4.29962e-05
1.17148e-05
5.50321e-05
1.37717e-05
6.70655e-05
1.5519e-05
7.85269e-05
1.68537e-05
8.89292e-05
1.77095e-05
9.79057e-05
1.80596e-05
0.000105234
1.79152e-05
0.000110843
1.73177e-05
0.000114795
1.63297e-05
0.000117263
1.50239e-05
0.00011849
1.34738e-05
0.000118758
1.17467e-05
0.000118349
9.899e-06
0.000117527
7.97476e-06
0.000116518
6.00565e-06
0.000115507
4.01265e-06
0.000114635
2.00842e-06
0.000114002
2.4306e-15
0.000113669
-2.00842e-06
0.000113669
-4.01265e-06
0.000114002
-6.00565e-06
0.000114635
-7.97476e-06
0.000115507
-9.899e-06
0.000116518
-1.17467e-05
0.000117527
-1.34738e-05
0.000118349
-1.50239e-05
0.000118758
-1.63297e-05
0.00011849
-1.73177e-05
0.000117263
-1.79152e-05
0.000114795
-1.80596e-05
0.000110843
-1.77095e-05
0.000105234
-1.68537e-05
9.79057e-05
-1.5519e-05
8.89292e-05
-1.37717e-05
7.85269e-05
-1.17148e-05
6.70655e-05
-9.4797e-06
5.50321e-05
-7.21443e-06
4.29962e-05
-5.07073e-06
3.156e-05
-3.19053e-06
2.13058e-05
-1.6926e-06
1.27425e-05
-6.57959e-07
6.25238e-06
-1.11521e-07
2.03975e-06
5.29744e-08
8.23755e-08
-2.94011e-08
5.64277e-07
1.55785e-06
1.51393e-06
5.30273e-06
2.91918e-06
1.13372e-05
4.70966e-06
1.95154e-05
6.77547e-06
2.94942e-05
8.982e-06
4.07897e-05
1.1183e-05
5.28311e-05
1.32336e-05
6.50149e-05
1.50024e-05
7.67581e-05
1.63834e-05
8.75481e-05
1.73044e-05
9.69847e-05
1.7731e-05
0.000104808
1.76662e-05
0.000110908
1.71445e-05
0.000115317
1.62231e-05
0.000118184
1.49714e-05
0.000119742
1.34618e-05
0.000120268
1.17617e-05
0.000120049
9.92922e-06
0.000119359
8.01023e-06
0.000118437
6.03865e-06
0.000117479
4.03763e-06
0.000116636
2.0218e-06
0.000116017
3.09577e-15
0.000115691
-2.0218e-06
0.000115691
-4.03763e-06
0.000116017
-6.03865e-06
0.000116636
-8.01023e-06
0.000117479
-9.92922e-06
0.000118437
-1.17617e-05
0.000119359
-1.34618e-05
0.000120049
-1.49714e-05
0.000120268
-1.62231e-05
0.000119742
-1.71445e-05
0.000118184
-1.76662e-05
0.000115317
-1.7731e-05
0.000110908
-1.73044e-05
0.000104808
-1.63834e-05
9.69847e-05
-1.50024e-05
8.75481e-05
-1.32336e-05
7.67581e-05
-1.1183e-05
6.50149e-05
-8.982e-06
5.28311e-05
-6.77547e-06
4.07897e-05
-4.70966e-06
2.94942e-05
-2.91918e-06
1.95154e-05
-1.51393e-06
1.13372e-05
-5.64277e-07
5.30273e-06
-8.23755e-08
1.55785e-06
-2.94011e-08
4.65041e-08
4.34716e-07
1.26253e-06
2.5398e-06
4.21281e-06
6.18321e-06
8.32402e-06
1.04935e-05
1.25481e-05
1.43547e-05
1.58023e-05
1.68107e-05
1.73362e-05
1.7372e-05
1.69442e-05
1.61035e-05
1.4916e-05
1.3453e-05
1.17831e-05
9.96661e-06
8.05226e-06
6.07685e-06
4.06613e-06
2.03696e-06
3.56565e-15
-2.03696e-06
-4.06613e-06
-6.07685e-06
-8.05226e-06
-9.96661e-06
-1.17831e-05
-1.3453e-05
-1.4916e-05
-1.61035e-05
-1.69442e-05
-1.7372e-05
-1.73362e-05
-1.68107e-05
-1.58023e-05
-1.43547e-05
-1.25481e-05
-1.04935e-05
-8.32402e-06
-6.18321e-06
-4.21281e-06
-2.5398e-06
-1.26253e-06
-4.34716e-07
-4.65041e-08
)
;

boundaryField
{
    left
    {
        type            calculated;
        value           uniform 0;
    }
    right
    {
        type            calculated;
        value           uniform 0;
    }
    up
    {
        type            calculated;
        value           nonuniform List<scalar> 
50
(
-7.59052e-08
1.16964e-06
4.47491e-06
1.00599e-05
1.78424e-05
2.75238e-05
3.86489e-05
5.06616e-05
6.29603e-05
7.49514e-05
8.61006e-05
9.59763e-05
0.000104282
0.000110872
0.000115745
0.000119025
0.00012093
0.000121731
0.000121719
0.000121176
0.000120351
0.000119454
0.000118647
0.000118047
0.000117728
0.000117728
0.000118047
0.000118647
0.000119454
0.000120351
0.000121176
0.000121719
0.000121731
0.00012093
0.000119025
0.000115745
0.000110872
0.000104282
9.59763e-05
8.61006e-05
7.49514e-05
6.29603e-05
5.06616e-05
3.86489e-05
2.75238e-05
1.78424e-05
1.00599e-05
4.47491e-06
1.16964e-06
-7.59052e-08
)
;
    }
    down
    {
        type            calculated;
        value           nonuniform List<scalar> 
50
(
-8e-05
-8e-05
-8e-05
-8e-05
-8e-05
-8e-05
-8e-05
-8e-05
-8e-05
-8e-05
-8e-05
-8e-05
-8e-05
-8e-05
-8e-05
-8e-05
-8e-05
-8e-05
-8e-05
-8e-05
-8e-05
-8e-05
-8e-05
-8e-05
-8e-05
-8e-05
-8e-05
-8e-05
-8e-05
-8e-05
-8e-05
-8e-05
-8e-05
-8e-05
-8e-05
-8e-05
-8e-05
-8e-05
-8e-05
-8e-05
-8e-05
-8e-05
-8e-05
-8e-05
-8e-05
-8e-05
-8e-05
-8e-05
-8e-05
-8e-05
)
;
    }
    frontAndBack
    {
        type            empty;
        value           nonuniform 0();
    }
}


// ************************************************************************* //
