/*--------------------------------*- C++ -*----------------------------------*\
  =========                 |
  \\      /  F ield         | OpenFOAM: The Open Source CFD Toolbox
   \\    /   O peration     | Website:  https://openfoam.org
    \\  /    A nd           | Version:  6
     \\/     M anipulation  |
\*---------------------------------------------------------------------------*/
FoamFile
{
    version     2.0;
    format      ascii;
    class       volVectorField;
    location    "3200";
    object      U;
}
// * * * * * * * * * * * * * * * * * * * * * * * * * * * * * * * * * * * * * //

dimensions      [0 1 -1 0 0 0 0];

internalField   nonuniform List<vector> 
2500
(
(0.0827876 0.352426 0)
(0.168006 0.387515 0)
(0.115599 0.394087 1.13556e-18)
(0.0770915 0.397914 -1.13689e-18)
(0.0551263 0.399081 -6.46952e-19)
(0.0402712 0.399446 6.48552e-19)
(0.0299305 0.399637 -4.31425e-19)
(0.0226393 0.399751 4.32673e-19)
(0.0173806 0.399822 3.1888e-19)
(0.0135186 0.399871 -3.1982e-19)
(0.0106383 0.399905 0)
(0.00845873 0.399931 1.14872e-19)
(0.00678638 0.399951 -1.15189e-19)
(0.00548546 0.399966 9.80433e-20)
(0.00445933 0.399977 -1.90172e-19)
(0.0036383 0.399987 5.28101e-21)
(0.00297152 0.399994 1.69696e-19)
(0.00242137 0.4 -8.28546e-20)
(0.00195972 0.400005 0)
(0.00156519 0.400009 0)
(0.00122124 0.400012 3.6319e-20)
(0.000914859 0.400014 -3.63796e-20)
(0.000635493 0.400015 1.76307e-20)
(0.000374315 0.400016 -8.89873e-21)
(0.000123627 0.400017 -8.76738e-21)
(-0.000123627 0.400017 -8.76738e-21)
(-0.000374315 0.400016 -8.89873e-21)
(-0.000635493 0.400015 1.76307e-20)
(-0.000914859 0.400014 -3.63796e-20)
(-0.00122124 0.400012 3.6319e-20)
(-0.00156519 0.400009 0)
(-0.00195972 0.400005 0)
(-0.00242137 0.4 -8.28546e-20)
(-0.00297152 0.399994 1.69696e-19)
(-0.0036383 0.399987 5.28101e-21)
(-0.00445933 0.399977 -1.90172e-19)
(-0.00548546 0.399966 9.80433e-20)
(-0.00678638 0.399951 -1.15189e-19)
(-0.00845873 0.399931 1.14872e-19)
(-0.0106383 0.399905 0)
(-0.0135186 0.399871 -3.1982e-19)
(-0.0173806 0.399822 3.1888e-19)
(-0.0226393 0.399751 4.32673e-19)
(-0.0299305 0.399637 -4.31425e-19)
(-0.0402712 0.399446 6.48552e-19)
(-0.0551263 0.399081 -6.46952e-19)
(-0.0770915 0.397914 -1.13689e-18)
(-0.115599 0.394087 1.13556e-18)
(-0.168006 0.387515 0)
(-0.0827876 0.352426 3.89336e-18)
(0.17342 0.412393 0)
(0.333955 0.440815 -1.88963e-18)
(0.254132 0.431254 1.9074e-18)
(0.188755 0.422664 0)
(0.143303 0.415797 0)
(0.108637 0.411022 0)
(0.0829179 0.407834 0)
(0.0639123 0.405665 0)
(0.0497412 0.404159 0)
(0.0390843 0.403097 0)
(0.0309943 0.402337 -1.70181e-19)
(0.0247899 0.401787 1.70771e-19)
(0.0199798 0.401385 0)
(0.0162075 0.401088 0)
(0.0132128 0.400866 0)
(0.0108043 0.4007 0)
(0.00884011 0.400574 0)
(0.00721386 0.400479 5.41522e-20)
(0.00584528 0.400407 -5.42994e-20)
(0.00467282 0.400352 0)
(0.00364864 0.400311 4.97891e-20)
(0.00273481 0.400281 -4.98987e-20)
(0.00190046 0.40026 2.42083e-20)
(0.0011197 0.400246 -2.42526e-20)
(0.000369858 0.40024 0)
(-0.000369858 0.40024 0)
(-0.0011197 0.400246 -2.42526e-20)
(-0.00190046 0.40026 2.42083e-20)
(-0.00273481 0.400281 -4.98987e-20)
(-0.00364864 0.400311 4.97891e-20)
(-0.00467282 0.400352 0)
(-0.00584528 0.400407 -5.42994e-20)
(-0.00721386 0.400479 5.41522e-20)
(-0.00884011 0.400574 0)
(-0.0108043 0.4007 0)
(-0.0132128 0.400866 0)
(-0.0162075 0.401088 0)
(-0.0199798 0.401385 0)
(-0.0247899 0.401787 1.70771e-19)
(-0.0309943 0.402337 -1.70181e-19)
(-0.0390843 0.403097 0)
(-0.0497412 0.404159 0)
(-0.0639123 0.405665 0)
(-0.0829179 0.407834 0)
(-0.108637 0.411022 0)
(-0.143303 0.415797 0)
(-0.188755 0.422664 0)
(-0.254132 0.431254 1.9074e-18)
(-0.333955 0.440815 -1.88963e-18)
(-0.17342 0.412393 0)
(0.200789 0.399094 0)
(0.393765 0.455821 0)
(0.329588 0.458708 0)
(0.265766 0.448217 0)
(0.210995 0.436544 0)
(0.164776 0.427164 0)
(0.128562 0.420168 0)
(0.100685 0.415044 0)
(0.0792907 0.411304 0)
(0.062862 0.408568 0)
(0.0501929 0.406556 0)
(0.0403589 0.405069 0)
(0.0326631 0.403962 0)
(0.0265831 0.403133 0)
(0.0217278 0.402508 0)
(0.0178043 0.402035 0)
(0.0145919 0.401675 0)
(0.0119237 0.4014 0)
(0.00967209 0.40119 0)
(0.00773879 0.40103 0)
(0.00604678 0.40091 0)
(0.00453469 0.400822 0)
(0.00315243 0.40076 0)
(0.00185779 0.40072 0)
(0.000613737 0.400701 0)
(-0.000613737 0.400701 0)
(-0.00185779 0.40072 0)
(-0.00315243 0.40076 0)
(-0.00453469 0.400822 0)
(-0.00604678 0.40091 0)
(-0.00773879 0.40103 0)
(-0.00967209 0.40119 0)
(-0.0119237 0.4014 0)
(-0.0145919 0.401675 0)
(-0.0178043 0.402035 0)
(-0.0217278 0.402508 0)
(-0.0265831 0.403133 0)
(-0.0326631 0.403962 0)
(-0.0403589 0.405069 0)
(-0.0501929 0.406556 0)
(-0.062862 0.408568 0)
(-0.0792907 0.411304 0)
(-0.100685 0.415044 0)
(-0.128562 0.420168 0)
(-0.164776 0.427164 0)
(-0.210995 0.436544 0)
(-0.265766 0.448217 0)
(-0.329588 0.458708 0)
(-0.393765 0.455821 0)
(-0.200789 0.399094 0)
(0.198581 0.355766 4.14269e-19)
(0.401704 0.450226 1.94277e-18)
(0.367312 0.478443 0)
(0.316596 0.472841 0)
(0.261087 0.459311 0)
(0.209629 0.44635 -6.30795e-19)
(0.167022 0.435642 6.33768e-19)
(0.13285 0.427277 4.7026e-19)
(0.105857 0.420898 -4.71729e-19)
(0.084685 0.416081 0)
(0.0680934 0.412455 -1.68513e-19)
(0.0550538 0.409723 1.69063e-19)
(0.0447497 0.407661 -1.42969e-19)
(0.0365458 0.406099 1.43425e-19)
(0.0299536 0.404911 0)
(0.0245994 0.404005 0)
(0.0201974 0.40331 0)
(0.0165282 0.402778 0)
(0.0134229 0.402369 5.31761e-20)
(0.01075 0.402058 -5.33054e-20)
(0.00840588 0.401823 0)
(0.00630745 0.401649 -2.49461e-20)
(0.00438663 0.401528 2.49934e-20)
(0.00258582 0.40145 0)
(0.000854363 0.401413 0)
(-0.000854362 0.401413 0)
(-0.00258582 0.40145 0)
(-0.00438663 0.401528 2.49934e-20)
(-0.00630745 0.401649 -2.49461e-20)
(-0.00840588 0.401823 0)
(-0.01075 0.402058 -5.33054e-20)
(-0.0134229 0.402369 5.31761e-20)
(-0.0165282 0.402778 0)
(-0.0201974 0.40331 0)
(-0.0245994 0.404005 0)
(-0.0299536 0.404911 0)
(-0.0365458 0.406099 1.43425e-19)
(-0.0447497 0.407661 -1.42969e-19)
(-0.0550538 0.409723 1.69063e-19)
(-0.0680934 0.412455 -1.68513e-19)
(-0.084685 0.416081 0)
(-0.105857 0.420898 -4.71729e-19)
(-0.13285 0.427277 4.7026e-19)
(-0.167022 0.435642 6.33768e-19)
(-0.209629 0.44635 -6.30795e-19)
(-0.261087 0.459311 0)
(-0.316596 0.472841 0)
(-0.367312 0.478443 0)
(-0.401704 0.450226 1.94277e-18)
(-0.198581 0.355766 -4.03735e-18)
(0.184532 0.313447 -1.80501e-18)
(0.38509 0.440955 1.19633e-18)
(0.380983 0.493144 -1.90464e-19)
(0.347021 0.495047 -9.9737e-19)
(0.296217 0.482129 -6.90803e-19)
(0.244277 0.46694 1.04451e-19)
(0.198621 0.453063 6.01146e-19)
(0.160424 0.44155 -4.56236e-19)
(0.12935 0.432402 8.6384e-19)
(0.104438 0.425283 -4.0741e-19)
(0.0845865 0.419801 0)
(0.0687819 0.4156 1.5322e-19)
(0.0561644 0.412385 -1.53724e-19)
(0.0460363 0.409923 1.3329e-19)
(0.0378438 0.408034 -2.59541e-19)
(0.0311537 0.406582 1.26213e-19)
(0.0256284 0.405463 1.14571e-19)
(0.0210056 0.4046 -1.14881e-19)
(0.0170809 0.403936 0)
(0.0136935 0.403428 -5.21211e-20)
(0.0107162 0.403043 1.03298e-19)
(0.00804597 0.40276 -5.11652e-20)
(0.00559822 0.40256 2.48755e-20)
(0.00330098 0.402433 -1.25498e-20)
(0.00109081 0.402371 -1.23842e-20)
(-0.00109081 0.402371 -1.23842e-20)
(-0.00330098 0.402433 -1.25498e-20)
(-0.00559822 0.40256 2.48755e-20)
(-0.00804597 0.40276 -5.11652e-20)
(-0.0107162 0.403043 1.03298e-19)
(-0.0136935 0.403428 -5.21211e-20)
(-0.0170809 0.403936 0)
(-0.0210056 0.4046 -1.14881e-19)
(-0.0256284 0.405463 1.14571e-19)
(-0.0311537 0.406582 1.26213e-19)
(-0.0378438 0.408034 -2.59541e-19)
(-0.0460363 0.409923 1.3329e-19)
(-0.0561644 0.412385 -1.53724e-19)
(-0.0687819 0.4156 1.5322e-19)
(-0.0845865 0.419801 0)
(-0.104438 0.425283 -4.0741e-19)
(-0.12935 0.432402 8.6384e-19)
(-0.160424 0.44155 -4.56236e-19)
(-0.198621 0.453063 6.01146e-19)
(-0.244277 0.46694 1.04451e-19)
(-0.296217 0.482129 -6.90803e-19)
(-0.347021 0.495047 -9.9737e-19)
(-0.380983 0.493144 -1.90464e-19)
(-0.38509 0.440955 1.19633e-18)
(-0.184532 0.313447 1.80501e-18)
(0.166054 0.277279 0)
(0.35769 0.430337 0)
(0.379229 0.502253 0)
(0.362003 0.513278 -7.40041e-19)
(0.319079 0.503325 1.38447e-18)
(0.26996 0.487494 -6.44905e-19)
(0.223854 0.471331 4.92795e-19)
(0.183558 0.457068 -9.36541e-19)
(0.149769 0.445258 8.36081e-19)
(0.122064 0.435791 -7.53994e-19)
(0.0996014 0.428337 5.23056e-19)
(0.0814752 0.422526 -1.64453e-19)
(0.0668486 0.418017 -1.41193e-19)
(0.055006 0.414527 1.41654e-19)
(0.0453592 0.411824 1.25571e-19)
(0.0374357 0.409732 -1.25946e-19)
(0.0308601 0.40811 0)
(0.0253363 0.406853 -5.53693e-20)
(0.0206306 0.405882 1.78586e-21)
(0.0165574 0.405136 5.3848e-20)
(0.0129686 0.404571 5.1375e-20)
(0.00974361 0.404153 -7.67832e-20)
(0.00678267 0.403858 5.04024e-20)
(0.00400064 0.40367 -1.26341e-20)
(0.00132222 0.403578 -1.24726e-20)
(-0.00132222 0.403578 -1.24726e-20)
(-0.00400064 0.40367 -1.26341e-20)
(-0.00678267 0.403858 5.04024e-20)
(-0.00974361 0.404153 -7.67832e-20)
(-0.0129686 0.404571 5.1375e-20)
(-0.0165574 0.405136 5.3848e-20)
(-0.0206306 0.405882 1.78586e-21)
(-0.0253363 0.406853 -5.53693e-20)
(-0.0308601 0.40811 0)
(-0.0374357 0.409732 -1.25946e-19)
(-0.0453592 0.411824 1.25571e-19)
(-0.055006 0.414527 1.41654e-19)
(-0.0668486 0.418017 -1.41193e-19)
(-0.0814752 0.422526 -1.64453e-19)
(-0.0996014 0.428337 5.23056e-19)
(-0.122064 0.435791 -7.53994e-19)
(-0.149769 0.445258 8.36081e-19)
(-0.183558 0.457068 -9.36541e-19)
(-0.223854 0.471331 4.92795e-19)
(-0.26996 0.487494 -6.44905e-19)
(-0.319079 0.503325 1.38447e-18)
(-0.362003 0.513278 -7.40041e-19)
(-0.379229 0.502253 0)
(-0.35769 0.430337 0)
(-0.166054 0.277279 0)
(0.146943 0.246688 0)
(0.326979 0.418285 0)
(0.368147 0.506068 -7.82601e-19)
(0.365827 0.527216 7.8092e-19)
(0.332189 0.522075 5.84809e-19)
(0.287943 0.507092 -5.91622e-19)
(0.243306 0.489646 4.64773e-19)
(0.202491 0.473206 -5.02772e-20)
(0.167184 0.459004 -4.23312e-19)
(0.137554 0.447275 3.48668e-19)
(0.113099 0.437831 -5.10715e-19)
(0.0930875 0.43034 3.10481e-19)
(0.0767579 0.424449 -1.00684e-20)
(0.0634161 0.419836 -8.45213e-21)
(0.0524672 0.416234 -7.10277e-21)
(0.0434186 0.413423 -5.9655e-21)
(0.0358709 0.411232 -1.1978e-19)
(0.029503 0.409525 -5.54637e-20)
(0.0240583 0.408201 5.56011e-20)
(0.0193309 0.407181 5.26175e-20)
(0.0151549 0.406405 -5.27283e-20)
(0.0113942 0.40583 -2.54471e-20)
(0.00793575 0.405424 2.54906e-20)
(0.00468232 0.405164 0)
(0.00154778 0.405038 0)
(-0.00154778 0.405038 0)
(-0.00468232 0.405164 0)
(-0.00793575 0.405424 2.54906e-20)
(-0.0113942 0.40583 -2.54471e-20)
(-0.0151549 0.406405 -5.27283e-20)
(-0.0193309 0.407181 5.26175e-20)
(-0.0240583 0.408201 5.56011e-20)
(-0.029503 0.409525 -5.54637e-20)
(-0.0358709 0.411232 -1.1978e-19)
(-0.0434186 0.413423 -5.9655e-21)
(-0.0524672 0.416234 -7.10277e-21)
(-0.0634161 0.419836 -8.45213e-21)
(-0.0767579 0.424449 -1.00684e-20)
(-0.0930875 0.43034 3.10481e-19)
(-0.113099 0.437831 -5.10715e-19)
(-0.137554 0.447275 3.48668e-19)
(-0.167184 0.459004 -4.23312e-19)
(-0.202491 0.473206 -5.02772e-20)
(-0.243306 0.489646 4.64773e-19)
(-0.287943 0.507092 -5.91622e-19)
(-0.332189 0.522075 5.84809e-19)
(-0.365827 0.527216 7.8092e-19)
(-0.368147 0.506068 -7.82601e-19)
(-0.326979 0.418285 0)
(-0.146943 0.246688 0)
(0.129236 0.221356 -1.09292e-19)
(0.296826 0.405581 -9.47114e-19)
(0.35182 0.505855 -6.93833e-19)
(0.36184 0.537315 1.29141e-18)
(0.337678 0.538132 -1.1399e-18)
(0.29941 0.525216 5.92347e-20)
(0.257592 0.507459 4.87071e-19)
(0.217512 0.489483 3.98777e-19)
(0.181708 0.47326 -4.02964e-19)
(0.150934 0.459449 0)
(0.125067 0.448076 0)
(0.10359 0.438897 0)
(0.0858598 0.431577 1.37829e-19)
(0.0712359 0.425783 -2.68762e-19)
(0.0591407 0.421216 6.65343e-21)
(0.0490798 0.417626 1.24601e-19)
(0.0406418 0.414809 0)
(0.0334901 0.412604 0)
(0.0273514 0.410886 0)
(0.0220041 0.409558 -5.27607e-20)
(0.0172673 0.408545 5.2869e-20)
(0.0129921 0.407792 -2.5556e-20)
(0.00905353 0.40726 2.5598e-20)
(0.00534373 0.40692 0)
(0.00176672 0.406754 0)
(-0.00176672 0.406754 0)
(-0.00534373 0.40692 0)
(-0.00905353 0.40726 2.5598e-20)
(-0.0129921 0.407792 -2.5556e-20)
(-0.0172673 0.408545 5.2869e-20)
(-0.0220041 0.409558 -5.27607e-20)
(-0.0273514 0.410886 0)
(-0.0334901 0.412604 0)
(-0.0406418 0.414809 0)
(-0.0490798 0.417626 1.24601e-19)
(-0.0591407 0.421216 6.65342e-21)
(-0.0712359 0.425783 -2.68762e-19)
(-0.0858598 0.431577 1.37829e-19)
(-0.10359 0.438897 0)
(-0.125067 0.448076 0)
(-0.150934 0.459449 0)
(-0.181708 0.47326 -4.02964e-19)
(-0.217512 0.489483 3.98777e-19)
(-0.257592 0.507459 4.87071e-19)
(-0.29941 0.525216 5.92347e-20)
(-0.337678 0.538132 -1.1399e-18)
(-0.36184 0.537315 1.29141e-18)
(-0.35182 0.505855 -6.93833e-19)
(-0.296826 0.405581 -9.47114e-19)
(-0.129236 0.221356 1.90243e-18)
(0.113718 0.200855 0)
(0.268896 0.392996 0)
(0.332786 0.502867 0)
(0.352501 0.544185 0)
(0.337278 0.551512 0)
(0.305428 0.541584 0)
(0.267319 0.524386 0)
(0.228938 0.505525 0)
(0.193488 0.487708 0)
(0.16226 0.472063 0)
(0.135512 0.458884 0)
(0.112969 0.448059 -1.43514e-19)
(0.0941327 0.439305 1.44086e-19)
(0.078442 0.432298 0)
(0.0653578 0.426723 0)
(0.0543997 0.422307 0)
(0.0451563 0.418821 1.1419e-19)
(0.0372839 0.416078 -1.14491e-19)
(0.0304988 0.413931 0)
(0.0245679 0.412264 0)
(0.0192989 0.41099 5.19301e-20)
(0.0145321 0.410042 -5.20227e-20)
(0.0101323 0.409369 2.54038e-20)
(0.00598269 0.408939 -1.27982e-20)
(0.00197833 0.408729 -1.26537e-20)
(-0.00197833 0.408729 -1.26537e-20)
(-0.00598269 0.408939 -1.27982e-20)
(-0.0101323 0.409369 2.54038e-20)
(-0.0145321 0.410042 -5.20227e-20)
(-0.0192989 0.41099 5.19301e-20)
(-0.0245679 0.412264 0)
(-0.0304988 0.413931 0)
(-0.0372839 0.416078 -1.14491e-19)
(-0.0451563 0.418821 1.1419e-19)
(-0.0543997 0.422307 0)
(-0.0653578 0.426723 0)
(-0.078442 0.432298 0)
(-0.0941327 0.439305 1.44086e-19)
(-0.112969 0.448059 -1.43514e-19)
(-0.135512 0.458884 0)
(-0.16226 0.472063 0)
(-0.193488 0.487708 0)
(-0.228938 0.505525 0)
(-0.267319 0.524386 0)
(-0.305428 0.541584 0)
(-0.337278 0.551512 0)
(-0.352501 0.544185 0)
(-0.332786 0.502867 0)
(-0.268896 0.392996 0)
(-0.113718 0.200855 0)
(0.10044 0.184442 6.49639e-19)
(0.243646 0.380927 -1.29581e-18)
(0.312551 0.498037 4.63358e-20)
(0.339571 0.548392 5.33539e-19)
(0.33237 0.56236 0)
(0.306931 0.556071 0)
(0.273064 0.54017 -3.80091e-19)
(0.237092 0.521048 2.92602e-20)
(0.20269 0.502086 2.60261e-20)
(0.171608 0.4849 3.36652e-19)
(0.14446 0.470085 -1.48058e-19)
(0.121224 0.457698 1.48883e-19)
(0.101564 0.44754 1.33089e-19)
(0.0850179 0.439315 -2.60623e-19)
(0.0711015 0.432709 1.27467e-19)
(0.0593625 0.427436 -1.17361e-19)
(0.0494004 0.423246 4.12082e-21)
(0.0408725 0.419931 5.86773e-20)
(0.0334905 0.417325 1.09211e-19)
(0.0270142 0.415295 -1.06806e-19)
(0.0212432 0.413739 1.04878e-19)
(0.0160091 0.412577 -5.20554e-20)
(0.0111688 0.411752 2.54533e-20)
(0.00659721 0.411224 -1.28177e-20)
(0.00218195 0.410966 -1.26804e-20)
(-0.00218195 0.410966 -1.26804e-20)
(-0.00659721 0.411224 -1.28177e-20)
(-0.0111688 0.411752 2.54533e-20)
(-0.0160091 0.412577 -5.20554e-20)
(-0.0212432 0.413739 1.04878e-19)
(-0.0270142 0.415295 -1.06806e-19)
(-0.0334905 0.417325 1.09211e-19)
(-0.0408725 0.419931 5.86773e-20)
(-0.0494004 0.423246 4.12082e-21)
(-0.0593625 0.427436 -1.17361e-19)
(-0.0711015 0.432709 1.27467e-19)
(-0.0850179 0.439315 -2.60623e-19)
(-0.101564 0.44754 1.33089e-19)
(-0.121224 0.457698 1.48883e-19)
(-0.14446 0.470085 -1.48058e-19)
(-0.171608 0.4849 3.36652e-19)
(-0.20269 0.502086 2.60261e-20)
(-0.237092 0.521048 2.92602e-20)
(-0.273064 0.54017 -3.80091e-19)
(-0.306931 0.556071 0)
(-0.33237 0.56236 0)
(-0.339571 0.548392 5.33539e-19)
(-0.312551 0.498037 4.63358e-20)
(-0.243646 0.380927 -1.29581e-18)
(-0.10044 0.184442 6.49639e-19)
(0.0891274 0.171292 0)
(0.220956 0.36953 0)
(0.291975 0.492023 4.74246e-19)
(0.32428 0.550424 -4.66533e-19)
(0.324033 0.570884 0)
(0.304724 0.568651 3.74184e-19)
(0.27536 0.55465 -3.77546e-19)
(0.242297 0.535835 3.33237e-19)
(0.209495 0.516182 -6.52763e-19)
(0.179067 0.497774 3.19146e-19)
(0.15195 0.481529 1.42833e-19)
(0.128366 0.467699 -1.43909e-19)
(0.108151 0.456194 0)
(0.0909529 0.44677 1.24892e-19)
(0.0763587 0.439129 -1.25336e-19)
(0.0639552 0.432981 0)
(0.0533622 0.428062 1.12747e-19)
(0.0442453 0.424151 -1.67956e-19)
(0.0363176 0.421061 5.50429e-20)
(0.0293357 0.418646 0)
(0.0230943 0.416788 0)
(0.0174189 0.415398 0)
(0.0121598 0.414409 2.54625e-20)
(0.00718544 0.413775 -1.28166e-20)
(0.00237697 0.413465 -1.26871e-20)
(-0.00237697 0.413465 -1.26871e-20)
(-0.00718544 0.413775 -1.28166e-20)
(-0.0121598 0.414409 2.54625e-20)
(-0.0174189 0.415398 0)
(-0.0230943 0.416788 0)
(-0.0293357 0.418646 0)
(-0.0363176 0.421061 5.50429e-20)
(-0.0442453 0.424151 -1.67956e-19)
(-0.0533622 0.428062 1.12747e-19)
(-0.0639552 0.432981 0)
(-0.0763587 0.439129 -1.25336e-19)
(-0.0909529 0.44677 1.24892e-19)
(-0.108151 0.456194 0)
(-0.128366 0.467699 -1.43909e-19)
(-0.15195 0.481529 1.42833e-19)
(-0.179067 0.497774 3.19146e-19)
(-0.209495 0.516182 -6.52763e-19)
(-0.242297 0.535835 3.33237e-19)
(-0.27536 0.55465 -3.77546e-19)
(-0.304724 0.568651 3.74184e-19)
(-0.324033 0.570884 0)
(-0.32428 0.550424 -4.66533e-19)
(-0.291975 0.492023 4.74246e-19)
(-0.220956 0.36953 0)
(-0.0891274 0.171292 0)
(0.079409 0.160669 0)
(0.200477 0.358842 0)
(0.271523 0.485265 0)
(0.307473 0.550676 0)
(0.313101 0.577302 0)
(0.299483 0.579358 -3.40877e-19)
(0.274686 0.56773 3.4347e-19)
(0.244861 0.549729 0)
(0.214086 0.529822 -1.49123e-19)
(0.184739 0.510526 2.93658e-19)
(0.158032 0.493079 -2.81582e-19)
(0.134415 0.477953 1.38409e-19)
(0.113895 0.465185 0)
(0.0962417 0.454602 0)
(0.0811206 0.445938 0)
(0.0681677 0.438909 0)
(0.0570318 0.433249 0)
(0.0473935 0.428722 -5.45228e-20)
(0.0389723 0.425129 1.08061e-19)
(0.031526 0.422309 -5.35213e-20)
(0.0248471 0.420134 0)
(0.0187574 0.418503 -2.56152e-20)
(0.0131025 0.41734 2.56487e-20)
(0.00774569 0.416593 0)
(0.00256283 0.416228 0)
(-0.00256283 0.416228 0)
(-0.00774569 0.416593 0)
(-0.0131025 0.41734 2.56487e-20)
(-0.0187574 0.418503 -2.56152e-20)
(-0.0248471 0.420134 0)
(-0.031526 0.422309 -5.35213e-20)
(-0.0389723 0.425129 1.08061e-19)
(-0.0473935 0.428722 -5.45228e-20)
(-0.0570318 0.433249 0)
(-0.0681677 0.438909 0)
(-0.0811206 0.445938 0)
(-0.0962417 0.454602 0)
(-0.113895 0.465185 0)
(-0.134415 0.477953 1.38409e-19)
(-0.158032 0.493079 -2.81582e-19)
(-0.184739 0.510526 2.93658e-19)
(-0.214086 0.529822 -1.49123e-19)
(-0.244861 0.549729 0)
(-0.274686 0.56773 3.4347e-19)
(-0.299483 0.579358 -3.40877e-19)
(-0.313101 0.577302 0)
(-0.307473 0.550676 0)
(-0.271523 0.485265 0)
(-0.200477 0.358842 0)
(-0.079409 0.160669 0)
(0.0709225 0.151965 4.14368e-19)
(0.181809 0.348814 0)
(0.25142 0.478025 3.57103e-19)
(0.289715 0.549438 -3.49555e-19)
(0.300207 0.581812 0)
(0.29177 0.588253 3.08825e-19)
(0.27147 0.579359 -3.10719e-19)
(0.245075 0.562615 0)
(0.216646 0.542869 1.40282e-19)
(0.188732 0.523019 -1.41731e-19)
(0.162763 0.504618 0)
(0.139396 0.488361 0)
(0.118805 0.474435 0)
(0.100884 0.462752 1.19684e-19)
(0.0853816 0.453092 -1.20256e-19)
(0.0719926 0.44519 0)
(0.0604013 0.438782 5.52022e-20)
(0.0503095 0.433628 -5.53436e-20)
(0.0414479 0.429518 0)
(0.0335792 0.42628 -5.21954e-20)
(0.0264968 0.423773 7.80526e-20)
(0.020021 0.421889 -2.58053e-20)
(0.0139943 0.420544 -1.26727e-20)
(0.00827642 0.419679 6.37266e-21)
(0.00273901 0.419255 6.31643e-21)
(-0.00273901 0.419255 6.31643e-21)
(-0.00827642 0.419679 6.37266e-21)
(-0.0139943 0.420544 -1.26727e-20)
(-0.020021 0.421889 -2.58053e-20)
(-0.0264968 0.423773 7.80526e-20)
(-0.0335792 0.42628 -5.21954e-20)
(-0.0414479 0.429518 0)
(-0.0503095 0.433628 -5.53436e-20)
(-0.0604013 0.438782 5.52022e-20)
(-0.0719926 0.44519 0)
(-0.0853816 0.453092 -1.20256e-19)
(-0.100884 0.462752 1.19684e-19)
(-0.118805 0.474435 0)
(-0.139396 0.488361 0)
(-0.162763 0.504618 0)
(-0.188732 0.523019 -1.41731e-19)
(-0.216646 0.542869 1.40282e-19)
(-0.245075 0.562615 0)
(-0.27147 0.579359 -3.10719e-19)
(-0.29177 0.588253 3.08825e-19)
(-0.300207 0.581812 0)
(-0.289715 0.549438 -3.49555e-19)
(-0.25142 0.478025 3.57103e-19)
(-0.181809 0.348814 0)
(-0.0709225 0.151965 -4.14368e-19)
(0.0633542 0.144686 3.40085e-19)
(0.164573 0.339339 0)
(0.231757 0.470423 0)
(0.27138 0.546907 0)
(0.285834 0.584579 2.83484e-19)
(0.28205 0.595401 -2.83118e-19)
(0.266084 0.58951 0)
(0.243209 0.574408 0)
(0.217354 0.555209 0)
(0.191154 0.535138 -1.28491e-19)
(0.166206 0.516039 1.29732e-19)
(0.143344 0.498835 0)
(0.122897 0.483872 0)
(0.104882 0.471163 0)
(0.0891395 0.460547 1.13694e-19)
(0.0754249 0.451791 -1.14235e-19)
(0.0634648 0.44464 0)
(0.0529873 0.438853 0)
(0.0437388 0.434216 0)
(0.0354904 0.430548 0)
(0.0280393 0.4277 0)
(0.0212064 0.425553 0)
(0.0148329 0.424017 0)
(0.00877626 0.423028 0)
(0.00290506 0.422544 0)
(-0.00290506 0.422544 0)
(-0.00877626 0.423028 0)
(-0.0148329 0.424017 0)
(-0.0212064 0.425553 0)
(-0.0280393 0.4277 0)
(-0.0354904 0.430548 0)
(-0.0437388 0.434216 0)
(-0.0529873 0.438853 0)
(-0.0634648 0.44464 0)
(-0.0754249 0.451791 -1.14235e-19)
(-0.0891395 0.460547 1.13694e-19)
(-0.104882 0.471163 0)
(-0.122897 0.483872 0)
(-0.143344 0.498835 0)
(-0.166206 0.516039 1.29732e-19)
(-0.191154 0.535138 -1.28491e-19)
(-0.217354 0.555209 0)
(-0.243209 0.574408 0)
(-0.266084 0.58951 0)
(-0.28205 0.595401 -2.83118e-19)
(-0.285834 0.584579 2.83484e-19)
(-0.27138 0.546907 0)
(-0.231757 0.470423 0)
(-0.164573 0.339339 0)
(-0.0633542 0.144686 -3.40085e-19)
(0.0564522 0.138434 0)
(0.148454 0.330267 0)
(0.212553 0.462476 0)
(0.25272 0.543202 0)
(0.270352 0.585722 0)
(0.270706 0.600863 0)
(0.258855 0.598175 0)
(0.239509 0.585046 0)
(0.216381 0.566752 0)
(0.192117 0.546781 0)
(0.168427 0.527246 -1.19279e-19)
(0.146295 0.50929 1.20338e-19)
(0.126189 0.493426 0)
(0.108245 0.47978 0)
(0.0923951 0.468263 0)
(0.0784619 0.458679 0)
(0.0662178 0.450796 0)
(0.0554219 0.444379 0)
(0.0458403 0.439211 0)
(0.0372556 0.435105 0)
(0.0294712 0.431907 0)
(0.0223109 0.429489 0)
(0.0156164 0.427757 0)
(0.00924401 0.426639 0)
(0.00306057 0.426092 0)
(-0.00306057 0.426092 0)
(-0.00924401 0.426639 0)
(-0.0156164 0.427757 0)
(-0.0223109 0.429489 0)
(-0.0294712 0.431907 0)
(-0.0372556 0.435105 0)
(-0.0458403 0.439211 0)
(-0.0554219 0.444379 0)
(-0.0662178 0.450796 0)
(-0.0784619 0.458679 0)
(-0.0923951 0.468263 0)
(-0.108245 0.47978 0)
(-0.126189 0.493426 0)
(-0.146295 0.50929 1.20338e-19)
(-0.168427 0.527246 -1.19279e-19)
(-0.192117 0.546781 0)
(-0.216381 0.566752 0)
(-0.239509 0.585046 0)
(-0.258855 0.598175 0)
(-0.270706 0.600863 0)
(-0.270352 0.585722 0)
(-0.25272 0.543202 0)
(-0.212553 0.462476 0)
(-0.148454 0.330267 0)
(-0.0564522 0.138434 0)
(0.0500254 0.132889 0)
(0.133205 0.321425 -2.17283e-19)
(0.193793 0.454136 -4.26507e-21)
(0.233904 0.538382 4.18952e-19)
(0.254046 0.585327 -2.09209e-19)
(0.258054 0.604688 0)
(0.250067 0.605348 -1.12014e-19)
(0.234199 0.594477 2.25912e-19)
(0.21389 0.577418 -2.27983e-19)
(0.191731 0.557861 1.14836e-19)
(0.169498 0.538151 0)
(0.14829 0.519647 -1.11933e-19)
(0.128703 0.50303 2.23326e-21)
(0.110982 0.488548 1.11397e-19)
(0.0951519 0.476194 0)
(0.081103 0.465822 0)
(0.0686579 0.457227 0)
(0.0576102 0.450185 0)
(0.0477488 0.444486 -5.10634e-20)
(0.0388712 0.439939 5.11883e-20)
(0.0307895 0.436384 0)
(0.0233322 0.43369 -2.48923e-20)
(0.016343 0.431756 2.49178e-20)
(0.00967863 0.430506 -6.17517e-21)
(0.00320521 0.429894 6.17711e-21)
(-0.00320521 0.429894 6.17711e-21)
(-0.00967863 0.430506 -6.17517e-21)
(-0.016343 0.431756 2.49178e-20)
(-0.0233322 0.43369 -2.48923e-20)
(-0.0307895 0.436384 0)
(-0.0388712 0.439939 5.11883e-20)
(-0.0477488 0.444486 -5.10635e-20)
(-0.0576102 0.450185 0)
(-0.0686579 0.457227 0)
(-0.081103 0.465822 0)
(-0.0951519 0.476194 0)
(-0.110982 0.488548 1.11397e-19)
(-0.128703 0.50303 2.23326e-21)
(-0.14829 0.519647 -1.11933e-19)
(-0.169498 0.538151 0)
(-0.191731 0.557861 1.14836e-19)
(-0.21389 0.577418 -2.27983e-19)
(-0.234199 0.594477 2.25912e-19)
(-0.250067 0.605348 -1.12014e-19)
(-0.258054 0.604688 0)
(-0.254046 0.585327 -2.09209e-19)
(-0.233904 0.538382 4.18952e-19)
(-0.193793 0.454136 -4.26507e-21)
(-0.133205 0.321425 -2.17283e-19)
(-0.0500254 0.132889 0)
(0.043937 0.127791 0)
(0.118645 0.312625 0)
(0.175462 0.445309 0)
(0.215053 0.532454 0)
(0.237144 0.58344 9.23958e-20)
(0.244356 0.606908 -9.1755e-20)
(0.239966 0.611026 0)
(0.227484 0.602661 -1.03157e-19)
(0.210035 0.587142 1.0388e-19)
(0.190103 0.568298 0)
(0.169487 0.548676 0)
(0.149373 0.529834 0)
(0.130463 0.512621 0)
(0.113107 0.497415 -1.05146e-19)
(0.0974157 0.484298 1.57913e-19)
(0.08335 0.473184 -8.05385e-22)
(0.0707844 0.463903 -5.18193e-20)
(0.0595501 0.456251 0)
(0.049462 0.450025 0)
(0.0403349 0.445036 -2.48458e-20)
(0.031992 0.441122 2.48981e-20)
(0.0242684 0.438147 0)
(0.0170114 0.436007 0)
(0.0100793 0.434622 0)
(0.00333868 0.433942 0)
(-0.00333868 0.433942 0)
(-0.0100793 0.434622 0)
(-0.0170114 0.436007 0)
(-0.0242684 0.438147 0)
(-0.031992 0.441122 2.48981e-20)
(-0.0403349 0.445036 -2.48458e-20)
(-0.049462 0.450025 0)
(-0.0595501 0.456251 0)
(-0.0707844 0.463903 -5.18193e-20)
(-0.08335 0.473184 -8.05384e-22)
(-0.0974157 0.484298 1.57913e-19)
(-0.113107 0.497415 -1.05146e-19)
(-0.130463 0.512621 0)
(-0.149373 0.529834 0)
(-0.169487 0.548676 0)
(-0.190103 0.568298 0)
(-0.210035 0.587142 1.0388e-19)
(-0.227484 0.602661 -1.03157e-19)
(-0.239966 0.611026 0)
(-0.244356 0.606908 -9.1755e-20)
(-0.237144 0.58344 9.23958e-20)
(-0.215053 0.532454 0)
(-0.175462 0.445309 0)
(-0.118645 0.312625 0)
(-0.043937 0.127791 0)
(0.0380972 0.122923 5.77043e-22)
(0.104655 0.303682 -1.1737e-19)
(0.157549 0.43588 -6.63088e-20)
(0.196265 0.525397 6.43611e-20)
(0.219829 0.580082 0)
(0.229837 0.607539 0)
(0.228769 0.615198 8.90242e-20)
(0.219549 0.609559 -8.92824e-20)
(0.204959 0.595861 9.65086e-20)
(0.187336 0.578019 1.498e-21)
(0.168465 0.558744 5.75629e-22)
(0.149589 0.539778 -1.10537e-22)
(0.131499 0.522135 -5.88615e-22)
(0.114636 0.506326 -5.13735e-20)
(0.099195 0.49253 -5.34891e-22)
(0.0852064 0.48073 -5.71337e-22)
(0.072598 0.470796 -5.70581e-22)
(0.0612409 0.462553 -5.42915e-22)
(0.0509784 0.455808 -9.85022e-20)
(0.0416451 0.45038 2.47894e-20)
(0.0330772 0.446105 2.44098e-20)
(0.0251182 0.442847 2.41257e-20)
(0.0176205 0.440498 -2.41592e-20)
(0.0104454 0.438976 6.00371e-21)
(0.00346079 0.438228 -6.00761e-21)
(-0.00346079 0.438228 -6.00761e-21)
(-0.0104454 0.438976 6.00371e-21)
(-0.0176205 0.440498 -2.41592e-20)
(-0.0251182 0.442847 2.41257e-20)
(-0.0330772 0.446105 2.44098e-20)
(-0.0416451 0.45038 2.47894e-20)
(-0.0509784 0.455808 -9.85022e-20)
(-0.0612409 0.462553 -5.42914e-22)
(-0.072598 0.470796 -5.70579e-22)
(-0.0852064 0.48073 -5.71336e-22)
(-0.099195 0.49253 -5.34889e-22)
(-0.114636 0.506326 -5.13735e-20)
(-0.131499 0.522135 -5.88613e-22)
(-0.149589 0.539778 -1.10536e-22)
(-0.168465 0.558744 5.7563e-22)
(-0.187336 0.578019 1.498e-21)
(-0.204959 0.595861 9.65086e-20)
(-0.219549 0.609559 -8.92824e-20)
(-0.228769 0.615198 8.90242e-20)
(-0.229837 0.607539 0)
(-0.219829 0.580082 0)
(-0.196265 0.525397 6.43611e-20)
(-0.157549 0.43588 -6.63088e-20)
(-0.104655 0.303682 -1.1737e-19)
(-0.0380972 0.122923 2.174e-19)
(0.0324568 0.118111 0)
(0.0911696 0.294422 4.19974e-20)
(0.140065 0.425726 -4.01525e-20)
(0.177629 0.517167 0)
(0.20226 0.575252 0)
(0.214689 0.606585 0)
(0.216669 0.617852 0)
(0.210564 0.615133 0)
(0.198798 0.603519 -8.80571e-20)
(0.183534 0.586955 8.86649e-20)
(0.166505 0.568284 9.36405e-20)
(0.148988 0.549411 7.79655e-22)
(0.13184 0.53151 -9.5936e-20)
(0.115587 0.515227 0)
(0.100501 0.500844 0)
(0.0866779 0.488419 0)
(0.0741014 0.477875 -4.81521e-20)
(0.0626835 0.469064 4.83624e-20)
(0.052298 0.461814 0)
(0.0428011 0.455952 0)
(0.0340442 0.451318 -2.37145e-20)
(0.0258808 0.447777 1.19389e-20)
(0.0181698 0.445217 4.21256e-23)
(0.0107765 0.443556 1.18141e-20)
(0.00357139 0.44274 0)
(-0.00357139 0.44274 0)
(-0.0107765 0.443556 1.18141e-20)
(-0.0181698 0.445217 4.21258e-23)
(-0.0258808 0.447777 1.19389e-20)
(-0.0340442 0.451318 -2.37145e-20)
(-0.0428011 0.455952 0)
(-0.052298 0.461814 0)
(-0.0626835 0.469064 4.83624e-20)
(-0.0741014 0.477875 -4.81521e-20)
(-0.0866779 0.488419 0)
(-0.100501 0.500844 0)
(-0.115587 0.515227 0)
(-0.13184 0.53151 -9.5936e-20)
(-0.148988 0.549411 7.79656e-22)
(-0.166505 0.568284 9.36405e-20)
(-0.183534 0.586955 8.86649e-20)
(-0.198798 0.603519 -8.80571e-20)
(-0.210564 0.615133 0)
(-0.216669 0.617852 0)
(-0.214689 0.606585 0)
(-0.20226 0.575252 0)
(-0.177629 0.517167 0)
(-0.140065 0.425726 -4.01526e-20)
(-0.0911696 0.294422 4.19974e-20)
(-0.0324568 0.118111 0)
(0.0270009 0.113211 -2.5139e-20)
(0.0781734 0.28469 3.86305e-20)
(0.123042 0.414732 -2.24249e-20)
(0.159231 0.507712 0)
(0.184581 0.568933 0)
(0.199082 0.60404 0)
(0.20384 0.618969 0)
(0.200684 0.619346 0)
(0.191681 0.610059 0)
(0.178793 0.595039 8.39615e-20)
(0.163678 0.577224 -8.45763e-20)
(0.147617 0.558664 0)
(0.131521 0.540683 -4.54914e-20)
(0.115982 0.524062 4.58257e-20)
(0.101345 0.509193 0)
(0.0877724 0.496213 0)
(0.0752991 0.485103 0)
(0.0638802 0.475754 0)
(0.0534217 0.468016 -2.3222e-20)
(0.0438033 0.46173 2.32983e-20)
(0.0348931 0.456741 0)
(0.0265561 0.452917 -1.15535e-20)
(0.0186591 0.450147 1.15741e-20)
(0.0110725 0.448347 0)
(0.00367044 0.447461 0)
(-0.00367044 0.447461 0)
(-0.0110725 0.448347 0)
(-0.0186591 0.450147 1.15741e-20)
(-0.0265561 0.452917 -1.15535e-20)
(-0.0348931 0.456741 0)
(-0.0438033 0.46173 2.32983e-20)
(-0.0534217 0.468016 -2.3222e-20)
(-0.0638802 0.475754 0)
(-0.0752991 0.485103 0)
(-0.0877724 0.496213 0)
(-0.101345 0.509193 0)
(-0.115982 0.524062 4.58257e-20)
(-0.131521 0.540683 -4.54914e-20)
(-0.147617 0.558664 0)
(-0.163678 0.577224 -8.45763e-20)
(-0.178793 0.595039 8.39615e-20)
(-0.191681 0.610059 0)
(-0.200684 0.619346 0)
(-0.20384 0.618969 0)
(-0.199082 0.60404 0)
(-0.184581 0.568933 0)
(-0.159231 0.507712 0)
(-0.123042 0.414732 -2.24249e-20)
(-0.0781734 0.28469 3.86306e-20)
(-0.0270009 0.113211 -2.90803e-21)
(0.0217431 0.108113 -7.12647e-21)
(0.0656869 0.274361 6.73068e-21)
(0.106531 0.402798 -6.43126e-21)
(0.141162 0.496981 0)
(0.16692 0.561105 0)
(0.18317 0.599889 0)
(0.190436 0.618527 0)
(0.190051 0.622159 3.27583e-20)
(0.183727 0.615428 -6.87014e-20)
(0.173208 0.602208 3.60446e-20)
(0.160053 0.585497 4.02946e-20)
(0.145528 0.567469 -4.05938e-20)
(0.130574 0.549592 0)
(0.115844 0.532776 4.3659e-20)
(0.101745 0.517527 -4.39559e-20)
(0.0884997 0.50407 0)
(0.0761973 0.492447 -2.23968e-20)
(0.064835 0.482594 2.2504e-20)
(0.0543521 0.474389 0)
(0.0446534 0.46769 0)
(0.0356249 0.462354 -1.1253e-20)
(0.0271447 0.45825 1.12806e-20)
(0.0190887 0.455269 -5.62657e-21)
(0.0113336 0.45333 2.82114e-21)
(0.003758 0.452374 2.81776e-21)
(-0.003758 0.452374 2.81776e-21)
(-0.0113336 0.45333 2.82114e-21)
(-0.0190887 0.455269 -5.62657e-21)
(-0.0271447 0.45825 1.12806e-20)
(-0.0356249 0.462354 -1.1253e-20)
(-0.0446534 0.46769 0)
(-0.0543521 0.474389 0)
(-0.064835 0.482594 2.2504e-20)
(-0.0761973 0.492447 -2.23968e-20)
(-0.0884997 0.50407 0)
(-0.101745 0.517527 -4.39559e-20)
(-0.115844 0.532776 4.3659e-20)
(-0.130574 0.549592 0)
(-0.145528 0.567469 -4.05938e-20)
(-0.160053 0.585497 4.02946e-20)
(-0.173208 0.602208 3.60446e-20)
(-0.183727 0.615428 -6.87014e-20)
(-0.190051 0.622159 3.27583e-20)
(-0.190436 0.618527 0)
(-0.18317 0.599889 0)
(-0.16692 0.561105 0)
(-0.141162 0.496981 0)
(-0.106531 0.402798 -6.43126e-21)
(-0.0656869 0.274361 6.73068e-21)
(-0.0217431 0.108113 7.12647e-21)
(0.0167215 0.102745 0)
(0.0537666 0.263351 0)
(0.0906119 0.389856 0)
(0.123523 0.484938 0)
(0.149407 0.551751 0)
(0.1671 0.594118 0)
(0.176607 0.6165 0)
(0.178804 0.62353 0)
(0.175052 0.619571 0)
(0.166871 0.608395 0)
(0.155703 0.593033 0)
(0.142772 0.575759 0)
(0.129038 0.558171 0)
(0.115198 0.54131 0)
(0.101716 0.525795 0)
(0.0888718 0.511943 0)
(0.076804 0.499865 0)
(0.0655533 0.489548 0)
(0.0550929 0.480902 0)
(0.0453536 0.473806 0)
(0.0362412 0.468129 0)
(0.0276477 0.46375 0)
(0.0194594 0.460562 0)
(0.0115602 0.458484 0)
(0.00383419 0.457459 0)
(-0.00383419 0.457459 0)
(-0.0115602 0.458484 0)
(-0.0194594 0.460562 0)
(-0.0276477 0.46375 0)
(-0.0362412 0.468129 0)
(-0.0453536 0.473806 0)
(-0.0550929 0.480902 0)
(-0.0655533 0.489548 0)
(-0.076804 0.499865 0)
(-0.0888718 0.511943 0)
(-0.101716 0.525795 0)
(-0.115198 0.54131 0)
(-0.129038 0.558171 0)
(-0.142772 0.575759 0)
(-0.155703 0.593033 0)
(-0.166871 0.608395 0)
(-0.175052 0.619571 0)
(-0.178804 0.62353 0)
(-0.176607 0.6165 0)
(-0.1671 0.594118 0)
(-0.149407 0.551751 0)
(-0.123523 0.484938 0)
(-0.0906119 0.389856 0)
(-0.0537666 0.263351 0)
(-0.0167215 0.102745 0)
(0.0119919 0.0970711 -1.5746e-20)
(0.0424952 0.251625 1.71451e-20)
(0.075383 0.375878 0)
(0.10643 0.471571 0)
(0.132177 0.540866 0)
(0.151017 0.586719 0)
(0.162498 0.612868 0)
(0.167074 0.623423 0)
(0.165772 0.622433 0)
(0.159878 0.613536 0)
(0.150698 0.599761 0)
(0.139403 0.583461 0)
(0.126952 0.566352 1.8767e-20)
(0.114073 0.5496 -1.89009e-20)
(0.10128 0.533939 0)
(0.0889024 0.519782 0)
(0.077129 0.507314 0)
(0.0660419 0.496576 0)
(0.0556489 0.487518 0)
(0.0459076 0.480044 0)
(0.0367444 0.474039 0)
(0.0280668 0.469391 0)
(0.0197722 0.465998 0)
(0.0117529 0.463783 0)
(0.00389921 0.462689 0)
(-0.00389921 0.462689 0)
(-0.0117529 0.463783 0)
(-0.0197722 0.465998 0)
(-0.0280668 0.469391 0)
(-0.0367444 0.474039 0)
(-0.0459076 0.480044 0)
(-0.0556489 0.487518 0)
(-0.0660419 0.496576 0)
(-0.077129 0.507314 0)
(-0.0889024 0.519782 0)
(-0.10128 0.533939 0)
(-0.114073 0.5496 -1.89009e-20)
(-0.126952 0.566352 1.8767e-20)
(-0.139403 0.583461 0)
(-0.150698 0.599761 0)
(-0.159878 0.613536 0)
(-0.165772 0.622433 0)
(-0.167074 0.623423 0)
(-0.162498 0.612868 0)
(-0.151017 0.586719 0)
(-0.132177 0.540866 0)
(-0.10643 0.471571 0)
(-0.075383 0.375878 0)
(-0.0424952 0.251625 1.71451e-20)
(-0.0119919 0.0970711 -1.5746e-20)
(0.00761785 0.091093 3.49774e-20)
(0.0319667 0.239194 -1.16267e-20)
(0.0609528 0.360877 0)
(0.0900019 0.456898 0)
(0.115361 0.528466 0)
(0.135059 0.577697 0)
(0.148246 0.607618 -7.96545e-21)
(0.154991 0.621806 -2.37443e-21)
(0.155999 0.623966 1.02829e-20)
(0.152321 0.617569 0)
(0.145114 0.605613 0)
(0.135478 0.590507 0)
(0.124357 0.574069 0)
(0.1125 0.557585 0)
(0.100458 0.541904 0)
(0.0886078 0.527536 -9.59158e-21)
(0.0771841 0.514748 9.64924e-21)
(0.0663096 0.503638 0)
(0.0560265 0.494201 0)
(0.0463201 0.48637 5.03937e-21)
(0.0371382 0.480051 -1.01268e-20)
(0.0284046 0.475141 5.08494e-21)
(0.0200289 0.47155 -2.55438e-21)
(0.0119127 0.469199 2.56009e-21)
(0.0039534 0.468038 0)
(-0.0039534 0.468038 0)
(-0.0119127 0.469199 2.56009e-21)
(-0.0200289 0.47155 -2.55438e-21)
(-0.0284046 0.475141 5.08495e-21)
(-0.0371382 0.480051 -1.01269e-20)
(-0.0463201 0.48637 5.03937e-21)
(-0.0560265 0.494201 0)
(-0.0663096 0.503638 0)
(-0.0771841 0.514748 9.64924e-21)
(-0.0886078 0.527536 -9.59158e-21)
(-0.100458 0.541904 0)
(-0.1125 0.557585 0)
(-0.124357 0.574069 0)
(-0.135478 0.590507 0)
(-0.145114 0.605613 0)
(-0.152321 0.617569 0)
(-0.155999 0.623966 1.02829e-20)
(-0.154991 0.621806 -2.37443e-21)
(-0.148246 0.607618 -7.96545e-21)
(-0.135059 0.577697 0)
(-0.115361 0.528466 0)
(-0.0900019 0.456898 0)
(-0.0609528 0.360877 0)
(-0.0319667 0.239194 -1.16267e-20)
(-0.00761785 0.091093 -1.36722e-20)
(0.00366308 0.0848474 0)
(0.0222763 0.22612 0)
(0.0474319 0.344911 0)
(0.0743585 0.440971 0)
(0.0990904 0.514588 0)
(0.119364 0.567072 0)
(0.133986 0.600749 0)
(0.142679 0.618654 0)
(0.145842 0.624126 -2.64639e-21)
(0.14429 0.620439 2.64963e-21)
(0.139023 0.610525 0)
(0.131054 0.596828 0)
(0.121298 0.581255 4.02428e-21)
(0.110511 0.565202 -4.05196e-21)
(0.0992744 0.549632 4.39351e-21)
(0.0880065 0.535154 -4.4226e-21)
(0.0769831 0.52212 -2.31403e-21)
(0.0663669 0.510692 -2.76209e-23)
(0.0562337 0.500913 4.75319e-21)
(0.0465971 0.49275 1.39988e-23)
(0.037427 0.486132 -3.63593e-21)
(0.0286643 0.480972 2.44188e-21)
(0.0202317 0.477186 -1.84017e-21)
(0.0120409 0.474704 3.07513e-22)
(0.00399718 0.473476 3.08692e-22)
(-0.00399718 0.473476 3.08692e-22)
(-0.0120409 0.474704 3.07513e-22)
(-0.0202317 0.477186 -1.84018e-21)
(-0.0286643 0.480972 2.44188e-21)
(-0.037427 0.486132 -3.63593e-21)
(-0.0465971 0.49275 1.39988e-23)
(-0.0562337 0.500913 4.75319e-21)
(-0.0663669 0.510692 -2.7621e-23)
(-0.0769831 0.52212 -2.31403e-21)
(-0.0880065 0.535154 -4.4226e-21)
(-0.0992744 0.549632 4.39351e-21)
(-0.110511 0.565202 -4.05195e-21)
(-0.121298 0.581255 4.02428e-21)
(-0.131054 0.596828 0)
(-0.139023 0.610525 0)
(-0.14429 0.620439 2.64963e-21)
(-0.145842 0.624126 -2.64639e-21)
(-0.142679 0.618654 0)
(-0.133986 0.600749 0)
(-0.119364 0.567072 0)
(-0.0990904 0.514588 0)
(-0.0743585 0.440971 0)
(-0.0474319 0.344911 0)
(-0.0222763 0.22612 0)
(-0.00366308 0.0848474 0)
(0.000183043 0.0784026 0)
(0.013512 0.21251 0)
(0.0349271 0.328085 -4.19287e-21)
(0.0596173 0.423876 4.04285e-21)
(0.0834907 0.499299 0)
(0.104061 0.554885 0)
(0.119848 0.592275 0)
(0.13026 0.613957 0)
(0.13541 0.622882 2.24487e-21)
(0.135877 0.622094 -2.24531e-21)
(0.132499 0.614437 0)
(0.12619 0.602362 0)
(0.11782 0.587847 0)
(0.108141 0.572392 0)
(0.0977564 0.557067 0)
(0.0871184 0.542586 0)
(0.0765415 0.529384 2.18451e-21)
(0.0662254 0.517696 3.45206e-23)
(0.0562797 0.507616 -2.24372e-21)
(0.0467458 0.499149 0)
(0.0376162 0.49225 -1.16111e-21)
(0.0288499 0.48685 1.16536e-21)
(0.0203834 0.482878 -5.88404e-22)
(0.0121391 0.480268 8.8541e-22)
(0.00403108 0.478975 -2.96088e-22)
(-0.00403108 0.478975 -2.96088e-22)
(-0.0121391 0.480268 8.8541e-22)
(-0.0203834 0.482878 -5.88404e-22)
(-0.0288499 0.48685 1.16536e-21)
(-0.0376162 0.49225 -1.16111e-21)
(-0.0467458 0.499149 0)
(-0.0562797 0.507616 -2.24372e-21)
(-0.0662254 0.517696 3.45206e-23)
(-0.0765415 0.529384 2.18452e-21)
(-0.0871184 0.542586 0)
(-0.0977564 0.557067 0)
(-0.108141 0.572392 0)
(-0.11782 0.587847 0)
(-0.12619 0.602362 0)
(-0.132499 0.614437 0)
(-0.135877 0.622094 -2.24531e-21)
(-0.13541 0.622882 2.24487e-21)
(-0.13026 0.613957 0)
(-0.119848 0.592275 0)
(-0.104061 0.554885 0)
(-0.0834907 0.499299 0)
(-0.0596173 0.423876 4.04285e-21)
(-0.0349271 0.328085 -4.19287e-21)
(-0.013512 0.21251 0)
(-0.000183043 0.0784026 0)
(-0.00278209 0.0718508 -5.14589e-20)
(0.00574449 0.198512 1.76652e-20)
(0.0235327 0.310543 0)
(0.0458882 0.405741 0)
(0.0686838 0.482698 0)
(0.0892796 0.541202 0)
(0.105958 0.582231 2.84899e-21)
(0.117853 0.607718 2.49154e-21)
(0.124807 0.62021 -5.28706e-21)
(0.127174 0.622496 0)
(0.125618 0.617297 0)
(0.120946 0.607049 0)
(0.113969 0.593785 0)
(0.105426 0.579095 0)
(0.0959316 0.564154 0)
(0.0859652 0.549779 7.95209e-21)
(0.0758758 0.536494 -8.00383e-21)
(0.0658984 0.524608 0)
(0.0561746 0.51427 0)
(0.0467739 0.50553 -4.36812e-21)
(0.0377118 0.498371 8.80942e-21)
(0.0289658 0.492745 -4.43915e-21)
(0.020487 0.488593 2.24737e-21)
(0.0122092 0.485861 -2.25392e-21)
(0.00405569 0.484506 0)
(-0.00405569 0.484506 0)
(-0.0122092 0.485861 -2.25392e-21)
(-0.020487 0.488593 2.24737e-21)
(-0.0289658 0.492745 -4.43915e-21)
(-0.0377118 0.498371 8.80942e-21)
(-0.0467739 0.50553 -4.36812e-21)
(-0.0561746 0.51427 0)
(-0.0658984 0.524608 0)
(-0.0758758 0.536494 -8.00383e-21)
(-0.0859652 0.549779 7.95209e-21)
(-0.0959316 0.564154 0)
(-0.105426 0.579095 0)
(-0.113969 0.593785 0)
(-0.120946 0.607049 0)
(-0.125618 0.617297 0)
(-0.127174 0.622496 0)
(-0.124807 0.62021 -5.28706e-21)
(-0.117853 0.607718 2.49154e-21)
(-0.105958 0.582231 2.84899e-21)
(-0.0892796 0.541202 0)
(-0.0686838 0.482698 0)
(-0.0458882 0.405741 0)
(-0.0235327 0.310543 0)
(-0.00574449 0.198512 1.76652e-20)
(0.00278209 0.0718508 1.93395e-20)
(-0.00521243 0.0652986 0)
(-0.000979472 0.1843 0)
(0.0133242 0.292465 0)
(0.0332677 0.386726 0)
(0.0547819 0.464913 0)
(0.0751394 0.526118 0)
(0.0924377 0.570673 0)
(0.105573 0.59996 0)
(0.11414 0.616105 0)
(0.11827 0.621615 0)
(0.118456 0.619061 0)
(0.115382 0.610838 0)
(0.109795 0.599013 0)
(0.102405 0.585256 0)
(0.0938295 0.570842 0)
(0.0845698 0.556687 0)
(0.0750041 0.543407 0)
(0.0653997 0.531387 0)
(0.0559294 0.52084 0)
(0.0466901 0.511859 0)
(0.0377206 0.504462 0)
(0.0290171 0.498625 0)
(0.0205459 0.494304 0)
(0.012253 0.491454 0)
(0.00407168 0.490038 0)
(-0.00407168 0.490038 0)
(-0.012253 0.491454 0)
(-0.0205459 0.494304 0)
(-0.0290171 0.498625 0)
(-0.0377206 0.504462 0)
(-0.0466901 0.511859 0)
(-0.0559294 0.52084 0)
(-0.0653997 0.531387 0)
(-0.0750041 0.543407 0)
(-0.0845698 0.556687 0)
(-0.0938295 0.570842 0)
(-0.102405 0.585256 0)
(-0.109795 0.599013 0)
(-0.115382 0.610838 0)
(-0.118456 0.619061 0)
(-0.11827 0.621615 0)
(-0.11414 0.616105 0)
(-0.105573 0.59996 0)
(-0.0924377 0.570673 0)
(-0.0751394 0.526118 0)
(-0.0547819 0.464913 0)
(-0.0332677 0.386726 0)
(-0.0133242 0.292465 0)
(0.000979472 0.1843 0)
(0.00521243 0.0652986 0)
(-0.00711037 0.0588556 0)
(-0.00664208 0.170061 0)
(0.00435174 0.274055 0)
(0.0218338 0.36702 0)
(0.0418836 0.446105 0)
(0.0617519 0.509755 0)
(0.0794032 0.557682 0)
(0.0935327 0.590727 0)
(0.10351 0.610577 0)
(0.109256 0.619435 0)
(0.111086 0.619695 0)
(0.10956 0.613684 0)
(0.105345 0.603483 0)
(0.0991146 0.590826 0)
(0.0914802 0.577082 0)
(0.0829558 0.563263 0)
(0.0739448 0.55008 0)
(0.0647441 0.537996 0)
(0.0555558 0.52729 0)
(0.0465036 0.518104 0)
(0.0376494 0.510494 0)
(0.0290089 0.504461 0)
(0.0205638 0.499981 0)
(0.0122728 0.497019 0)
(0.00407974 0.495546 0)
(-0.00407974 0.495546 0)
(-0.0122728 0.497019 0)
(-0.0205638 0.499981 0)
(-0.0290089 0.504461 0)
(-0.0376494 0.510494 0)
(-0.0465036 0.518104 0)
(-0.0555558 0.52729 0)
(-0.0647441 0.537996 0)
(-0.0739448 0.55008 0)
(-0.0829558 0.563263 0)
(-0.0914802 0.577082 0)
(-0.0991146 0.590826 0)
(-0.105345 0.603483 0)
(-0.10956 0.613684 0)
(-0.111086 0.619695 0)
(-0.109256 0.619435 0)
(-0.10351 0.610577 0)
(-0.0935327 0.590727 0)
(-0.0794032 0.557682 0)
(-0.0617519 0.509755 0)
(-0.0418836 0.446105 0)
(-0.0218338 0.36702 0)
(-0.00435174 0.274055 0)
(0.00664208 0.170061 0)
(0.00711037 0.0588556 0)
(-0.00849953 0.0526258 7.62918e-20)
(-0.0112553 0.15599 6.48509e-20)
(-0.00336212 0.255532 -6.24119e-20)
(0.0116429 0.346834 0)
(0.0300722 0.426458 0)
(0.0492177 0.492259 0)
(0.0669625 0.543367 0)
(0.0818393 0.580085 -3.18908e-21)
(0.0930182 0.603657 1.0566e-20)
(0.100219 0.615959 -7.37412e-21)
(0.103584 0.61918 -1.44736e-20)
(0.103541 0.615554 1.45081e-20)
(0.10067 0.607152 0)
(0.0955958 0.595761 -2.20104e-20)
(0.0889149 0.58283 2.21541e-20)
(0.0811476 0.569467 0)
(0.0727174 0.556475 1.33267e-20)
(0.0639469 0.544399 -1.34151e-20)
(0.0550658 0.533586 0)
(0.0462237 0.524234 0)
(0.0375058 0.516437 7.46969e-21)
(0.0289467 0.510228 -7.5044e-21)
(0.0205444 0.505599 3.8318e-21)
(0.0122707 0.502532 -1.91513e-21)
(0.00408061 0.501005 -1.93605e-21)
(-0.00408061 0.501005 -1.93605e-21)
(-0.0122707 0.502532 -1.91513e-21)
(-0.0205444 0.505599 3.8318e-21)
(-0.0289467 0.510228 -7.5044e-21)
(-0.0375058 0.516437 7.4697e-21)
(-0.0462237 0.524234 0)
(-0.0550658 0.533586 0)
(-0.0639469 0.544399 -1.34151e-20)
(-0.0727174 0.556475 1.33267e-20)
(-0.0811476 0.569467 0)
(-0.0889149 0.58283 2.21541e-20)
(-0.0955958 0.595761 -2.20104e-20)
(-0.10067 0.607152 0)
(-0.103541 0.615554 1.45081e-20)
(-0.103584 0.61918 -1.44736e-20)
(-0.100219 0.615959 -7.37412e-21)
(-0.0930182 0.603657 1.0566e-20)
(-0.0818393 0.580085 -3.18908e-21)
(-0.0669625 0.543367 0)
(-0.0492177 0.492259 0)
(-0.0300722 0.426458 0)
(-0.0116429 0.346834 0)
(0.00336212 0.255532 -6.24119e-20)
(0.0112553 0.15599 6.48509e-20)
(0.00849953 0.0526258 -7.62918e-20)
(-0.00942142 0.0466986 -1.45125e-19)
(-0.0148598 0.142266 1.42919e-19)
(-0.00982414 0.237116 -6.29122e-20)
(0.00272653 0.326394 0)
(0.0194115 0.406179 0)
(0.0376232 0.473805 0)
(0.0552142 0.527858 0)
(0.0705943 0.568123 0)
(0.0827605 0.595395 0)
(0.0912465 0.611204 -1.80981e-20)
(0.0960256 0.61751 1.80747e-20)
(0.0973888 0.616425 0)
(0.0958201 0.609989 1.77081e-20)
(0.0918883 0.600024 -1.78038e-20)
(0.0861652 0.588048 0)
(0.0791704 0.575261 0)
(0.0713414 0.562556 0)
(0.0630235 0.550563 0)
(0.0544716 0.5397 1.33448e-20)
(0.0458603 0.530221 -1.34244e-20)
(0.037297 0.522266 0)
(0.028836 0.515898 7.12884e-21)
(0.0204916 0.511135 -7.15943e-21)
(0.0122491 0.50797 0)
(0.00407504 0.506392 0)
(-0.00407504 0.506392 0)
(-0.0122491 0.50797 0)
(-0.0204916 0.511135 -7.15943e-21)
(-0.028836 0.515898 7.12884e-21)
(-0.037297 0.522266 0)
(-0.0458603 0.530221 -1.34244e-20)
(-0.0544716 0.5397 1.33448e-20)
(-0.0630235 0.550563 0)
(-0.0713414 0.562556 0)
(-0.0791704 0.575261 0)
(-0.0861652 0.588048 0)
(-0.0918883 0.600024 -1.78038e-20)
(-0.0958201 0.609989 1.77081e-20)
(-0.0973888 0.616425 0)
(-0.0960256 0.61751 1.80747e-20)
(-0.0912465 0.611204 -1.80981e-20)
(-0.0827605 0.595395 0)
(-0.0705943 0.568123 0)
(-0.0552142 0.527858 0)
(-0.0376232 0.473805 0)
(-0.0194115 0.406179 0)
(-0.00272653 0.326394 0)
(0.00982414 0.237116 -6.29122e-20)
(0.0148598 0.142266 1.42919e-19)
(0.00942142 0.0466986 5.39632e-21)
(-0.0099305 0.0411407 0)
(-0.0175226 0.129044 6.4582e-20)
(-0.0150722 0.219011 -6.24103e-20)
(-0.00491345 0.305919 0)
(0.00993909 0.385477 0)
(0.0270333 0.454574 0)
(0.0442399 0.511303 0)
(0.0598862 0.554949 0)
(0.0728244 0.58586 7.18021e-21)
(0.0824192 0.605206 -7.13677e-21)
(0.0884805 0.614693 -2.06864e-20)
(0.0911614 0.616287 -5.65565e-21)
(0.0908436 0.611973 2.64481e-20)
(0.0880309 0.603586 0)
(0.083262 0.592706 0)
(0.0770484 0.580615 0)
(0.0698362 0.568296 2.27118e-20)
(0.0619894 0.556463 -2.28681e-20)
(0.0537855 0.545607 0)
(0.0454227 0.536044 0)
(0.0370305 0.52796 1.31152e-20)
(0.0286824 0.521454 -6.50095e-21)
(0.0204092 0.516568 6.1795e-23)
(0.0122102 0.513313 -6.79885e-21)
(0.00406378 0.511688 0)
(-0.00406378 0.511688 0)
(-0.0122102 0.513313 -6.79885e-21)
(-0.0204092 0.516568 6.17948e-23)
(-0.0286824 0.521454 -6.50095e-21)
(-0.0370305 0.52796 1.31152e-20)
(-0.0454227 0.536044 0)
(-0.0537855 0.545607 0)
(-0.0619894 0.556463 -2.28681e-20)
(-0.0698362 0.568296 2.27118e-20)
(-0.0770484 0.580615 0)
(-0.083262 0.592706 0)
(-0.0880309 0.603586 0)
(-0.0908436 0.611973 2.64481e-20)
(-0.0911614 0.616287 -5.65564e-21)
(-0.0884805 0.614693 -2.06864e-20)
(-0.0824192 0.605206 -7.13677e-21)
(-0.0728244 0.58586 7.18021e-21)
(-0.0598862 0.554949 0)
(-0.0442399 0.511303 0)
(-0.0270333 0.454574 0)
(-0.00993909 0.385477 0)
(0.00491345 0.305919 0)
(0.0150722 0.219011 -6.24103e-20)
(0.0175226 0.129044 6.4582e-20)
(0.0099305 0.0411407 0)
(-0.0100881 0.0359968 -1.40331e-19)
(-0.0193288 0.116448 0)
(-0.0191687 0.201394 -5.08854e-20)
(-0.0113009 0.285613 4.92902e-20)
(0.00166946 0.364558 0)
(0.0174932 0.434758 0)
(0.0341056 0.493859 1.15345e-20)
(0.0497912 0.540683 -1.13459e-20)
(0.0632881 0.575135 -4.08697e-21)
(0.0738109 0.598014 -6.86263e-21)
(0.0810146 0.610752 -6.21706e-21)
(0.0849149 0.615142 -5.53853e-21)
(0.0857866 0.613091 2.27051e-20)
(0.0840608 0.606429 -1.59423e-20)
(0.0802349 0.596782 -1.78877e-21)
(0.074805 0.585506 -1.50588e-21)
(0.0682203 0.573671 -1.25241e-21)
(0.060859 0.562076 -1.02856e-21)
(0.053019 0.551287 2.21575e-20)
(0.0449202 0.541683 1.18988e-20)
(0.0367133 0.533502 -1.1968e-20)
(0.0284911 0.52688 0)
(0.0203009 0.521886 0)
(0.0121562 0.518549 -3.19922e-21)
(0.00404754 0.51688 3.21026e-21)
(-0.00404754 0.51688 3.21026e-21)
(-0.0121562 0.518549 -3.19922e-21)
(-0.0203009 0.521886 0)
(-0.0284911 0.52688 0)
(-0.0367133 0.533502 -1.1968e-20)
(-0.0449202 0.541683 1.18988e-20)
(-0.053019 0.551287 2.21575e-20)
(-0.060859 0.562076 -1.02856e-21)
(-0.0682203 0.573671 -1.25241e-21)
(-0.074805 0.585506 -1.50588e-21)
(-0.0802349 0.596782 -1.78877e-21)
(-0.0840608 0.606429 -1.59423e-20)
(-0.0857866 0.613091 2.27051e-20)
(-0.0849149 0.615142 -5.53853e-21)
(-0.0810146 0.610752 -6.21705e-21)
(-0.0738109 0.598014 -6.86263e-21)
(-0.0632881 0.575135 -4.08697e-21)
(-0.0497912 0.540683 -1.13459e-20)
(-0.0341056 0.493859 1.15345e-20)
(-0.0174932 0.434758 0)
(-0.00166946 0.364558 0)
(0.0113009 0.285613 4.92902e-20)
(0.0191687 0.201394 -5.08854e-20)
(0.0193288 0.116448 0)
(0.0100881 0.0359968 1.40331e-19)
(-0.00995733 0.0312902 0)
(-0.0203752 0.104572 0)
(-0.0221948 0.184421 0)
(-0.0164806 0.265669 0)
(-0.00540285 0.343629 3.02287e-20)
(0.00903132 0.414549 -2.9453e-20)
(0.0248641 0.475698 0)
(0.0403766 0.525462 -5.61573e-21)
(0.0542238 0.563321 5.5454e-21)
(0.0654916 0.589695 0)
(0.0736913 0.605723 0)
(0.0787041 0.613004 -1.92427e-20)
(0.0806947 0.613342 1.92819e-20)
(0.0800147 0.60854 2.82969e-20)
(0.0771131 0.600258 -4.44694e-20)
(0.0724633 0.589915 -1.51921e-21)
(0.066512 0.578663 1.77597e-20)
(0.0596469 0.567385 0)
(0.0521835 0.556724 0)
(0.0443617 0.547126 1.10203e-20)
(0.0363525 0.53888 -1.10862e-20)
(0.0282674 0.532163 0)
(0.0201702 0.527075 0)
(0.012089 0.523666 0)
(0.00402702 0.521957 0)
(-0.00402702 0.521957 0)
(-0.012089 0.523666 0)
(-0.0201702 0.527075 0)
(-0.0282674 0.532163 0)
(-0.0363525 0.53888 -1.10862e-20)
(-0.0443617 0.547126 1.10203e-20)
(-0.0521835 0.556724 0)
(-0.0596469 0.567385 0)
(-0.066512 0.578663 1.77597e-20)
(-0.0724633 0.589915 -1.51921e-21)
(-0.0771131 0.600258 -4.44694e-20)
(-0.0800147 0.60854 2.82969e-20)
(-0.0806947 0.613342 1.92819e-20)
(-0.0787041 0.613004 -1.92427e-20)
(-0.0736913 0.605723 0)
(-0.0654916 0.589695 0)
(-0.0542238 0.563321 5.54539e-21)
(-0.0403766 0.525462 -5.61572e-21)
(-0.0248641 0.475698 0)
(-0.00903132 0.414549 -2.9453e-20)
(0.00540285 0.343629 3.02287e-20)
(0.0164806 0.265669 0)
(0.0221948 0.184421 0)
(0.0203752 0.104572 0)
(0.00995733 0.0312902 0)
(-0.00959852 0.0270246 0)
(-0.0207639 0.0934746 -1.15803e-19)
(-0.0242458 0.168214 1.6837e-20)
(-0.0205164 0.246255 1.70641e-19)
(-0.0113034 0.322879 -7.53543e-20)
(0.00165751 0.394141 0)
(0.0165526 0.456994 -1.44538e-20)
(0.0316971 0.509433 2.15597e-20)
(0.0456944 0.550528 -8.02074e-21)
(0.057525 0.580325 7.48316e-22)
(0.06657 0.599655 0)
(0.0725811 0.609898 1.6153e-20)
(0.0756114 0.612732 4.62227e-21)
(0.0759282 0.609917 -2.08713e-20)
(0.0739249 0.603124 0)
(0.0700458 0.593828 0)
(0.0647286 0.583258 0)
(0.0583668 0.572377 0)
(0.0512897 0.561906 1.95038e-20)
(0.0437555 0.552359 -1.96319e-20)
(0.0359543 0.544082 0)
(0.0280159 0.537294 1.07706e-20)
(0.0200206 0.532128 -1.08239e-20)
(0.0120109 0.528655 2.77463e-21)
(0.00400286 0.526911 -2.7848e-21)
(-0.00400286 0.526911 -2.7848e-21)
(-0.0120109 0.528655 2.77463e-21)
(-0.0200206 0.532128 -1.08239e-20)
(-0.0280159 0.537294 1.07706e-20)
(-0.0359543 0.544082 0)
(-0.0437555 0.552359 -1.96319e-20)
(-0.0512897 0.561906 1.95038e-20)
(-0.0583668 0.572377 0)
(-0.0647286 0.583258 0)
(-0.0700458 0.593828 0)
(-0.0739249 0.603124 0)
(-0.0759282 0.609917 -2.08713e-20)
(-0.0756114 0.612732 4.62227e-21)
(-0.0725811 0.609898 1.6153e-20)
(-0.06657 0.599655 0)
(-0.057525 0.580325 7.48316e-22)
(-0.0456944 0.550528 -8.02074e-21)
(-0.0316971 0.509433 2.15597e-20)
(-0.0165526 0.456994 -1.44538e-20)
(-0.00165752 0.394141 0)
(0.0113034 0.322879 -7.53543e-20)
(0.0205164 0.246255 1.70641e-19)
(0.0242458 0.168214 1.6837e-20)
(0.0207639 0.0934746 -1.15803e-19)
(0.00959851 0.0270246 0)
(-0.00906672 0.0231879 0)
(-0.0205973 0.0831861 0)
(-0.0254257 0.15286 0)
(-0.0234874 0.227511 0)
(-0.0160756 0.302481 0)
(-0.0046359 0.373716 0)
(0.00919309 0.43792 0)
(0.0237949 0.492747 0)
(0.0377535 0.53688 0)
(0.0499679 0.569995 0)
(0.0597051 0.592606 8.47841e-21)
(0.0665945 0.605858 -8.45798e-21)
(0.0705782 0.61128 0)
(0.0718351 0.610562 0)
(0.0706974 0.605375 0)
(0.0675737 0.597238 0)
(0.0628871 0.587445 0)
(0.0570318 0.57704 0)
(0.050348 0.566823 0)
(0.0431098 0.557375 0)
(0.0355251 0.549101 0)
(0.0277413 0.542267 0)
(0.0198551 0.537038 0)
(0.0119235 0.533511 0)
(0.00397569 0.531737 0)
(-0.00397569 0.531737 0)
(-0.0119235 0.533511 0)
(-0.0198551 0.537038 0)
(-0.0277413 0.542267 0)
(-0.0355251 0.549101 0)
(-0.0431098 0.557375 0)
(-0.050348 0.566823 0)
(-0.0570318 0.57704 0)
(-0.0628871 0.587445 0)
(-0.0675737 0.597238 0)
(-0.0706974 0.605375 0)
(-0.0718351 0.610562 0)
(-0.0705782 0.61128 0)
(-0.0665945 0.605858 -8.45798e-21)
(-0.0597051 0.592606 8.47841e-21)
(-0.0499679 0.569995 0)
(-0.0377535 0.53688 0)
(-0.0237949 0.492747 0)
(-0.00919309 0.43792 0)
(0.00463589 0.373716 0)
(0.0160756 0.302481 0)
(0.0234874 0.227511 0)
(0.0254257 0.15286 0)
(0.0205973 0.0831861 0)
(0.00906672 0.0231879 0)
(-0.00840995 0.0197562 1.06431e-19)
(-0.0199734 0.0737084 0)
(-0.0258423 0.138416 0)
(-0.0254833 0.209544 0)
(-0.0197776 0.282582 5.7164e-20)
(-0.00987255 0.353442 -5.57402e-20)
(0.00279229 0.418647 0)
(0.0166997 0.475557 0)
(0.0304445 0.522504 0)
(0.0428699 0.558803 1.30819e-21)
(0.053146 0.584648 -1.2991e-21)
(0.0607894 0.60093 0)
(0.0656338 0.609008 0)
(0.0677677 0.610487 0)
(0.0674566 0.607015 -2.24332e-20)
(0.0650675 0.60014 2.25595e-20)
(0.0610032 0.59122 0)
(0.0556543 0.58137 0)
(0.0493679 0.571469 0)
(0.0424318 0.562168 0)
(0.0350704 0.553932 0)
(0.0274478 0.547076 0)
(0.0196767 0.541802 0)
(0.0118286 0.538231 0)
(0.00394606 0.536431 0)
(-0.00394606 0.536431 0)
(-0.0118286 0.538231 0)
(-0.0196767 0.541802 0)
(-0.0274478 0.547076 0)
(-0.0350704 0.553932 0)
(-0.0424318 0.562168 0)
(-0.0493679 0.571469 0)
(-0.0556543 0.58137 0)
(-0.0610032 0.59122 0)
(-0.0650675 0.60014 2.25595e-20)
(-0.0674566 0.607015 -2.24332e-20)
(-0.0677677 0.610487 0)
(-0.0656338 0.609008 0)
(-0.0607894 0.60093 0)
(-0.053146 0.584648 -1.29911e-21)
(-0.0428699 0.558803 1.30819e-21)
(-0.0304445 0.522504 0)
(-0.0166997 0.475557 0)
(-0.00279229 0.418647 0)
(0.00987255 0.353442 -5.57402e-20)
(0.0197776 0.282582 5.7164e-20)
(0.0254833 0.209544 0)
(0.0258423 0.138416 0)
(0.0199734 0.0737084 0)
(0.00840995 0.0197562 -1.06431e-19)
(-0.00766874 0.0166981 9.68591e-20)
(-0.0189836 0.0650212 0)
(-0.0256035 0.124907 8.0381e-20)
(-0.0266014 0.192435 -1.12746e-20)
(-0.0224798 0.263305 -1.20095e-19)
(-0.0140902 0.333469 9.57419e-20)
(-0.00265683 0.399332 -4.15669e-20)
(0.0104288 0.458014 0)
(0.023801 0.507532 5.07861e-21)
(0.0362728 0.546855 -5.01842e-21)
(0.0469364 0.575857 0)
(0.0552071 0.595165 0)
(0.0608148 0.605951 0)
(0.0637563 0.609709 -1.63191e-20)
(0.064227 0.608049 3.60309e-20)
(0.0625466 0.602537 -1.97536e-20)
(0.0590922 0.594579 -1.26348e-20)
(0.054246 0.585363 1.27197e-20)
(0.0483585 0.57584 0)
(0.0417288 0.566735 1.55862e-20)
(0.0345957 0.558574 -2.38144e-20)
(0.0271395 0.551721 8.17669e-21)
(0.0194881 0.546418 4.2945e-21)
(0.0117279 0.542814 -2.13464e-21)
(0.00391453 0.540993 -2.18795e-21)
(-0.00391453 0.540993 -2.18795e-21)
(-0.0117279 0.542814 -2.13465e-21)
(-0.0194881 0.546418 4.2945e-21)
(-0.0271395 0.551721 8.17669e-21)
(-0.0345957 0.558574 -2.38144e-20)
(-0.0417288 0.566735 1.55862e-20)
(-0.0483585 0.57584 0)
(-0.054246 0.585363 1.27197e-20)
(-0.0590922 0.594579 -1.26348e-20)
(-0.0625466 0.602537 -1.97536e-20)
(-0.064227 0.608049 3.60309e-20)
(-0.0637563 0.609709 -1.63191e-20)
(-0.0608148 0.605951 0)
(-0.0552071 0.595165 0)
(-0.0469364 0.575857 0)
(-0.0362728 0.546855 -5.01842e-21)
(-0.023801 0.507532 5.07861e-21)
(-0.0104288 0.458014 0)
(0.00265683 0.399332 -4.15669e-20)
(0.0140902 0.333469 9.57419e-20)
(0.0224798 0.263305 -1.20095e-19)
(0.0266014 0.192435 -1.12746e-20)
(0.0256035 0.124907 8.0381e-20)
(0.0189836 0.0650212 0)
(0.00766874 0.0166981 -9.68591e-20)
(-0.0068767 0.0139787 0)
(-0.0177112 0.0570882 8.60033e-20)
(-0.0248146 0.112333 -8.44494e-20)
(-0.0269427 0.176231 0)
(-0.0242617 0.244746 5.13881e-20)
(-0.0173389 0.313927 -9.0854e-20)
(-0.00717423 0.380121 3.9778e-20)
(0.00498748 0.440264 0)
(0.0178466 0.492093 -5.86676e-21)
(0.0302107 0.534259 7.26565e-21)
(0.0411145 0.566318 1.25779e-21)
(0.049885 0.588624 -2.7043e-21)
(0.0561545 0.602146 0)
(0.0598294 0.608251 0)
(0.0610317 0.608491 -1.70667e-20)
(0.0600292 0.604433 1.71493e-20)
(0.0571683 0.597525 0)
(0.0528179 0.589018 1.23609e-20)
(0.0473285 0.579936 -2.57667e-20)
(0.0410072 0.571075 1.34111e-20)
(0.034106 0.563025 0)
(0.0268199 0.556202 7.65736e-21)
(0.019292 0.550888 -7.69788e-21)
(0.0116228 0.54726 0)
(0.00388159 0.545423 0)
(-0.00388159 0.545423 0)
(-0.0116228 0.54726 0)
(-0.019292 0.550888 -7.69788e-21)
(-0.0268199 0.556202 7.65736e-21)
(-0.034106 0.563025 0)
(-0.0410072 0.571075 1.34111e-20)
(-0.0473285 0.579936 -2.57667e-20)
(-0.0528179 0.589018 1.23609e-20)
(-0.0571683 0.597525 0)
(-0.0600292 0.604433 1.71493e-20)
(-0.0610317 0.608491 -1.70667e-20)
(-0.0598294 0.608251 0)
(-0.0561545 0.602146 0)
(-0.049885 0.588624 -2.7043e-21)
(-0.0411145 0.566318 1.25779e-21)
(-0.0302107 0.534259 7.26565e-21)
(-0.0178466 0.492093 -5.86676e-21)
(-0.00498748 0.440264 0)
(0.00717423 0.380121 3.9778e-20)
(0.0173389 0.313927 -9.0854e-20)
(0.0242617 0.244746 5.13881e-20)
(0.0269427 0.176231 0)
(0.0248146 0.112333 -8.44494e-20)
(0.0177112 0.0570882 8.60033e-20)
(0.0068767 0.0139787 0)
(-0.00606163 0.0115633 0)
(-0.0162316 0.0498621 0)
(-0.0235767 0.100673 6.76656e-20)
(-0.0266105 0.160956 -6.6297e-20)
(-0.0252103 0.226975 4.77867e-20)
(-0.0196793 0.294921 -8.30436e-21)
(-0.0107917 0.361143 -3.75174e-20)
(0.00036983 0.422441 2.09317e-20)
(0.0125947 0.476317 -3.33464e-20)
(0.0247097 0.521125 1.26001e-20)
(0.0357122 0.556118 -1.33542e-21)
(0.0448559 0.581373 -3.64359e-21)
(0.0516835 0.59764 4.9578e-21)
(0.0560133 0.606142 -1.16705e-20)
(0.0578923 0.608357 -2.97263e-21)
(0.0575326 0.605837 1.47377e-20)
(0.055245 0.600061 -1.98659e-20)
(0.0513805 0.592336 3.10066e-20)
(0.0462858 0.583758 -1.10881e-20)
(0.0402733 0.57519 1.27405e-20)
(0.0336061 0.567287 -1.28216e-20)
(0.0264927 0.56052 0)
(0.0190908 0.555212 -7.13907e-21)
(0.0115149 0.551573 3.54116e-21)
(0.00384773 0.549725 3.64561e-21)
(-0.00384773 0.549725 3.64561e-21)
(-0.0115149 0.551573 3.54116e-21)
(-0.0190908 0.555212 -7.13907e-21)
(-0.0264927 0.56052 0)
(-0.0336061 0.567287 -1.28216e-20)
(-0.0402733 0.57519 1.27405e-20)
(-0.0462858 0.583758 -1.10881e-20)
(-0.0513805 0.592336 3.10066e-20)
(-0.055245 0.600061 -1.98659e-20)
(-0.0575326 0.605837 1.47377e-20)
(-0.0578923 0.608357 -2.97263e-21)
(-0.0560133 0.606142 -1.16705e-20)
(-0.0516835 0.59764 4.9578e-21)
(-0.0448559 0.581373 -3.64359e-21)
(-0.0357122 0.556118 -1.33542e-21)
(-0.0247097 0.521125 1.26001e-20)
(-0.0125947 0.476317 -3.33464e-20)
(-0.00036983 0.422441 2.09317e-20)
(0.0107917 0.361143 -3.75174e-20)
(0.0196793 0.294921 -8.30436e-21)
(0.0252103 0.226975 4.77867e-20)
(0.0266105 0.160956 -6.6297e-20)
(0.0235767 0.100673 6.76656e-20)
(0.0162316 0.0498621 0)
(0.00606163 0.0115633 0)
(-0.0052468 0.00941947 6.66446e-20)
(-0.0146135 0.0432904 -1.4447e-19)
(-0.0219866 0.0898886 7.47189e-21)
(-0.0257089 0.14661 5.98254e-20)
(-0.0254186 0.210034 0)
(-0.0211815 0.276536 0)
(-0.0135523 0.34251 -2.78913e-20)
(-0.00344132 0.404671 6.84195e-21)
(0.00804922 0.460326 6.77798e-21)
(0.0197877 0.507565 1.3153e-20)
(0.0307554 0.545349 1.80136e-22)
(0.0401483 0.57348 -1.78888e-22)
(0.0474292 0.592482 -6.63267e-21)
(0.0523322 0.603415 1.62716e-20)
(0.0548291 0.607668 -9.66124e-21)
(0.0550731 0.606762 1.50542e-20)
(0.0533351 0.602194 2.26728e-21)
(0.0499439 0.595323 -7.76505e-21)
(0.0452382 0.587307 -2.04504e-20)
(0.0395332 0.57908 2.21294e-20)
(0.0331006 0.571362 -2.35315e-20)
(0.0261614 0.564678 1.21168e-20)
(0.0188869 0.559396 -6.45597e-21)
(0.0114055 0.555756 3.19843e-21)
(0.00381343 0.553902 3.30093e-21)
(-0.00381343 0.553902 3.30093e-21)
(-0.0114055 0.555756 3.19844e-21)
(-0.0188869 0.559396 -6.45597e-21)
(-0.0261614 0.564678 1.21168e-20)
(-0.0331006 0.571362 -2.35315e-20)
(-0.0395332 0.57908 2.21294e-20)
(-0.0452382 0.587307 -2.04504e-20)
(-0.0499439 0.595323 -7.76504e-21)
(-0.0533351 0.602194 2.26728e-21)
(-0.0550731 0.606762 1.50542e-20)
(-0.0548291 0.607668 -9.66124e-21)
(-0.0523322 0.603415 1.62716e-20)
(-0.0474292 0.592482 -6.63267e-21)
(-0.0401483 0.57348 -1.78889e-22)
(-0.0307554 0.545349 1.80137e-22)
(-0.0197877 0.507565 1.3153e-20)
(-0.00804922 0.460326 6.77798e-21)
(0.00344132 0.404671 6.84195e-21)
(0.0135523 0.34251 -2.78913e-20)
(0.0211815 0.276536 0)
(0.0254186 0.210034 0)
(0.0257089 0.14661 5.98254e-20)
(0.0219866 0.0898886 7.47189e-21)
(0.0146135 0.0432904 -1.4447e-19)
(0.0052468 0.00941947 6.66446e-20)
(-0.00445243 0.00752017 0)
(-0.0129202 0.0373194 0)
(-0.0201373 0.079933 0)
(-0.0243424 0.133172 0)
(-0.0249846 0.193944 0)
(-0.0219247 0.258833 0)
(-0.0155099 0.324315 0)
(-0.00647434 0.387064 0)
(0.00420355 0.444234 0)
(0.0154544 0.493685 0)
(0.0262635 0.534102 0)
(0.0357858 0.565019 2.15932e-21)
(0.0434156 0.586726 -2.14986e-21)
(0.0488082 0.600109 0)
(0.0518611 0.606449 0)
(0.0526662 0.607223 0)
(0.0514509 0.603935 -1.50825e-20)
(0.0485175 0.597984 1.51699e-20)
(0.0441933 0.590588 0)
(0.0387927 0.582751 0)
(0.0325941 0.575254 -1.07606e-20)
(0.0258295 0.56868 1.08241e-20)
(0.0186829 0.563441 -5.80019e-21)
(0.0112963 0.559813 2.86966e-21)
(0.00377919 0.557959 2.96965e-21)
(-0.00377919 0.557959 2.96965e-21)
(-0.0112963 0.559813 2.86966e-21)
(-0.0186829 0.563441 -5.80019e-21)
(-0.0258295 0.56868 1.08241e-20)
(-0.0325941 0.575254 -1.07606e-20)
(-0.0387927 0.582751 0)
(-0.0441933 0.590588 0)
(-0.0485175 0.597984 1.51699e-20)
(-0.0514509 0.603935 -1.50825e-20)
(-0.0526662 0.607223 0)
(-0.0518611 0.606449 0)
(-0.0488082 0.600109 0)
(-0.0434156 0.586726 -2.14986e-21)
(-0.0357858 0.565019 2.15932e-21)
(-0.0262635 0.534102 0)
(-0.0154544 0.493685 0)
(-0.00420355 0.444234 0)
(0.00647434 0.387064 0)
(0.0155099 0.324315 0)
(0.0219247 0.258833 0)
(0.0249846 0.193944 0)
(0.0243424 0.133172 0)
(0.0201373 0.079933 0)
(0.0129202 0.0373194 0)
(0.00445243 0.00752017 0)
(-0.00369663 0.00584448 -5.06915e-22)
(-0.0112111 0.0318988 -1.08674e-19)
(-0.0181187 0.0707523 5.00314e-21)
(-0.0226162 0.120609 8.77822e-20)
(-0.024012 0.178706 -7.56921e-20)
(-0.0219973 0.24185 5.11818e-21)
(-0.01673 0.30663 2.87203e-20)
(-0.00876954 0.369715 1.84976e-20)
(0.00104015 0.428148 -1.81559e-20)
(0.0117097 0.479587 0)
(0.0222482 0.522469 0)
(0.0317867 0.556065 0)
(0.0396631 0.580429 -3.58994e-21)
(0.0454611 0.596263 9.68694e-21)
(0.0490056 0.604726 2.41553e-21)
(0.0503266 0.607238 -8.54731e-21)
(0.0496044 0.605293 0)
(0.0471112 0.600325 0)
(0.0431589 0.593607 0)
(0.0380582 0.586206 8.94294e-21)
(0.0320917 0.578967 -8.99847e-21)
(0.0255008 0.57253 4.9992e-21)
(0.0184815 0.567355 -5.02592e-21)
(0.0111887 0.563749 0)
(0.00374557 0.561902 0)
(-0.00374557 0.561902 0)
(-0.0111887 0.563749 0)
(-0.0184815 0.567355 -5.02592e-21)
(-0.0255008 0.57253 4.9992e-21)
(-0.0320917 0.578967 -8.99848e-21)
(-0.0380582 0.586206 8.94294e-21)
(-0.0431589 0.593607 0)
(-0.0471112 0.600325 0)
(-0.0496044 0.605293 0)
(-0.0503266 0.607238 -8.54731e-21)
(-0.0490056 0.604726 2.41553e-21)
(-0.0454611 0.596263 9.68694e-21)
(-0.0396631 0.580429 -3.58994e-21)
(-0.0317867 0.556065 0)
(-0.0222482 0.522469 0)
(-0.0117097 0.479587 0)
(-0.00104015 0.428148 -1.81559e-20)
(0.00876954 0.369715 1.84976e-20)
(0.01673 0.30663 2.87203e-20)
(0.0219973 0.24185 5.11818e-21)
(0.024012 0.178706 -7.56921e-20)
(0.0226162 0.120609 8.77822e-20)
(0.0181187 0.0707523 5.00314e-21)
(0.0112111 0.0318988 -1.08674e-19)
(0.00369663 0.00584448 9.97375e-20)
(-0.00299591 0.0043785 0)
(-0.00954218 0.0269846 -4.46569e-20)
(-0.0160177 0.0622917 3.89209e-21)
(-0.020636 0.108877 3.97624e-20)
(-0.0226098 0.164304 3.06388e-20)
(-0.0214975 0.225606 -4.13784e-21)
(-0.0172907 0.289508 -3.95168e-21)
(-0.0103807 0.352704 -3.84657e-21)
(-0.0014712 0.412161 -1.67743e-20)
(0.0085432 0.465368 8.68229e-21)
(0.0187133 0.510537 -1.07488e-20)
(0.0281634 0.546691 2.11721e-21)
(0.0361882 0.573649 -2.26064e-21)
(0.042308 0.59192 -2.26719e-21)
(0.046279 0.60253 -2.21207e-21)
(0.0480686 0.606825 -2.09783e-21)
(0.0478079 0.606282 8.92108e-21)
(0.0457353 0.602356 6.32199e-21)
(0.0421436 0.59637 -6.35894e-21)
(0.0373366 0.58945 -7.79382e-21)
(0.0315991 0.582506 7.84144e-21)
(0.0251798 0.576235 4.40254e-21)
(0.0182859 0.571141 -4.42596e-21)
(0.0110849 0.567571 0)
(0.00371323 0.565736 0)
(-0.00371323 0.565736 0)
(-0.0110849 0.567571 0)
(-0.0182859 0.571141 -4.42596e-21)
(-0.0251798 0.576235 4.40255e-21)
(-0.0315991 0.582506 7.84144e-21)
(-0.0373366 0.58945 -7.79382e-21)
(-0.0421436 0.59637 -6.35894e-21)
(-0.0457353 0.602356 6.32199e-21)
(-0.0478079 0.606282 8.92107e-21)
(-0.0480686 0.606825 -2.09783e-21)
(-0.046279 0.60253 -2.21207e-21)
(-0.042308 0.59192 -2.26719e-21)
(-0.0361882 0.573649 -2.26064e-21)
(-0.0281634 0.546691 2.11721e-21)
(-0.0187133 0.510537 -1.07488e-20)
(-0.0085432 0.465368 8.68229e-21)
(0.0014712 0.412161 -1.67743e-20)
(0.0103807 0.352704 -3.84657e-21)
(0.0172907 0.289508 -3.95168e-21)
(0.0214975 0.225606 -4.13784e-21)
(0.0226098 0.164304 3.06388e-20)
(0.020636 0.108877 3.97625e-20)
(0.0160177 0.0622917 3.89209e-21)
(0.00954218 0.0269846 -4.46569e-20)
(0.00299591 0.0043785 0)
(-0.00236474 0.00311484 0)
(-0.00796528 0.0225407 0)
(-0.0139174 0.0544982 0)
(-0.0185078 0.0979262 -2.976e-20)
(-0.0208928 0.150706 5.52015e-20)
(-0.0205351 0.210101 -2.54393e-20)
(-0.0172848 0.272981 0)
(-0.0113777 0.336091 -1.5497e-20)
(-0.00337603 0.396349 2.7444e-20)
(0.00593106 0.451111 -2.09348e-20)
(0.015652 0.498388 1.14583e-20)
(0.0249207 0.536969 -2.6559e-21)
(0.0330027 0.566444 1.1434e-21)
(0.039364 0.587125 -1.13912e-21)
(0.0436969 0.599893 -5.15088e-21)
(0.0459071 0.606007 5.15882e-21)
(0.0460748 0.606916 0)
(0.0444016 0.604087 5.30305e-21)
(0.0411577 0.598883 7.1882e-22)
(0.036637 0.59249 -6.08744e-21)
(0.0311237 0.585877 -7.23455e-21)
(0.0248725 0.579799 1.11061e-20)
(0.0181005 0.574808 -7.8368e-21)
(0.0109874 0.571286 1.96189e-21)
(0.00368306 0.569469 2.05141e-21)
(-0.00368306 0.569469 2.05141e-21)
(-0.0109874 0.571286 1.96189e-21)
(-0.0181005 0.574808 -7.8368e-21)
(-0.0248725 0.579799 1.11061e-20)
(-0.0311237 0.585877 -7.23455e-21)
(-0.036637 0.59249 -6.08744e-21)
(-0.0411577 0.598883 7.1882e-22)
(-0.0444016 0.604087 5.30305e-21)
(-0.0460748 0.606916 0)
(-0.0459071 0.606007 5.15882e-21)
(-0.0436969 0.599893 -5.15088e-21)
(-0.039364 0.587125 -1.13912e-21)
(-0.0330027 0.566444 1.1434e-21)
(-0.0249207 0.536969 -2.6559e-21)
(-0.015652 0.498388 1.14583e-20)
(-0.00593106 0.451111 -2.09348e-20)
(0.00337603 0.396349 2.7444e-20)
(0.0113777 0.336091 -1.5497e-20)
(0.0172848 0.272981 0)
(0.0205351 0.210101 -2.54393e-20)
(0.0208928 0.150706 5.52015e-20)
(0.0185078 0.0979262 -2.976e-20)
(0.0139174 0.0544982 0)
(0.00796528 0.0225407 0)
(0.00236474 0.00311484 0)
(-0.00181409 0.00205188 -2.51114e-20)
(-0.00652534 0.0185418 2.86613e-20)
(-0.0118945 0.0473278 -1.97217e-21)
(-0.0163353 0.0877089 -2.6178e-20)
(-0.0189814 0.137878 -2.10846e-20)
(-0.0192321 0.195325 2.2456e-21)
(-0.016823 0.257069 1.80674e-20)
(-0.0118505 0.319924 -1.36832e-20)
(-0.00473934 0.380783 2.47769e-20)
(0.00383256 0.436897 -1.11625e-20)
(0.0130442 0.486102 0)
(0.0220541 0.526972 1.54668e-21)
(0.0301124 0.558875 -1.53456e-21)
(0.0366412 0.581924 -1.85809e-21)
(0.0412746 0.596847 5.50215e-21)
(0.0438586 0.604808 -3.65032e-21)
(0.0444214 0.607211 -7.1065e-21)
(0.0431253 0.605526 7.13725e-21)
(0.0402151 0.601153 0)
(0.0359715 0.595329 5.64713e-21)
(0.0306758 0.589084 -1.18346e-20)
(0.024587 0.583226 6.18922e-21)
(0.0179312 0.578358 -3.42576e-21)
(0.0109 0.574897 1.68187e-21)
(0.00365627 0.573104 1.76679e-21)
(-0.00365627 0.573104 1.76679e-21)
(-0.0109 0.574897 1.68187e-21)
(-0.0179312 0.578358 -3.42576e-21)
(-0.024587 0.583226 6.18922e-21)
(-0.0306758 0.589084 -1.18346e-20)
(-0.0359715 0.595329 5.64713e-21)
(-0.0402151 0.601153 0)
(-0.0431253 0.605526 7.13725e-21)
(-0.0444214 0.607211 -7.1065e-21)
(-0.0438586 0.604808 -3.65032e-21)
(-0.0412746 0.596847 5.50215e-21)
(-0.0366412 0.581924 -1.85809e-21)
(-0.0301124 0.558875 -1.53456e-21)
(-0.0220541 0.526972 1.54668e-21)
(-0.0130442 0.486102 0)
(-0.00383256 0.436897 -1.11625e-20)
(0.00473934 0.380783 2.47769e-20)
(0.0118505 0.319924 -1.36832e-20)
(0.016823 0.257069 1.80674e-20)
(0.0192321 0.195325 2.2456e-21)
(0.0189814 0.137878 -2.10846e-20)
(0.0163353 0.0877089 -2.6178e-20)
(0.0118945 0.0473278 -1.97217e-21)
(0.00652534 0.0185418 2.86613e-20)
(0.00181409 0.00205188 2.51114e-20)
(-0.0013488 0.00119304 1.76356e-20)
(-0.00525299 0.0149814 0)
(-0.010012 0.0407638 0)
(-0.0142144 0.0782097 0)
(-0.0169975 0.125817 0)
(-0.0177227 0.181297 -1.42635e-20)
(-0.0160364 0.241819 1.39794e-20)
(-0.011914 0.304274 1.15377e-20)
(-0.00565237 0.365554 -1.13118e-20)
(0.0021831 0.422827 0)
(0.0108502 0.47378 -3.3118e-21)
(0.019545 0.516792 3.27205e-21)
(0.0275148 0.551019 0)
(0.0341481 0.576378 0)
(0.0390275 0.593439 0)
(0.0419423 0.603257 0)
(0.0428686 0.607185 0)
(0.0419274 0.606686 0)
(0.0393354 0.603186 -4.07429e-21)
(0.0353577 0.597972 4.09674e-21)
(0.0302704 0.592127 0)
(0.0243354 0.586518 0)
(0.0177868 0.581793 0)
(0.0108278 0.578406 0)
(0.00363464 0.576644 0)
(-0.00363464 0.576644 0)
(-0.0108278 0.578406 0)
(-0.0177868 0.581793 0)
(-0.0243354 0.586518 0)
(-0.0302704 0.592127 0)
(-0.0353577 0.597972 4.09674e-21)
(-0.0393354 0.603186 -4.0743e-21)
(-0.0419274 0.606686 0)
(-0.0428686 0.607185 0)
(-0.0419423 0.603257 0)
(-0.0390275 0.593439 0)
(-0.0341481 0.576378 0)
(-0.0275148 0.551019 0)
(-0.019545 0.516792 3.27205e-21)
(-0.0108502 0.47378 -3.3118e-21)
(-0.0021831 0.422827 0)
(0.00565237 0.365554 -1.13118e-20)
(0.011914 0.304274 1.15377e-20)
(0.0160364 0.241819 1.39794e-20)
(0.0177227 0.181297 -1.42635e-20)
(0.0169975 0.125817 0)
(0.0142144 0.0782097 0)
(0.010012 0.0407638 0)
(0.00525299 0.0149814 0)
(0.0013488 0.00119304 -1.76356e-20)
(-0.000963 0.000540166 1.13784e-20)
(-0.00414927 0.011866 -2.58378e-20)
(-0.00830308 0.0348119 2.52959e-20)
(-0.0122203 0.069433 -2.35176e-20)
(-0.015057 0.114528 1.12018e-20)
(-0.0161513 0.168028 -1.01447e-20)
(-0.0150802 0.227253 9.94666e-21)
(-0.0117172 0.289178 9.62227e-21)
(-0.00624399 0.350709 -9.432e-21)
(0.000881282 0.408955 8.52807e-21)
(0.00899867 0.461477 -8.39367e-21)
(0.0173501 0.506478 0)
(0.0251906 0.542917 -1.78314e-21)
(0.0318845 0.570518 1.25178e-21)
(0.0369695 0.589689 1.39193e-21)
(0.0401815 0.601372 -3.19882e-21)
(0.041445 0.606855 -1.43751e-21)
(0.0408386 0.607585 3.78042e-21)
(0.0385489 0.605007 3.19218e-21)
(0.0348233 0.600448 -3.20895e-21)
(0.0299314 0.595047 0)
(0.0241367 0.58972 0)
(0.0176811 0.585163 0)
(0.0107792 0.581868 -1.2468e-21)
(0.003621 0.580145 1.25169e-21)
(-0.003621 0.580145 1.25169e-21)
(-0.0107792 0.581868 -1.2468e-21)
(-0.0176811 0.585163 0)
(-0.0241367 0.58972 0)
(-0.0299314 0.595047 0)
(-0.0348233 0.600448 -3.20895e-21)
(-0.0385489 0.605007 3.19218e-21)
(-0.0408386 0.607585 3.78042e-21)
(-0.041445 0.606855 -1.43751e-21)
(-0.0401815 0.601372 -3.19882e-21)
(-0.0369695 0.589689 1.39193e-21)
(-0.0318845 0.570518 1.25178e-21)
(-0.0251906 0.542917 -1.78313e-21)
(-0.0173501 0.506478 0)
(-0.00899867 0.461477 -8.39367e-21)
(-0.000881282 0.408955 8.52807e-21)
(0.00624399 0.350709 -9.432e-21)
(0.0117172 0.289178 9.62226e-21)
(0.0150802 0.227253 9.94666e-21)
(0.0161513 0.168028 -1.01447e-20)
(0.015057 0.114528 1.12018e-20)
(0.0122203 0.069433 -2.35176e-20)
(0.00830308 0.0348119 2.52959e-20)
(0.00414927 0.011866 -2.58378e-20)
(0.000963 0.000540166 1.13784e-20)
(-0.000632207 5.65716e-05 0)
(-0.00317211 0.00912973 -6.73424e-21)
(-0.00676183 0.0293558 6.71026e-21)
(-0.0104049 0.061197 0)
(-0.0132728 0.103762 0)
(-0.0146801 0.155211 0)
(-0.0141458 0.213025 0)
(-0.0114574 0.274273 0)
(-0.00669736 0.335888 0)
(-0.00022646 0.39494 0)
(0.00737411 0.448879 -5.24e-21)
(0.0153948 0.495753 5.16915e-21)
(0.0231042 0.534332 0)
(0.029849 0.564154 0)
(0.0351262 0.585461 0)
(0.0386211 0.59907 0)
(0.0402073 0.606196 0)
(0.0399206 0.608253 -1.78323e-21)
(0.0379163 0.606697 1.79073e-21)
(0.0344239 0.602887 0)
(0.0297061 0.598008 -3.43263e-21)
(0.0240285 0.593028 3.4508e-21)
(0.0176412 0.588687 -2.02528e-21)
(0.0107707 0.585516 2.03441e-21)
(0.00362082 0.583849 0)
(-0.00362082 0.583849 0)
(-0.0107707 0.585516 2.03442e-21)
(-0.0176412 0.588687 -2.02528e-21)
(-0.0240285 0.593028 3.4508e-21)
(-0.0297061 0.598008 -3.43263e-21)
(-0.0344239 0.602887 0)
(-0.0379163 0.606697 1.79073e-21)
(-0.0399206 0.608253 -1.78323e-21)
(-0.0402073 0.606196 0)
(-0.0386211 0.59907 0)
(-0.0351262 0.585461 0)
(-0.029849 0.564154 0)
(-0.0231042 0.534332 0)
(-0.0153948 0.495753 5.16915e-21)
(-0.00737411 0.448879 -5.24e-21)
(0.00022646 0.39494 0)
(0.00669736 0.335888 0)
(0.0114574 0.274273 0)
(0.0141458 0.213025 0)
(0.0146801 0.155211 0)
(0.0132728 0.103762 0)
(0.0104049 0.061197 0)
(0.00676183 0.0293558 6.71026e-21)
(0.00317211 0.00912973 -6.73424e-21)
(0.000632207 5.65716e-05 0)
(-0.000297799 -0.000406585 -2.2533e-21)
(-0.00225245 0.00619923 0)
(-0.00537353 0.0232689 1e-20)
(-0.00883095 0.0518136 -9.87648e-21)
(-0.0117864 0.0913408 0)
(-0.0135152 0.14029 0)
(-0.013479 0.196335 -2.35284e-20)
(-0.0113918 0.256661 2.27924e-20)
(-0.00725301 0.318242 2.53992e-20)
(-0.0013415 0.378113 -2.4661e-20)
(0.0058299 0.433616 0)
(0.0135951 0.482623 9.61072e-21)
(0.0212353 0.52369 -9.45023e-21)
(0.0280791 0.556127 5.58352e-21)
(0.0335834 0.579969 -5.54403e-21)
(0.0373815 0.595873 -1.3073e-21)
(0.0392953 0.604949 6.81206e-22)
(0.0393179 0.608573 6.29341e-22)
(0.0375752 0.608204 0)
(0.0342811 0.605245 -2.46857e-21)
(0.0296952 0.600943 -4.37638e-22)
(0.0240883 0.596329 2.94761e-21)
(0.0177214 0.592206 -1.75021e-21)
(0.0108342 0.589151 8.5117e-22)
(0.00364469 0.587534 9.16095e-22)
(-0.00364469 0.587534 9.16095e-22)
(-0.0108342 0.589151 8.51171e-22)
(-0.0177214 0.592206 -1.75021e-21)
(-0.0240883 0.596329 2.94761e-21)
(-0.0296952 0.600943 -4.37638e-22)
(-0.0342811 0.605245 -2.46857e-21)
(-0.0375752 0.608204 0)
(-0.0393179 0.608573 6.2934e-22)
(-0.0392953 0.604949 6.81206e-22)
(-0.0373815 0.595873 -1.3073e-21)
(-0.0335834 0.579969 -5.54403e-21)
(-0.0280791 0.556127 5.58352e-21)
(-0.0212353 0.52369 -9.45023e-21)
(-0.0135951 0.482623 9.61072e-21)
(-0.0058299 0.433616 0)
(0.0013415 0.378113 -2.4661e-20)
(0.00725301 0.318242 2.53992e-20)
(0.0113918 0.256661 2.27924e-20)
(0.013479 0.196335 -2.35284e-20)
(0.0135152 0.14029 0)
(0.0117864 0.0913408 0)
(0.00883095 0.0518136 -9.87648e-21)
(0.00537353 0.0232689 1e-20)
(0.00225245 0.00619923 0)
(0.000297799 -0.000406585 0)
)
;

boundaryField
{
    left
    {
        type            noSlip;
    }
    right
    {
        type            noSlip;
    }
    up
    {
        type            zeroGradient;
    }
    down
    {
        type            fixedValue;
        value           uniform (0 0.4 0);
    }
    frontAndBack
    {
        type            empty;
    }
}


// ************************************************************************* //
