/*--------------------------------*- C++ -*----------------------------------*\
  =========                 |
  \\      /  F ield         | OpenFOAM: The Open Source CFD Toolbox
   \\    /   O peration     | Website:  https://openfoam.org
    \\  /    A nd           | Version:  6
     \\/     M anipulation  |
\*---------------------------------------------------------------------------*/
FoamFile
{
    version     2.0;
    format      ascii;
    class       volVectorField;
    location    "0";
    object      C;
}
// * * * * * * * * * * * * * * * * * * * * * * * * * * * * * * * * * * * * * //

dimensions      [0 1 0 0 0 0 0];

internalField   nonuniform List<vector> 
2500
(
(-0.487804 -0.245242 0.005)
(-0.467894 -0.245242 0.005)
(-0.447983 -0.245242 0.005)
(-0.428073 -0.245242 0.005)
(-0.408163 -0.245242 0.005)
(-0.388252 -0.245242 0.005)
(-0.368342 -0.245242 0.005)
(-0.348431 -0.245242 0.005)
(-0.328521 -0.245242 0.005)
(-0.308611 -0.245242 0.005)
(-0.2887 -0.245242 0.005)
(-0.26879 -0.245242 0.005)
(-0.24888 -0.245242 0.005)
(-0.228969 -0.245242 0.005)
(-0.209059 -0.245242 0.005)
(-0.189149 -0.245242 0.005)
(-0.169238 -0.245242 0.005)
(-0.149328 -0.245242 0.005)
(-0.129417 -0.245242 0.005)
(-0.109507 -0.245242 0.005)
(-0.0895967 -0.245242 0.005)
(-0.0696863 -0.245242 0.005)
(-0.0497759 -0.245242 0.005)
(-0.0298656 -0.245242 0.005)
(-0.00995519 -0.245242 0.005)
(0.00995519 -0.245242 0.005)
(0.0298656 -0.245242 0.005)
(0.0497759 -0.245242 0.005)
(0.0696863 -0.245242 0.005)
(0.0895967 -0.245242 0.005)
(0.109507 -0.245242 0.005)
(0.129417 -0.245242 0.005)
(0.149328 -0.245242 0.005)
(0.169238 -0.245242 0.005)
(0.189149 -0.245242 0.005)
(0.209059 -0.245242 0.005)
(0.228969 -0.245242 0.005)
(0.24888 -0.245242 0.005)
(0.26879 -0.245242 0.005)
(0.2887 -0.245242 0.005)
(0.308611 -0.245242 0.005)
(0.328521 -0.245242 0.005)
(0.348431 -0.245242 0.005)
(0.368342 -0.245242 0.005)
(0.388252 -0.245242 0.005)
(0.408163 -0.245242 0.005)
(0.428073 -0.245242 0.005)
(0.447983 -0.245242 0.005)
(0.467894 -0.245242 0.005)
(0.487804 -0.245242 0.005)
(-0.483412 -0.235709 0.005)
(-0.463681 -0.235709 0.005)
(-0.44395 -0.235709 0.005)
(-0.424219 -0.235709 0.005)
(-0.404488 -0.235709 0.005)
(-0.384757 -0.235709 0.005)
(-0.365025 -0.235709 0.005)
(-0.345294 -0.235709 0.005)
(-0.325563 -0.235709 0.005)
(-0.305832 -0.235709 0.005)
(-0.286101 -0.235709 0.005)
(-0.26637 -0.235709 0.005)
(-0.246639 -0.235709 0.005)
(-0.226908 -0.235709 0.005)
(-0.207177 -0.235709 0.005)
(-0.187445 -0.235709 0.005)
(-0.167714 -0.235709 0.005)
(-0.147983 -0.235709 0.005)
(-0.128252 -0.235709 0.005)
(-0.108521 -0.235709 0.005)
(-0.08879 -0.235709 0.005)
(-0.0690589 -0.235709 0.005)
(-0.0493278 -0.235709 0.005)
(-0.0295967 -0.235709 0.005)
(-0.00986555 -0.235709 0.005)
(0.00986555 -0.235709 0.005)
(0.0295967 -0.235709 0.005)
(0.0493278 -0.235709 0.005)
(0.0690589 -0.235709 0.005)
(0.08879 -0.235709 0.005)
(0.108521 -0.235709 0.005)
(0.128252 -0.235709 0.005)
(0.147983 -0.235709 0.005)
(0.167714 -0.235709 0.005)
(0.187445 -0.235709 0.005)
(0.207177 -0.235709 0.005)
(0.226908 -0.235709 0.005)
(0.246639 -0.235709 0.005)
(0.26637 -0.235709 0.005)
(0.286101 -0.235709 0.005)
(0.305832 -0.235709 0.005)
(0.325563 -0.235709 0.005)
(0.345294 -0.235709 0.005)
(0.365025 -0.235709 0.005)
(0.384757 -0.235709 0.005)
(0.404488 -0.235709 0.005)
(0.424219 -0.235709 0.005)
(0.44395 -0.235709 0.005)
(0.463681 -0.235709 0.005)
(0.483412 -0.235709 0.005)
(-0.479039 -0.226167 0.005)
(-0.459487 -0.226167 0.005)
(-0.439934 -0.226167 0.005)
(-0.420381 -0.226167 0.005)
(-0.400829 -0.226167 0.005)
(-0.381276 -0.226167 0.005)
(-0.361724 -0.226167 0.005)
(-0.342171 -0.226167 0.005)
(-0.322618 -0.226167 0.005)
(-0.303066 -0.226167 0.005)
(-0.283513 -0.226167 0.005)
(-0.26396 -0.226167 0.005)
(-0.244408 -0.226167 0.005)
(-0.224855 -0.226167 0.005)
(-0.205303 -0.226167 0.005)
(-0.18575 -0.226167 0.005)
(-0.166197 -0.226167 0.005)
(-0.146645 -0.226167 0.005)
(-0.127092 -0.226167 0.005)
(-0.107539 -0.226167 0.005)
(-0.0879868 -0.226167 0.005)
(-0.0684342 -0.226167 0.005)
(-0.0488816 -0.226167 0.005)
(-0.0293289 -0.226167 0.005)
(-0.00977631 -0.226167 0.005)
(0.00977631 -0.226167 0.005)
(0.0293289 -0.226167 0.005)
(0.0488816 -0.226167 0.005)
(0.0684342 -0.226167 0.005)
(0.0879868 -0.226167 0.005)
(0.107539 -0.226167 0.005)
(0.127092 -0.226167 0.005)
(0.146645 -0.226167 0.005)
(0.166197 -0.226167 0.005)
(0.18575 -0.226167 0.005)
(0.205303 -0.226167 0.005)
(0.224855 -0.226167 0.005)
(0.244408 -0.226167 0.005)
(0.26396 -0.226167 0.005)
(0.283513 -0.226167 0.005)
(0.303066 -0.226167 0.005)
(0.322618 -0.226167 0.005)
(0.342171 -0.226167 0.005)
(0.361724 -0.226167 0.005)
(0.381276 -0.226167 0.005)
(0.400829 -0.226167 0.005)
(0.420381 -0.226167 0.005)
(0.439934 -0.226167 0.005)
(0.459487 -0.226167 0.005)
(0.479039 -0.226167 0.005)
(-0.474699 -0.216609 0.005)
(-0.455324 -0.216609 0.005)
(-0.435948 -0.216609 0.005)
(-0.416573 -0.216609 0.005)
(-0.397197 -0.216609 0.005)
(-0.377822 -0.216609 0.005)
(-0.358446 -0.216609 0.005)
(-0.339071 -0.216609 0.005)
(-0.319695 -0.216609 0.005)
(-0.30032 -0.216609 0.005)
(-0.280944 -0.216609 0.005)
(-0.261569 -0.216609 0.005)
(-0.242193 -0.216609 0.005)
(-0.222818 -0.216609 0.005)
(-0.203442 -0.216609 0.005)
(-0.184067 -0.216609 0.005)
(-0.164692 -0.216609 0.005)
(-0.145316 -0.216609 0.005)
(-0.125941 -0.216609 0.005)
(-0.106565 -0.216609 0.005)
(-0.0871896 -0.216609 0.005)
(-0.0678141 -0.216609 0.005)
(-0.0484387 -0.216609 0.005)
(-0.0290632 -0.216609 0.005)
(-0.00968774 -0.216609 0.005)
(0.00968774 -0.216609 0.005)
(0.0290632 -0.216609 0.005)
(0.0484387 -0.216609 0.005)
(0.0678141 -0.216609 0.005)
(0.0871896 -0.216609 0.005)
(0.106565 -0.216609 0.005)
(0.125941 -0.216609 0.005)
(0.145316 -0.216609 0.005)
(0.164692 -0.216609 0.005)
(0.184067 -0.216609 0.005)
(0.203442 -0.216609 0.005)
(0.222818 -0.216609 0.005)
(0.242193 -0.216609 0.005)
(0.261569 -0.216609 0.005)
(0.280944 -0.216609 0.005)
(0.30032 -0.216609 0.005)
(0.319695 -0.216609 0.005)
(0.339071 -0.216609 0.005)
(0.358446 -0.216609 0.005)
(0.377822 -0.216609 0.005)
(0.397197 -0.216609 0.005)
(0.416573 -0.216609 0.005)
(0.435948 -0.216609 0.005)
(0.455324 -0.216609 0.005)
(0.474699 -0.216609 0.005)
(-0.470404 -0.207029 0.005)
(-0.451204 -0.207029 0.005)
(-0.432004 -0.207029 0.005)
(-0.412804 -0.207029 0.005)
(-0.393604 -0.207029 0.005)
(-0.374403 -0.207029 0.005)
(-0.355203 -0.207029 0.005)
(-0.336003 -0.207029 0.005)
(-0.316803 -0.207029 0.005)
(-0.297603 -0.207029 0.005)
(-0.278403 -0.207029 0.005)
(-0.259202 -0.207029 0.005)
(-0.240002 -0.207029 0.005)
(-0.220802 -0.207029 0.005)
(-0.201602 -0.207029 0.005)
(-0.182402 -0.207029 0.005)
(-0.163202 -0.207029 0.005)
(-0.144001 -0.207029 0.005)
(-0.124801 -0.207029 0.005)
(-0.105601 -0.207029 0.005)
(-0.0864008 -0.207029 0.005)
(-0.0672006 -0.207029 0.005)
(-0.0480004 -0.207029 0.005)
(-0.0288003 -0.207029 0.005)
(-0.00960009 -0.207029 0.005)
(0.00960009 -0.207029 0.005)
(0.0288003 -0.207029 0.005)
(0.0480004 -0.207029 0.005)
(0.0672006 -0.207029 0.005)
(0.0864008 -0.207029 0.005)
(0.105601 -0.207029 0.005)
(0.124801 -0.207029 0.005)
(0.144001 -0.207029 0.005)
(0.163202 -0.207029 0.005)
(0.182402 -0.207029 0.005)
(0.201602 -0.207029 0.005)
(0.220802 -0.207029 0.005)
(0.240002 -0.207029 0.005)
(0.259202 -0.207029 0.005)
(0.278403 -0.207029 0.005)
(0.297603 -0.207029 0.005)
(0.316803 -0.207029 0.005)
(0.336003 -0.207029 0.005)
(0.355203 -0.207029 0.005)
(0.374403 -0.207029 0.005)
(0.393604 -0.207029 0.005)
(0.412804 -0.207029 0.005)
(0.432004 -0.207029 0.005)
(0.451204 -0.207029 0.005)
(0.470404 -0.207029 0.005)
(-0.466169 -0.197422 0.005)
(-0.447141 -0.197422 0.005)
(-0.428114 -0.197422 0.005)
(-0.409087 -0.197422 0.005)
(-0.39006 -0.197422 0.005)
(-0.371032 -0.197422 0.005)
(-0.352005 -0.197422 0.005)
(-0.332978 -0.197422 0.005)
(-0.31395 -0.197422 0.005)
(-0.294923 -0.197422 0.005)
(-0.275896 -0.197422 0.005)
(-0.256869 -0.197422 0.005)
(-0.237841 -0.197422 0.005)
(-0.218814 -0.197422 0.005)
(-0.199787 -0.197422 0.005)
(-0.180759 -0.197422 0.005)
(-0.161732 -0.197422 0.005)
(-0.142705 -0.197422 0.005)
(-0.123677 -0.197422 0.005)
(-0.10465 -0.197422 0.005)
(-0.0856228 -0.197422 0.005)
(-0.0665955 -0.197422 0.005)
(-0.0475682 -0.197422 0.005)
(-0.0285409 -0.197422 0.005)
(-0.00951365 -0.197422 0.005)
(0.00951365 -0.197422 0.005)
(0.0285409 -0.197422 0.005)
(0.0475682 -0.197422 0.005)
(0.0665955 -0.197422 0.005)
(0.0856228 -0.197422 0.005)
(0.10465 -0.197422 0.005)
(0.123677 -0.197422 0.005)
(0.142705 -0.197422 0.005)
(0.161732 -0.197422 0.005)
(0.180759 -0.197422 0.005)
(0.199787 -0.197422 0.005)
(0.218814 -0.197422 0.005)
(0.237841 -0.197422 0.005)
(0.256869 -0.197422 0.005)
(0.275896 -0.197422 0.005)
(0.294923 -0.197422 0.005)
(0.31395 -0.197422 0.005)
(0.332978 -0.197422 0.005)
(0.352005 -0.197422 0.005)
(0.371032 -0.197422 0.005)
(0.39006 -0.197422 0.005)
(0.409087 -0.197422 0.005)
(0.428114 -0.197422 0.005)
(0.447141 -0.197422 0.005)
(0.466169 -0.197422 0.005)
(-0.462006 -0.187782 0.005)
(-0.443149 -0.187782 0.005)
(-0.424291 -0.187782 0.005)
(-0.405434 -0.187782 0.005)
(-0.386576 -0.187782 0.005)
(-0.367719 -0.187782 0.005)
(-0.348862 -0.187782 0.005)
(-0.330004 -0.187782 0.005)
(-0.311147 -0.187782 0.005)
(-0.292289 -0.187782 0.005)
(-0.273432 -0.187782 0.005)
(-0.254575 -0.187782 0.005)
(-0.235717 -0.187782 0.005)
(-0.21686 -0.187782 0.005)
(-0.198003 -0.187782 0.005)
(-0.179145 -0.187782 0.005)
(-0.160288 -0.187782 0.005)
(-0.14143 -0.187782 0.005)
(-0.122573 -0.187782 0.005)
(-0.103716 -0.187782 0.005)
(-0.0848582 -0.187782 0.005)
(-0.0660008 -0.187782 0.005)
(-0.0471435 -0.187782 0.005)
(-0.0282861 -0.187782 0.005)
(-0.00942869 -0.187782 0.005)
(0.00942869 -0.187782 0.005)
(0.0282861 -0.187782 0.005)
(0.0471435 -0.187782 0.005)
(0.0660008 -0.187782 0.005)
(0.0848582 -0.187782 0.005)
(0.103716 -0.187782 0.005)
(0.122573 -0.187782 0.005)
(0.14143 -0.187782 0.005)
(0.160288 -0.187782 0.005)
(0.179145 -0.187782 0.005)
(0.198003 -0.187782 0.005)
(0.21686 -0.187782 0.005)
(0.235717 -0.187782 0.005)
(0.254575 -0.187782 0.005)
(0.273432 -0.187782 0.005)
(0.292289 -0.187782 0.005)
(0.311147 -0.187782 0.005)
(0.330004 -0.187782 0.005)
(0.348862 -0.187782 0.005)
(0.367719 -0.187782 0.005)
(0.386576 -0.187782 0.005)
(0.405434 -0.187782 0.005)
(0.424291 -0.187782 0.005)
(0.443149 -0.187782 0.005)
(0.462006 -0.187782 0.005)
(-0.45793 -0.178104 0.005)
(-0.439239 -0.178104 0.005)
(-0.420548 -0.178104 0.005)
(-0.401857 -0.178104 0.005)
(-0.383166 -0.178104 0.005)
(-0.364475 -0.178104 0.005)
(-0.345784 -0.178104 0.005)
(-0.327093 -0.178104 0.005)
(-0.308402 -0.178104 0.005)
(-0.289711 -0.178104 0.005)
(-0.27102 -0.178104 0.005)
(-0.252329 -0.178104 0.005)
(-0.233638 -0.178104 0.005)
(-0.214947 -0.178104 0.005)
(-0.196256 -0.178104 0.005)
(-0.177565 -0.178104 0.005)
(-0.158874 -0.178104 0.005)
(-0.140183 -0.178104 0.005)
(-0.121492 -0.178104 0.005)
(-0.102801 -0.178104 0.005)
(-0.0841096 -0.178104 0.005)
(-0.0654185 -0.178104 0.005)
(-0.0467275 -0.178104 0.005)
(-0.0280365 -0.178104 0.005)
(-0.00934551 -0.178104 0.005)
(0.00934551 -0.178104 0.005)
(0.0280365 -0.178104 0.005)
(0.0467275 -0.178104 0.005)
(0.0654185 -0.178104 0.005)
(0.0841096 -0.178104 0.005)
(0.102801 -0.178104 0.005)
(0.121492 -0.178104 0.005)
(0.140183 -0.178104 0.005)
(0.158874 -0.178104 0.005)
(0.177565 -0.178104 0.005)
(0.196256 -0.178104 0.005)
(0.214947 -0.178104 0.005)
(0.233638 -0.178104 0.005)
(0.252329 -0.178104 0.005)
(0.27102 -0.178104 0.005)
(0.289711 -0.178104 0.005)
(0.308402 -0.178104 0.005)
(0.327093 -0.178104 0.005)
(0.345784 -0.178104 0.005)
(0.364475 -0.178104 0.005)
(0.383166 -0.178104 0.005)
(0.401857 -0.178104 0.005)
(0.420548 -0.178104 0.005)
(0.439239 -0.178104 0.005)
(0.45793 -0.178104 0.005)
(-0.453955 -0.168382 0.005)
(-0.435426 -0.168382 0.005)
(-0.416897 -0.168382 0.005)
(-0.398368 -0.168382 0.005)
(-0.37984 -0.168382 0.005)
(-0.361311 -0.168382 0.005)
(-0.342782 -0.168382 0.005)
(-0.324253 -0.168382 0.005)
(-0.305725 -0.168382 0.005)
(-0.287196 -0.168382 0.005)
(-0.268667 -0.168382 0.005)
(-0.250138 -0.168382 0.005)
(-0.23161 -0.168382 0.005)
(-0.213081 -0.168382 0.005)
(-0.194552 -0.168382 0.005)
(-0.176023 -0.168382 0.005)
(-0.157495 -0.168382 0.005)
(-0.138966 -0.168382 0.005)
(-0.120437 -0.168382 0.005)
(-0.101908 -0.168382 0.005)
(-0.0833794 -0.168382 0.005)
(-0.0648507 -0.168382 0.005)
(-0.0463219 -0.168382 0.005)
(-0.0277931 -0.168382 0.005)
(-0.00926438 -0.168382 0.005)
(0.00926438 -0.168382 0.005)
(0.0277931 -0.168382 0.005)
(0.0463219 -0.168382 0.005)
(0.0648507 -0.168382 0.005)
(0.0833794 -0.168382 0.005)
(0.101908 -0.168382 0.005)
(0.120437 -0.168382 0.005)
(0.138966 -0.168382 0.005)
(0.157495 -0.168382 0.005)
(0.176023 -0.168382 0.005)
(0.194552 -0.168382 0.005)
(0.213081 -0.168382 0.005)
(0.23161 -0.168382 0.005)
(0.250138 -0.168382 0.005)
(0.268667 -0.168382 0.005)
(0.287196 -0.168382 0.005)
(0.305725 -0.168382 0.005)
(0.324253 -0.168382 0.005)
(0.342782 -0.168382 0.005)
(0.361311 -0.168382 0.005)
(0.37984 -0.168382 0.005)
(0.398368 -0.168382 0.005)
(0.416897 -0.168382 0.005)
(0.435426 -0.168382 0.005)
(0.453955 -0.168382 0.005)
(-0.450095 -0.158611 0.005)
(-0.431724 -0.158611 0.005)
(-0.413353 -0.158611 0.005)
(-0.394982 -0.158611 0.005)
(-0.376611 -0.158611 0.005)
(-0.358239 -0.158611 0.005)
(-0.339868 -0.158611 0.005)
(-0.321497 -0.158611 0.005)
(-0.303126 -0.158611 0.005)
(-0.284754 -0.158611 0.005)
(-0.266383 -0.158611 0.005)
(-0.248012 -0.158611 0.005)
(-0.229641 -0.158611 0.005)
(-0.211269 -0.158611 0.005)
(-0.192898 -0.158611 0.005)
(-0.174527 -0.158611 0.005)
(-0.156156 -0.158611 0.005)
(-0.137784 -0.158611 0.005)
(-0.119413 -0.158611 0.005)
(-0.101042 -0.158611 0.005)
(-0.0826706 -0.158611 0.005)
(-0.0642994 -0.158611 0.005)
(-0.0459281 -0.158611 0.005)
(-0.0275569 -0.158611 0.005)
(-0.00918562 -0.158611 0.005)
(0.00918562 -0.158611 0.005)
(0.0275569 -0.158611 0.005)
(0.0459281 -0.158611 0.005)
(0.0642994 -0.158611 0.005)
(0.0826706 -0.158611 0.005)
(0.101042 -0.158611 0.005)
(0.119413 -0.158611 0.005)
(0.137784 -0.158611 0.005)
(0.156156 -0.158611 0.005)
(0.174527 -0.158611 0.005)
(0.192898 -0.158611 0.005)
(0.211269 -0.158611 0.005)
(0.229641 -0.158611 0.005)
(0.248012 -0.158611 0.005)
(0.266383 -0.158611 0.005)
(0.284754 -0.158611 0.005)
(0.303126 -0.158611 0.005)
(0.321497 -0.158611 0.005)
(0.339868 -0.158611 0.005)
(0.358239 -0.158611 0.005)
(0.376611 -0.158611 0.005)
(0.394982 -0.158611 0.005)
(0.413353 -0.158611 0.005)
(0.431724 -0.158611 0.005)
(0.450095 -0.158611 0.005)
(-0.446367 -0.148789 0.005)
(-0.428148 -0.148789 0.005)
(-0.409929 -0.148789 0.005)
(-0.39171 -0.148789 0.005)
(-0.373491 -0.148789 0.005)
(-0.355272 -0.148789 0.005)
(-0.337053 -0.148789 0.005)
(-0.318834 -0.148789 0.005)
(-0.300615 -0.148789 0.005)
(-0.282396 -0.148789 0.005)
(-0.264176 -0.148789 0.005)
(-0.245957 -0.148789 0.005)
(-0.227738 -0.148789 0.005)
(-0.209519 -0.148789 0.005)
(-0.1913 -0.148789 0.005)
(-0.173081 -0.148789 0.005)
(-0.154862 -0.148789 0.005)
(-0.136643 -0.148789 0.005)
(-0.118424 -0.148789 0.005)
(-0.100205 -0.148789 0.005)
(-0.0819858 -0.148789 0.005)
(-0.0637667 -0.148789 0.005)
(-0.0455477 -0.148789 0.005)
(-0.0273286 -0.148789 0.005)
(-0.00910953 -0.148789 0.005)
(0.00910953 -0.148789 0.005)
(0.0273286 -0.148789 0.005)
(0.0455477 -0.148789 0.005)
(0.0637667 -0.148789 0.005)
(0.0819858 -0.148789 0.005)
(0.100205 -0.148789 0.005)
(0.118424 -0.148789 0.005)
(0.136643 -0.148789 0.005)
(0.154862 -0.148789 0.005)
(0.173081 -0.148789 0.005)
(0.1913 -0.148789 0.005)
(0.209519 -0.148789 0.005)
(0.227738 -0.148789 0.005)
(0.245957 -0.148789 0.005)
(0.264176 -0.148789 0.005)
(0.282396 -0.148789 0.005)
(0.300615 -0.148789 0.005)
(0.318834 -0.148789 0.005)
(0.337053 -0.148789 0.005)
(0.355272 -0.148789 0.005)
(0.373491 -0.148789 0.005)
(0.39171 -0.148789 0.005)
(0.409929 -0.148789 0.005)
(0.428148 -0.148789 0.005)
(0.446367 -0.148789 0.005)
(-0.442785 -0.138909 0.005)
(-0.424712 -0.138909 0.005)
(-0.406639 -0.138909 0.005)
(-0.388566 -0.138909 0.005)
(-0.370494 -0.138909 0.005)
(-0.352421 -0.138909 0.005)
(-0.334348 -0.138909 0.005)
(-0.316275 -0.138909 0.005)
(-0.298202 -0.138909 0.005)
(-0.280129 -0.138909 0.005)
(-0.262056 -0.138909 0.005)
(-0.243984 -0.138909 0.005)
(-0.225911 -0.138909 0.005)
(-0.207838 -0.138909 0.005)
(-0.189765 -0.138909 0.005)
(-0.171692 -0.138909 0.005)
(-0.153619 -0.138909 0.005)
(-0.135546 -0.138909 0.005)
(-0.117474 -0.138909 0.005)
(-0.0994007 -0.138909 0.005)
(-0.0813279 -0.138909 0.005)
(-0.063255 -0.138909 0.005)
(-0.0451821 -0.138909 0.005)
(-0.0271093 -0.138909 0.005)
(-0.00903643 -0.138909 0.005)
(0.00903643 -0.138909 0.005)
(0.0271093 -0.138909 0.005)
(0.0451821 -0.138909 0.005)
(0.063255 -0.138909 0.005)
(0.0813279 -0.138909 0.005)
(0.0994007 -0.138909 0.005)
(0.117474 -0.138909 0.005)
(0.135546 -0.138909 0.005)
(0.153619 -0.138909 0.005)
(0.171692 -0.138909 0.005)
(0.189765 -0.138909 0.005)
(0.207838 -0.138909 0.005)
(0.225911 -0.138909 0.005)
(0.243984 -0.138909 0.005)
(0.262056 -0.138909 0.005)
(0.280129 -0.138909 0.005)
(0.298202 -0.138909 0.005)
(0.316275 -0.138909 0.005)
(0.334348 -0.138909 0.005)
(0.352421 -0.138909 0.005)
(0.370494 -0.138909 0.005)
(0.388566 -0.138909 0.005)
(0.406639 -0.138909 0.005)
(0.424712 -0.138909 0.005)
(0.442785 -0.138909 0.005)
(-0.439365 -0.128971 0.005)
(-0.421432 -0.128971 0.005)
(-0.403498 -0.128971 0.005)
(-0.385565 -0.128971 0.005)
(-0.367632 -0.128971 0.005)
(-0.349699 -0.128971 0.005)
(-0.331765 -0.128971 0.005)
(-0.313832 -0.128971 0.005)
(-0.295899 -0.128971 0.005)
(-0.277966 -0.128971 0.005)
(-0.260032 -0.128971 0.005)
(-0.242099 -0.128971 0.005)
(-0.224166 -0.128971 0.005)
(-0.206233 -0.128971 0.005)
(-0.188299 -0.128971 0.005)
(-0.170366 -0.128971 0.005)
(-0.152433 -0.128971 0.005)
(-0.134499 -0.128971 0.005)
(-0.116566 -0.128971 0.005)
(-0.098633 -0.128971 0.005)
(-0.0806997 -0.128971 0.005)
(-0.0627664 -0.128971 0.005)
(-0.0448332 -0.128971 0.005)
(-0.0268999 -0.128971 0.005)
(-0.00896663 -0.128971 0.005)
(0.00896663 -0.128971 0.005)
(0.0268999 -0.128971 0.005)
(0.0448332 -0.128971 0.005)
(0.0627664 -0.128971 0.005)
(0.0806997 -0.128971 0.005)
(0.098633 -0.128971 0.005)
(0.116566 -0.128971 0.005)
(0.134499 -0.128971 0.005)
(0.152433 -0.128971 0.005)
(0.170366 -0.128971 0.005)
(0.188299 -0.128971 0.005)
(0.206233 -0.128971 0.005)
(0.224166 -0.128971 0.005)
(0.242099 -0.128971 0.005)
(0.260032 -0.128971 0.005)
(0.277966 -0.128971 0.005)
(0.295899 -0.128971 0.005)
(0.313832 -0.128971 0.005)
(0.331765 -0.128971 0.005)
(0.349699 -0.128971 0.005)
(0.367632 -0.128971 0.005)
(0.385565 -0.128971 0.005)
(0.403498 -0.128971 0.005)
(0.421432 -0.128971 0.005)
(0.439365 -0.128971 0.005)
(-0.436123 -0.11897 0.005)
(-0.418322 -0.11897 0.005)
(-0.400521 -0.11897 0.005)
(-0.38272 -0.11897 0.005)
(-0.364919 -0.11897 0.005)
(-0.347118 -0.11897 0.005)
(-0.329317 -0.11897 0.005)
(-0.311516 -0.11897 0.005)
(-0.293716 -0.11897 0.005)
(-0.275915 -0.11897 0.005)
(-0.258114 -0.11897 0.005)
(-0.240313 -0.11897 0.005)
(-0.222512 -0.11897 0.005)
(-0.204711 -0.11897 0.005)
(-0.18691 -0.11897 0.005)
(-0.169109 -0.11897 0.005)
(-0.151308 -0.11897 0.005)
(-0.133507 -0.11897 0.005)
(-0.115706 -0.11897 0.005)
(-0.0979052 -0.11897 0.005)
(-0.0801042 -0.11897 0.005)
(-0.0623033 -0.11897 0.005)
(-0.0445024 -0.11897 0.005)
(-0.0267014 -0.11897 0.005)
(-0.00890047 -0.11897 0.005)
(0.00890047 -0.11897 0.005)
(0.0267014 -0.11897 0.005)
(0.0445024 -0.11897 0.005)
(0.0623033 -0.11897 0.005)
(0.0801042 -0.11897 0.005)
(0.0979052 -0.11897 0.005)
(0.115706 -0.11897 0.005)
(0.133507 -0.11897 0.005)
(0.151308 -0.11897 0.005)
(0.169109 -0.11897 0.005)
(0.18691 -0.11897 0.005)
(0.204711 -0.11897 0.005)
(0.222512 -0.11897 0.005)
(0.240313 -0.11897 0.005)
(0.258114 -0.11897 0.005)
(0.275915 -0.11897 0.005)
(0.293716 -0.11897 0.005)
(0.311516 -0.11897 0.005)
(0.329317 -0.11897 0.005)
(0.347118 -0.11897 0.005)
(0.364919 -0.11897 0.005)
(0.38272 -0.11897 0.005)
(0.400521 -0.11897 0.005)
(0.418322 -0.11897 0.005)
(0.436123 -0.11897 0.005)
(-0.433075 -0.108907 0.005)
(-0.415399 -0.108907 0.005)
(-0.397722 -0.108907 0.005)
(-0.380046 -0.108907 0.005)
(-0.362369 -0.108907 0.005)
(-0.344693 -0.108907 0.005)
(-0.327016 -0.108907 0.005)
(-0.30934 -0.108907 0.005)
(-0.291663 -0.108907 0.005)
(-0.273986 -0.108907 0.005)
(-0.25631 -0.108907 0.005)
(-0.238633 -0.108907 0.005)
(-0.220957 -0.108907 0.005)
(-0.20328 -0.108907 0.005)
(-0.185604 -0.108907 0.005)
(-0.167927 -0.108907 0.005)
(-0.150251 -0.108907 0.005)
(-0.132574 -0.108907 0.005)
(-0.114898 -0.108907 0.005)
(-0.097221 -0.108907 0.005)
(-0.0795445 -0.108907 0.005)
(-0.0618679 -0.108907 0.005)
(-0.0441914 -0.108907 0.005)
(-0.0265148 -0.108907 0.005)
(-0.00883827 -0.108907 0.005)
(0.00883827 -0.108907 0.005)
(0.0265148 -0.108907 0.005)
(0.0441914 -0.108907 0.005)
(0.0618679 -0.108907 0.005)
(0.0795445 -0.108907 0.005)
(0.097221 -0.108907 0.005)
(0.114898 -0.108907 0.005)
(0.132574 -0.108907 0.005)
(0.150251 -0.108907 0.005)
(0.167927 -0.108907 0.005)
(0.185604 -0.108907 0.005)
(0.20328 -0.108907 0.005)
(0.220957 -0.108907 0.005)
(0.238633 -0.108907 0.005)
(0.25631 -0.108907 0.005)
(0.273986 -0.108907 0.005)
(0.291663 -0.108907 0.005)
(0.30934 -0.108907 0.005)
(0.327016 -0.108907 0.005)
(0.344693 -0.108907 0.005)
(0.362369 -0.108907 0.005)
(0.380046 -0.108907 0.005)
(0.397722 -0.108907 0.005)
(0.415399 -0.108907 0.005)
(0.433075 -0.108907 0.005)
(-0.430238 -0.0987802 0.005)
(-0.412677 -0.0987802 0.005)
(-0.395117 -0.0987802 0.005)
(-0.377556 -0.0987802 0.005)
(-0.359995 -0.0987802 0.005)
(-0.342435 -0.0987802 0.005)
(-0.324874 -0.0987802 0.005)
(-0.307313 -0.0987802 0.005)
(-0.289752 -0.0987802 0.005)
(-0.272192 -0.0987802 0.005)
(-0.254631 -0.0987802 0.005)
(-0.23707 -0.0987802 0.005)
(-0.219509 -0.0987802 0.005)
(-0.201949 -0.0987802 0.005)
(-0.184388 -0.0987802 0.005)
(-0.166827 -0.0987802 0.005)
(-0.149266 -0.0987802 0.005)
(-0.131706 -0.0987802 0.005)
(-0.114145 -0.0987802 0.005)
(-0.0965841 -0.0987802 0.005)
(-0.0790233 -0.0987802 0.005)
(-0.0614626 -0.0987802 0.005)
(-0.0439019 -0.0987802 0.005)
(-0.0263411 -0.0987802 0.005)
(-0.00878037 -0.0987802 0.005)
(0.00878037 -0.0987802 0.005)
(0.0263411 -0.0987802 0.005)
(0.0439019 -0.0987802 0.005)
(0.0614626 -0.0987802 0.005)
(0.0790233 -0.0987802 0.005)
(0.0965841 -0.0987802 0.005)
(0.114145 -0.0987802 0.005)
(0.131706 -0.0987802 0.005)
(0.149266 -0.0987802 0.005)
(0.166827 -0.0987802 0.005)
(0.184388 -0.0987802 0.005)
(0.201949 -0.0987802 0.005)
(0.219509 -0.0987802 0.005)
(0.23707 -0.0987802 0.005)
(0.254631 -0.0987802 0.005)
(0.272192 -0.0987802 0.005)
(0.289752 -0.0987802 0.005)
(0.307313 -0.0987802 0.005)
(0.324874 -0.0987802 0.005)
(0.342435 -0.0987802 0.005)
(0.359995 -0.0987802 0.005)
(0.377556 -0.0987802 0.005)
(0.395117 -0.0987802 0.005)
(0.412677 -0.0987802 0.005)
(0.430238 -0.0987802 0.005)
(-0.427628 -0.0885903 0.005)
(-0.410173 -0.0885903 0.005)
(-0.392719 -0.0885903 0.005)
(-0.375265 -0.0885903 0.005)
(-0.357811 -0.0885903 0.005)
(-0.340357 -0.0885903 0.005)
(-0.322902 -0.0885903 0.005)
(-0.305448 -0.0885903 0.005)
(-0.287994 -0.0885903 0.005)
(-0.27054 -0.0885903 0.005)
(-0.253086 -0.0885903 0.005)
(-0.235632 -0.0885903 0.005)
(-0.218177 -0.0885903 0.005)
(-0.200723 -0.0885903 0.005)
(-0.183269 -0.0885903 0.005)
(-0.165815 -0.0885903 0.005)
(-0.148361 -0.0885903 0.005)
(-0.130906 -0.0885903 0.005)
(-0.113452 -0.0885903 0.005)
(-0.095998 -0.0885903 0.005)
(-0.0785438 -0.0885903 0.005)
(-0.0610897 -0.0885903 0.005)
(-0.0436355 -0.0885903 0.005)
(-0.0261813 -0.0885903 0.005)
(-0.00872709 -0.0885903 0.005)
(0.00872709 -0.0885903 0.005)
(0.0261813 -0.0885903 0.005)
(0.0436355 -0.0885903 0.005)
(0.0610897 -0.0885903 0.005)
(0.0785438 -0.0885903 0.005)
(0.095998 -0.0885903 0.005)
(0.113452 -0.0885903 0.005)
(0.130906 -0.0885903 0.005)
(0.148361 -0.0885903 0.005)
(0.165815 -0.0885903 0.005)
(0.183269 -0.0885903 0.005)
(0.200723 -0.0885903 0.005)
(0.218177 -0.0885903 0.005)
(0.235632 -0.0885903 0.005)
(0.253086 -0.0885903 0.005)
(0.27054 -0.0885903 0.005)
(0.287994 -0.0885903 0.005)
(0.305448 -0.0885903 0.005)
(0.322902 -0.0885903 0.005)
(0.340357 -0.0885903 0.005)
(0.357811 -0.0885903 0.005)
(0.375265 -0.0885903 0.005)
(0.392719 -0.0885903 0.005)
(0.410173 -0.0885903 0.005)
(0.427628 -0.0885903 0.005)
(-0.425259 -0.0783383 0.005)
(-0.407902 -0.0783383 0.005)
(-0.390544 -0.0783383 0.005)
(-0.373187 -0.0783383 0.005)
(-0.355829 -0.0783383 0.005)
(-0.338472 -0.0783383 0.005)
(-0.321114 -0.0783383 0.005)
(-0.303756 -0.0783383 0.005)
(-0.286399 -0.0783383 0.005)
(-0.269041 -0.0783383 0.005)
(-0.251684 -0.0783383 0.005)
(-0.234326 -0.0783383 0.005)
(-0.216969 -0.0783383 0.005)
(-0.199611 -0.0783383 0.005)
(-0.182254 -0.0783383 0.005)
(-0.164896 -0.0783383 0.005)
(-0.147539 -0.0783383 0.005)
(-0.130181 -0.0783383 0.005)
(-0.112824 -0.0783383 0.005)
(-0.0954663 -0.0783383 0.005)
(-0.0781088 -0.0783383 0.005)
(-0.0607513 -0.0783383 0.005)
(-0.0433938 -0.0783383 0.005)
(-0.0260363 -0.0783383 0.005)
(-0.00867876 -0.0783383 0.005)
(0.00867876 -0.0783383 0.005)
(0.0260363 -0.0783383 0.005)
(0.0433938 -0.0783383 0.005)
(0.0607513 -0.0783383 0.005)
(0.0781088 -0.0783383 0.005)
(0.0954663 -0.0783383 0.005)
(0.112824 -0.0783383 0.005)
(0.130181 -0.0783383 0.005)
(0.147539 -0.0783383 0.005)
(0.164896 -0.0783383 0.005)
(0.182254 -0.0783383 0.005)
(0.199611 -0.0783383 0.005)
(0.216969 -0.0783383 0.005)
(0.234326 -0.0783383 0.005)
(0.251684 -0.0783383 0.005)
(0.269041 -0.0783383 0.005)
(0.286399 -0.0783383 0.005)
(0.303756 -0.0783383 0.005)
(0.321114 -0.0783383 0.005)
(0.338472 -0.0783383 0.005)
(0.355829 -0.0783383 0.005)
(0.373187 -0.0783383 0.005)
(0.390544 -0.0783383 0.005)
(0.407902 -0.0783383 0.005)
(0.425259 -0.0783383 0.005)
(-0.423148 -0.0680268 0.005)
(-0.405876 -0.0680268 0.005)
(-0.388605 -0.0680268 0.005)
(-0.371334 -0.0680268 0.005)
(-0.354062 -0.0680268 0.005)
(-0.336791 -0.0680268 0.005)
(-0.31952 -0.0680268 0.005)
(-0.302248 -0.0680268 0.005)
(-0.284977 -0.0680268 0.005)
(-0.267706 -0.0680268 0.005)
(-0.250434 -0.0680268 0.005)
(-0.233163 -0.0680268 0.005)
(-0.215892 -0.0680268 0.005)
(-0.19862 -0.0680268 0.005)
(-0.181349 -0.0680268 0.005)
(-0.164078 -0.0680268 0.005)
(-0.146806 -0.0680268 0.005)
(-0.129535 -0.0680268 0.005)
(-0.112264 -0.0680268 0.005)
(-0.0949923 -0.0680268 0.005)
(-0.077721 -0.0680268 0.005)
(-0.0604497 -0.0680268 0.005)
(-0.0431783 -0.0680268 0.005)
(-0.025907 -0.0680268 0.005)
(-0.00863567 -0.0680268 0.005)
(0.00863567 -0.0680268 0.005)
(0.025907 -0.0680268 0.005)
(0.0431783 -0.0680268 0.005)
(0.0604497 -0.0680268 0.005)
(0.077721 -0.0680268 0.005)
(0.0949923 -0.0680268 0.005)
(0.112264 -0.0680268 0.005)
(0.129535 -0.0680268 0.005)
(0.146806 -0.0680268 0.005)
(0.164078 -0.0680268 0.005)
(0.181349 -0.0680268 0.005)
(0.19862 -0.0680268 0.005)
(0.215892 -0.0680268 0.005)
(0.233163 -0.0680268 0.005)
(0.250434 -0.0680268 0.005)
(0.267706 -0.0680268 0.005)
(0.284977 -0.0680268 0.005)
(0.302248 -0.0680268 0.005)
(0.31952 -0.0680268 0.005)
(0.336791 -0.0680268 0.005)
(0.354062 -0.0680268 0.005)
(0.371334 -0.0680268 0.005)
(0.388605 -0.0680268 0.005)
(0.405876 -0.0680268 0.005)
(0.423148 -0.0680268 0.005)
(-0.421308 -0.0576613 0.005)
(-0.404112 -0.0576613 0.005)
(-0.386915 -0.0576613 0.005)
(-0.369719 -0.0576613 0.005)
(-0.352523 -0.0576613 0.005)
(-0.335327 -0.0576613 0.005)
(-0.31813 -0.0576613 0.005)
(-0.300934 -0.0576613 0.005)
(-0.283738 -0.0576613 0.005)
(-0.266542 -0.0576613 0.005)
(-0.249346 -0.0576613 0.005)
(-0.232149 -0.0576613 0.005)
(-0.214953 -0.0576613 0.005)
(-0.197757 -0.0576613 0.005)
(-0.180561 -0.0576613 0.005)
(-0.163364 -0.0576613 0.005)
(-0.146168 -0.0576613 0.005)
(-0.128972 -0.0576613 0.005)
(-0.111776 -0.0576613 0.005)
(-0.0945793 -0.0576613 0.005)
(-0.0773831 -0.0576613 0.005)
(-0.0601868 -0.0576613 0.005)
(-0.0429906 -0.0576613 0.005)
(-0.0257944 -0.0576613 0.005)
(-0.00859812 -0.0576613 0.005)
(0.00859812 -0.0576613 0.005)
(0.0257944 -0.0576613 0.005)
(0.0429906 -0.0576613 0.005)
(0.0601868 -0.0576613 0.005)
(0.0773831 -0.0576613 0.005)
(0.0945793 -0.0576613 0.005)
(0.111776 -0.0576613 0.005)
(0.128972 -0.0576613 0.005)
(0.146168 -0.0576613 0.005)
(0.163364 -0.0576613 0.005)
(0.180561 -0.0576613 0.005)
(0.197757 -0.0576613 0.005)
(0.214953 -0.0576613 0.005)
(0.232149 -0.0576613 0.005)
(0.249346 -0.0576613 0.005)
(0.266542 -0.0576613 0.005)
(0.283738 -0.0576613 0.005)
(0.300934 -0.0576613 0.005)
(0.31813 -0.0576613 0.005)
(0.335327 -0.0576613 0.005)
(0.352523 -0.0576613 0.005)
(0.369719 -0.0576613 0.005)
(0.386915 -0.0576613 0.005)
(0.404112 -0.0576613 0.005)
(0.421308 -0.0576613 0.005)
(-0.419753 -0.0472478 0.005)
(-0.40262 -0.0472478 0.005)
(-0.385487 -0.0472478 0.005)
(-0.368355 -0.0472478 0.005)
(-0.351222 -0.0472478 0.005)
(-0.334089 -0.0472478 0.005)
(-0.316956 -0.0472478 0.005)
(-0.299824 -0.0472478 0.005)
(-0.282691 -0.0472478 0.005)
(-0.265558 -0.0472478 0.005)
(-0.248425 -0.0472478 0.005)
(-0.231292 -0.0472478 0.005)
(-0.21416 -0.0472478 0.005)
(-0.197027 -0.0472478 0.005)
(-0.179894 -0.0472478 0.005)
(-0.162761 -0.0472478 0.005)
(-0.145629 -0.0472478 0.005)
(-0.128496 -0.0472478 0.005)
(-0.111363 -0.0472478 0.005)
(-0.0942302 -0.0472478 0.005)
(-0.0770975 -0.0472478 0.005)
(-0.0599647 -0.0472478 0.005)
(-0.0428319 -0.0472478 0.005)
(-0.0256992 -0.0472478 0.005)
(-0.00856639 -0.0472478 0.005)
(0.00856639 -0.0472478 0.005)
(0.0256992 -0.0472478 0.005)
(0.0428319 -0.0472478 0.005)
(0.0599647 -0.0472478 0.005)
(0.0770975 -0.0472478 0.005)
(0.0942302 -0.0472478 0.005)
(0.111363 -0.0472478 0.005)
(0.128496 -0.0472478 0.005)
(0.145629 -0.0472478 0.005)
(0.162761 -0.0472478 0.005)
(0.179894 -0.0472478 0.005)
(0.197027 -0.0472478 0.005)
(0.21416 -0.0472478 0.005)
(0.231292 -0.0472478 0.005)
(0.248425 -0.0472478 0.005)
(0.265558 -0.0472478 0.005)
(0.282691 -0.0472478 0.005)
(0.299824 -0.0472478 0.005)
(0.316956 -0.0472478 0.005)
(0.334089 -0.0472478 0.005)
(0.351222 -0.0472478 0.005)
(0.368355 -0.0472478 0.005)
(0.385487 -0.0472478 0.005)
(0.40262 -0.0472478 0.005)
(0.419753 -0.0472478 0.005)
(-0.418494 -0.0367932 0.005)
(-0.401413 -0.0367932 0.005)
(-0.384331 -0.0367932 0.005)
(-0.36725 -0.0367932 0.005)
(-0.350169 -0.0367932 0.005)
(-0.333087 -0.0367932 0.005)
(-0.316006 -0.0367932 0.005)
(-0.298924 -0.0367932 0.005)
(-0.281843 -0.0367932 0.005)
(-0.264762 -0.0367932 0.005)
(-0.24768 -0.0367932 0.005)
(-0.230599 -0.0367932 0.005)
(-0.213517 -0.0367932 0.005)
(-0.196436 -0.0367932 0.005)
(-0.179355 -0.0367932 0.005)
(-0.162273 -0.0367932 0.005)
(-0.145192 -0.0367932 0.005)
(-0.12811 -0.0367932 0.005)
(-0.111029 -0.0367932 0.005)
(-0.0939477 -0.0367932 0.005)
(-0.0768663 -0.0367932 0.005)
(-0.0597849 -0.0367932 0.005)
(-0.0427035 -0.0367932 0.005)
(-0.0256221 -0.0367932 0.005)
(-0.0085407 -0.0367932 0.005)
(0.0085407 -0.0367932 0.005)
(0.0256221 -0.0367932 0.005)
(0.0427035 -0.0367932 0.005)
(0.0597849 -0.0367932 0.005)
(0.0768663 -0.0367932 0.005)
(0.0939477 -0.0367932 0.005)
(0.111029 -0.0367932 0.005)
(0.12811 -0.0367932 0.005)
(0.145192 -0.0367932 0.005)
(0.162273 -0.0367932 0.005)
(0.179355 -0.0367932 0.005)
(0.196436 -0.0367932 0.005)
(0.213517 -0.0367932 0.005)
(0.230599 -0.0367932 0.005)
(0.24768 -0.0367932 0.005)
(0.264762 -0.0367932 0.005)
(0.281843 -0.0367932 0.005)
(0.298924 -0.0367932 0.005)
(0.316006 -0.0367932 0.005)
(0.333087 -0.0367932 0.005)
(0.350169 -0.0367932 0.005)
(0.36725 -0.0367932 0.005)
(0.384331 -0.0367932 0.005)
(0.401413 -0.0367932 0.005)
(0.418494 -0.0367932 0.005)
(-0.417541 -0.0263053 0.005)
(-0.400499 -0.0263053 0.005)
(-0.383456 -0.0263053 0.005)
(-0.366414 -0.0263053 0.005)
(-0.349371 -0.0263053 0.005)
(-0.332329 -0.0263053 0.005)
(-0.315286 -0.0263053 0.005)
(-0.298244 -0.0263053 0.005)
(-0.281201 -0.0263053 0.005)
(-0.264159 -0.0263053 0.005)
(-0.247116 -0.0263053 0.005)
(-0.230074 -0.0263053 0.005)
(-0.213031 -0.0263053 0.005)
(-0.195989 -0.0263053 0.005)
(-0.178946 -0.0263053 0.005)
(-0.161904 -0.0263053 0.005)
(-0.144861 -0.0263053 0.005)
(-0.127819 -0.0263053 0.005)
(-0.110776 -0.0263053 0.005)
(-0.0937337 -0.0263053 0.005)
(-0.0766912 -0.0263053 0.005)
(-0.0596487 -0.0263053 0.005)
(-0.0426062 -0.0263053 0.005)
(-0.0255637 -0.0263053 0.005)
(-0.00852125 -0.0263053 0.005)
(0.00852125 -0.0263053 0.005)
(0.0255637 -0.0263053 0.005)
(0.0426062 -0.0263053 0.005)
(0.0596487 -0.0263053 0.005)
(0.0766912 -0.0263053 0.005)
(0.0937337 -0.0263053 0.005)
(0.110776 -0.0263053 0.005)
(0.127819 -0.0263053 0.005)
(0.144861 -0.0263053 0.005)
(0.161904 -0.0263053 0.005)
(0.178946 -0.0263053 0.005)
(0.195989 -0.0263053 0.005)
(0.213031 -0.0263053 0.005)
(0.230074 -0.0263053 0.005)
(0.247116 -0.0263053 0.005)
(0.264159 -0.0263053 0.005)
(0.281201 -0.0263053 0.005)
(0.298244 -0.0263053 0.005)
(0.315286 -0.0263053 0.005)
(0.332329 -0.0263053 0.005)
(0.349371 -0.0263053 0.005)
(0.366414 -0.0263053 0.005)
(0.383456 -0.0263053 0.005)
(0.400499 -0.0263053 0.005)
(0.417541 -0.0263053 0.005)
(-0.416902 -0.0157931 0.005)
(-0.399885 -0.0157931 0.005)
(-0.382869 -0.0157931 0.005)
(-0.365852 -0.0157931 0.005)
(-0.348836 -0.0157931 0.005)
(-0.33182 -0.0157931 0.005)
(-0.314803 -0.0157931 0.005)
(-0.297787 -0.0157931 0.005)
(-0.28077 -0.0157931 0.005)
(-0.263754 -0.0157931 0.005)
(-0.246738 -0.0157931 0.005)
(-0.229721 -0.0157931 0.005)
(-0.212705 -0.0157931 0.005)
(-0.195688 -0.0157931 0.005)
(-0.178672 -0.0157931 0.005)
(-0.161656 -0.0157931 0.005)
(-0.144639 -0.0157931 0.005)
(-0.127623 -0.0157931 0.005)
(-0.110607 -0.0157931 0.005)
(-0.0935901 -0.0157931 0.005)
(-0.0765738 -0.0157931 0.005)
(-0.0595574 -0.0157931 0.005)
(-0.042541 -0.0157931 0.005)
(-0.0255246 -0.0157931 0.005)
(-0.0085082 -0.0157931 0.005)
(0.0085082 -0.0157931 0.005)
(0.0255246 -0.0157931 0.005)
(0.042541 -0.0157931 0.005)
(0.0595574 -0.0157931 0.005)
(0.0765738 -0.0157931 0.005)
(0.0935901 -0.0157931 0.005)
(0.110607 -0.0157931 0.005)
(0.127623 -0.0157931 0.005)
(0.144639 -0.0157931 0.005)
(0.161656 -0.0157931 0.005)
(0.178672 -0.0157931 0.005)
(0.195688 -0.0157931 0.005)
(0.212705 -0.0157931 0.005)
(0.229721 -0.0157931 0.005)
(0.246738 -0.0157931 0.005)
(0.263754 -0.0157931 0.005)
(0.28077 -0.0157931 0.005)
(0.297787 -0.0157931 0.005)
(0.314803 -0.0157931 0.005)
(0.33182 -0.0157931 0.005)
(0.348836 -0.0157931 0.005)
(0.365852 -0.0157931 0.005)
(0.382869 -0.0157931 0.005)
(0.399885 -0.0157931 0.005)
(0.416902 -0.0157931 0.005)
(-0.41658 -0.00526605 0.005)
(-0.399577 -0.00526605 0.005)
(-0.382574 -0.00526605 0.005)
(-0.365571 -0.00526605 0.005)
(-0.348567 -0.00526605 0.005)
(-0.331564 -0.00526605 0.005)
(-0.314561 -0.00526605 0.005)
(-0.297557 -0.00526605 0.005)
(-0.280554 -0.00526605 0.005)
(-0.263551 -0.00526605 0.005)
(-0.246548 -0.00526605 0.005)
(-0.229544 -0.00526605 0.005)
(-0.212541 -0.00526605 0.005)
(-0.195538 -0.00526605 0.005)
(-0.178534 -0.00526605 0.005)
(-0.161531 -0.00526605 0.005)
(-0.144528 -0.00526605 0.005)
(-0.127525 -0.00526605 0.005)
(-0.110521 -0.00526605 0.005)
(-0.0935181 -0.00526605 0.005)
(-0.0765148 -0.00526605 0.005)
(-0.0595115 -0.00526605 0.005)
(-0.0425082 -0.00526605 0.005)
(-0.0255049 -0.00526605 0.005)
(-0.00850164 -0.00526605 0.005)
(0.00850164 -0.00526605 0.005)
(0.0255049 -0.00526605 0.005)
(0.0425082 -0.00526605 0.005)
(0.0595115 -0.00526605 0.005)
(0.0765148 -0.00526605 0.005)
(0.0935181 -0.00526605 0.005)
(0.110521 -0.00526605 0.005)
(0.127525 -0.00526605 0.005)
(0.144528 -0.00526605 0.005)
(0.161531 -0.00526605 0.005)
(0.178534 -0.00526605 0.005)
(0.195538 -0.00526605 0.005)
(0.212541 -0.00526605 0.005)
(0.229544 -0.00526605 0.005)
(0.246548 -0.00526605 0.005)
(0.263551 -0.00526605 0.005)
(0.280554 -0.00526605 0.005)
(0.297557 -0.00526605 0.005)
(0.314561 -0.00526605 0.005)
(0.331564 -0.00526605 0.005)
(0.348567 -0.00526605 0.005)
(0.365571 -0.00526605 0.005)
(0.382574 -0.00526605 0.005)
(0.399577 -0.00526605 0.005)
(0.41658 -0.00526605 0.005)
(-0.41658 0.00526605 0.005)
(-0.399577 0.00526605 0.005)
(-0.382574 0.00526605 0.005)
(-0.365571 0.00526605 0.005)
(-0.348567 0.00526605 0.005)
(-0.331564 0.00526605 0.005)
(-0.314561 0.00526605 0.005)
(-0.297557 0.00526605 0.005)
(-0.280554 0.00526605 0.005)
(-0.263551 0.00526605 0.005)
(-0.246548 0.00526605 0.005)
(-0.229544 0.00526605 0.005)
(-0.212541 0.00526605 0.005)
(-0.195538 0.00526605 0.005)
(-0.178534 0.00526605 0.005)
(-0.161531 0.00526605 0.005)
(-0.144528 0.00526605 0.005)
(-0.127525 0.00526605 0.005)
(-0.110521 0.00526605 0.005)
(-0.0935181 0.00526605 0.005)
(-0.0765148 0.00526605 0.005)
(-0.0595115 0.00526605 0.005)
(-0.0425082 0.00526605 0.005)
(-0.0255049 0.00526605 0.005)
(-0.00850164 0.00526605 0.005)
(0.00850164 0.00526605 0.005)
(0.0255049 0.00526605 0.005)
(0.0425082 0.00526605 0.005)
(0.0595115 0.00526605 0.005)
(0.0765148 0.00526605 0.005)
(0.0935181 0.00526605 0.005)
(0.110521 0.00526605 0.005)
(0.127525 0.00526605 0.005)
(0.144528 0.00526605 0.005)
(0.161531 0.00526605 0.005)
(0.178534 0.00526605 0.005)
(0.195538 0.00526605 0.005)
(0.212541 0.00526605 0.005)
(0.229544 0.00526605 0.005)
(0.246548 0.00526605 0.005)
(0.263551 0.00526605 0.005)
(0.280554 0.00526605 0.005)
(0.297557 0.00526605 0.005)
(0.314561 0.00526605 0.005)
(0.331564 0.00526605 0.005)
(0.348567 0.00526605 0.005)
(0.365571 0.00526605 0.005)
(0.382574 0.00526605 0.005)
(0.399577 0.00526605 0.005)
(0.41658 0.00526605 0.005)
(-0.416902 0.0157931 0.005)
(-0.399885 0.0157931 0.005)
(-0.382869 0.0157931 0.005)
(-0.365852 0.0157931 0.005)
(-0.348836 0.0157931 0.005)
(-0.33182 0.0157931 0.005)
(-0.314803 0.0157931 0.005)
(-0.297787 0.0157931 0.005)
(-0.28077 0.0157931 0.005)
(-0.263754 0.0157931 0.005)
(-0.246738 0.0157931 0.005)
(-0.229721 0.0157931 0.005)
(-0.212705 0.0157931 0.005)
(-0.195688 0.0157931 0.005)
(-0.178672 0.0157931 0.005)
(-0.161656 0.0157931 0.005)
(-0.144639 0.0157931 0.005)
(-0.127623 0.0157931 0.005)
(-0.110607 0.0157931 0.005)
(-0.0935901 0.0157931 0.005)
(-0.0765738 0.0157931 0.005)
(-0.0595574 0.0157931 0.005)
(-0.042541 0.0157931 0.005)
(-0.0255246 0.0157931 0.005)
(-0.0085082 0.0157931 0.005)
(0.0085082 0.0157931 0.005)
(0.0255246 0.0157931 0.005)
(0.042541 0.0157931 0.005)
(0.0595574 0.0157931 0.005)
(0.0765738 0.0157931 0.005)
(0.0935901 0.0157931 0.005)
(0.110607 0.0157931 0.005)
(0.127623 0.0157931 0.005)
(0.144639 0.0157931 0.005)
(0.161656 0.0157931 0.005)
(0.178672 0.0157931 0.005)
(0.195688 0.0157931 0.005)
(0.212705 0.0157931 0.005)
(0.229721 0.0157931 0.005)
(0.246738 0.0157931 0.005)
(0.263754 0.0157931 0.005)
(0.28077 0.0157931 0.005)
(0.297787 0.0157931 0.005)
(0.314803 0.0157931 0.005)
(0.33182 0.0157931 0.005)
(0.348836 0.0157931 0.005)
(0.365852 0.0157931 0.005)
(0.382869 0.0157931 0.005)
(0.399885 0.0157931 0.005)
(0.416902 0.0157931 0.005)
(-0.417541 0.0263053 0.005)
(-0.400499 0.0263053 0.005)
(-0.383456 0.0263053 0.005)
(-0.366414 0.0263053 0.005)
(-0.349371 0.0263053 0.005)
(-0.332329 0.0263053 0.005)
(-0.315286 0.0263053 0.005)
(-0.298244 0.0263053 0.005)
(-0.281201 0.0263053 0.005)
(-0.264159 0.0263053 0.005)
(-0.247116 0.0263053 0.005)
(-0.230074 0.0263053 0.005)
(-0.213031 0.0263053 0.005)
(-0.195989 0.0263053 0.005)
(-0.178946 0.0263053 0.005)
(-0.161904 0.0263053 0.005)
(-0.144861 0.0263053 0.005)
(-0.127819 0.0263053 0.005)
(-0.110776 0.0263053 0.005)
(-0.0937337 0.0263053 0.005)
(-0.0766912 0.0263053 0.005)
(-0.0596487 0.0263053 0.005)
(-0.0426062 0.0263053 0.005)
(-0.0255637 0.0263053 0.005)
(-0.00852125 0.0263053 0.005)
(0.00852125 0.0263053 0.005)
(0.0255637 0.0263053 0.005)
(0.0426062 0.0263053 0.005)
(0.0596487 0.0263053 0.005)
(0.0766912 0.0263053 0.005)
(0.0937337 0.0263053 0.005)
(0.110776 0.0263053 0.005)
(0.127819 0.0263053 0.005)
(0.144861 0.0263053 0.005)
(0.161904 0.0263053 0.005)
(0.178946 0.0263053 0.005)
(0.195989 0.0263053 0.005)
(0.213031 0.0263053 0.005)
(0.230074 0.0263053 0.005)
(0.247116 0.0263053 0.005)
(0.264159 0.0263053 0.005)
(0.281201 0.0263053 0.005)
(0.298244 0.0263053 0.005)
(0.315286 0.0263053 0.005)
(0.332329 0.0263053 0.005)
(0.349371 0.0263053 0.005)
(0.366414 0.0263053 0.005)
(0.383456 0.0263053 0.005)
(0.400499 0.0263053 0.005)
(0.417541 0.0263053 0.005)
(-0.418494 0.0367932 0.005)
(-0.401413 0.0367932 0.005)
(-0.384331 0.0367932 0.005)
(-0.36725 0.0367932 0.005)
(-0.350169 0.0367932 0.005)
(-0.333087 0.0367932 0.005)
(-0.316006 0.0367932 0.005)
(-0.298924 0.0367932 0.005)
(-0.281843 0.0367932 0.005)
(-0.264762 0.0367932 0.005)
(-0.24768 0.0367932 0.005)
(-0.230599 0.0367932 0.005)
(-0.213517 0.0367932 0.005)
(-0.196436 0.0367932 0.005)
(-0.179355 0.0367932 0.005)
(-0.162273 0.0367932 0.005)
(-0.145192 0.0367932 0.005)
(-0.12811 0.0367932 0.005)
(-0.111029 0.0367932 0.005)
(-0.0939477 0.0367932 0.005)
(-0.0768663 0.0367932 0.005)
(-0.0597849 0.0367932 0.005)
(-0.0427035 0.0367932 0.005)
(-0.0256221 0.0367932 0.005)
(-0.0085407 0.0367932 0.005)
(0.0085407 0.0367932 0.005)
(0.0256221 0.0367932 0.005)
(0.0427035 0.0367932 0.005)
(0.0597849 0.0367932 0.005)
(0.0768663 0.0367932 0.005)
(0.0939477 0.0367932 0.005)
(0.111029 0.0367932 0.005)
(0.12811 0.0367932 0.005)
(0.145192 0.0367932 0.005)
(0.162273 0.0367932 0.005)
(0.179355 0.0367932 0.005)
(0.196436 0.0367932 0.005)
(0.213517 0.0367932 0.005)
(0.230599 0.0367932 0.005)
(0.24768 0.0367932 0.005)
(0.264762 0.0367932 0.005)
(0.281843 0.0367932 0.005)
(0.298924 0.0367932 0.005)
(0.316006 0.0367932 0.005)
(0.333087 0.0367932 0.005)
(0.350169 0.0367932 0.005)
(0.36725 0.0367932 0.005)
(0.384331 0.0367932 0.005)
(0.401413 0.0367932 0.005)
(0.418494 0.0367932 0.005)
(-0.419753 0.0472478 0.005)
(-0.40262 0.0472478 0.005)
(-0.385487 0.0472478 0.005)
(-0.368355 0.0472478 0.005)
(-0.351222 0.0472478 0.005)
(-0.334089 0.0472478 0.005)
(-0.316956 0.0472478 0.005)
(-0.299824 0.0472478 0.005)
(-0.282691 0.0472478 0.005)
(-0.265558 0.0472478 0.005)
(-0.248425 0.0472478 0.005)
(-0.231292 0.0472478 0.005)
(-0.21416 0.0472478 0.005)
(-0.197027 0.0472478 0.005)
(-0.179894 0.0472478 0.005)
(-0.162761 0.0472478 0.005)
(-0.145629 0.0472478 0.005)
(-0.128496 0.0472478 0.005)
(-0.111363 0.0472478 0.005)
(-0.0942302 0.0472478 0.005)
(-0.0770975 0.0472478 0.005)
(-0.0599647 0.0472478 0.005)
(-0.0428319 0.0472478 0.005)
(-0.0256992 0.0472478 0.005)
(-0.00856639 0.0472478 0.005)
(0.00856639 0.0472478 0.005)
(0.0256992 0.0472478 0.005)
(0.0428319 0.0472478 0.005)
(0.0599647 0.0472478 0.005)
(0.0770975 0.0472478 0.005)
(0.0942302 0.0472478 0.005)
(0.111363 0.0472478 0.005)
(0.128496 0.0472478 0.005)
(0.145629 0.0472478 0.005)
(0.162761 0.0472478 0.005)
(0.179894 0.0472478 0.005)
(0.197027 0.0472478 0.005)
(0.21416 0.0472478 0.005)
(0.231292 0.0472478 0.005)
(0.248425 0.0472478 0.005)
(0.265558 0.0472478 0.005)
(0.282691 0.0472478 0.005)
(0.299824 0.0472478 0.005)
(0.316956 0.0472478 0.005)
(0.334089 0.0472478 0.005)
(0.351222 0.0472478 0.005)
(0.368355 0.0472478 0.005)
(0.385487 0.0472478 0.005)
(0.40262 0.0472478 0.005)
(0.419753 0.0472478 0.005)
(-0.421308 0.0576613 0.005)
(-0.404112 0.0576613 0.005)
(-0.386915 0.0576613 0.005)
(-0.369719 0.0576613 0.005)
(-0.352523 0.0576613 0.005)
(-0.335327 0.0576613 0.005)
(-0.31813 0.0576613 0.005)
(-0.300934 0.0576613 0.005)
(-0.283738 0.0576613 0.005)
(-0.266542 0.0576613 0.005)
(-0.249346 0.0576613 0.005)
(-0.232149 0.0576613 0.005)
(-0.214953 0.0576613 0.005)
(-0.197757 0.0576613 0.005)
(-0.180561 0.0576613 0.005)
(-0.163364 0.0576613 0.005)
(-0.146168 0.0576613 0.005)
(-0.128972 0.0576613 0.005)
(-0.111776 0.0576613 0.005)
(-0.0945793 0.0576613 0.005)
(-0.0773831 0.0576613 0.005)
(-0.0601868 0.0576613 0.005)
(-0.0429906 0.0576613 0.005)
(-0.0257944 0.0576613 0.005)
(-0.00859812 0.0576613 0.005)
(0.00859812 0.0576613 0.005)
(0.0257944 0.0576613 0.005)
(0.0429906 0.0576613 0.005)
(0.0601868 0.0576613 0.005)
(0.0773831 0.0576613 0.005)
(0.0945793 0.0576613 0.005)
(0.111776 0.0576613 0.005)
(0.128972 0.0576613 0.005)
(0.146168 0.0576613 0.005)
(0.163364 0.0576613 0.005)
(0.180561 0.0576613 0.005)
(0.197757 0.0576613 0.005)
(0.214953 0.0576613 0.005)
(0.232149 0.0576613 0.005)
(0.249346 0.0576613 0.005)
(0.266542 0.0576613 0.005)
(0.283738 0.0576613 0.005)
(0.300934 0.0576613 0.005)
(0.31813 0.0576613 0.005)
(0.335327 0.0576613 0.005)
(0.352523 0.0576613 0.005)
(0.369719 0.0576613 0.005)
(0.386915 0.0576613 0.005)
(0.404112 0.0576613 0.005)
(0.421308 0.0576613 0.005)
(-0.423148 0.0680268 0.005)
(-0.405876 0.0680268 0.005)
(-0.388605 0.0680268 0.005)
(-0.371334 0.0680268 0.005)
(-0.354062 0.0680268 0.005)
(-0.336791 0.0680268 0.005)
(-0.31952 0.0680268 0.005)
(-0.302248 0.0680268 0.005)
(-0.284977 0.0680268 0.005)
(-0.267706 0.0680268 0.005)
(-0.250434 0.0680268 0.005)
(-0.233163 0.0680268 0.005)
(-0.215892 0.0680268 0.005)
(-0.19862 0.0680268 0.005)
(-0.181349 0.0680268 0.005)
(-0.164078 0.0680268 0.005)
(-0.146806 0.0680268 0.005)
(-0.129535 0.0680268 0.005)
(-0.112264 0.0680268 0.005)
(-0.0949923 0.0680268 0.005)
(-0.077721 0.0680268 0.005)
(-0.0604497 0.0680268 0.005)
(-0.0431783 0.0680268 0.005)
(-0.025907 0.0680268 0.005)
(-0.00863567 0.0680268 0.005)
(0.00863567 0.0680268 0.005)
(0.025907 0.0680268 0.005)
(0.0431783 0.0680268 0.005)
(0.0604497 0.0680268 0.005)
(0.077721 0.0680268 0.005)
(0.0949923 0.0680268 0.005)
(0.112264 0.0680268 0.005)
(0.129535 0.0680268 0.005)
(0.146806 0.0680268 0.005)
(0.164078 0.0680268 0.005)
(0.181349 0.0680268 0.005)
(0.19862 0.0680268 0.005)
(0.215892 0.0680268 0.005)
(0.233163 0.0680268 0.005)
(0.250434 0.0680268 0.005)
(0.267706 0.0680268 0.005)
(0.284977 0.0680268 0.005)
(0.302248 0.0680268 0.005)
(0.31952 0.0680268 0.005)
(0.336791 0.0680268 0.005)
(0.354062 0.0680268 0.005)
(0.371334 0.0680268 0.005)
(0.388605 0.0680268 0.005)
(0.405876 0.0680268 0.005)
(0.423148 0.0680268 0.005)
(-0.425259 0.0783383 0.005)
(-0.407902 0.0783383 0.005)
(-0.390544 0.0783383 0.005)
(-0.373187 0.0783383 0.005)
(-0.355829 0.0783383 0.005)
(-0.338472 0.0783383 0.005)
(-0.321114 0.0783383 0.005)
(-0.303756 0.0783383 0.005)
(-0.286399 0.0783383 0.005)
(-0.269041 0.0783383 0.005)
(-0.251684 0.0783383 0.005)
(-0.234326 0.0783383 0.005)
(-0.216969 0.0783383 0.005)
(-0.199611 0.0783383 0.005)
(-0.182254 0.0783383 0.005)
(-0.164896 0.0783383 0.005)
(-0.147539 0.0783383 0.005)
(-0.130181 0.0783383 0.005)
(-0.112824 0.0783383 0.005)
(-0.0954663 0.0783383 0.005)
(-0.0781088 0.0783383 0.005)
(-0.0607513 0.0783383 0.005)
(-0.0433938 0.0783383 0.005)
(-0.0260363 0.0783383 0.005)
(-0.00867876 0.0783383 0.005)
(0.00867876 0.0783383 0.005)
(0.0260363 0.0783383 0.005)
(0.0433938 0.0783383 0.005)
(0.0607513 0.0783383 0.005)
(0.0781088 0.0783383 0.005)
(0.0954663 0.0783383 0.005)
(0.112824 0.0783383 0.005)
(0.130181 0.0783383 0.005)
(0.147539 0.0783383 0.005)
(0.164896 0.0783383 0.005)
(0.182254 0.0783383 0.005)
(0.199611 0.0783383 0.005)
(0.216969 0.0783383 0.005)
(0.234326 0.0783383 0.005)
(0.251684 0.0783383 0.005)
(0.269041 0.0783383 0.005)
(0.286399 0.0783383 0.005)
(0.303756 0.0783383 0.005)
(0.321114 0.0783383 0.005)
(0.338472 0.0783383 0.005)
(0.355829 0.0783383 0.005)
(0.373187 0.0783383 0.005)
(0.390544 0.0783383 0.005)
(0.407902 0.0783383 0.005)
(0.425259 0.0783383 0.005)
(-0.427628 0.0885903 0.005)
(-0.410173 0.0885903 0.005)
(-0.392719 0.0885903 0.005)
(-0.375265 0.0885903 0.005)
(-0.357811 0.0885903 0.005)
(-0.340357 0.0885903 0.005)
(-0.322902 0.0885903 0.005)
(-0.305448 0.0885903 0.005)
(-0.287994 0.0885903 0.005)
(-0.27054 0.0885903 0.005)
(-0.253086 0.0885903 0.005)
(-0.235632 0.0885903 0.005)
(-0.218177 0.0885903 0.005)
(-0.200723 0.0885903 0.005)
(-0.183269 0.0885903 0.005)
(-0.165815 0.0885903 0.005)
(-0.148361 0.0885903 0.005)
(-0.130906 0.0885903 0.005)
(-0.113452 0.0885903 0.005)
(-0.095998 0.0885903 0.005)
(-0.0785438 0.0885903 0.005)
(-0.0610897 0.0885903 0.005)
(-0.0436355 0.0885903 0.005)
(-0.0261813 0.0885903 0.005)
(-0.00872709 0.0885903 0.005)
(0.00872709 0.0885903 0.005)
(0.0261813 0.0885903 0.005)
(0.0436355 0.0885903 0.005)
(0.0610897 0.0885903 0.005)
(0.0785438 0.0885903 0.005)
(0.095998 0.0885903 0.005)
(0.113452 0.0885903 0.005)
(0.130906 0.0885903 0.005)
(0.148361 0.0885903 0.005)
(0.165815 0.0885903 0.005)
(0.183269 0.0885903 0.005)
(0.200723 0.0885903 0.005)
(0.218177 0.0885903 0.005)
(0.235632 0.0885903 0.005)
(0.253086 0.0885903 0.005)
(0.27054 0.0885903 0.005)
(0.287994 0.0885903 0.005)
(0.305448 0.0885903 0.005)
(0.322902 0.0885903 0.005)
(0.340357 0.0885903 0.005)
(0.357811 0.0885903 0.005)
(0.375265 0.0885903 0.005)
(0.392719 0.0885903 0.005)
(0.410173 0.0885903 0.005)
(0.427628 0.0885903 0.005)
(-0.430238 0.0987802 0.005)
(-0.412677 0.0987802 0.005)
(-0.395117 0.0987802 0.005)
(-0.377556 0.0987802 0.005)
(-0.359995 0.0987802 0.005)
(-0.342435 0.0987802 0.005)
(-0.324874 0.0987802 0.005)
(-0.307313 0.0987802 0.005)
(-0.289752 0.0987802 0.005)
(-0.272192 0.0987802 0.005)
(-0.254631 0.0987802 0.005)
(-0.23707 0.0987802 0.005)
(-0.219509 0.0987802 0.005)
(-0.201949 0.0987802 0.005)
(-0.184388 0.0987802 0.005)
(-0.166827 0.0987802 0.005)
(-0.149266 0.0987802 0.005)
(-0.131706 0.0987802 0.005)
(-0.114145 0.0987802 0.005)
(-0.0965841 0.0987802 0.005)
(-0.0790233 0.0987802 0.005)
(-0.0614626 0.0987802 0.005)
(-0.0439019 0.0987802 0.005)
(-0.0263411 0.0987802 0.005)
(-0.00878037 0.0987802 0.005)
(0.00878037 0.0987802 0.005)
(0.0263411 0.0987802 0.005)
(0.0439019 0.0987802 0.005)
(0.0614626 0.0987802 0.005)
(0.0790233 0.0987802 0.005)
(0.0965841 0.0987802 0.005)
(0.114145 0.0987802 0.005)
(0.131706 0.0987802 0.005)
(0.149266 0.0987802 0.005)
(0.166827 0.0987802 0.005)
(0.184388 0.0987802 0.005)
(0.201949 0.0987802 0.005)
(0.219509 0.0987802 0.005)
(0.23707 0.0987802 0.005)
(0.254631 0.0987802 0.005)
(0.272192 0.0987802 0.005)
(0.289752 0.0987802 0.005)
(0.307313 0.0987802 0.005)
(0.324874 0.0987802 0.005)
(0.342435 0.0987802 0.005)
(0.359995 0.0987802 0.005)
(0.377556 0.0987802 0.005)
(0.395117 0.0987802 0.005)
(0.412677 0.0987802 0.005)
(0.430238 0.0987802 0.005)
(-0.433075 0.108907 0.005)
(-0.415399 0.108907 0.005)
(-0.397722 0.108907 0.005)
(-0.380046 0.108907 0.005)
(-0.362369 0.108907 0.005)
(-0.344693 0.108907 0.005)
(-0.327016 0.108907 0.005)
(-0.30934 0.108907 0.005)
(-0.291663 0.108907 0.005)
(-0.273986 0.108907 0.005)
(-0.25631 0.108907 0.005)
(-0.238633 0.108907 0.005)
(-0.220957 0.108907 0.005)
(-0.20328 0.108907 0.005)
(-0.185604 0.108907 0.005)
(-0.167927 0.108907 0.005)
(-0.150251 0.108907 0.005)
(-0.132574 0.108907 0.005)
(-0.114898 0.108907 0.005)
(-0.097221 0.108907 0.005)
(-0.0795445 0.108907 0.005)
(-0.0618679 0.108907 0.005)
(-0.0441914 0.108907 0.005)
(-0.0265148 0.108907 0.005)
(-0.00883827 0.108907 0.005)
(0.00883827 0.108907 0.005)
(0.0265148 0.108907 0.005)
(0.0441914 0.108907 0.005)
(0.0618679 0.108907 0.005)
(0.0795445 0.108907 0.005)
(0.097221 0.108907 0.005)
(0.114898 0.108907 0.005)
(0.132574 0.108907 0.005)
(0.150251 0.108907 0.005)
(0.167927 0.108907 0.005)
(0.185604 0.108907 0.005)
(0.20328 0.108907 0.005)
(0.220957 0.108907 0.005)
(0.238633 0.108907 0.005)
(0.25631 0.108907 0.005)
(0.273986 0.108907 0.005)
(0.291663 0.108907 0.005)
(0.30934 0.108907 0.005)
(0.327016 0.108907 0.005)
(0.344693 0.108907 0.005)
(0.362369 0.108907 0.005)
(0.380046 0.108907 0.005)
(0.397722 0.108907 0.005)
(0.415399 0.108907 0.005)
(0.433075 0.108907 0.005)
(-0.436123 0.11897 0.005)
(-0.418322 0.11897 0.005)
(-0.400521 0.11897 0.005)
(-0.38272 0.11897 0.005)
(-0.364919 0.11897 0.005)
(-0.347118 0.11897 0.005)
(-0.329317 0.11897 0.005)
(-0.311516 0.11897 0.005)
(-0.293716 0.11897 0.005)
(-0.275915 0.11897 0.005)
(-0.258114 0.11897 0.005)
(-0.240313 0.11897 0.005)
(-0.222512 0.11897 0.005)
(-0.204711 0.11897 0.005)
(-0.18691 0.11897 0.005)
(-0.169109 0.11897 0.005)
(-0.151308 0.11897 0.005)
(-0.133507 0.11897 0.005)
(-0.115706 0.11897 0.005)
(-0.0979052 0.11897 0.005)
(-0.0801042 0.11897 0.005)
(-0.0623033 0.11897 0.005)
(-0.0445024 0.11897 0.005)
(-0.0267014 0.11897 0.005)
(-0.00890047 0.11897 0.005)
(0.00890047 0.11897 0.005)
(0.0267014 0.11897 0.005)
(0.0445024 0.11897 0.005)
(0.0623033 0.11897 0.005)
(0.0801042 0.11897 0.005)
(0.0979052 0.11897 0.005)
(0.115706 0.11897 0.005)
(0.133507 0.11897 0.005)
(0.151308 0.11897 0.005)
(0.169109 0.11897 0.005)
(0.18691 0.11897 0.005)
(0.204711 0.11897 0.005)
(0.222512 0.11897 0.005)
(0.240313 0.11897 0.005)
(0.258114 0.11897 0.005)
(0.275915 0.11897 0.005)
(0.293716 0.11897 0.005)
(0.311516 0.11897 0.005)
(0.329317 0.11897 0.005)
(0.347118 0.11897 0.005)
(0.364919 0.11897 0.005)
(0.38272 0.11897 0.005)
(0.400521 0.11897 0.005)
(0.418322 0.11897 0.005)
(0.436123 0.11897 0.005)
(-0.439365 0.128971 0.005)
(-0.421432 0.128971 0.005)
(-0.403498 0.128971 0.005)
(-0.385565 0.128971 0.005)
(-0.367632 0.128971 0.005)
(-0.349699 0.128971 0.005)
(-0.331765 0.128971 0.005)
(-0.313832 0.128971 0.005)
(-0.295899 0.128971 0.005)
(-0.277966 0.128971 0.005)
(-0.260032 0.128971 0.005)
(-0.242099 0.128971 0.005)
(-0.224166 0.128971 0.005)
(-0.206233 0.128971 0.005)
(-0.188299 0.128971 0.005)
(-0.170366 0.128971 0.005)
(-0.152433 0.128971 0.005)
(-0.134499 0.128971 0.005)
(-0.116566 0.128971 0.005)
(-0.098633 0.128971 0.005)
(-0.0806997 0.128971 0.005)
(-0.0627664 0.128971 0.005)
(-0.0448332 0.128971 0.005)
(-0.0268999 0.128971 0.005)
(-0.00896663 0.128971 0.005)
(0.00896663 0.128971 0.005)
(0.0268999 0.128971 0.005)
(0.0448332 0.128971 0.005)
(0.0627664 0.128971 0.005)
(0.0806997 0.128971 0.005)
(0.098633 0.128971 0.005)
(0.116566 0.128971 0.005)
(0.134499 0.128971 0.005)
(0.152433 0.128971 0.005)
(0.170366 0.128971 0.005)
(0.188299 0.128971 0.005)
(0.206233 0.128971 0.005)
(0.224166 0.128971 0.005)
(0.242099 0.128971 0.005)
(0.260032 0.128971 0.005)
(0.277966 0.128971 0.005)
(0.295899 0.128971 0.005)
(0.313832 0.128971 0.005)
(0.331765 0.128971 0.005)
(0.349699 0.128971 0.005)
(0.367632 0.128971 0.005)
(0.385565 0.128971 0.005)
(0.403498 0.128971 0.005)
(0.421432 0.128971 0.005)
(0.439365 0.128971 0.005)
(-0.442785 0.138909 0.005)
(-0.424712 0.138909 0.005)
(-0.406639 0.138909 0.005)
(-0.388566 0.138909 0.005)
(-0.370494 0.138909 0.005)
(-0.352421 0.138909 0.005)
(-0.334348 0.138909 0.005)
(-0.316275 0.138909 0.005)
(-0.298202 0.138909 0.005)
(-0.280129 0.138909 0.005)
(-0.262056 0.138909 0.005)
(-0.243984 0.138909 0.005)
(-0.225911 0.138909 0.005)
(-0.207838 0.138909 0.005)
(-0.189765 0.138909 0.005)
(-0.171692 0.138909 0.005)
(-0.153619 0.138909 0.005)
(-0.135546 0.138909 0.005)
(-0.117474 0.138909 0.005)
(-0.0994007 0.138909 0.005)
(-0.0813279 0.138909 0.005)
(-0.063255 0.138909 0.005)
(-0.0451821 0.138909 0.005)
(-0.0271093 0.138909 0.005)
(-0.00903643 0.138909 0.005)
(0.00903643 0.138909 0.005)
(0.0271093 0.138909 0.005)
(0.0451821 0.138909 0.005)
(0.063255 0.138909 0.005)
(0.0813279 0.138909 0.005)
(0.0994007 0.138909 0.005)
(0.117474 0.138909 0.005)
(0.135546 0.138909 0.005)
(0.153619 0.138909 0.005)
(0.171692 0.138909 0.005)
(0.189765 0.138909 0.005)
(0.207838 0.138909 0.005)
(0.225911 0.138909 0.005)
(0.243984 0.138909 0.005)
(0.262056 0.138909 0.005)
(0.280129 0.138909 0.005)
(0.298202 0.138909 0.005)
(0.316275 0.138909 0.005)
(0.334348 0.138909 0.005)
(0.352421 0.138909 0.005)
(0.370494 0.138909 0.005)
(0.388566 0.138909 0.005)
(0.406639 0.138909 0.005)
(0.424712 0.138909 0.005)
(0.442785 0.138909 0.005)
(-0.446367 0.148789 0.005)
(-0.428148 0.148789 0.005)
(-0.409929 0.148789 0.005)
(-0.39171 0.148789 0.005)
(-0.373491 0.148789 0.005)
(-0.355272 0.148789 0.005)
(-0.337053 0.148789 0.005)
(-0.318834 0.148789 0.005)
(-0.300615 0.148789 0.005)
(-0.282396 0.148789 0.005)
(-0.264176 0.148789 0.005)
(-0.245957 0.148789 0.005)
(-0.227738 0.148789 0.005)
(-0.209519 0.148789 0.005)
(-0.1913 0.148789 0.005)
(-0.173081 0.148789 0.005)
(-0.154862 0.148789 0.005)
(-0.136643 0.148789 0.005)
(-0.118424 0.148789 0.005)
(-0.100205 0.148789 0.005)
(-0.0819858 0.148789 0.005)
(-0.0637667 0.148789 0.005)
(-0.0455477 0.148789 0.005)
(-0.0273286 0.148789 0.005)
(-0.00910953 0.148789 0.005)
(0.00910953 0.148789 0.005)
(0.0273286 0.148789 0.005)
(0.0455477 0.148789 0.005)
(0.0637667 0.148789 0.005)
(0.0819858 0.148789 0.005)
(0.100205 0.148789 0.005)
(0.118424 0.148789 0.005)
(0.136643 0.148789 0.005)
(0.154862 0.148789 0.005)
(0.173081 0.148789 0.005)
(0.1913 0.148789 0.005)
(0.209519 0.148789 0.005)
(0.227738 0.148789 0.005)
(0.245957 0.148789 0.005)
(0.264176 0.148789 0.005)
(0.282396 0.148789 0.005)
(0.300615 0.148789 0.005)
(0.318834 0.148789 0.005)
(0.337053 0.148789 0.005)
(0.355272 0.148789 0.005)
(0.373491 0.148789 0.005)
(0.39171 0.148789 0.005)
(0.409929 0.148789 0.005)
(0.428148 0.148789 0.005)
(0.446367 0.148789 0.005)
(-0.450095 0.158611 0.005)
(-0.431724 0.158611 0.005)
(-0.413353 0.158611 0.005)
(-0.394982 0.158611 0.005)
(-0.376611 0.158611 0.005)
(-0.358239 0.158611 0.005)
(-0.339868 0.158611 0.005)
(-0.321497 0.158611 0.005)
(-0.303126 0.158611 0.005)
(-0.284754 0.158611 0.005)
(-0.266383 0.158611 0.005)
(-0.248012 0.158611 0.005)
(-0.229641 0.158611 0.005)
(-0.211269 0.158611 0.005)
(-0.192898 0.158611 0.005)
(-0.174527 0.158611 0.005)
(-0.156156 0.158611 0.005)
(-0.137784 0.158611 0.005)
(-0.119413 0.158611 0.005)
(-0.101042 0.158611 0.005)
(-0.0826706 0.158611 0.005)
(-0.0642994 0.158611 0.005)
(-0.0459281 0.158611 0.005)
(-0.0275569 0.158611 0.005)
(-0.00918562 0.158611 0.005)
(0.00918562 0.158611 0.005)
(0.0275569 0.158611 0.005)
(0.0459281 0.158611 0.005)
(0.0642994 0.158611 0.005)
(0.0826706 0.158611 0.005)
(0.101042 0.158611 0.005)
(0.119413 0.158611 0.005)
(0.137784 0.158611 0.005)
(0.156156 0.158611 0.005)
(0.174527 0.158611 0.005)
(0.192898 0.158611 0.005)
(0.211269 0.158611 0.005)
(0.229641 0.158611 0.005)
(0.248012 0.158611 0.005)
(0.266383 0.158611 0.005)
(0.284754 0.158611 0.005)
(0.303126 0.158611 0.005)
(0.321497 0.158611 0.005)
(0.339868 0.158611 0.005)
(0.358239 0.158611 0.005)
(0.376611 0.158611 0.005)
(0.394982 0.158611 0.005)
(0.413353 0.158611 0.005)
(0.431724 0.158611 0.005)
(0.450095 0.158611 0.005)
(-0.453955 0.168382 0.005)
(-0.435426 0.168382 0.005)
(-0.416897 0.168382 0.005)
(-0.398368 0.168382 0.005)
(-0.37984 0.168382 0.005)
(-0.361311 0.168382 0.005)
(-0.342782 0.168382 0.005)
(-0.324253 0.168382 0.005)
(-0.305725 0.168382 0.005)
(-0.287196 0.168382 0.005)
(-0.268667 0.168382 0.005)
(-0.250138 0.168382 0.005)
(-0.23161 0.168382 0.005)
(-0.213081 0.168382 0.005)
(-0.194552 0.168382 0.005)
(-0.176023 0.168382 0.005)
(-0.157495 0.168382 0.005)
(-0.138966 0.168382 0.005)
(-0.120437 0.168382 0.005)
(-0.101908 0.168382 0.005)
(-0.0833794 0.168382 0.005)
(-0.0648507 0.168382 0.005)
(-0.0463219 0.168382 0.005)
(-0.0277931 0.168382 0.005)
(-0.00926438 0.168382 0.005)
(0.00926438 0.168382 0.005)
(0.0277931 0.168382 0.005)
(0.0463219 0.168382 0.005)
(0.0648507 0.168382 0.005)
(0.0833794 0.168382 0.005)
(0.101908 0.168382 0.005)
(0.120437 0.168382 0.005)
(0.138966 0.168382 0.005)
(0.157495 0.168382 0.005)
(0.176023 0.168382 0.005)
(0.194552 0.168382 0.005)
(0.213081 0.168382 0.005)
(0.23161 0.168382 0.005)
(0.250138 0.168382 0.005)
(0.268667 0.168382 0.005)
(0.287196 0.168382 0.005)
(0.305725 0.168382 0.005)
(0.324253 0.168382 0.005)
(0.342782 0.168382 0.005)
(0.361311 0.168382 0.005)
(0.37984 0.168382 0.005)
(0.398368 0.168382 0.005)
(0.416897 0.168382 0.005)
(0.435426 0.168382 0.005)
(0.453955 0.168382 0.005)
(-0.45793 0.178104 0.005)
(-0.439239 0.178104 0.005)
(-0.420548 0.178104 0.005)
(-0.401857 0.178104 0.005)
(-0.383166 0.178104 0.005)
(-0.364475 0.178104 0.005)
(-0.345784 0.178104 0.005)
(-0.327093 0.178104 0.005)
(-0.308402 0.178104 0.005)
(-0.289711 0.178104 0.005)
(-0.27102 0.178104 0.005)
(-0.252329 0.178104 0.005)
(-0.233638 0.178104 0.005)
(-0.214947 0.178104 0.005)
(-0.196256 0.178104 0.005)
(-0.177565 0.178104 0.005)
(-0.158874 0.178104 0.005)
(-0.140183 0.178104 0.005)
(-0.121492 0.178104 0.005)
(-0.102801 0.178104 0.005)
(-0.0841096 0.178104 0.005)
(-0.0654185 0.178104 0.005)
(-0.0467275 0.178104 0.005)
(-0.0280365 0.178104 0.005)
(-0.00934551 0.178104 0.005)
(0.00934551 0.178104 0.005)
(0.0280365 0.178104 0.005)
(0.0467275 0.178104 0.005)
(0.0654185 0.178104 0.005)
(0.0841096 0.178104 0.005)
(0.102801 0.178104 0.005)
(0.121492 0.178104 0.005)
(0.140183 0.178104 0.005)
(0.158874 0.178104 0.005)
(0.177565 0.178104 0.005)
(0.196256 0.178104 0.005)
(0.214947 0.178104 0.005)
(0.233638 0.178104 0.005)
(0.252329 0.178104 0.005)
(0.27102 0.178104 0.005)
(0.289711 0.178104 0.005)
(0.308402 0.178104 0.005)
(0.327093 0.178104 0.005)
(0.345784 0.178104 0.005)
(0.364475 0.178104 0.005)
(0.383166 0.178104 0.005)
(0.401857 0.178104 0.005)
(0.420548 0.178104 0.005)
(0.439239 0.178104 0.005)
(0.45793 0.178104 0.005)
(-0.462006 0.187782 0.005)
(-0.443149 0.187782 0.005)
(-0.424291 0.187782 0.005)
(-0.405434 0.187782 0.005)
(-0.386576 0.187782 0.005)
(-0.367719 0.187782 0.005)
(-0.348862 0.187782 0.005)
(-0.330004 0.187782 0.005)
(-0.311147 0.187782 0.005)
(-0.292289 0.187782 0.005)
(-0.273432 0.187782 0.005)
(-0.254575 0.187782 0.005)
(-0.235717 0.187782 0.005)
(-0.21686 0.187782 0.005)
(-0.198003 0.187782 0.005)
(-0.179145 0.187782 0.005)
(-0.160288 0.187782 0.005)
(-0.14143 0.187782 0.005)
(-0.122573 0.187782 0.005)
(-0.103716 0.187782 0.005)
(-0.0848582 0.187782 0.005)
(-0.0660008 0.187782 0.005)
(-0.0471435 0.187782 0.005)
(-0.0282861 0.187782 0.005)
(-0.00942869 0.187782 0.005)
(0.00942869 0.187782 0.005)
(0.0282861 0.187782 0.005)
(0.0471435 0.187782 0.005)
(0.0660008 0.187782 0.005)
(0.0848582 0.187782 0.005)
(0.103716 0.187782 0.005)
(0.122573 0.187782 0.005)
(0.14143 0.187782 0.005)
(0.160288 0.187782 0.005)
(0.179145 0.187782 0.005)
(0.198003 0.187782 0.005)
(0.21686 0.187782 0.005)
(0.235717 0.187782 0.005)
(0.254575 0.187782 0.005)
(0.273432 0.187782 0.005)
(0.292289 0.187782 0.005)
(0.311147 0.187782 0.005)
(0.330004 0.187782 0.005)
(0.348862 0.187782 0.005)
(0.367719 0.187782 0.005)
(0.386576 0.187782 0.005)
(0.405434 0.187782 0.005)
(0.424291 0.187782 0.005)
(0.443149 0.187782 0.005)
(0.462006 0.187782 0.005)
(-0.466169 0.197422 0.005)
(-0.447141 0.197422 0.005)
(-0.428114 0.197422 0.005)
(-0.409087 0.197422 0.005)
(-0.39006 0.197422 0.005)
(-0.371032 0.197422 0.005)
(-0.352005 0.197422 0.005)
(-0.332978 0.197422 0.005)
(-0.31395 0.197422 0.005)
(-0.294923 0.197422 0.005)
(-0.275896 0.197422 0.005)
(-0.256869 0.197422 0.005)
(-0.237841 0.197422 0.005)
(-0.218814 0.197422 0.005)
(-0.199787 0.197422 0.005)
(-0.180759 0.197422 0.005)
(-0.161732 0.197422 0.005)
(-0.142705 0.197422 0.005)
(-0.123677 0.197422 0.005)
(-0.10465 0.197422 0.005)
(-0.0856228 0.197422 0.005)
(-0.0665955 0.197422 0.005)
(-0.0475682 0.197422 0.005)
(-0.0285409 0.197422 0.005)
(-0.00951365 0.197422 0.005)
(0.00951365 0.197422 0.005)
(0.0285409 0.197422 0.005)
(0.0475682 0.197422 0.005)
(0.0665955 0.197422 0.005)
(0.0856228 0.197422 0.005)
(0.10465 0.197422 0.005)
(0.123677 0.197422 0.005)
(0.142705 0.197422 0.005)
(0.161732 0.197422 0.005)
(0.180759 0.197422 0.005)
(0.199787 0.197422 0.005)
(0.218814 0.197422 0.005)
(0.237841 0.197422 0.005)
(0.256869 0.197422 0.005)
(0.275896 0.197422 0.005)
(0.294923 0.197422 0.005)
(0.31395 0.197422 0.005)
(0.332978 0.197422 0.005)
(0.352005 0.197422 0.005)
(0.371032 0.197422 0.005)
(0.39006 0.197422 0.005)
(0.409087 0.197422 0.005)
(0.428114 0.197422 0.005)
(0.447141 0.197422 0.005)
(0.466169 0.197422 0.005)
(-0.470404 0.207029 0.005)
(-0.451204 0.207029 0.005)
(-0.432004 0.207029 0.005)
(-0.412804 0.207029 0.005)
(-0.393604 0.207029 0.005)
(-0.374403 0.207029 0.005)
(-0.355203 0.207029 0.005)
(-0.336003 0.207029 0.005)
(-0.316803 0.207029 0.005)
(-0.297603 0.207029 0.005)
(-0.278403 0.207029 0.005)
(-0.259202 0.207029 0.005)
(-0.240002 0.207029 0.005)
(-0.220802 0.207029 0.005)
(-0.201602 0.207029 0.005)
(-0.182402 0.207029 0.005)
(-0.163202 0.207029 0.005)
(-0.144001 0.207029 0.005)
(-0.124801 0.207029 0.005)
(-0.105601 0.207029 0.005)
(-0.0864008 0.207029 0.005)
(-0.0672006 0.207029 0.005)
(-0.0480004 0.207029 0.005)
(-0.0288003 0.207029 0.005)
(-0.00960009 0.207029 0.005)
(0.00960009 0.207029 0.005)
(0.0288003 0.207029 0.005)
(0.0480004 0.207029 0.005)
(0.0672006 0.207029 0.005)
(0.0864008 0.207029 0.005)
(0.105601 0.207029 0.005)
(0.124801 0.207029 0.005)
(0.144001 0.207029 0.005)
(0.163202 0.207029 0.005)
(0.182402 0.207029 0.005)
(0.201602 0.207029 0.005)
(0.220802 0.207029 0.005)
(0.240002 0.207029 0.005)
(0.259202 0.207029 0.005)
(0.278403 0.207029 0.005)
(0.297603 0.207029 0.005)
(0.316803 0.207029 0.005)
(0.336003 0.207029 0.005)
(0.355203 0.207029 0.005)
(0.374403 0.207029 0.005)
(0.393604 0.207029 0.005)
(0.412804 0.207029 0.005)
(0.432004 0.207029 0.005)
(0.451204 0.207029 0.005)
(0.470404 0.207029 0.005)
(-0.474699 0.216609 0.005)
(-0.455324 0.216609 0.005)
(-0.435948 0.216609 0.005)
(-0.416573 0.216609 0.005)
(-0.397197 0.216609 0.005)
(-0.377822 0.216609 0.005)
(-0.358446 0.216609 0.005)
(-0.339071 0.216609 0.005)
(-0.319695 0.216609 0.005)
(-0.30032 0.216609 0.005)
(-0.280944 0.216609 0.005)
(-0.261569 0.216609 0.005)
(-0.242193 0.216609 0.005)
(-0.222818 0.216609 0.005)
(-0.203442 0.216609 0.005)
(-0.184067 0.216609 0.005)
(-0.164692 0.216609 0.005)
(-0.145316 0.216609 0.005)
(-0.125941 0.216609 0.005)
(-0.106565 0.216609 0.005)
(-0.0871896 0.216609 0.005)
(-0.0678141 0.216609 0.005)
(-0.0484387 0.216609 0.005)
(-0.0290632 0.216609 0.005)
(-0.00968774 0.216609 0.005)
(0.00968774 0.216609 0.005)
(0.0290632 0.216609 0.005)
(0.0484387 0.216609 0.005)
(0.0678141 0.216609 0.005)
(0.0871896 0.216609 0.005)
(0.106565 0.216609 0.005)
(0.125941 0.216609 0.005)
(0.145316 0.216609 0.005)
(0.164692 0.216609 0.005)
(0.184067 0.216609 0.005)
(0.203442 0.216609 0.005)
(0.222818 0.216609 0.005)
(0.242193 0.216609 0.005)
(0.261569 0.216609 0.005)
(0.280944 0.216609 0.005)
(0.30032 0.216609 0.005)
(0.319695 0.216609 0.005)
(0.339071 0.216609 0.005)
(0.358446 0.216609 0.005)
(0.377822 0.216609 0.005)
(0.397197 0.216609 0.005)
(0.416573 0.216609 0.005)
(0.435948 0.216609 0.005)
(0.455324 0.216609 0.005)
(0.474699 0.216609 0.005)
(-0.479039 0.226167 0.005)
(-0.459487 0.226167 0.005)
(-0.439934 0.226167 0.005)
(-0.420381 0.226167 0.005)
(-0.400829 0.226167 0.005)
(-0.381276 0.226167 0.005)
(-0.361724 0.226167 0.005)
(-0.342171 0.226167 0.005)
(-0.322618 0.226167 0.005)
(-0.303066 0.226167 0.005)
(-0.283513 0.226167 0.005)
(-0.26396 0.226167 0.005)
(-0.244408 0.226167 0.005)
(-0.224855 0.226167 0.005)
(-0.205303 0.226167 0.005)
(-0.18575 0.226167 0.005)
(-0.166197 0.226167 0.005)
(-0.146645 0.226167 0.005)
(-0.127092 0.226167 0.005)
(-0.107539 0.226167 0.005)
(-0.0879868 0.226167 0.005)
(-0.0684342 0.226167 0.005)
(-0.0488816 0.226167 0.005)
(-0.0293289 0.226167 0.005)
(-0.00977631 0.226167 0.005)
(0.00977631 0.226167 0.005)
(0.0293289 0.226167 0.005)
(0.0488816 0.226167 0.005)
(0.0684342 0.226167 0.005)
(0.0879868 0.226167 0.005)
(0.107539 0.226167 0.005)
(0.127092 0.226167 0.005)
(0.146645 0.226167 0.005)
(0.166197 0.226167 0.005)
(0.18575 0.226167 0.005)
(0.205303 0.226167 0.005)
(0.224855 0.226167 0.005)
(0.244408 0.226167 0.005)
(0.26396 0.226167 0.005)
(0.283513 0.226167 0.005)
(0.303066 0.226167 0.005)
(0.322618 0.226167 0.005)
(0.342171 0.226167 0.005)
(0.361724 0.226167 0.005)
(0.381276 0.226167 0.005)
(0.400829 0.226167 0.005)
(0.420381 0.226167 0.005)
(0.439934 0.226167 0.005)
(0.459487 0.226167 0.005)
(0.479039 0.226167 0.005)
(-0.483412 0.235709 0.005)
(-0.463681 0.235709 0.005)
(-0.44395 0.235709 0.005)
(-0.424219 0.235709 0.005)
(-0.404488 0.235709 0.005)
(-0.384757 0.235709 0.005)
(-0.365025 0.235709 0.005)
(-0.345294 0.235709 0.005)
(-0.325563 0.235709 0.005)
(-0.305832 0.235709 0.005)
(-0.286101 0.235709 0.005)
(-0.26637 0.235709 0.005)
(-0.246639 0.235709 0.005)
(-0.226908 0.235709 0.005)
(-0.207177 0.235709 0.005)
(-0.187445 0.235709 0.005)
(-0.167714 0.235709 0.005)
(-0.147983 0.235709 0.005)
(-0.128252 0.235709 0.005)
(-0.108521 0.235709 0.005)
(-0.08879 0.235709 0.005)
(-0.0690589 0.235709 0.005)
(-0.0493278 0.235709 0.005)
(-0.0295967 0.235709 0.005)
(-0.00986555 0.235709 0.005)
(0.00986555 0.235709 0.005)
(0.0295967 0.235709 0.005)
(0.0493278 0.235709 0.005)
(0.0690589 0.235709 0.005)
(0.08879 0.235709 0.005)
(0.108521 0.235709 0.005)
(0.128252 0.235709 0.005)
(0.147983 0.235709 0.005)
(0.167714 0.235709 0.005)
(0.187445 0.235709 0.005)
(0.207177 0.235709 0.005)
(0.226908 0.235709 0.005)
(0.246639 0.235709 0.005)
(0.26637 0.235709 0.005)
(0.286101 0.235709 0.005)
(0.305832 0.235709 0.005)
(0.325563 0.235709 0.005)
(0.345294 0.235709 0.005)
(0.365025 0.235709 0.005)
(0.384757 0.235709 0.005)
(0.404488 0.235709 0.005)
(0.424219 0.235709 0.005)
(0.44395 0.235709 0.005)
(0.463681 0.235709 0.005)
(0.483412 0.235709 0.005)
(-0.487804 0.245242 0.005)
(-0.467894 0.245242 0.005)
(-0.447983 0.245242 0.005)
(-0.428073 0.245242 0.005)
(-0.408163 0.245242 0.005)
(-0.388252 0.245242 0.005)
(-0.368342 0.245242 0.005)
(-0.348431 0.245242 0.005)
(-0.328521 0.245242 0.005)
(-0.308611 0.245242 0.005)
(-0.2887 0.245242 0.005)
(-0.26879 0.245242 0.005)
(-0.24888 0.245242 0.005)
(-0.228969 0.245242 0.005)
(-0.209059 0.245242 0.005)
(-0.189149 0.245242 0.005)
(-0.169238 0.245242 0.005)
(-0.149328 0.245242 0.005)
(-0.129417 0.245242 0.005)
(-0.109507 0.245242 0.005)
(-0.0895967 0.245242 0.005)
(-0.0696863 0.245242 0.005)
(-0.0497759 0.245242 0.005)
(-0.0298656 0.245242 0.005)
(-0.00995519 0.245242 0.005)
(0.00995519 0.245242 0.005)
(0.0298656 0.245242 0.005)
(0.0497759 0.245242 0.005)
(0.0696863 0.245242 0.005)
(0.0895967 0.245242 0.005)
(0.109507 0.245242 0.005)
(0.129417 0.245242 0.005)
(0.149328 0.245242 0.005)
(0.169238 0.245242 0.005)
(0.189149 0.245242 0.005)
(0.209059 0.245242 0.005)
(0.228969 0.245242 0.005)
(0.24888 0.245242 0.005)
(0.26879 0.245242 0.005)
(0.2887 0.245242 0.005)
(0.308611 0.245242 0.005)
(0.328521 0.245242 0.005)
(0.348431 0.245242 0.005)
(0.368342 0.245242 0.005)
(0.388252 0.245242 0.005)
(0.408163 0.245242 0.005)
(0.428073 0.245242 0.005)
(0.447983 0.245242 0.005)
(0.467894 0.245242 0.005)
(0.487804 0.245242 0.005)
)
;

boundaryField
{
    left
    {
        type            calculated;
        value           nonuniform List<vector> 
50
(
(-0.497756 -0.245235 0.005)
(-0.493274 -0.235702 0.005)
(-0.488812 -0.226159 0.005)
(-0.484383 -0.216601 0.005)
(-0.480001 -0.207022 0.005)
(-0.475679 -0.197415 0.005)
(-0.471431 -0.187775 0.005)
(-0.467272 -0.178097 0.005)
(-0.463216 -0.168375 0.005)
(-0.459278 -0.158605 0.005)
(-0.455474 -0.148782 0.005)
(-0.451819 -0.138903 0.005)
(-0.448329 -0.128964 0.005)
(-0.445022 -0.118964 0.005)
(-0.441912 -0.108901 0.005)
(-0.439017 -0.0987748 0.005)
(-0.436353 -0.0885853 0.005)
(-0.433937 -0.0783337 0.005)
(-0.431783 -0.0680228 0.005)
(-0.429905 -0.0576578 0.005)
(-0.428319 -0.0472449 0.005)
(-0.427035 -0.0367909 0.005)
(-0.426062 -0.0263037 0.005)
(-0.42541 -0.0157921 0.005)
(-0.425082 -0.00526572 0.005)
(-0.425082 0.00526572 0.005)
(-0.42541 0.0157921 0.005)
(-0.426062 0.0263037 0.005)
(-0.427035 0.0367909 0.005)
(-0.428319 0.0472449 0.005)
(-0.429905 0.0576578 0.005)
(-0.431783 0.0680228 0.005)
(-0.433937 0.0783337 0.005)
(-0.436353 0.0885853 0.005)
(-0.439017 0.0987748 0.005)
(-0.441912 0.108901 0.005)
(-0.445022 0.118964 0.005)
(-0.448329 0.128964 0.005)
(-0.451819 0.138903 0.005)
(-0.455474 0.148782 0.005)
(-0.459278 0.158605 0.005)
(-0.463216 0.168375 0.005)
(-0.467272 0.178097 0.005)
(-0.471431 0.187775 0.005)
(-0.475679 0.197415 0.005)
(-0.480001 0.207022 0.005)
(-0.484383 0.216601 0.005)
(-0.488812 0.226159 0.005)
(-0.493274 0.235702 0.005)
(-0.497756 0.245235 0.005)
)
;
    }
    right
    {
        type            calculated;
        value           nonuniform List<vector> 
50
(
(0.497756 -0.245235 0.005)
(0.493274 -0.235702 0.005)
(0.488812 -0.226159 0.005)
(0.484383 -0.216601 0.005)
(0.480001 -0.207022 0.005)
(0.475679 -0.197415 0.005)
(0.471431 -0.187775 0.005)
(0.467272 -0.178097 0.005)
(0.463216 -0.168375 0.005)
(0.459278 -0.158605 0.005)
(0.455474 -0.148782 0.005)
(0.451819 -0.138903 0.005)
(0.448329 -0.128964 0.005)
(0.445022 -0.118964 0.005)
(0.441912 -0.108901 0.005)
(0.439017 -0.0987748 0.005)
(0.436353 -0.0885853 0.005)
(0.433937 -0.0783337 0.005)
(0.431783 -0.0680228 0.005)
(0.429905 -0.0576578 0.005)
(0.428319 -0.0472449 0.005)
(0.427035 -0.0367909 0.005)
(0.426062 -0.0263037 0.005)
(0.42541 -0.0157921 0.005)
(0.425082 -0.00526572 0.005)
(0.425082 0.00526572 0.005)
(0.42541 0.0157921 0.005)
(0.426062 0.0263037 0.005)
(0.427035 0.0367909 0.005)
(0.428319 0.0472449 0.005)
(0.429905 0.0576578 0.005)
(0.431783 0.0680228 0.005)
(0.433937 0.0783337 0.005)
(0.436353 0.0885853 0.005)
(0.439017 0.0987748 0.005)
(0.441912 0.108901 0.005)
(0.445022 0.118964 0.005)
(0.448329 0.128964 0.005)
(0.451819 0.138903 0.005)
(0.455474 0.148782 0.005)
(0.459278 0.158605 0.005)
(0.463216 0.168375 0.005)
(0.467272 0.178097 0.005)
(0.471431 0.187775 0.005)
(0.475679 0.197415 0.005)
(0.480001 0.207022 0.005)
(0.484383 0.216601 0.005)
(0.488812 0.226159 0.005)
(0.493274 0.235702 0.005)
(0.497756 0.245235 0.005)
)
;
    }
    up
    {
        type            calculated;
        value           nonuniform List<vector> 
50
(
(-0.49 0.25 0.005)
(-0.47 0.25 0.005)
(-0.45 0.25 0.005)
(-0.43 0.25 0.005)
(-0.41 0.25 0.005)
(-0.39 0.25 0.005)
(-0.37 0.25 0.005)
(-0.35 0.25 0.005)
(-0.33 0.25 0.005)
(-0.31 0.25 0.005)
(-0.29 0.25 0.005)
(-0.27 0.25 0.005)
(-0.25 0.25 0.005)
(-0.23 0.25 0.005)
(-0.21 0.25 0.005)
(-0.19 0.25 0.005)
(-0.17 0.25 0.005)
(-0.15 0.25 0.005)
(-0.13 0.25 0.005)
(-0.11 0.25 0.005)
(-0.09 0.25 0.005)
(-0.07 0.25 0.005)
(-0.05 0.25 0.005)
(-0.03 0.25 0.005)
(-0.01 0.25 0.005)
(0.01 0.25 0.005)
(0.03 0.25 0.005)
(0.05 0.25 0.005)
(0.07 0.25 0.005)
(0.09 0.25 0.005)
(0.11 0.25 0.005)
(0.13 0.25 0.005)
(0.15 0.25 0.005)
(0.17 0.25 0.005)
(0.19 0.25 0.005)
(0.21 0.25 0.005)
(0.23 0.25 0.005)
(0.25 0.25 0.005)
(0.27 0.25 0.005)
(0.29 0.25 0.005)
(0.31 0.25 0.005)
(0.33 0.25 0.005)
(0.35 0.25 0.005)
(0.37 0.25 0.005)
(0.39 0.25 0.005)
(0.41 0.25 0.005)
(0.43 0.25 0.005)
(0.45 0.25 0.005)
(0.47 0.25 0.005)
(0.49 0.25 0.005)
)
;
    }
    down
    {
        type            calculated;
        value           nonuniform List<vector> 
50
(
(-0.49 -0.25 0.005)
(-0.47 -0.25 0.005)
(-0.45 -0.25 0.005)
(-0.43 -0.25 0.005)
(-0.41 -0.25 0.005)
(-0.39 -0.25 0.005)
(-0.37 -0.25 0.005)
(-0.35 -0.25 0.005)
(-0.33 -0.25 0.005)
(-0.31 -0.25 0.005)
(-0.29 -0.25 0.005)
(-0.27 -0.25 0.005)
(-0.25 -0.25 0.005)
(-0.23 -0.25 0.005)
(-0.21 -0.25 0.005)
(-0.19 -0.25 0.005)
(-0.17 -0.25 0.005)
(-0.15 -0.25 0.005)
(-0.13 -0.25 0.005)
(-0.11 -0.25 0.005)
(-0.09 -0.25 0.005)
(-0.07 -0.25 0.005)
(-0.05 -0.25 0.005)
(-0.03 -0.25 0.005)
(-0.01 -0.25 0.005)
(0.01 -0.25 0.005)
(0.03 -0.25 0.005)
(0.05 -0.25 0.005)
(0.07 -0.25 0.005)
(0.09 -0.25 0.005)
(0.11 -0.25 0.005)
(0.13 -0.25 0.005)
(0.15 -0.25 0.005)
(0.17 -0.25 0.005)
(0.19 -0.25 0.005)
(0.21 -0.25 0.005)
(0.23 -0.25 0.005)
(0.25 -0.25 0.005)
(0.27 -0.25 0.005)
(0.29 -0.25 0.005)
(0.31 -0.25 0.005)
(0.33 -0.25 0.005)
(0.35 -0.25 0.005)
(0.37 -0.25 0.005)
(0.39 -0.25 0.005)
(0.41 -0.25 0.005)
(0.43 -0.25 0.005)
(0.45 -0.25 0.005)
(0.47 -0.25 0.005)
(0.49 -0.25 0.005)
)
;
    }
    frontAndBack
    {
        type            empty;
    }
}


// ************************************************************************* //
