/*--------------------------------*- C++ -*----------------------------------*\
  =========                 |
  \\      /  F ield         | OpenFOAM: The Open Source CFD Toolbox
   \\    /   O peration     | Website:  https://openfoam.org
    \\  /    A nd           | Version:  6
     \\/     M anipulation  |
\*---------------------------------------------------------------------------*/
FoamFile
{
    version     2.0;
    format      ascii;
    class       volScalarField;
    location    "0";
    object      Cy;
}
// * * * * * * * * * * * * * * * * * * * * * * * * * * * * * * * * * * * * * //

dimensions      [0 1 0 0 0 0 0];

internalField   nonuniform List<scalar> 
2500
(
-0.245242
-0.245242
-0.245242
-0.245242
-0.245242
-0.245242
-0.245242
-0.245242
-0.245242
-0.245242
-0.245242
-0.245242
-0.245242
-0.245242
-0.245242
-0.245242
-0.245242
-0.245242
-0.245242
-0.245242
-0.245242
-0.245242
-0.245242
-0.245242
-0.245242
-0.245242
-0.245242
-0.245242
-0.245242
-0.245242
-0.245242
-0.245242
-0.245242
-0.245242
-0.245242
-0.245242
-0.245242
-0.245242
-0.245242
-0.245242
-0.245242
-0.245242
-0.245242
-0.245242
-0.245242
-0.245242
-0.245242
-0.245242
-0.245242
-0.245242
-0.235709
-0.235709
-0.235709
-0.235709
-0.235709
-0.235709
-0.235709
-0.235709
-0.235709
-0.235709
-0.235709
-0.235709
-0.235709
-0.235709
-0.235709
-0.235709
-0.235709
-0.235709
-0.235709
-0.235709
-0.235709
-0.235709
-0.235709
-0.235709
-0.235709
-0.235709
-0.235709
-0.235709
-0.235709
-0.235709
-0.235709
-0.235709
-0.235709
-0.235709
-0.235709
-0.235709
-0.235709
-0.235709
-0.235709
-0.235709
-0.235709
-0.235709
-0.235709
-0.235709
-0.235709
-0.235709
-0.235709
-0.235709
-0.235709
-0.235709
-0.226167
-0.226167
-0.226167
-0.226167
-0.226167
-0.226167
-0.226167
-0.226167
-0.226167
-0.226167
-0.226167
-0.226167
-0.226167
-0.226167
-0.226167
-0.226167
-0.226167
-0.226167
-0.226167
-0.226167
-0.226167
-0.226167
-0.226167
-0.226167
-0.226167
-0.226167
-0.226167
-0.226167
-0.226167
-0.226167
-0.226167
-0.226167
-0.226167
-0.226167
-0.226167
-0.226167
-0.226167
-0.226167
-0.226167
-0.226167
-0.226167
-0.226167
-0.226167
-0.226167
-0.226167
-0.226167
-0.226167
-0.226167
-0.226167
-0.226167
-0.216609
-0.216609
-0.216609
-0.216609
-0.216609
-0.216609
-0.216609
-0.216609
-0.216609
-0.216609
-0.216609
-0.216609
-0.216609
-0.216609
-0.216609
-0.216609
-0.216609
-0.216609
-0.216609
-0.216609
-0.216609
-0.216609
-0.216609
-0.216609
-0.216609
-0.216609
-0.216609
-0.216609
-0.216609
-0.216609
-0.216609
-0.216609
-0.216609
-0.216609
-0.216609
-0.216609
-0.216609
-0.216609
-0.216609
-0.216609
-0.216609
-0.216609
-0.216609
-0.216609
-0.216609
-0.216609
-0.216609
-0.216609
-0.216609
-0.216609
-0.207029
-0.207029
-0.207029
-0.207029
-0.207029
-0.207029
-0.207029
-0.207029
-0.207029
-0.207029
-0.207029
-0.207029
-0.207029
-0.207029
-0.207029
-0.207029
-0.207029
-0.207029
-0.207029
-0.207029
-0.207029
-0.207029
-0.207029
-0.207029
-0.207029
-0.207029
-0.207029
-0.207029
-0.207029
-0.207029
-0.207029
-0.207029
-0.207029
-0.207029
-0.207029
-0.207029
-0.207029
-0.207029
-0.207029
-0.207029
-0.207029
-0.207029
-0.207029
-0.207029
-0.207029
-0.207029
-0.207029
-0.207029
-0.207029
-0.207029
-0.197422
-0.197422
-0.197422
-0.197422
-0.197422
-0.197422
-0.197422
-0.197422
-0.197422
-0.197422
-0.197422
-0.197422
-0.197422
-0.197422
-0.197422
-0.197422
-0.197422
-0.197422
-0.197422
-0.197422
-0.197422
-0.197422
-0.197422
-0.197422
-0.197422
-0.197422
-0.197422
-0.197422
-0.197422
-0.197422
-0.197422
-0.197422
-0.197422
-0.197422
-0.197422
-0.197422
-0.197422
-0.197422
-0.197422
-0.197422
-0.197422
-0.197422
-0.197422
-0.197422
-0.197422
-0.197422
-0.197422
-0.197422
-0.197422
-0.197422
-0.187782
-0.187782
-0.187782
-0.187782
-0.187782
-0.187782
-0.187782
-0.187782
-0.187782
-0.187782
-0.187782
-0.187782
-0.187782
-0.187782
-0.187782
-0.187782
-0.187782
-0.187782
-0.187782
-0.187782
-0.187782
-0.187782
-0.187782
-0.187782
-0.187782
-0.187782
-0.187782
-0.187782
-0.187782
-0.187782
-0.187782
-0.187782
-0.187782
-0.187782
-0.187782
-0.187782
-0.187782
-0.187782
-0.187782
-0.187782
-0.187782
-0.187782
-0.187782
-0.187782
-0.187782
-0.187782
-0.187782
-0.187782
-0.187782
-0.187782
-0.178104
-0.178104
-0.178104
-0.178104
-0.178104
-0.178104
-0.178104
-0.178104
-0.178104
-0.178104
-0.178104
-0.178104
-0.178104
-0.178104
-0.178104
-0.178104
-0.178104
-0.178104
-0.178104
-0.178104
-0.178104
-0.178104
-0.178104
-0.178104
-0.178104
-0.178104
-0.178104
-0.178104
-0.178104
-0.178104
-0.178104
-0.178104
-0.178104
-0.178104
-0.178104
-0.178104
-0.178104
-0.178104
-0.178104
-0.178104
-0.178104
-0.178104
-0.178104
-0.178104
-0.178104
-0.178104
-0.178104
-0.178104
-0.178104
-0.178104
-0.168382
-0.168382
-0.168382
-0.168382
-0.168382
-0.168382
-0.168382
-0.168382
-0.168382
-0.168382
-0.168382
-0.168382
-0.168382
-0.168382
-0.168382
-0.168382
-0.168382
-0.168382
-0.168382
-0.168382
-0.168382
-0.168382
-0.168382
-0.168382
-0.168382
-0.168382
-0.168382
-0.168382
-0.168382
-0.168382
-0.168382
-0.168382
-0.168382
-0.168382
-0.168382
-0.168382
-0.168382
-0.168382
-0.168382
-0.168382
-0.168382
-0.168382
-0.168382
-0.168382
-0.168382
-0.168382
-0.168382
-0.168382
-0.168382
-0.168382
-0.158611
-0.158611
-0.158611
-0.158611
-0.158611
-0.158611
-0.158611
-0.158611
-0.158611
-0.158611
-0.158611
-0.158611
-0.158611
-0.158611
-0.158611
-0.158611
-0.158611
-0.158611
-0.158611
-0.158611
-0.158611
-0.158611
-0.158611
-0.158611
-0.158611
-0.158611
-0.158611
-0.158611
-0.158611
-0.158611
-0.158611
-0.158611
-0.158611
-0.158611
-0.158611
-0.158611
-0.158611
-0.158611
-0.158611
-0.158611
-0.158611
-0.158611
-0.158611
-0.158611
-0.158611
-0.158611
-0.158611
-0.158611
-0.158611
-0.158611
-0.148789
-0.148789
-0.148789
-0.148789
-0.148789
-0.148789
-0.148789
-0.148789
-0.148789
-0.148789
-0.148789
-0.148789
-0.148789
-0.148789
-0.148789
-0.148789
-0.148789
-0.148789
-0.148789
-0.148789
-0.148789
-0.148789
-0.148789
-0.148789
-0.148789
-0.148789
-0.148789
-0.148789
-0.148789
-0.148789
-0.148789
-0.148789
-0.148789
-0.148789
-0.148789
-0.148789
-0.148789
-0.148789
-0.148789
-0.148789
-0.148789
-0.148789
-0.148789
-0.148789
-0.148789
-0.148789
-0.148789
-0.148789
-0.148789
-0.148789
-0.138909
-0.138909
-0.138909
-0.138909
-0.138909
-0.138909
-0.138909
-0.138909
-0.138909
-0.138909
-0.138909
-0.138909
-0.138909
-0.138909
-0.138909
-0.138909
-0.138909
-0.138909
-0.138909
-0.138909
-0.138909
-0.138909
-0.138909
-0.138909
-0.138909
-0.138909
-0.138909
-0.138909
-0.138909
-0.138909
-0.138909
-0.138909
-0.138909
-0.138909
-0.138909
-0.138909
-0.138909
-0.138909
-0.138909
-0.138909
-0.138909
-0.138909
-0.138909
-0.138909
-0.138909
-0.138909
-0.138909
-0.138909
-0.138909
-0.138909
-0.128971
-0.128971
-0.128971
-0.128971
-0.128971
-0.128971
-0.128971
-0.128971
-0.128971
-0.128971
-0.128971
-0.128971
-0.128971
-0.128971
-0.128971
-0.128971
-0.128971
-0.128971
-0.128971
-0.128971
-0.128971
-0.128971
-0.128971
-0.128971
-0.128971
-0.128971
-0.128971
-0.128971
-0.128971
-0.128971
-0.128971
-0.128971
-0.128971
-0.128971
-0.128971
-0.128971
-0.128971
-0.128971
-0.128971
-0.128971
-0.128971
-0.128971
-0.128971
-0.128971
-0.128971
-0.128971
-0.128971
-0.128971
-0.128971
-0.128971
-0.11897
-0.11897
-0.11897
-0.11897
-0.11897
-0.11897
-0.11897
-0.11897
-0.11897
-0.11897
-0.11897
-0.11897
-0.11897
-0.11897
-0.11897
-0.11897
-0.11897
-0.11897
-0.11897
-0.11897
-0.11897
-0.11897
-0.11897
-0.11897
-0.11897
-0.11897
-0.11897
-0.11897
-0.11897
-0.11897
-0.11897
-0.11897
-0.11897
-0.11897
-0.11897
-0.11897
-0.11897
-0.11897
-0.11897
-0.11897
-0.11897
-0.11897
-0.11897
-0.11897
-0.11897
-0.11897
-0.11897
-0.11897
-0.11897
-0.11897
-0.108907
-0.108907
-0.108907
-0.108907
-0.108907
-0.108907
-0.108907
-0.108907
-0.108907
-0.108907
-0.108907
-0.108907
-0.108907
-0.108907
-0.108907
-0.108907
-0.108907
-0.108907
-0.108907
-0.108907
-0.108907
-0.108907
-0.108907
-0.108907
-0.108907
-0.108907
-0.108907
-0.108907
-0.108907
-0.108907
-0.108907
-0.108907
-0.108907
-0.108907
-0.108907
-0.108907
-0.108907
-0.108907
-0.108907
-0.108907
-0.108907
-0.108907
-0.108907
-0.108907
-0.108907
-0.108907
-0.108907
-0.108907
-0.108907
-0.108907
-0.0987802
-0.0987802
-0.0987802
-0.0987802
-0.0987802
-0.0987802
-0.0987802
-0.0987802
-0.0987802
-0.0987802
-0.0987802
-0.0987802
-0.0987802
-0.0987802
-0.0987802
-0.0987802
-0.0987802
-0.0987802
-0.0987802
-0.0987802
-0.0987802
-0.0987802
-0.0987802
-0.0987802
-0.0987802
-0.0987802
-0.0987802
-0.0987802
-0.0987802
-0.0987802
-0.0987802
-0.0987802
-0.0987802
-0.0987802
-0.0987802
-0.0987802
-0.0987802
-0.0987802
-0.0987802
-0.0987802
-0.0987802
-0.0987802
-0.0987802
-0.0987802
-0.0987802
-0.0987802
-0.0987802
-0.0987802
-0.0987802
-0.0987802
-0.0885903
-0.0885903
-0.0885903
-0.0885903
-0.0885903
-0.0885903
-0.0885903
-0.0885903
-0.0885903
-0.0885903
-0.0885903
-0.0885903
-0.0885903
-0.0885903
-0.0885903
-0.0885903
-0.0885903
-0.0885903
-0.0885903
-0.0885903
-0.0885903
-0.0885903
-0.0885903
-0.0885903
-0.0885903
-0.0885903
-0.0885903
-0.0885903
-0.0885903
-0.0885903
-0.0885903
-0.0885903
-0.0885903
-0.0885903
-0.0885903
-0.0885903
-0.0885903
-0.0885903
-0.0885903
-0.0885903
-0.0885903
-0.0885903
-0.0885903
-0.0885903
-0.0885903
-0.0885903
-0.0885903
-0.0885903
-0.0885903
-0.0885903
-0.0783383
-0.0783383
-0.0783383
-0.0783383
-0.0783383
-0.0783383
-0.0783383
-0.0783383
-0.0783383
-0.0783383
-0.0783383
-0.0783383
-0.0783383
-0.0783383
-0.0783383
-0.0783383
-0.0783383
-0.0783383
-0.0783383
-0.0783383
-0.0783383
-0.0783383
-0.0783383
-0.0783383
-0.0783383
-0.0783383
-0.0783383
-0.0783383
-0.0783383
-0.0783383
-0.0783383
-0.0783383
-0.0783383
-0.0783383
-0.0783383
-0.0783383
-0.0783383
-0.0783383
-0.0783383
-0.0783383
-0.0783383
-0.0783383
-0.0783383
-0.0783383
-0.0783383
-0.0783383
-0.0783383
-0.0783383
-0.0783383
-0.0783383
-0.0680268
-0.0680268
-0.0680268
-0.0680268
-0.0680268
-0.0680268
-0.0680268
-0.0680268
-0.0680268
-0.0680268
-0.0680268
-0.0680268
-0.0680268
-0.0680268
-0.0680268
-0.0680268
-0.0680268
-0.0680268
-0.0680268
-0.0680268
-0.0680268
-0.0680268
-0.0680268
-0.0680268
-0.0680268
-0.0680268
-0.0680268
-0.0680268
-0.0680268
-0.0680268
-0.0680268
-0.0680268
-0.0680268
-0.0680268
-0.0680268
-0.0680268
-0.0680268
-0.0680268
-0.0680268
-0.0680268
-0.0680268
-0.0680268
-0.0680268
-0.0680268
-0.0680268
-0.0680268
-0.0680268
-0.0680268
-0.0680268
-0.0680268
-0.0576613
-0.0576613
-0.0576613
-0.0576613
-0.0576613
-0.0576613
-0.0576613
-0.0576613
-0.0576613
-0.0576613
-0.0576613
-0.0576613
-0.0576613
-0.0576613
-0.0576613
-0.0576613
-0.0576613
-0.0576613
-0.0576613
-0.0576613
-0.0576613
-0.0576613
-0.0576613
-0.0576613
-0.0576613
-0.0576613
-0.0576613
-0.0576613
-0.0576613
-0.0576613
-0.0576613
-0.0576613
-0.0576613
-0.0576613
-0.0576613
-0.0576613
-0.0576613
-0.0576613
-0.0576613
-0.0576613
-0.0576613
-0.0576613
-0.0576613
-0.0576613
-0.0576613
-0.0576613
-0.0576613
-0.0576613
-0.0576613
-0.0576613
-0.0472478
-0.0472478
-0.0472478
-0.0472478
-0.0472478
-0.0472478
-0.0472478
-0.0472478
-0.0472478
-0.0472478
-0.0472478
-0.0472478
-0.0472478
-0.0472478
-0.0472478
-0.0472478
-0.0472478
-0.0472478
-0.0472478
-0.0472478
-0.0472478
-0.0472478
-0.0472478
-0.0472478
-0.0472478
-0.0472478
-0.0472478
-0.0472478
-0.0472478
-0.0472478
-0.0472478
-0.0472478
-0.0472478
-0.0472478
-0.0472478
-0.0472478
-0.0472478
-0.0472478
-0.0472478
-0.0472478
-0.0472478
-0.0472478
-0.0472478
-0.0472478
-0.0472478
-0.0472478
-0.0472478
-0.0472478
-0.0472478
-0.0472478
-0.0367932
-0.0367932
-0.0367932
-0.0367932
-0.0367932
-0.0367932
-0.0367932
-0.0367932
-0.0367932
-0.0367932
-0.0367932
-0.0367932
-0.0367932
-0.0367932
-0.0367932
-0.0367932
-0.0367932
-0.0367932
-0.0367932
-0.0367932
-0.0367932
-0.0367932
-0.0367932
-0.0367932
-0.0367932
-0.0367932
-0.0367932
-0.0367932
-0.0367932
-0.0367932
-0.0367932
-0.0367932
-0.0367932
-0.0367932
-0.0367932
-0.0367932
-0.0367932
-0.0367932
-0.0367932
-0.0367932
-0.0367932
-0.0367932
-0.0367932
-0.0367932
-0.0367932
-0.0367932
-0.0367932
-0.0367932
-0.0367932
-0.0367932
-0.0263053
-0.0263053
-0.0263053
-0.0263053
-0.0263053
-0.0263053
-0.0263053
-0.0263053
-0.0263053
-0.0263053
-0.0263053
-0.0263053
-0.0263053
-0.0263053
-0.0263053
-0.0263053
-0.0263053
-0.0263053
-0.0263053
-0.0263053
-0.0263053
-0.0263053
-0.0263053
-0.0263053
-0.0263053
-0.0263053
-0.0263053
-0.0263053
-0.0263053
-0.0263053
-0.0263053
-0.0263053
-0.0263053
-0.0263053
-0.0263053
-0.0263053
-0.0263053
-0.0263053
-0.0263053
-0.0263053
-0.0263053
-0.0263053
-0.0263053
-0.0263053
-0.0263053
-0.0263053
-0.0263053
-0.0263053
-0.0263053
-0.0263053
-0.0157931
-0.0157931
-0.0157931
-0.0157931
-0.0157931
-0.0157931
-0.0157931
-0.0157931
-0.0157931
-0.0157931
-0.0157931
-0.0157931
-0.0157931
-0.0157931
-0.0157931
-0.0157931
-0.0157931
-0.0157931
-0.0157931
-0.0157931
-0.0157931
-0.0157931
-0.0157931
-0.0157931
-0.0157931
-0.0157931
-0.0157931
-0.0157931
-0.0157931
-0.0157931
-0.0157931
-0.0157931
-0.0157931
-0.0157931
-0.0157931
-0.0157931
-0.0157931
-0.0157931
-0.0157931
-0.0157931
-0.0157931
-0.0157931
-0.0157931
-0.0157931
-0.0157931
-0.0157931
-0.0157931
-0.0157931
-0.0157931
-0.0157931
-0.00526605
-0.00526605
-0.00526605
-0.00526605
-0.00526605
-0.00526605
-0.00526605
-0.00526605
-0.00526605
-0.00526605
-0.00526605
-0.00526605
-0.00526605
-0.00526605
-0.00526605
-0.00526605
-0.00526605
-0.00526605
-0.00526605
-0.00526605
-0.00526605
-0.00526605
-0.00526605
-0.00526605
-0.00526605
-0.00526605
-0.00526605
-0.00526605
-0.00526605
-0.00526605
-0.00526605
-0.00526605
-0.00526605
-0.00526605
-0.00526605
-0.00526605
-0.00526605
-0.00526605
-0.00526605
-0.00526605
-0.00526605
-0.00526605
-0.00526605
-0.00526605
-0.00526605
-0.00526605
-0.00526605
-0.00526605
-0.00526605
-0.00526605
0.00526605
0.00526605
0.00526605
0.00526605
0.00526605
0.00526605
0.00526605
0.00526605
0.00526605
0.00526605
0.00526605
0.00526605
0.00526605
0.00526605
0.00526605
0.00526605
0.00526605
0.00526605
0.00526605
0.00526605
0.00526605
0.00526605
0.00526605
0.00526605
0.00526605
0.00526605
0.00526605
0.00526605
0.00526605
0.00526605
0.00526605
0.00526605
0.00526605
0.00526605
0.00526605
0.00526605
0.00526605
0.00526605
0.00526605
0.00526605
0.00526605
0.00526605
0.00526605
0.00526605
0.00526605
0.00526605
0.00526605
0.00526605
0.00526605
0.00526605
0.0157931
0.0157931
0.0157931
0.0157931
0.0157931
0.0157931
0.0157931
0.0157931
0.0157931
0.0157931
0.0157931
0.0157931
0.0157931
0.0157931
0.0157931
0.0157931
0.0157931
0.0157931
0.0157931
0.0157931
0.0157931
0.0157931
0.0157931
0.0157931
0.0157931
0.0157931
0.0157931
0.0157931
0.0157931
0.0157931
0.0157931
0.0157931
0.0157931
0.0157931
0.0157931
0.0157931
0.0157931
0.0157931
0.0157931
0.0157931
0.0157931
0.0157931
0.0157931
0.0157931
0.0157931
0.0157931
0.0157931
0.0157931
0.0157931
0.0157931
0.0263053
0.0263053
0.0263053
0.0263053
0.0263053
0.0263053
0.0263053
0.0263053
0.0263053
0.0263053
0.0263053
0.0263053
0.0263053
0.0263053
0.0263053
0.0263053
0.0263053
0.0263053
0.0263053
0.0263053
0.0263053
0.0263053
0.0263053
0.0263053
0.0263053
0.0263053
0.0263053
0.0263053
0.0263053
0.0263053
0.0263053
0.0263053
0.0263053
0.0263053
0.0263053
0.0263053
0.0263053
0.0263053
0.0263053
0.0263053
0.0263053
0.0263053
0.0263053
0.0263053
0.0263053
0.0263053
0.0263053
0.0263053
0.0263053
0.0263053
0.0367932
0.0367932
0.0367932
0.0367932
0.0367932
0.0367932
0.0367932
0.0367932
0.0367932
0.0367932
0.0367932
0.0367932
0.0367932
0.0367932
0.0367932
0.0367932
0.0367932
0.0367932
0.0367932
0.0367932
0.0367932
0.0367932
0.0367932
0.0367932
0.0367932
0.0367932
0.0367932
0.0367932
0.0367932
0.0367932
0.0367932
0.0367932
0.0367932
0.0367932
0.0367932
0.0367932
0.0367932
0.0367932
0.0367932
0.0367932
0.0367932
0.0367932
0.0367932
0.0367932
0.0367932
0.0367932
0.0367932
0.0367932
0.0367932
0.0367932
0.0472478
0.0472478
0.0472478
0.0472478
0.0472478
0.0472478
0.0472478
0.0472478
0.0472478
0.0472478
0.0472478
0.0472478
0.0472478
0.0472478
0.0472478
0.0472478
0.0472478
0.0472478
0.0472478
0.0472478
0.0472478
0.0472478
0.0472478
0.0472478
0.0472478
0.0472478
0.0472478
0.0472478
0.0472478
0.0472478
0.0472478
0.0472478
0.0472478
0.0472478
0.0472478
0.0472478
0.0472478
0.0472478
0.0472478
0.0472478
0.0472478
0.0472478
0.0472478
0.0472478
0.0472478
0.0472478
0.0472478
0.0472478
0.0472478
0.0472478
0.0576613
0.0576613
0.0576613
0.0576613
0.0576613
0.0576613
0.0576613
0.0576613
0.0576613
0.0576613
0.0576613
0.0576613
0.0576613
0.0576613
0.0576613
0.0576613
0.0576613
0.0576613
0.0576613
0.0576613
0.0576613
0.0576613
0.0576613
0.0576613
0.0576613
0.0576613
0.0576613
0.0576613
0.0576613
0.0576613
0.0576613
0.0576613
0.0576613
0.0576613
0.0576613
0.0576613
0.0576613
0.0576613
0.0576613
0.0576613
0.0576613
0.0576613
0.0576613
0.0576613
0.0576613
0.0576613
0.0576613
0.0576613
0.0576613
0.0576613
0.0680268
0.0680268
0.0680268
0.0680268
0.0680268
0.0680268
0.0680268
0.0680268
0.0680268
0.0680268
0.0680268
0.0680268
0.0680268
0.0680268
0.0680268
0.0680268
0.0680268
0.0680268
0.0680268
0.0680268
0.0680268
0.0680268
0.0680268
0.0680268
0.0680268
0.0680268
0.0680268
0.0680268
0.0680268
0.0680268
0.0680268
0.0680268
0.0680268
0.0680268
0.0680268
0.0680268
0.0680268
0.0680268
0.0680268
0.0680268
0.0680268
0.0680268
0.0680268
0.0680268
0.0680268
0.0680268
0.0680268
0.0680268
0.0680268
0.0680268
0.0783383
0.0783383
0.0783383
0.0783383
0.0783383
0.0783383
0.0783383
0.0783383
0.0783383
0.0783383
0.0783383
0.0783383
0.0783383
0.0783383
0.0783383
0.0783383
0.0783383
0.0783383
0.0783383
0.0783383
0.0783383
0.0783383
0.0783383
0.0783383
0.0783383
0.0783383
0.0783383
0.0783383
0.0783383
0.0783383
0.0783383
0.0783383
0.0783383
0.0783383
0.0783383
0.0783383
0.0783383
0.0783383
0.0783383
0.0783383
0.0783383
0.0783383
0.0783383
0.0783383
0.0783383
0.0783383
0.0783383
0.0783383
0.0783383
0.0783383
0.0885903
0.0885903
0.0885903
0.0885903
0.0885903
0.0885903
0.0885903
0.0885903
0.0885903
0.0885903
0.0885903
0.0885903
0.0885903
0.0885903
0.0885903
0.0885903
0.0885903
0.0885903
0.0885903
0.0885903
0.0885903
0.0885903
0.0885903
0.0885903
0.0885903
0.0885903
0.0885903
0.0885903
0.0885903
0.0885903
0.0885903
0.0885903
0.0885903
0.0885903
0.0885903
0.0885903
0.0885903
0.0885903
0.0885903
0.0885903
0.0885903
0.0885903
0.0885903
0.0885903
0.0885903
0.0885903
0.0885903
0.0885903
0.0885903
0.0885903
0.0987802
0.0987802
0.0987802
0.0987802
0.0987802
0.0987802
0.0987802
0.0987802
0.0987802
0.0987802
0.0987802
0.0987802
0.0987802
0.0987802
0.0987802
0.0987802
0.0987802
0.0987802
0.0987802
0.0987802
0.0987802
0.0987802
0.0987802
0.0987802
0.0987802
0.0987802
0.0987802
0.0987802
0.0987802
0.0987802
0.0987802
0.0987802
0.0987802
0.0987802
0.0987802
0.0987802
0.0987802
0.0987802
0.0987802
0.0987802
0.0987802
0.0987802
0.0987802
0.0987802
0.0987802
0.0987802
0.0987802
0.0987802
0.0987802
0.0987802
0.108907
0.108907
0.108907
0.108907
0.108907
0.108907
0.108907
0.108907
0.108907
0.108907
0.108907
0.108907
0.108907
0.108907
0.108907
0.108907
0.108907
0.108907
0.108907
0.108907
0.108907
0.108907
0.108907
0.108907
0.108907
0.108907
0.108907
0.108907
0.108907
0.108907
0.108907
0.108907
0.108907
0.108907
0.108907
0.108907
0.108907
0.108907
0.108907
0.108907
0.108907
0.108907
0.108907
0.108907
0.108907
0.108907
0.108907
0.108907
0.108907
0.108907
0.11897
0.11897
0.11897
0.11897
0.11897
0.11897
0.11897
0.11897
0.11897
0.11897
0.11897
0.11897
0.11897
0.11897
0.11897
0.11897
0.11897
0.11897
0.11897
0.11897
0.11897
0.11897
0.11897
0.11897
0.11897
0.11897
0.11897
0.11897
0.11897
0.11897
0.11897
0.11897
0.11897
0.11897
0.11897
0.11897
0.11897
0.11897
0.11897
0.11897
0.11897
0.11897
0.11897
0.11897
0.11897
0.11897
0.11897
0.11897
0.11897
0.11897
0.128971
0.128971
0.128971
0.128971
0.128971
0.128971
0.128971
0.128971
0.128971
0.128971
0.128971
0.128971
0.128971
0.128971
0.128971
0.128971
0.128971
0.128971
0.128971
0.128971
0.128971
0.128971
0.128971
0.128971
0.128971
0.128971
0.128971
0.128971
0.128971
0.128971
0.128971
0.128971
0.128971
0.128971
0.128971
0.128971
0.128971
0.128971
0.128971
0.128971
0.128971
0.128971
0.128971
0.128971
0.128971
0.128971
0.128971
0.128971
0.128971
0.128971
0.138909
0.138909
0.138909
0.138909
0.138909
0.138909
0.138909
0.138909
0.138909
0.138909
0.138909
0.138909
0.138909
0.138909
0.138909
0.138909
0.138909
0.138909
0.138909
0.138909
0.138909
0.138909
0.138909
0.138909
0.138909
0.138909
0.138909
0.138909
0.138909
0.138909
0.138909
0.138909
0.138909
0.138909
0.138909
0.138909
0.138909
0.138909
0.138909
0.138909
0.138909
0.138909
0.138909
0.138909
0.138909
0.138909
0.138909
0.138909
0.138909
0.138909
0.148789
0.148789
0.148789
0.148789
0.148789
0.148789
0.148789
0.148789
0.148789
0.148789
0.148789
0.148789
0.148789
0.148789
0.148789
0.148789
0.148789
0.148789
0.148789
0.148789
0.148789
0.148789
0.148789
0.148789
0.148789
0.148789
0.148789
0.148789
0.148789
0.148789
0.148789
0.148789
0.148789
0.148789
0.148789
0.148789
0.148789
0.148789
0.148789
0.148789
0.148789
0.148789
0.148789
0.148789
0.148789
0.148789
0.148789
0.148789
0.148789
0.148789
0.158611
0.158611
0.158611
0.158611
0.158611
0.158611
0.158611
0.158611
0.158611
0.158611
0.158611
0.158611
0.158611
0.158611
0.158611
0.158611
0.158611
0.158611
0.158611
0.158611
0.158611
0.158611
0.158611
0.158611
0.158611
0.158611
0.158611
0.158611
0.158611
0.158611
0.158611
0.158611
0.158611
0.158611
0.158611
0.158611
0.158611
0.158611
0.158611
0.158611
0.158611
0.158611
0.158611
0.158611
0.158611
0.158611
0.158611
0.158611
0.158611
0.158611
0.168382
0.168382
0.168382
0.168382
0.168382
0.168382
0.168382
0.168382
0.168382
0.168382
0.168382
0.168382
0.168382
0.168382
0.168382
0.168382
0.168382
0.168382
0.168382
0.168382
0.168382
0.168382
0.168382
0.168382
0.168382
0.168382
0.168382
0.168382
0.168382
0.168382
0.168382
0.168382
0.168382
0.168382
0.168382
0.168382
0.168382
0.168382
0.168382
0.168382
0.168382
0.168382
0.168382
0.168382
0.168382
0.168382
0.168382
0.168382
0.168382
0.168382
0.178104
0.178104
0.178104
0.178104
0.178104
0.178104
0.178104
0.178104
0.178104
0.178104
0.178104
0.178104
0.178104
0.178104
0.178104
0.178104
0.178104
0.178104
0.178104
0.178104
0.178104
0.178104
0.178104
0.178104
0.178104
0.178104
0.178104
0.178104
0.178104
0.178104
0.178104
0.178104
0.178104
0.178104
0.178104
0.178104
0.178104
0.178104
0.178104
0.178104
0.178104
0.178104
0.178104
0.178104
0.178104
0.178104
0.178104
0.178104
0.178104
0.178104
0.187782
0.187782
0.187782
0.187782
0.187782
0.187782
0.187782
0.187782
0.187782
0.187782
0.187782
0.187782
0.187782
0.187782
0.187782
0.187782
0.187782
0.187782
0.187782
0.187782
0.187782
0.187782
0.187782
0.187782
0.187782
0.187782
0.187782
0.187782
0.187782
0.187782
0.187782
0.187782
0.187782
0.187782
0.187782
0.187782
0.187782
0.187782
0.187782
0.187782
0.187782
0.187782
0.187782
0.187782
0.187782
0.187782
0.187782
0.187782
0.187782
0.187782
0.197422
0.197422
0.197422
0.197422
0.197422
0.197422
0.197422
0.197422
0.197422
0.197422
0.197422
0.197422
0.197422
0.197422
0.197422
0.197422
0.197422
0.197422
0.197422
0.197422
0.197422
0.197422
0.197422
0.197422
0.197422
0.197422
0.197422
0.197422
0.197422
0.197422
0.197422
0.197422
0.197422
0.197422
0.197422
0.197422
0.197422
0.197422
0.197422
0.197422
0.197422
0.197422
0.197422
0.197422
0.197422
0.197422
0.197422
0.197422
0.197422
0.197422
0.207029
0.207029
0.207029
0.207029
0.207029
0.207029
0.207029
0.207029
0.207029
0.207029
0.207029
0.207029
0.207029
0.207029
0.207029
0.207029
0.207029
0.207029
0.207029
0.207029
0.207029
0.207029
0.207029
0.207029
0.207029
0.207029
0.207029
0.207029
0.207029
0.207029
0.207029
0.207029
0.207029
0.207029
0.207029
0.207029
0.207029
0.207029
0.207029
0.207029
0.207029
0.207029
0.207029
0.207029
0.207029
0.207029
0.207029
0.207029
0.207029
0.207029
0.216609
0.216609
0.216609
0.216609
0.216609
0.216609
0.216609
0.216609
0.216609
0.216609
0.216609
0.216609
0.216609
0.216609
0.216609
0.216609
0.216609
0.216609
0.216609
0.216609
0.216609
0.216609
0.216609
0.216609
0.216609
0.216609
0.216609
0.216609
0.216609
0.216609
0.216609
0.216609
0.216609
0.216609
0.216609
0.216609
0.216609
0.216609
0.216609
0.216609
0.216609
0.216609
0.216609
0.216609
0.216609
0.216609
0.216609
0.216609
0.216609
0.216609
0.226167
0.226167
0.226167
0.226167
0.226167
0.226167
0.226167
0.226167
0.226167
0.226167
0.226167
0.226167
0.226167
0.226167
0.226167
0.226167
0.226167
0.226167
0.226167
0.226167
0.226167
0.226167
0.226167
0.226167
0.226167
0.226167
0.226167
0.226167
0.226167
0.226167
0.226167
0.226167
0.226167
0.226167
0.226167
0.226167
0.226167
0.226167
0.226167
0.226167
0.226167
0.226167
0.226167
0.226167
0.226167
0.226167
0.226167
0.226167
0.226167
0.226167
0.235709
0.235709
0.235709
0.235709
0.235709
0.235709
0.235709
0.235709
0.235709
0.235709
0.235709
0.235709
0.235709
0.235709
0.235709
0.235709
0.235709
0.235709
0.235709
0.235709
0.235709
0.235709
0.235709
0.235709
0.235709
0.235709
0.235709
0.235709
0.235709
0.235709
0.235709
0.235709
0.235709
0.235709
0.235709
0.235709
0.235709
0.235709
0.235709
0.235709
0.235709
0.235709
0.235709
0.235709
0.235709
0.235709
0.235709
0.235709
0.235709
0.235709
0.245242
0.245242
0.245242
0.245242
0.245242
0.245242
0.245242
0.245242
0.245242
0.245242
0.245242
0.245242
0.245242
0.245242
0.245242
0.245242
0.245242
0.245242
0.245242
0.245242
0.245242
0.245242
0.245242
0.245242
0.245242
0.245242
0.245242
0.245242
0.245242
0.245242
0.245242
0.245242
0.245242
0.245242
0.245242
0.245242
0.245242
0.245242
0.245242
0.245242
0.245242
0.245242
0.245242
0.245242
0.245242
0.245242
0.245242
0.245242
0.245242
0.245242
)
;

boundaryField
{
    left
    {
        type            calculated;
        value           nonuniform List<scalar> 
50
(
-0.245235
-0.235702
-0.226159
-0.216601
-0.207022
-0.197415
-0.187775
-0.178097
-0.168375
-0.158605
-0.148782
-0.138903
-0.128964
-0.118964
-0.108901
-0.0987748
-0.0885853
-0.0783337
-0.0680228
-0.0576578
-0.0472449
-0.0367909
-0.0263037
-0.0157921
-0.00526572
0.00526572
0.0157921
0.0263037
0.0367909
0.0472449
0.0576578
0.0680228
0.0783337
0.0885853
0.0987748
0.108901
0.118964
0.128964
0.138903
0.148782
0.158605
0.168375
0.178097
0.187775
0.197415
0.207022
0.216601
0.226159
0.235702
0.245235
)
;
    }
    right
    {
        type            calculated;
        value           nonuniform List<scalar> 
50
(
-0.245235
-0.235702
-0.226159
-0.216601
-0.207022
-0.197415
-0.187775
-0.178097
-0.168375
-0.158605
-0.148782
-0.138903
-0.128964
-0.118964
-0.108901
-0.0987748
-0.0885853
-0.0783337
-0.0680228
-0.0576578
-0.0472449
-0.0367909
-0.0263037
-0.0157921
-0.00526572
0.00526572
0.0157921
0.0263037
0.0367909
0.0472449
0.0576578
0.0680228
0.0783337
0.0885853
0.0987748
0.108901
0.118964
0.128964
0.138903
0.148782
0.158605
0.168375
0.178097
0.187775
0.197415
0.207022
0.216601
0.226159
0.235702
0.245235
)
;
    }
    up
    {
        type            calculated;
        value           nonuniform List<scalar> 
50
(
0.25
0.25
0.25
0.25
0.25
0.25
0.25
0.25
0.25
0.25
0.25
0.25
0.25
0.25
0.25
0.25
0.25
0.25
0.25
0.25
0.25
0.25
0.25
0.25
0.25
0.25
0.25
0.25
0.25
0.25
0.25
0.25
0.25
0.25
0.25
0.25
0.25
0.25
0.25
0.25
0.25
0.25
0.25
0.25
0.25
0.25
0.25
0.25
0.25
0.25
)
;
    }
    down
    {
        type            calculated;
        value           nonuniform List<scalar> 
50
(
-0.25
-0.25
-0.25
-0.25
-0.25
-0.25
-0.25
-0.25
-0.25
-0.25
-0.25
-0.25
-0.25
-0.25
-0.25
-0.25
-0.25
-0.25
-0.25
-0.25
-0.25
-0.25
-0.25
-0.25
-0.25
-0.25
-0.25
-0.25
-0.25
-0.25
-0.25
-0.25
-0.25
-0.25
-0.25
-0.25
-0.25
-0.25
-0.25
-0.25
-0.25
-0.25
-0.25
-0.25
-0.25
-0.25
-0.25
-0.25
-0.25
-0.25
)
;
    }
    frontAndBack
    {
        type            empty;
    }
}


// ************************************************************************* //
