/*--------------------------------*- C++ -*----------------------------------*\
  =========                 |
  \\      /  F ield         | OpenFOAM: The Open Source CFD Toolbox
   \\    /   O peration     | Website:  https://openfoam.org
    \\  /    A nd           | Version:  6
     \\/     M anipulation  |
\*---------------------------------------------------------------------------*/
FoamFile
{
    version     2.0;
    format      ascii;
    class       surfaceScalarField;
    location    "3200";
    object      phi;
}
// * * * * * * * * * * * * * * * * * * * * * * * * * * * * * * * * * * * * * //

dimensions      [0 3 -1 0 0 0 0];

internalField   nonuniform List<scalar> 
4900
(
6.52931e-06
7.34707e-05
3.87575e-06
8.26536e-05
2.51794e-06
8.13578e-05
1.68561e-06
8.08323e-05
1.17821e-06
8.05074e-05
8.61726e-07
8.03165e-05
6.53371e-07
8.02084e-05
5.09949e-07
8.01434e-05
4.07389e-07
8.01026e-05
3.31568e-07
8.00758e-05
2.73844e-07
8.00577e-05
2.28724e-07
8.00451e-05
1.926e-07
8.00361e-05
1.63036e-07
8.00296e-05
1.38342e-07
8.00247e-05
1.17319e-07
8.0021e-05
9.90962e-08
8.00182e-05
8.30261e-08
8.00161e-05
6.86179e-08
8.00144e-05
5.54896e-08
8.00131e-05
4.33371e-08
8.00122e-05
3.19109e-08
8.00114e-05
2.1e-08
8.00109e-05
1.04193e-08
8.00106e-05
4.12911e-18
8.00104e-05
-1.04193e-08
8.00104e-05
-2.1e-08
8.00106e-05
-3.19109e-08
8.00109e-05
-4.33371e-08
8.00114e-05
-5.54896e-08
8.00122e-05
-6.86179e-08
8.00131e-05
-8.30261e-08
8.00144e-05
-9.90962e-08
8.00161e-05
-1.17319e-07
8.00182e-05
-1.38342e-07
8.0021e-05
-1.63036e-07
8.00247e-05
-1.926e-07
8.00296e-05
-2.28724e-07
8.00361e-05
-2.73844e-07
8.00451e-05
-3.31568e-07
8.00577e-05
-4.07389e-07
8.00758e-05
-5.09949e-07
8.01026e-05
-6.53371e-07
8.01434e-05
-8.61726e-07
8.02084e-05
-1.17821e-06
8.03165e-05
-1.68561e-06
8.05074e-05
-2.51794e-06
8.08323e-05
-3.87575e-06
8.13578e-05
-6.52931e-06
8.26536e-05
7.34707e-05
9.59997e-06
6.38707e-05
8.98677e-06
8.32668e-05
6.61507e-06
8.37295e-05
4.74085e-06
8.27066e-05
3.45245e-06
8.17958e-05
2.57869e-06
8.11902e-05
1.97625e-06
8.08108e-05
1.55032e-06
8.05694e-05
1.24098e-06
8.04119e-05
1.01031e-06
8.03065e-05
8.33923e-07
8.02341e-05
6.95822e-07
8.01832e-05
5.85255e-07
8.01467e-05
4.94852e-07
8.012e-05
4.19455e-07
8.01001e-05
3.55378e-07
8.00851e-05
2.99932e-07
8.00737e-05
2.5112e-07
8.00649e-05
2.07422e-07
8.00581e-05
1.6766e-07
8.00529e-05
1.30894e-07
8.00489e-05
9.63563e-08
8.0046e-05
6.33984e-08
8.00439e-05
3.14522e-08
8.00425e-05
-5.59105e-17
8.00419e-05
-3.14522e-08
8.00419e-05
-6.33984e-08
8.00425e-05
-9.63563e-08
8.00439e-05
-1.30894e-07
8.0046e-05
-1.6766e-07
8.00489e-05
-2.07422e-07
8.00529e-05
-2.5112e-07
8.00581e-05
-2.99932e-07
8.00649e-05
-3.55378e-07
8.00737e-05
-4.19455e-07
8.00851e-05
-4.94852e-07
8.01001e-05
-5.85255e-07
8.012e-05
-6.95822e-07
8.01467e-05
-8.33923e-07
8.01832e-05
-1.01031e-06
8.02341e-05
-1.24098e-06
8.03065e-05
-1.55032e-06
8.04119e-05
-1.97625e-06
8.05694e-05
-2.57869e-06
8.08108e-05
-3.45245e-06
8.11902e-05
-4.74085e-06
8.17958e-05
-6.61507e-06
8.27066e-05
-8.98677e-06
8.37295e-05
-9.59997e-06
8.32668e-05
6.38707e-05
9.22778e-06
5.46429e-05
1.1127e-05
8.13676e-05
9.35838e-06
8.54981e-05
7.22564e-06
8.48393e-05
5.49285e-06
8.35286e-05
4.20524e-06
8.24779e-05
3.26883e-06
8.17472e-05
2.58492e-06
8.12533e-05
2.0781e-06
8.09187e-05
1.69544e-06
8.06892e-05
1.40064e-06
8.05289e-05
1.16884e-06
8.0415e-05
9.82847e-07
8.03327e-05
8.30655e-07
8.02722e-05
7.0373e-07
8.0227e-05
5.95918e-07
8.01929e-05
5.02704e-07
8.01669e-05
4.20714e-07
8.01469e-05
3.47379e-07
8.01314e-05
2.80704e-07
8.01196e-05
2.19096e-07
8.01105e-05
1.61257e-07
8.01038e-05
1.06087e-07
8.0099e-05
5.26261e-08
8.0096e-05
-3.60797e-17
8.00945e-05
-5.26261e-08
8.00945e-05
-1.06087e-07
8.0096e-05
-1.61257e-07
8.0099e-05
-2.19096e-07
8.01038e-05
-2.80704e-07
8.01105e-05
-3.47379e-07
8.01196e-05
-4.20714e-07
8.01314e-05
-5.02704e-07
8.01469e-05
-5.95918e-07
8.01669e-05
-7.0373e-07
8.01929e-05
-8.30655e-07
8.0227e-05
-9.82847e-07
8.02722e-05
-1.16884e-06
8.03327e-05
-1.40064e-06
8.0415e-05
-1.69544e-06
8.05289e-05
-2.0781e-06
8.06892e-05
-2.58492e-06
8.09187e-05
-3.26883e-06
8.12533e-05
-4.20524e-06
8.17472e-05
-5.49285e-06
8.24779e-05
-7.22564e-06
8.35286e-05
-9.35838e-06
8.48393e-05
-1.1127e-05
8.54981e-05
-9.22778e-06
8.13676e-05
5.46429e-05
8.05546e-06
4.65875e-05
1.14999e-05
7.79231e-05
1.088e-05
8.6118e-05
9.04563e-06
8.66737e-05
7.1971e-06
8.53771e-05
5.66824e-06
8.40067e-05
4.48406e-06
8.29314e-05
3.58427e-06
8.21531e-05
2.90024e-06
8.16028e-05
2.37514e-06
8.12142e-05
1.96626e-06
8.09378e-05
1.64257e-06
8.07387e-05
1.38178e-06
8.05935e-05
1.16789e-06
8.0486e-05
9.89309e-07
8.04056e-05
8.3756e-07
8.03447e-05
7.06367e-07
8.02981e-05
5.91011e-07
8.02622e-05
4.8788e-07
8.02346e-05
3.94159e-07
8.02133e-05
3.07601e-07
8.01971e-05
2.26368e-07
8.0185e-05
1.48909e-07
8.01765e-05
7.38648e-08
8.0171e-05
-2.19486e-17
8.01684e-05
-7.38648e-08
8.01684e-05
-1.48909e-07
8.0171e-05
-2.26368e-07
8.01765e-05
-3.07601e-07
8.0185e-05
-3.94159e-07
8.01971e-05
-4.8788e-07
8.02133e-05
-5.91011e-07
8.02346e-05
-7.06367e-07
8.02622e-05
-8.3756e-07
8.02981e-05
-9.89309e-07
8.03447e-05
-1.16789e-06
8.04056e-05
-1.38178e-06
8.0486e-05
-1.64257e-06
8.05935e-05
-1.96626e-06
8.07387e-05
-2.37514e-06
8.09378e-05
-2.90024e-06
8.12142e-05
-3.58427e-06
8.16028e-05
-4.48406e-06
8.21531e-05
-5.66824e-06
8.29314e-05
-7.1971e-06
8.40067e-05
-9.04563e-06
8.53771e-05
-1.088e-05
8.66737e-05
-1.14999e-05
8.6118e-05
-8.05546e-06
7.79231e-05
4.65875e-05
6.73231e-06
3.98552e-05
1.09641e-05
7.36914e-05
1.14814e-05
8.56006e-05
1.02336e-05
8.79214e-05
8.52678e-06
8.7084e-05
6.92297e-06
8.56105e-05
5.5869e-06
8.42675e-05
4.5239e-06
8.3216e-05
3.69096e-06
8.24357e-05
3.03847e-06
8.18667e-05
2.52343e-06
8.14528e-05
2.112e-06
8.11502e-05
1.77857e-06
8.09269e-05
1.50408e-06
8.07605e-05
1.27439e-06
8.06353e-05
1.07896e-06
8.05401e-05
9.09916e-07
8.04671e-05
7.61247e-07
8.04109e-05
6.28342e-07
8.03675e-05
5.07584e-07
8.0334e-05
3.9608e-07
8.03086e-05
2.91459e-07
8.02897e-05
1.91716e-07
8.02762e-05
9.50956e-08
8.02677e-05
-1.16805e-17
8.02635e-05
-9.50956e-08
8.02635e-05
-1.91716e-07
8.02677e-05
-2.91459e-07
8.02762e-05
-3.9608e-07
8.02897e-05
-5.07584e-07
8.03086e-05
-6.28342e-07
8.0334e-05
-7.61247e-07
8.03675e-05
-9.09916e-07
8.04109e-05
-1.07896e-06
8.04671e-05
-1.27439e-06
8.05401e-05
-1.50408e-06
8.06353e-05
-1.77857e-06
8.07605e-05
-2.112e-06
8.09269e-05
-2.52343e-06
8.11502e-05
-3.03847e-06
8.14528e-05
-3.69096e-06
8.18667e-05
-4.5239e-06
8.24357e-05
-5.5869e-06
8.3216e-05
-6.92297e-06
8.42675e-05
-8.52678e-06
8.56105e-05
-1.02336e-05
8.7084e-05
-1.14814e-05
8.79214e-05
-1.09641e-05
8.56006e-05
-6.73231e-06
7.36914e-05
3.98552e-05
5.48589e-06
3.43693e-05
9.9948e-06
6.91825e-05
1.1443e-05
8.41524e-05
1.08808e-05
8.84837e-05
9.48706e-06
8.84777e-05
7.94856e-06
8.7149e-05
6.55393e-06
8.56621e-05
5.38471e-06
8.43853e-05
4.43624e-06
8.33842e-05
3.67553e-06
8.26274e-05
3.06528e-06
8.20631e-05
2.57234e-06
8.16431e-05
2.16982e-06
8.13294e-05
1.83678e-06
8.10936e-05
1.55718e-06
8.09149e-05
1.31881e-06
8.07785e-05
1.11236e-06
8.06736e-05
9.30667e-07
8.05926e-05
7.68189e-07
8.053e-05
6.20543e-07
8.04817e-05
4.84212e-07
8.04449e-05
3.56301e-07
8.04176e-05
2.34362e-07
8.03982e-05
1.16248e-07
8.03858e-05
-4.99564e-18
8.03797e-05
-1.16248e-07
8.03797e-05
-2.34362e-07
8.03858e-05
-3.56301e-07
8.03982e-05
-4.84212e-07
8.04176e-05
-6.20543e-07
8.04449e-05
-7.68189e-07
8.04817e-05
-9.30667e-07
8.053e-05
-1.11236e-06
8.05926e-05
-1.31881e-06
8.06736e-05
-1.55718e-06
8.07785e-05
-1.83678e-06
8.09149e-05
-2.16982e-06
8.10936e-05
-2.57234e-06
8.13294e-05
-3.06528e-06
8.16431e-05
-3.67553e-06
8.20631e-05
-4.43624e-06
8.26274e-05
-5.38471e-06
8.33842e-05
-6.55393e-06
8.43853e-05
-7.94856e-06
8.56621e-05
-9.48706e-06
8.7149e-05
-1.08808e-05
8.84777e-05
-1.1443e-05
8.84837e-05
-9.9948e-06
8.41524e-05
-5.48589e-06
6.91825e-05
3.43693e-05
4.41173e-06
2.99575e-05
8.87357e-06
6.47206e-05
1.09953e-05
8.20307e-05
1.10977e-05
8.83813e-05
1.011e-05
8.94654e-05
8.74251e-06
8.85165e-05
7.37213e-06
8.70325e-05
6.15293e-06
8.56045e-05
5.12468e-06
8.44124e-05
4.27771e-06
8.34744e-05
3.58551e-06
8.27553e-05
3.01904e-06
8.22096e-05
2.55226e-06
8.17962e-05
2.16362e-06
8.14822e-05
1.83595e-06
8.12426e-05
1.5558e-06
8.10586e-05
1.31271e-06
8.09167e-05
1.09852e-06
8.08068e-05
9.06853e-07
8.07216e-05
7.32607e-07
8.06559e-05
5.71677e-07
8.06058e-05
4.20669e-07
8.05686e-05
2.76703e-07
8.05421e-05
1.3725e-07
8.05252e-05
-6.96024e-19
8.0517e-05
-1.3725e-07
8.0517e-05
-2.76703e-07
8.05252e-05
-4.20669e-07
8.05421e-05
-5.71677e-07
8.05686e-05
-7.32607e-07
8.06058e-05
-9.06853e-07
8.06559e-05
-1.09852e-06
8.07216e-05
-1.31271e-06
8.08068e-05
-1.5558e-06
8.09167e-05
-1.83595e-06
8.10586e-05
-2.16362e-06
8.12426e-05
-2.55226e-06
8.14822e-05
-3.01904e-06
8.17962e-05
-3.58551e-06
8.22096e-05
-4.27771e-06
8.27553e-05
-5.12468e-06
8.34744e-05
-6.15293e-06
8.44124e-05
-7.37213e-06
8.56045e-05
-8.74251e-06
8.70325e-05
-1.011e-05
8.85165e-05
-1.10977e-05
8.94654e-05
-1.09953e-05
8.83813e-05
-8.87357e-06
8.20307e-05
-4.41173e-06
6.47206e-05
2.99575e-05
3.53286e-06
2.64247e-05
7.7596e-06
6.04939e-05
1.03132e-05
7.94771e-05
1.09938e-05
8.77007e-05
1.04423e-05
9.00169e-05
9.31604e-06
8.96428e-05
8.03751e-06
8.8311e-05
6.82007e-06
8.68219e-05
5.74772e-06
8.54848e-05
4.83784e-06
8.43843e-05
4.07858e-06
8.35145e-05
3.44796e-06
8.28402e-05
2.92283e-06
8.23213e-05
2.48234e-06
8.19227e-05
2.109e-06
8.16159e-05
1.78865e-06
8.1379e-05
1.51e-06
8.11953e-05
1.26409e-06
8.10527e-05
1.04378e-06
8.09419e-05
8.43352e-07
8.08564e-05
6.58162e-07
8.0791e-05
4.84341e-07
8.07424e-05
3.18598e-07
8.07079e-05
1.58034e-07
8.06858e-05
1.28869e-18
8.0675e-05
-1.58034e-07
8.0675e-05
-3.18598e-07
8.06858e-05
-4.84341e-07
8.07079e-05
-6.58162e-07
8.07424e-05
-8.43352e-07
8.0791e-05
-1.04378e-06
8.08564e-05
-1.26409e-06
8.09419e-05
-1.51e-06
8.10527e-05
-1.78865e-06
8.11953e-05
-2.109e-06
8.1379e-05
-2.48234e-06
8.16159e-05
-2.92283e-06
8.19227e-05
-3.44796e-06
8.23213e-05
-4.07858e-06
8.28402e-05
-4.83784e-06
8.35145e-05
-5.74772e-06
8.43843e-05
-6.82007e-06
8.54848e-05
-8.03751e-06
8.68219e-05
-9.31604e-06
8.8311e-05
-1.04423e-05
8.96428e-05
-1.09938e-05
9.00169e-05
-1.03132e-05
8.77007e-05
-7.7596e-06
7.94771e-05
-3.53286e-06
6.04939e-05
2.64247e-05
2.8341e-06
2.35906e-05
6.73211e-06
5.65959e-05
9.5202e-06
7.6689e-05
1.06656e-05
8.65553e-05
1.05367e-05
9.01459e-05
9.68962e-06
9.04898e-05
8.55349e-06
8.94471e-05
7.38243e-06
8.7993e-05
6.29966e-06
8.65676e-05
5.35041e-06
8.53335e-05
4.53986e-06
8.43251e-05
3.85547e-06
8.35246e-05
3.27874e-06
8.2898e-05
2.79082e-06
8.24106e-05
2.37475e-06
8.2032e-05
2.01618e-06
8.17375e-05
1.70333e-06
8.15082e-05
1.42665e-06
8.13294e-05
1.17842e-06
8.11902e-05
9.5237e-07
8.10824e-05
7.43364e-07
8.1e-05
5.47103e-07
8.09387e-05
3.59908e-07
8.08951e-05
1.78532e-07
8.08672e-05
1.73263e-18
8.08535e-05
-1.78532e-07
8.08535e-05
-3.59908e-07
8.08672e-05
-5.47103e-07
8.08951e-05
-7.43364e-07
8.09387e-05
-9.5237e-07
8.1e-05
-1.17842e-06
8.10824e-05
-1.42665e-06
8.11902e-05
-1.70333e-06
8.13294e-05
-2.01618e-06
8.15082e-05
-2.37475e-06
8.17375e-05
-2.79082e-06
8.2032e-05
-3.27874e-06
8.24106e-05
-3.85547e-06
8.2898e-05
-4.53986e-06
8.35246e-05
-5.35041e-06
8.43251e-05
-6.29966e-06
8.53335e-05
-7.38243e-06
8.65676e-05
-8.55349e-06
8.7993e-05
-9.68962e-06
8.94471e-05
-1.05367e-05
9.04898e-05
-1.06656e-05
9.01459e-05
-9.5202e-06
8.65553e-05
-6.73211e-06
7.6689e-05
-2.8341e-06
5.65959e-05
2.35906e-05
2.28679e-06
2.13038e-05
5.8228e-06
5.30599e-05
8.69733e-06
7.38144e-05
1.01921e-05
8.50605e-05
1.04447e-05
8.98932e-05
9.88894e-06
9.10456e-05
8.92907e-06
9.0407e-05
7.84048e-06
8.90816e-05
6.7775e-06
8.76305e-05
5.81152e-06
8.62995e-05
4.96568e-06
8.51709e-05
4.23846e-06
8.42518e-05
3.61753e-06
8.3519e-05
3.08715e-06
8.2941e-05
2.63171e-06
8.24874e-05
2.23724e-06
8.2132e-05
1.89182e-06
8.18536e-05
1.58555e-06
8.16356e-05
1.31027e-06
8.14654e-05
1.05927e-06
8.13334e-05
8.26994e-07
8.12323e-05
6.08749e-07
8.11569e-05
4.00502e-07
8.11033e-05
1.9868e-07
8.1069e-05
7.36992e-19
8.10522e-05
-1.9868e-07
8.10522e-05
-4.00502e-07
8.1069e-05
-6.08749e-07
8.11033e-05
-8.26994e-07
8.11569e-05
-1.05927e-06
8.12323e-05
-1.31027e-06
8.13334e-05
-1.58555e-06
8.14654e-05
-1.89182e-06
8.16356e-05
-2.23724e-06
8.18536e-05
-2.63171e-06
8.2132e-05
-3.08715e-06
8.24874e-05
-3.61753e-06
8.2941e-05
-4.23846e-06
8.3519e-05
-4.96568e-06
8.42518e-05
-5.81152e-06
8.51709e-05
-6.7775e-06
8.62995e-05
-7.84048e-06
8.76305e-05
-8.92907e-06
8.90816e-05
-9.88894e-06
9.0407e-05
-1.04447e-05
9.10456e-05
-1.01921e-05
8.98932e-05
-8.69733e-06
8.50605e-05
-5.8228e-06
7.38144e-05
-2.28679e-06
5.30599e-05
2.13038e-05
1.86103e-06
1.94428e-05
5.0375e-06
4.98834e-05
7.89467e-06
7.09573e-05
9.63393e-06
8.33213e-05
1.02135e-05
8.93136e-05
9.94168e-06
9.13174e-05
9.17696e-06
9.11717e-05
8.19801e-06
9.00605e-05
7.18065e-06
8.86479e-05
6.21884e-06
8.72613e-05
5.35334e-06
8.60364e-05
4.59445e-06
8.50107e-05
3.9371e-06
8.41763e-05
3.36964e-06
8.35085e-05
2.87856e-06
8.29785e-05
2.45079e-06
8.25598e-05
2.07466e-06
8.22297e-05
1.74015e-06
8.19701e-05
1.43884e-06
8.17668e-05
1.16369e-06
8.16086e-05
9.08779e-07
8.14872e-05
6.69085e-07
8.13966e-05
4.40256e-07
8.13322e-05
2.18418e-07
8.12908e-05
-1.38043e-18
8.12706e-05
-2.18418e-07
8.12706e-05
-4.40256e-07
8.12908e-05
-6.69085e-07
8.13322e-05
-9.08779e-07
8.13966e-05
-1.16369e-06
8.14872e-05
-1.43884e-06
8.16086e-05
-1.74015e-06
8.17668e-05
-2.07466e-06
8.19701e-05
-2.45079e-06
8.22297e-05
-2.87856e-06
8.25598e-05
-3.36964e-06
8.29785e-05
-3.9371e-06
8.35085e-05
-4.59445e-06
8.41763e-05
-5.35334e-06
8.50107e-05
-6.21884e-06
8.60364e-05
-7.18065e-06
8.72613e-05
-8.19801e-06
8.86479e-05
-9.17696e-06
9.00605e-05
-9.94168e-06
9.11717e-05
-1.02135e-05
9.13174e-05
-9.63393e-06
8.93136e-05
-7.89467e-06
8.33213e-05
-5.0375e-06
7.09573e-05
-1.86103e-06
4.98834e-05
1.94428e-05
1.53031e-06
1.79125e-05
4.36893e-06
4.70448e-05
7.14048e-06
6.81857e-05
9.03584e-06
8.14259e-05
9.8833e-06
8.84662e-05
9.8751e-06
9.13256e-05
9.312e-06
9.17348e-05
8.46131e-06
9.09112e-05
7.51052e-06
8.95987e-05
6.57149e-06
8.82003e-05
5.70107e-06
8.69069e-05
4.92152e-06
8.57902e-05
4.23572e-06
8.48621e-05
3.63684e-06
8.41074e-05
3.11413e-06
8.35012e-05
2.65591e-06
8.3018e-05
2.25111e-06
8.26345e-05
1.88988e-06
8.23314e-05
1.56369e-06
8.20929e-05
1.26528e-06
8.1907e-05
9.88461e-07
8.17641e-05
7.27929e-07
8.16571e-05
4.79053e-07
8.1581e-05
2.37687e-07
8.15322e-05
-4.24859e-18
8.15083e-05
-2.37687e-07
8.15083e-05
-4.79053e-07
8.15322e-05
-7.27929e-07
8.1581e-05
-9.88461e-07
8.16571e-05
-1.26528e-06
8.17641e-05
-1.56369e-06
8.1907e-05
-1.88988e-06
8.20929e-05
-2.25111e-06
8.23314e-05
-2.65591e-06
8.26345e-05
-3.11413e-06
8.3018e-05
-3.63684e-06
8.35012e-05
-4.23572e-06
8.41074e-05
-4.92152e-06
8.48621e-05
-5.70107e-06
8.57902e-05
-6.57149e-06
8.69069e-05
-7.51052e-06
8.82003e-05
-8.46131e-06
8.95987e-05
-9.312e-06
9.09112e-05
-9.8751e-06
9.17348e-05
-9.8833e-06
9.13256e-05
-9.03584e-06
8.84662e-05
-7.14048e-06
8.14259e-05
-4.36893e-06
6.81857e-05
-1.53031e-06
4.70448e-05
1.79125e-05
1.27274e-06
1.66397e-05
3.80417e-06
4.45134e-05
6.44859e-06
6.55413e-05
8.4292e-06
7.94453e-05
9.48713e-06
8.74082e-05
9.71452e-06
9.10983e-05
9.34986e-06
9.20995e-05
8.63837e-06
9.16227e-05
7.77019e-06
9.04669e-05
6.86983e-06
8.91007e-05
6.008e-06
8.77687e-05
5.21839e-06
8.65798e-05
4.51205e-06
8.55685e-05
3.88755e-06
8.47319e-05
3.33739e-06
8.40514e-05
2.85175e-06
8.35036e-05
2.42052e-06
8.30657e-05
2.03423e-06
8.27177e-05
1.68442e-06
8.24428e-05
1.36373e-06
8.22277e-05
1.06581e-06
8.2062e-05
7.85112e-07
8.19378e-05
5.16784e-07
8.18494e-05
2.56436e-07
8.17925e-05
-8.08918e-18
8.17647e-05
-2.56436e-07
8.17647e-05
-5.16784e-07
8.17925e-05
-7.85112e-07
8.18494e-05
-1.06581e-06
8.19378e-05
-1.36373e-06
8.2062e-05
-1.68442e-06
8.22277e-05
-2.03423e-06
8.24428e-05
-2.42052e-06
8.27177e-05
-2.85175e-06
8.30657e-05
-3.33739e-06
8.35036e-05
-3.88755e-06
8.40514e-05
-4.51205e-06
8.47319e-05
-5.21839e-06
8.55685e-05
-6.008e-06
8.65798e-05
-6.86983e-06
8.77687e-05
-7.77019e-06
8.91007e-05
-8.63837e-06
9.04669e-05
-9.34986e-06
9.16227e-05
-9.71452e-06
9.20995e-05
-9.48713e-06
9.10983e-05
-8.4292e-06
8.74082e-05
-6.44859e-06
7.94453e-05
-3.80417e-06
6.55413e-05
-1.27274e-06
4.45134e-05
1.66397e-05
1.07097e-06
1.55688e-05
3.32863e-06
4.22557e-05
5.82359e-06
6.30463e-05
7.835e-06
7.74339e-05
9.05119e-06
8.61921e-05
9.48247e-06
9.0667e-05
9.30607e-06
9.22759e-05
8.73816e-06
9.21906e-05
7.96393e-06
9.12411e-05
7.1153e-06
8.99493e-05
6.27405e-06
8.86099e-05
5.48428e-06
8.73696e-05
4.76512e-06
8.62876e-05
4.1208e-06
8.53762e-05
3.54749e-06
8.46247e-05
3.03762e-06
8.40135e-05
2.5823e-06
8.35211e-05
2.17271e-06
8.31273e-05
1.80064e-06
8.28148e-05
1.45875e-06
8.25695e-05
1.1406e-06
8.23801e-05
8.40482e-07
8.22379e-05
5.5335e-07
8.21365e-05
2.74615e-07
8.20713e-05
-1.21104e-17
8.20394e-05
-2.74615e-07
8.20394e-05
-5.5335e-07
8.20713e-05
-8.40482e-07
8.21365e-05
-1.1406e-06
8.22379e-05
-1.45875e-06
8.23801e-05
-1.80064e-06
8.25695e-05
-2.17271e-06
8.28148e-05
-2.5823e-06
8.31273e-05
-3.03762e-06
8.35211e-05
-3.54749e-06
8.40135e-05
-4.1208e-06
8.46247e-05
-4.76512e-06
8.53762e-05
-5.48428e-06
8.62876e-05
-6.27405e-06
8.73696e-05
-7.1153e-06
8.86099e-05
-7.96393e-06
8.99493e-05
-8.73816e-06
9.12411e-05
-9.30607e-06
9.21906e-05
-9.48247e-06
9.22759e-05
-9.05119e-06
9.0667e-05
-7.835e-06
8.61921e-05
-5.82359e-06
7.74339e-05
-3.32863e-06
6.30463e-05
-1.07097e-06
4.22557e-05
1.55688e-05
9.11635e-07
1.46571e-05
2.92826e-06
4.02391e-05
5.26459e-06
6.071e-05
7.26647e-06
7.5432e-05
8.59551e-06
8.4863e-05
9.19827e-06
9.00642e-05
9.19533e-06
9.22788e-05
8.77009e-06
9.26158e-05
8.09691e-06
9.19143e-05
7.31019e-06
9.07361e-05
6.49986e-06
8.94203e-05
5.71897e-06
8.81505e-05
4.99434e-06
8.70123e-05
4.3359e-06
8.60346e-05
3.74377e-06
8.52168e-05
3.21291e-06
8.45444e-05
2.73596e-06
8.3998e-05
2.30492e-06
8.35583e-05
1.91203e-06
8.32077e-05
1.55009e-06
8.29315e-05
1.21264e-06
8.27176e-05
8.93899e-07
8.25567e-05
5.88663e-07
8.24417e-05
2.9218e-07
8.23678e-05
-1.72606e-17
8.23315e-05
-2.9218e-07
8.23315e-05
-5.88663e-07
8.23678e-05
-8.93899e-07
8.24417e-05
-1.21264e-06
8.25567e-05
-1.55009e-06
8.27176e-05
-1.91203e-06
8.29315e-05
-2.30492e-06
8.32077e-05
-2.73596e-06
8.35583e-05
-3.21291e-06
8.3998e-05
-3.74377e-06
8.45444e-05
-4.3359e-06
8.52168e-05
-4.99434e-06
8.60346e-05
-5.71897e-06
8.70123e-05
-6.49986e-06
8.81505e-05
-7.31019e-06
8.94203e-05
-8.09691e-06
9.07361e-05
-8.77009e-06
9.19143e-05
-9.19533e-06
9.26158e-05
-9.19827e-06
9.22788e-05
-8.59551e-06
9.00642e-05
-7.26647e-06
8.4863e-05
-5.26459e-06
7.5432e-05
-2.92826e-06
6.071e-05
-9.11635e-07
4.02391e-05
1.46571e-05
7.84586e-07
1.38725e-05
2.59046e-06
3.84332e-05
4.76763e-06
5.85328e-05
6.73122e-06
7.34684e-05
8.13497e-06
8.34593e-05
8.87806e-06
8.93211e-05
9.03106e-06
9.21258e-05
8.74354e-06
9.29034e-05
8.17478e-06
9.2483e-05
7.45744e-06
9.14534e-05
6.68662e-06
9.01911e-05
5.92269e-06
8.89144e-05
5.19943e-06
8.77355e-05
4.53238e-06
8.67017e-05
3.92571e-06
8.58235e-05
3.37714e-06
8.50929e-05
2.88106e-06
8.44941e-05
2.43052e-06
8.40088e-05
2.01831e-06
8.36199e-05
1.63752e-06
8.33123e-05
1.28177e-06
8.30733e-05
9.4524e-07
8.28932e-05
6.22642e-07
8.27643e-05
3.09094e-07
8.26813e-05
-2.21364e-17
8.26406e-05
-3.09094e-07
8.26406e-05
-6.22642e-07
8.26813e-05
-9.4524e-07
8.27643e-05
-1.28177e-06
8.28932e-05
-1.63752e-06
8.30733e-05
-2.01831e-06
8.33123e-05
-2.43052e-06
8.36199e-05
-2.88106e-06
8.40088e-05
-3.37714e-06
8.44941e-05
-3.92571e-06
8.50929e-05
-4.53238e-06
8.58235e-05
-5.19943e-06
8.67017e-05
-5.92269e-06
8.77355e-05
-6.68662e-06
8.89144e-05
-7.45744e-06
9.01911e-05
-8.17478e-06
9.14534e-05
-8.74354e-06
9.2483e-05
-9.03106e-06
9.29034e-05
-8.87806e-06
9.21258e-05
-8.13497e-06
8.93211e-05
-6.73122e-06
8.34593e-05
-4.76763e-06
7.34684e-05
-2.59046e-06
5.85328e-05
-7.84586e-07
3.84332e-05
1.38725e-05
6.82187e-07
1.31903e-05
2.30441e-06
3.6811e-05
4.32728e-06
5.651e-05
6.23294e-06
7.15628e-05
7.68024e-06
8.2012e-05
8.53497e-06
8.84664e-05
8.82518e-06
9.18356e-05
8.66751e-06
9.3061e-05
8.20346e-06
9.29471e-05
7.56049e-06
9.20964e-05
6.83603e-06
9.09156e-05
6.09607e-06
8.96544e-05
5.38045e-06
8.84511e-05
4.71e-06
8.73721e-05
4.09297e-06
8.64405e-05
3.52996e-06
8.56559e-05
3.01728e-06
8.50068e-05
2.54921e-06
8.44769e-05
2.11924e-06
8.40499e-05
1.72086e-06
8.37107e-05
1.34784e-06
8.34464e-05
9.944e-07
8.32466e-05
6.55217e-07
8.31035e-05
3.25321e-07
8.30112e-05
-2.85424e-17
8.2966e-05
-3.25321e-07
8.2966e-05
-6.55217e-07
8.30112e-05
-9.944e-07
8.31035e-05
-1.34784e-06
8.32466e-05
-1.72086e-06
8.34464e-05
-2.11924e-06
8.37107e-05
-2.54921e-06
8.40499e-05
-3.01728e-06
8.44769e-05
-3.52996e-06
8.50068e-05
-4.09297e-06
8.56559e-05
-4.71e-06
8.64405e-05
-5.38045e-06
8.73721e-05
-6.09607e-06
8.84511e-05
-6.83603e-06
8.96544e-05
-7.56049e-06
9.09156e-05
-8.20346e-06
9.20964e-05
-8.66751e-06
9.29471e-05
-8.82518e-06
9.3061e-05
-8.53497e-06
9.18356e-05
-7.68024e-06
8.84664e-05
-6.23294e-06
8.2012e-05
-4.32728e-06
7.15628e-05
-2.30441e-06
5.651e-05
-6.82187e-07
3.6811e-05
1.31903e-05
5.98723e-07
1.25916e-05
2.06104e-06
3.53486e-05
3.93761e-06
5.46334e-05
5.7727e-06
6.97277e-05
7.23869e-06
8.0546e-05
8.17945e-06
8.75256e-05
8.58805e-06
9.1427e-05
8.55042e-06
9.30987e-05
8.18888e-06
9.33086e-05
7.62303e-06
9.26622e-05
6.95016e-06
9.15884e-05
6.24007e-06
9.03645e-05
5.53771e-06
8.91535e-05
4.86873e-06
8.80411e-05
4.24535e-06
8.70639e-05
3.6711e-06
8.62302e-05
3.14437e-06
8.55335e-05
2.66076e-06
8.49605e-05
2.21463e-06
8.4496e-05
1.79994e-06
8.41253e-05
1.41071e-06
8.38356e-05
1.04129e-06
8.36161e-05
6.86331e-07
8.34585e-05
3.40831e-07
8.33567e-05
-3.42816e-17
8.33068e-05
-3.40831e-07
8.33068e-05
-6.86331e-07
8.33567e-05
-1.04129e-06
8.34585e-05
-1.41071e-06
8.36161e-05
-1.79994e-06
8.38356e-05
-2.21463e-06
8.41253e-05
-2.66076e-06
8.4496e-05
-3.14437e-06
8.49605e-05
-3.6711e-06
8.55335e-05
-4.24535e-06
8.62302e-05
-4.86873e-06
8.70639e-05
-5.53771e-06
8.80411e-05
-6.24007e-06
8.91535e-05
-6.95016e-06
9.03645e-05
-7.62303e-06
9.15884e-05
-8.18888e-06
9.26622e-05
-8.55042e-06
9.33086e-05
-8.58805e-06
9.30987e-05
-8.17945e-06
9.1427e-05
-7.23869e-06
8.75256e-05
-5.7727e-06
8.0546e-05
-3.93761e-06
6.97277e-05
-2.06104e-06
5.46334e-05
-5.98723e-07
3.53486e-05
1.25916e-05
5.29919e-07
1.20617e-05
1.85288e-06
3.40257e-05
3.59274e-06
5.28936e-05
5.34984e-06
6.79706e-05
6.81514e-06
7.90807e-05
7.81962e-06
8.65211e-05
8.32849e-06
9.09181e-05
8.39994e-06
9.30272e-05
8.13681e-06
9.35717e-05
7.64893e-06
9.31501e-05
7.03133e-06
9.2206e-05
6.35596e-06
9.10398e-05
5.67178e-06
8.98377e-05
5.00875e-06
8.87041e-05
4.38281e-06
8.76898e-05
3.80044e-06
8.68126e-05
3.26214e-06
8.60718e-05
2.765e-06
8.54577e-05
2.30432e-06
8.49567e-05
1.87463e-06
8.4555e-05
1.4703e-06
8.42399e-05
1.08582e-06
8.40005e-05
7.15933e-07
8.38284e-05
3.55602e-07
8.3717e-05
-4.22455e-17
8.36624e-05
-3.55602e-07
8.36624e-05
-7.15933e-07
8.3717e-05
-1.08582e-06
8.38284e-05
-1.4703e-06
8.40005e-05
-1.87463e-06
8.42399e-05
-2.30432e-06
8.4555e-05
-2.765e-06
8.49567e-05
-3.26214e-06
8.54577e-05
-3.80044e-06
8.60718e-05
-4.38281e-06
8.68126e-05
-5.00875e-06
8.76898e-05
-5.67178e-06
8.87041e-05
-6.35596e-06
8.98377e-05
-7.03133e-06
9.10398e-05
-7.64893e-06
9.2206e-05
-8.13681e-06
9.31501e-05
-8.39994e-06
9.35717e-05
-8.32849e-06
9.30272e-05
-7.81962e-06
9.09181e-05
-6.81514e-06
8.65211e-05
-5.34984e-06
7.90807e-05
-3.59274e-06
6.79706e-05
-1.85288e-06
5.28936e-05
-5.29919e-07
3.40257e-05
1.20617e-05
4.7257e-07
1.15891e-05
1.67383e-06
3.28244e-05
3.28718e-06
5.12802e-05
4.9627e-06
6.62951e-05
6.41251e-06
7.76309e-05
7.46167e-06
8.5472e-05
8.05386e-06
9.03259e-05
8.22293e-06
9.28581e-05
8.05273e-06
9.37419e-05
7.6421e-06
9.35607e-05
7.08206e-06
9.27661e-05
6.44521e-06
9.16767e-05
5.78344e-06
9.04995e-05
5.13038e-06
8.93572e-05
4.50543e-06
8.83148e-05
3.91791e-06
8.74001e-05
3.3705e-06
8.66192e-05
2.86181e-06
8.59663e-05
2.38819e-06
8.54303e-05
1.94483e-06
8.49984e-05
1.52652e-06
8.46582e-05
1.12795e-06
8.43991e-05
7.43984e-07
8.42123e-05
3.69613e-07
8.40914e-05
-4.92428e-17
8.4032e-05
-3.69613e-07
8.4032e-05
-7.43984e-07
8.40914e-05
-1.12795e-06
8.42123e-05
-1.52652e-06
8.43991e-05
-1.94483e-06
8.46582e-05
-2.38819e-06
8.49984e-05
-2.86181e-06
8.54303e-05
-3.3705e-06
8.59663e-05
-3.91791e-06
8.66192e-05
-4.50543e-06
8.74001e-05
-5.13038e-06
8.83148e-05
-5.78344e-06
8.93572e-05
-6.44521e-06
9.04995e-05
-7.08206e-06
9.16767e-05
-7.6421e-06
9.27661e-05
-8.05273e-06
9.35607e-05
-8.22293e-06
9.37419e-05
-8.05386e-06
9.28581e-05
-7.46167e-06
9.03259e-05
-6.41251e-06
8.5472e-05
-4.9627e-06
7.76309e-05
-3.28718e-06
6.62951e-05
-1.67383e-06
5.12802e-05
-4.7257e-07
3.28244e-05
1.15891e-05
4.24264e-07
1.11649e-05
1.51893e-06
3.17298e-05
3.01597e-06
4.97832e-05
4.60902e-06
6.4702e-05
6.03233e-06
7.62076e-05
7.11019e-06
8.43941e-05
7.77023e-06
8.96659e-05
8.02544e-06
9.26029e-05
7.94175e-06
9.38256e-05
7.60635e-06
9.38961e-05
7.10496e-06
9.32675e-05
6.50944e-06
9.22722e-05
5.87362e-06
9.11353e-05
5.23411e-06
8.99967e-05
4.61342e-06
8.89354e-05
4.02359e-06
8.79899e-05
3.46942e-06
8.71734e-05
2.95113e-06
8.64846e-05
2.46617e-06
8.59153e-05
2.01048e-06
8.54541e-05
1.5793e-06
8.50894e-05
1.16763e-06
8.48108e-05
7.70454e-07
8.46095e-05
3.82849e-07
8.4479e-05
-5.93084e-17
8.44148e-05
-3.82849e-07
8.44148e-05
-7.70454e-07
8.4479e-05
-1.16763e-06
8.46095e-05
-1.5793e-06
8.48108e-05
-2.01048e-06
8.50894e-05
-2.46617e-06
8.54541e-05
-2.95113e-06
8.59153e-05
-3.46942e-06
8.64846e-05
-4.02359e-06
8.71734e-05
-4.61342e-06
8.79899e-05
-5.23411e-06
8.89354e-05
-5.87362e-06
8.99967e-05
-6.50944e-06
9.11353e-05
-7.10496e-06
9.22722e-05
-7.60635e-06
9.32675e-05
-7.94175e-06
9.38961e-05
-8.02544e-06
9.38256e-05
-7.77023e-06
9.26029e-05
-7.11019e-06
8.96659e-05
-6.03233e-06
8.43941e-05
-4.60902e-06
7.62076e-05
-3.01597e-06
6.4702e-05
-1.51893e-06
4.97832e-05
-4.24264e-07
3.17298e-05
1.11649e-05
3.83173e-07
1.07817e-05
1.38417e-06
3.07288e-05
2.77469e-06
4.83926e-05
4.28627e-06
6.31904e-05
5.67514e-06
7.48187e-05
6.76847e-06
8.33008e-05
7.4825e-06
8.89519e-05
7.81272e-06
9.22727e-05
7.80853e-06
9.38298e-05
7.54538e-06
9.41593e-05
7.10268e-06
9.37102e-05
6.55042e-06
9.28245e-05
5.9434e-06
9.17423e-05
5.32055e-06
9.06195e-05
4.7071e-06
8.95489e-05
4.11759e-06
8.85794e-05
3.55893e-06
8.7732e-05
3.03295e-06
8.70106e-05
2.53823e-06
8.641e-05
2.07154e-06
8.59208e-05
1.62863e-06
8.55323e-05
1.20483e-06
8.52346e-05
7.95321e-07
8.5019e-05
3.95299e-07
8.4879e-05
-6.80879e-17
8.48101e-05
-3.95299e-07
8.48101e-05
-7.95321e-07
8.4879e-05
-1.20483e-06
8.5019e-05
-1.62863e-06
8.52346e-05
-2.07154e-06
8.55323e-05
-2.53823e-06
8.59208e-05
-3.03295e-06
8.641e-05
-3.55893e-06
8.70106e-05
-4.11759e-06
8.7732e-05
-4.7071e-06
8.85794e-05
-5.32055e-06
8.95489e-05
-5.9434e-06
9.06195e-05
-6.55042e-06
9.17423e-05
-7.10268e-06
9.28245e-05
-7.54538e-06
9.37102e-05
-7.80853e-06
9.41593e-05
-7.81272e-06
9.38298e-05
-7.4825e-06
9.22727e-05
-6.76847e-06
8.89519e-05
-5.67514e-06
8.33008e-05
-4.28627e-06
7.48187e-05
-2.77469e-06
6.31904e-05
-1.38417e-06
4.83926e-05
-3.83173e-07
3.07288e-05
1.07817e-05
3.47902e-07
1.04338e-05
1.26627e-06
2.98104e-05
2.5595e-06
4.70994e-05
3.99187e-06
6.17581e-05
5.34077e-06
7.34698e-05
6.43881e-06
8.22027e-05
7.1946e-06
8.81961e-05
7.58926e-06
9.1878e-05
7.65732e-06
9.37618e-05
7.46267e-06
9.43539e-05
7.07783e-06
9.4095e-05
6.56997e-06
9.33323e-05
5.99396e-06
9.23183e-05
5.39042e-06
9.12231e-05
4.78686e-06
9.01525e-05
4.20013e-06
8.91662e-05
3.63914e-06
8.8293e-05
3.10729e-06
8.75425e-05
2.60437e-06
8.69129e-05
2.12798e-06
8.63972e-05
1.67447e-06
8.59858e-05
1.23952e-06
8.56695e-05
8.18575e-07
8.544e-05
4.06958e-07
8.52906e-05
-8.09418e-17
8.52171e-05
-4.06958e-07
8.52171e-05
-8.18575e-07
8.52906e-05
-1.23952e-06
8.544e-05
-1.67447e-06
8.56695e-05
-2.12798e-06
8.59858e-05
-2.60437e-06
8.63972e-05
-3.10729e-06
8.69129e-05
-3.63914e-06
8.75425e-05
-4.20013e-06
8.8293e-05
-4.78686e-06
8.91662e-05
-5.39042e-06
9.01525e-05
-5.99396e-06
9.12231e-05
-6.56997e-06
9.23183e-05
-7.07783e-06
9.33323e-05
-7.46267e-06
9.4095e-05
-7.65732e-06
9.43539e-05
-7.58926e-06
9.37618e-05
-7.1946e-06
9.1878e-05
-6.43881e-06
8.81961e-05
-5.34077e-06
8.22027e-05
-3.99187e-06
7.34698e-05
-2.5595e-06
6.17581e-05
-1.26627e-06
4.70994e-05
-3.47902e-07
2.98104e-05
1.04338e-05
3.17379e-07
1.01164e-05
1.1626e-06
2.89652e-05
2.36705e-06
4.5895e-05
3.7233e-06
6.04018e-05
5.02861e-06
7.21645e-05
6.1227e-06
8.11087e-05
6.90958e-06
8.74092e-05
7.35886e-06
9.14288e-05
7.49188e-06
9.36287e-05
7.3615e-06
9.44843e-05
7.03295e-06
9.44235e-05
6.56991e-06
9.37954e-05
6.02654e-06
9.28617e-05
5.44451e-06
9.18051e-05
4.8532e-06
9.07438e-05
4.2715e-06
8.97479e-05
3.71019e-06
8.88543e-05
3.17423e-06
8.80784e-05
2.66462e-06
8.74225e-05
2.17983e-06
8.6882e-05
1.71682e-06
8.64488e-05
1.27172e-06
8.61146e-05
8.40211e-07
8.58715e-05
4.17822e-07
8.5713e-05
-9.21677e-17
8.56349e-05
-4.17822e-07
8.56349e-05
-8.40211e-07
8.5713e-05
-1.27172e-06
8.58715e-05
-1.71682e-06
8.61146e-05
-2.17983e-06
8.64488e-05
-2.66462e-06
8.6882e-05
-3.17423e-06
8.74225e-05
-3.71019e-06
8.80784e-05
-4.2715e-06
8.88543e-05
-4.8532e-06
8.97479e-05
-5.44451e-06
9.07438e-05
-6.02654e-06
9.18051e-05
-6.56991e-06
9.28617e-05
-7.03295e-06
9.37954e-05
-7.3615e-06
9.44235e-05
-7.49188e-06
9.44843e-05
-7.35886e-06
9.36287e-05
-6.90958e-06
9.14288e-05
-6.1227e-06
8.74092e-05
-5.02861e-06
8.11087e-05
-3.7233e-06
7.21645e-05
-2.36705e-06
6.04018e-05
-1.1626e-06
4.5895e-05
-3.17379e-07
2.89652e-05
1.01164e-05
2.90768e-07
9.82565e-06
1.07099e-06
2.81849e-05
2.19447e-06
4.47715e-05
3.47816e-06
5.91181e-05
4.73774e-06
7.09049e-05
5.82102e-06
8.00254e-05
6.62982e-06
8.66004e-05
7.1247e-06
9.09339e-05
7.31554e-06
9.34379e-05
7.24486e-06
9.4555e-05
6.97051e-06
9.46979e-05
6.5521e-06
9.42138e-05
6.04245e-06
9.33713e-05
5.48371e-06
9.23638e-05
4.90667e-06
9.13208e-05
4.33203e-06
9.03225e-05
3.77229e-06
8.94141e-05
3.2339e-06
8.86168e-05
2.71905e-06
8.79374e-05
2.22712e-06
8.73739e-05
1.75571e-06
8.69202e-05
1.30141e-06
8.65689e-05
8.60232e-07
8.63126e-05
4.27894e-07
8.61454e-05
-1.08463e-16
8.60628e-05
-4.27894e-07
8.60628e-05
-8.60232e-07
8.61454e-05
-1.30141e-06
8.63126e-05
-1.75571e-06
8.65689e-05
-2.22712e-06
8.69202e-05
-2.71905e-06
8.73739e-05
-3.2339e-06
8.79374e-05
-3.77229e-06
8.86168e-05
-4.33203e-06
8.94141e-05
-4.90667e-06
9.03225e-05
-5.48371e-06
9.13208e-05
-6.04245e-06
9.23638e-05
-6.5521e-06
9.33713e-05
-6.97051e-06
9.42138e-05
-7.24486e-06
9.46979e-05
-7.31554e-06
9.4555e-05
-7.1247e-06
9.34379e-05
-6.62982e-06
9.09339e-05
-5.82102e-06
8.66004e-05
-4.73774e-06
8.00254e-05
-3.47816e-06
7.09049e-05
-2.19447e-06
5.91181e-05
-1.07099e-06
4.47715e-05
-2.90768e-07
2.81849e-05
9.82565e-06
2.67416e-07
9.55823e-06
9.8968e-07
2.74627e-05
2.03929e-06
4.37219e-05
3.25426e-06
5.79031e-05
4.46709e-06
6.96921e-05
5.53421e-06
7.89583e-05
6.35711e-06
8.57775e-05
6.88943e-06
9.04016e-05
7.13123e-06
9.31961e-05
7.1155e-06
9.45707e-05
6.89281e-06
9.49206e-05
6.51833e-06
9.45883e-05
6.043e-06
9.38467e-05
5.50891e-06
9.28979e-05
4.94789e-06
9.18818e-05
4.38212e-06
9.08883e-05
3.82568e-06
8.99705e-05
3.28643e-06
8.91561e-05
2.76774e-06
8.84561e-05
2.26989e-06
8.78717e-05
1.79117e-06
8.7399e-05
1.32864e-06
8.70315e-05
8.78652e-07
8.67626e-05
4.37178e-07
8.65868e-05
-1.2259e-16
8.65e-05
-4.37178e-07
8.65e-05
-8.78652e-07
8.65868e-05
-1.32864e-06
8.67626e-05
-1.79117e-06
8.70315e-05
-2.26989e-06
8.7399e-05
-2.76774e-06
8.78717e-05
-3.28643e-06
8.84561e-05
-3.82568e-06
8.91561e-05
-4.38212e-06
8.99705e-05
-4.94789e-06
9.08883e-05
-5.50891e-06
9.18818e-05
-6.043e-06
9.28979e-05
-6.51833e-06
9.38467e-05
-6.89281e-06
9.45883e-05
-7.1155e-06
9.49206e-05
-7.13123e-06
9.45707e-05
-6.88943e-06
9.31961e-05
-6.35711e-06
9.04016e-05
-5.53421e-06
8.57775e-05
-4.46709e-06
7.89583e-05
-3.25426e-06
6.96921e-05
-2.03929e-06
5.79031e-05
-9.8968e-07
4.37219e-05
-2.67416e-07
2.74627e-05
9.55823e-06
2.46805e-07
9.31143e-06
9.17208e-07
2.67923e-05
1.8994e-06
4.27397e-05
3.04956e-06
5.6753e-05
4.21549e-06
6.85262e-05
5.26237e-06
7.79114e-05
6.09275e-06
8.49471e-05
6.6552e-06
8.98391e-05
6.94147e-06
9.29098e-05
6.97591e-06
9.45363e-05
6.80203e-06
9.50945e-05
6.47035e-06
9.49199e-05
6.02951e-06
9.42875e-05
5.52106e-06
9.34064e-05
4.9775e-06
9.24254e-05
4.4222e-06
9.14436e-05
3.87064e-06
9.05221e-05
3.33202e-06
8.96947e-05
2.81082e-06
8.89773e-05
2.30824e-06
8.83743e-05
1.82324e-06
8.7884e-05
1.35342e-06
8.75013e-05
8.95486e-07
8.72206e-05
4.45684e-07
8.70366e-05
-1.42768e-16
8.69457e-05
-4.45684e-07
8.69457e-05
-8.95486e-07
8.70366e-05
-1.35342e-06
8.72206e-05
-1.82324e-06
8.75013e-05
-2.30824e-06
8.7884e-05
-2.81082e-06
8.83743e-05
-3.33202e-06
8.89773e-05
-3.87064e-06
8.96947e-05
-4.4222e-06
9.05221e-05
-4.9775e-06
9.14436e-05
-5.52106e-06
9.24254e-05
-6.02951e-06
9.34064e-05
-6.47035e-06
9.42875e-05
-6.80203e-06
9.49199e-05
-6.97591e-06
9.50945e-05
-6.94147e-06
9.45363e-05
-6.6552e-06
9.29098e-05
-6.09275e-06
8.98391e-05
-5.26237e-06
8.49471e-05
-4.21549e-06
7.79114e-05
-3.04956e-06
6.85262e-05
-1.8994e-06
5.6753e-05
-9.17208e-07
4.27397e-05
-2.46805e-07
2.67923e-05
9.31143e-06
2.28523e-07
9.0829e-06
8.52382e-07
2.61684e-05
1.77301e-06
4.18191e-05
2.86224e-06
5.56637e-05
3.98176e-06
6.74066e-05
5.00535e-06
7.68878e-05
5.83767e-06
8.41148e-05
6.42375e-06
8.9253e-05
6.74843e-06
9.25851e-05
6.82831e-06
9.44564e-05
6.70018e-06
9.52226e-05
6.40984e-06
9.52103e-05
6.00327e-06
9.46941e-05
5.52113e-06
9.38885e-05
4.99618e-06
9.29503e-05
4.45274e-06
9.1987e-05
3.9075e-06
9.10673e-05
3.37088e-06
9.02313e-05
2.84843e-06
8.94997e-05
2.34224e-06
8.88805e-05
1.852e-06
8.83742e-05
1.3758e-06
8.79775e-05
9.10762e-07
8.76856e-05
4.53422e-07
8.7494e-05
-1.60059e-16
8.73991e-05
-4.53422e-07
8.73991e-05
-9.10762e-07
8.7494e-05
-1.3758e-06
8.76856e-05
-1.852e-06
8.79775e-05
-2.34224e-06
8.83742e-05
-2.84843e-06
8.88805e-05
-3.37088e-06
8.94997e-05
-3.9075e-06
9.02313e-05
-4.45274e-06
9.10673e-05
-4.99618e-06
9.1987e-05
-5.52113e-06
9.29503e-05
-6.00327e-06
9.38885e-05
-6.40984e-06
9.46941e-05
-6.70018e-06
9.52103e-05
-6.82831e-06
9.52226e-05
-6.74843e-06
9.44564e-05
-6.42375e-06
9.25851e-05
-5.83767e-06
8.9253e-05
-5.00535e-06
8.41148e-05
-3.98176e-06
7.68878e-05
-2.86224e-06
6.74066e-05
-1.77301e-06
5.56637e-05
-8.52382e-07
4.18191e-05
-2.28523e-07
2.61684e-05
9.0829e-06
2.12236e-07
8.87067e-06
7.94211e-07
2.55864e-05
1.65856e-06
4.09547e-05
2.6907e-06
5.46316e-05
3.76473e-06
6.63326e-05
4.76285e-06
7.58897e-05
5.59253e-06
8.32851e-05
6.1965e-06
8.86491e-05
6.55397e-06
9.22277e-05
6.67467e-06
9.43357e-05
6.58913e-06
9.53081e-05
6.33839e-06
9.5461e-05
5.96556e-06
9.50669e-05
5.51008e-06
9.4344e-05
5.00463e-06
9.34558e-05
4.47423e-06
9.25174e-05
3.9366e-06
9.16049e-05
3.40324e-06
9.07647e-05
2.88073e-06
9.00222e-05
2.37202e-06
8.93892e-05
1.87751e-06
8.88687e-05
1.39583e-06
8.84592e-05
9.24508e-07
8.81569e-05
4.60407e-07
8.79581e-05
-1.84194e-16
8.78595e-05
-4.60407e-07
8.78595e-05
-9.24508e-07
8.79581e-05
-1.39583e-06
8.81569e-05
-1.87751e-06
8.84592e-05
-2.37202e-06
8.88687e-05
-2.88073e-06
8.93892e-05
-3.40324e-06
9.00222e-05
-3.9366e-06
9.07647e-05
-4.47423e-06
9.16049e-05
-5.00463e-06
9.25174e-05
-5.51008e-06
9.34558e-05
-5.96556e-06
9.4344e-05
-6.33839e-06
9.50669e-05
-6.58913e-06
9.5461e-05
-6.67467e-06
9.53081e-05
-6.55397e-06
9.43357e-05
-6.1965e-06
9.22277e-05
-5.59253e-06
8.86491e-05
-4.76285e-06
8.32851e-05
-3.76473e-06
7.58897e-05
-2.6907e-06
6.63326e-05
-1.65856e-06
5.46316e-05
-7.94211e-07
4.09547e-05
-2.12236e-07
2.55864e-05
8.87067e-06
1.97677e-07
8.67299e-06
7.41875e-07
2.50422e-05
1.55476e-06
4.01418e-05
2.53347e-06
5.36529e-05
3.56331e-06
6.53028e-05
4.53445e-06
7.49185e-05
5.3577e-06
8.24619e-05
5.97454e-06
8.80322e-05
6.35964e-06
9.18426e-05
6.51675e-06
9.41786e-05
6.47055e-06
9.53543e-05
6.25748e-06
9.56741e-05
5.9176e-06
9.54068e-05
5.48884e-06
9.47728e-05
5.00356e-06
9.39411e-05
4.4872e-06
9.30338e-05
3.95831e-06
9.21338e-05
3.42936e-06
9.12936e-05
2.90789e-06
9.05437e-05
2.3977e-06
8.98994e-05
1.89986e-06
8.93666e-05
1.41356e-06
8.89455e-05
9.3676e-07
8.86337e-05
4.66657e-07
8.84282e-05
-2.04331e-16
8.83262e-05
-4.66657e-07
8.83262e-05
-9.3676e-07
8.84282e-05
-1.41356e-06
8.86337e-05
-1.89986e-06
8.89455e-05
-2.3977e-06
8.93666e-05
-2.90789e-06
8.98994e-05
-3.42936e-06
9.05437e-05
-3.95831e-06
9.12936e-05
-4.4872e-06
9.21338e-05
-5.00356e-06
9.30338e-05
-5.48884e-06
9.39411e-05
-5.9176e-06
9.47728e-05
-6.25748e-06
9.54068e-05
-6.47055e-06
9.56741e-05
-6.51675e-06
9.53543e-05
-6.35964e-06
9.41786e-05
-5.97454e-06
9.18426e-05
-5.3577e-06
8.80322e-05
-4.53445e-06
8.24619e-05
-3.56331e-06
7.49185e-05
-2.53347e-06
6.53028e-05
-1.55476e-06
5.36529e-05
-7.41875e-07
4.01418e-05
-1.97677e-07
2.50422e-05
8.67299e-06
1.84628e-07
8.48836e-06
6.94695e-07
2.45322e-05
1.46048e-06
3.9376e-05
2.38929e-06
5.27241e-05
3.37644e-06
6.43156e-05
4.31966e-06
7.39753e-05
5.13341e-06
8.16481e-05
5.75875e-06
8.74069e-05
6.16678e-06
9.14345e-05
6.35608e-06
9.39893e-05
6.346e-06
9.53644e-05
6.1685e-06
9.58516e-05
5.86056e-06
9.57147e-05
5.45837e-06
9.5175e-05
4.99369e-06
9.44057e-05
4.49217e-06
9.35353e-05
3.973e-06
9.2653e-05
3.44951e-06
9.18171e-05
2.93012e-06
9.10631e-05
2.41942e-06
9.04101e-05
1.91915e-06
8.98668e-05
1.42906e-06
8.94356e-05
9.47561e-07
8.91152e-05
4.72191e-07
8.89036e-05
-2.31798e-16
8.87984e-05
-4.72191e-07
8.87984e-05
-9.47561e-07
8.89036e-05
-1.42906e-06
8.91152e-05
-1.91915e-06
8.94356e-05
-2.41942e-06
8.98668e-05
-2.93012e-06
9.04101e-05
-3.44951e-06
9.10631e-05
-3.973e-06
9.18171e-05
-4.49217e-06
9.2653e-05
-4.99369e-06
9.35353e-05
-5.45837e-06
9.44057e-05
-5.86056e-06
9.5175e-05
-6.1685e-06
9.57147e-05
-6.346e-06
9.58516e-05
-6.35608e-06
9.53644e-05
-6.16678e-06
9.39893e-05
-5.75875e-06
9.14345e-05
-5.13341e-06
8.74069e-05
-4.31966e-06
8.16481e-05
-3.37644e-06
7.39753e-05
-2.38929e-06
6.43156e-05
-1.46048e-06
5.27241e-05
-6.94695e-07
3.9376e-05
-1.84628e-07
2.45322e-05
8.48836e-06
1.72915e-07
8.31545e-06
6.5211e-07
2.4053e-05
1.37478e-06
3.86534e-05
2.25706e-06
5.18418e-05
3.20318e-06
6.33695e-05
4.11797e-06
7.30605e-05
4.91974e-06
8.08463e-05
5.54978e-06
8.67769e-05
5.97648e-06
9.10078e-05
6.194e-06
9.37718e-05
6.21685e-06
9.53416e-05
6.07276e-06
9.59957e-05
5.79556e-06
9.59919e-05
5.41956e-06
9.55509e-05
4.97572e-06
9.48496e-05
4.48967e-06
9.40214e-05
3.98107e-06
9.31616e-05
3.46399e-06
9.23342e-05
2.94763e-06
9.15794e-05
2.43733e-06
9.09204e-05
1.93549e-06
9.03687e-05
1.44241e-06
8.99286e-05
9.56954e-07
8.96007e-05
4.7703e-07
8.93835e-05
-2.53738e-16
8.92754e-05
-4.7703e-07
8.92754e-05
-9.56954e-07
8.93835e-05
-1.44241e-06
8.96007e-05
-1.93549e-06
8.99286e-05
-2.43733e-06
9.03687e-05
-2.94763e-06
9.09204e-05
-3.46399e-06
9.15794e-05
-3.98107e-06
9.23342e-05
-4.48967e-06
9.31616e-05
-4.97572e-06
9.40214e-05
-5.41956e-06
9.48496e-05
-5.79556e-06
9.55509e-05
-6.07276e-06
9.59919e-05
-6.21685e-06
9.59957e-05
-6.194e-06
9.53416e-05
-5.97648e-06
9.37718e-05
-5.54978e-06
9.10078e-05
-4.91974e-06
8.67769e-05
-4.11797e-06
8.08463e-05
-3.20318e-06
7.30605e-05
-2.25706e-06
6.33695e-05
-1.37478e-06
5.18418e-05
-6.5211e-07
3.86534e-05
-1.72915e-07
2.4053e-05
8.31545e-06
1.62397e-07
8.15305e-06
6.13664e-07
2.36017e-05
1.29687e-06
3.79702e-05
2.13581e-06
5.10029e-05
3.04266e-06
6.24627e-05
3.92887e-06
7.21743e-05
4.71667e-06
8.00585e-05
5.34812e-06
8.61454e-05
5.78965e-06
9.05663e-05
6.03166e-06
9.35298e-05
6.08435e-06
9.52889e-05
5.97142e-06
9.61086e-05
5.72364e-06
9.62397e-05
5.37329e-06
9.59013e-05
4.95035e-06
9.52725e-05
4.48023e-06
9.44915e-05
3.98293e-06
9.36589e-05
3.47309e-06
9.2844e-05
2.96063e-06
9.20919e-05
2.45158e-06
9.14295e-05
1.94898e-06
9.08713e-05
1.45368e-06
9.04239e-05
9.6499e-07
9.00894e-05
4.81199e-07
8.98673e-05
-2.82899e-16
8.97566e-05
-4.81199e-07
8.97566e-05
-9.6499e-07
8.98673e-05
-1.45368e-06
9.00894e-05
-1.94898e-06
9.04239e-05
-2.45158e-06
9.08713e-05
-2.96063e-06
9.14295e-05
-3.47309e-06
9.20919e-05
-3.98293e-06
9.2844e-05
-4.48023e-06
9.36589e-05
-4.95035e-06
9.44915e-05
-5.37329e-06
9.52725e-05
-5.72364e-06
9.59013e-05
-5.97142e-06
9.62397e-05
-6.08435e-06
9.61086e-05
-6.03166e-06
9.52889e-05
-5.78965e-06
9.35298e-05
-5.34812e-06
9.05663e-05
-4.71667e-06
8.61454e-05
-3.92887e-06
8.00585e-05
-3.04266e-06
7.21743e-05
-2.13581e-06
6.24627e-05
-1.29687e-06
5.10029e-05
-6.13664e-07
3.79702e-05
-1.62397e-07
2.36017e-05
8.15305e-06
1.52967e-07
8.00009e-06
5.7899e-07
2.31757e-05
1.22611e-06
3.7323e-05
2.02472e-06
5.02043e-05
2.8941e-06
6.15933e-05
3.75184e-06
7.13166e-05
4.52411e-06
7.92863e-05
5.15415e-06
8.55154e-05
5.60703e-06
9.01134e-05
5.87007e-06
9.32667e-05
5.94959e-06
9.52093e-05
5.86559e-06
9.61926e-05
5.64577e-06
9.64595e-05
5.32038e-06
9.62267e-05
4.91824e-06
9.56747e-05
4.46439e-06
9.49453e-05
3.97898e-06
9.41443e-05
3.47712e-06
9.33459e-05
2.96935e-06
9.25997e-05
2.46235e-06
9.19365e-05
1.95976e-06
9.13739e-05
1.46296e-06
9.09207e-05
9.71722e-07
9.05806e-05
4.84724e-07
9.03543e-05
-3.04884e-16
9.02413e-05
-4.84724e-07
9.02413e-05
-9.71722e-07
9.03543e-05
-1.46296e-06
9.05806e-05
-1.95976e-06
9.09207e-05
-2.46235e-06
9.13739e-05
-2.96935e-06
9.19365e-05
-3.47712e-06
9.25997e-05
-3.97898e-06
9.33459e-05
-4.46439e-06
9.41443e-05
-4.91824e-06
9.49453e-05
-5.32038e-06
9.56747e-05
-5.64577e-06
9.62267e-05
-5.86559e-06
9.64595e-05
-5.94959e-06
9.61926e-05
-5.87007e-06
9.52093e-05
-5.60703e-06
9.32667e-05
-5.15415e-06
9.01134e-05
-4.52411e-06
8.55154e-05
-3.75184e-06
7.92863e-05
-2.8941e-06
7.13166e-05
-2.02472e-06
6.15933e-05
-1.22611e-06
5.02043e-05
-5.7899e-07
3.7323e-05
-1.52967e-07
2.31757e-05
8.00009e-06
1.44547e-07
7.85554e-06
5.47809e-07
2.27724e-05
1.16198e-06
3.67089e-05
1.92312e-06
4.94431e-05
2.75684e-06
6.07595e-05
3.58642e-06
7.0487e-05
4.34192e-06
7.85308e-05
4.96811e-06
8.48892e-05
5.42924e-06
8.96523e-05
5.71007e-06
9.29859e-05
5.81356e-06
9.51059e-05
5.75623e-06
9.62499e-05
5.56288e-06
9.66529e-05
5.26164e-06
9.65279e-05
4.88007e-06
9.60562e-05
4.44267e-06
9.53827e-05
3.96963e-06
9.46173e-05
3.47639e-06
9.38391e-05
2.97403e-06
9.3102e-05
2.46981e-06
9.24407e-05
1.96795e-06
9.18757e-05
1.47034e-06
9.14183e-05
9.77209e-07
9.10737e-05
4.87633e-07
9.08438e-05
-3.33165e-16
9.07289e-05
-4.87633e-07
9.07289e-05
-9.77209e-07
9.08438e-05
-1.47034e-06
9.10737e-05
-1.96795e-06
9.14183e-05
-2.46981e-06
9.18757e-05
-2.97403e-06
9.24407e-05
-3.47639e-06
9.3102e-05
-3.96963e-06
9.38391e-05
-4.44267e-06
9.46173e-05
-4.88007e-06
9.53827e-05
-5.26164e-06
9.60562e-05
-5.56288e-06
9.65279e-05
-5.75623e-06
9.66529e-05
-5.81356e-06
9.62499e-05
-5.71007e-06
9.51059e-05
-5.42924e-06
9.29859e-05
-4.96811e-06
8.96523e-05
-4.34192e-06
8.48892e-05
-3.58642e-06
7.85308e-05
-2.75684e-06
7.0487e-05
-1.92312e-06
6.07595e-05
-1.16198e-06
4.94431e-05
-5.47809e-07
3.67089e-05
-1.44547e-07
2.27724e-05
7.85554e-06
1.37088e-07
7.71845e-06
5.19921e-07
2.23896e-05
1.10408e-06
3.61247e-05
1.83045e-06
4.87167e-05
2.6303e-06
5.99597e-05
3.43216e-06
6.96851e-05
4.16995e-06
7.7793e-05
4.79018e-06
8.42689e-05
5.25675e-06
8.91857e-05
5.5524e-06
9.26903e-05
5.6771e-06
9.49812e-05
5.64424e-06
9.62828e-05
5.47581e-06
9.68213e-05
5.1978e-06
9.68059e-05
4.83645e-06
9.64176e-05
4.41559e-06
9.58036e-05
3.95529e-06
9.50776e-05
3.47123e-06
9.43232e-05
2.97492e-06
9.35984e-05
2.47415e-06
9.29414e-05
1.97369e-06
9.23762e-05
1.47591e-06
9.19161e-05
9.8151e-07
9.15682e-05
4.89955e-07
9.13354e-05
-3.53091e-16
9.12189e-05
-4.89955e-07
9.12189e-05
-9.8151e-07
9.13354e-05
-1.47591e-06
9.15682e-05
-1.97369e-06
9.19161e-05
-2.47415e-06
9.23762e-05
-2.97492e-06
9.29414e-05
-3.47123e-06
9.35984e-05
-3.95529e-06
9.43232e-05
-4.41559e-06
9.50776e-05
-4.83645e-06
9.58036e-05
-5.1978e-06
9.64176e-05
-5.47581e-06
9.68059e-05
-5.64424e-06
9.68213e-05
-5.6771e-06
9.62828e-05
-5.5524e-06
9.49812e-05
-5.25675e-06
9.26903e-05
-4.79018e-06
8.91857e-05
-4.16995e-06
8.42689e-05
-3.43216e-06
7.7793e-05
-2.6303e-06
6.96851e-05
-1.83045e-06
5.99597e-05
-1.10408e-06
4.87167e-05
-5.19921e-07
3.61247e-05
-1.37088e-07
2.23896e-05
7.71845e-06
1.30575e-07
7.58788e-06
4.95209e-07
2.2025e-05
1.05212e-06
3.55678e-05
1.7463e-06
4.80226e-05
2.51401e-06
5.9192e-05
3.28869e-06
6.89104e-05
4.00802e-06
7.70737e-05
4.62046e-06
8.36565e-05
5.08995e-06
8.87162e-05
5.39765e-06
9.23826e-05
5.54098e-06
9.48378e-05
5.53042e-06
9.62934e-05
5.38532e-06
9.69664e-05
5.12958e-06
9.70617e-05
4.78799e-06
9.67592e-05
4.38365e-06
9.62079e-05
3.93636e-06
9.55249e-05
3.46194e-06
9.47976e-05
2.97225e-06
9.4088e-05
2.47556e-06
9.34381e-05
1.97711e-06
9.28746e-05
1.47978e-06
9.24134e-05
9.84691e-07
9.20632e-05
4.91723e-07
9.18284e-05
-3.76966e-16
9.17106e-05
-4.91723e-07
9.17106e-05
-9.84691e-07
9.18284e-05
-1.47978e-06
9.20632e-05
-1.97711e-06
9.24134e-05
-2.47556e-06
9.28746e-05
-2.97225e-06
9.34381e-05
-3.46194e-06
9.4088e-05
-3.93636e-06
9.47976e-05
-4.38365e-06
9.55249e-05
-4.78799e-06
9.62079e-05
-5.12958e-06
9.67592e-05
-5.38532e-06
9.70617e-05
-5.53042e-06
9.69664e-05
-5.54098e-06
9.62934e-05
-5.39765e-06
9.48378e-05
-5.08995e-06
9.23826e-05
-4.62046e-06
8.87162e-05
-4.00802e-06
8.36565e-05
-3.28869e-06
7.70737e-05
-2.51401e-06
6.89104e-05
-1.7463e-06
5.9192e-05
-1.05212e-06
4.80226e-05
-4.95209e-07
3.55678e-05
-1.30575e-07
2.2025e-05
7.58788e-06
1.25028e-07
7.46285e-06
4.73643e-07
2.16763e-05
1.00596e-06
3.50355e-05
1.67036e-06
4.73582e-05
2.40759e-06
5.84548e-05
3.15567e-06
6.81624e-05
3.85594e-06
7.63734e-05
4.45902e-06
8.30534e-05
4.92915e-06
8.82461e-05
5.24635e-06
9.20654e-05
5.40583e-06
9.46783e-05
5.41548e-06
9.62837e-05
5.29214e-06
9.70897e-05
5.05762e-06
9.72962e-05
4.73528e-06
9.70815e-05
4.34734e-06
9.65959e-05
3.91324e-06
9.5959e-05
3.44886e-06
9.5262e-05
2.9663e-06
9.45706e-05
2.47423e-06
9.39302e-05
1.97837e-06
9.33705e-05
1.48205e-06
9.29097e-05
9.8682e-07
9.25585e-05
4.92969e-07
9.23222e-05
-3.92316e-16
9.22036e-05
-4.92969e-07
9.22036e-05
-9.8682e-07
9.23222e-05
-1.48205e-06
9.25585e-05
-1.97837e-06
9.29097e-05
-2.47423e-06
9.33705e-05
-2.9663e-06
9.39302e-05
-3.44886e-06
9.45706e-05
-3.91324e-06
9.5262e-05
-4.34734e-06
9.5959e-05
-4.73528e-06
9.65959e-05
-5.05762e-06
9.70815e-05
-5.29214e-06
9.72962e-05
-5.41548e-06
9.70897e-05
-5.40583e-06
9.62837e-05
-5.24635e-06
9.46783e-05
-4.92915e-06
9.20654e-05
-4.45902e-06
8.82461e-05
-3.85594e-06
8.30534e-05
-3.15567e-06
7.63734e-05
-2.40759e-06
6.81624e-05
-1.67036e-06
5.84548e-05
-1.00596e-06
4.73582e-05
-4.73643e-07
3.50355e-05
-1.25028e-07
2.16763e-05
7.46285e-06
1.20509e-07
7.34234e-06
4.55288e-07
2.13416e-05
9.6555e-07
3.45252e-05
1.60245e-06
4.67213e-05
2.31076e-06
5.77464e-05
3.03282e-06
6.74403e-05
3.71357e-06
7.56926e-05
4.30586e-06
8.24611e-05
4.77458e-06
8.77774e-05
5.09892e-06
9.1741e-05
5.27224e-06
9.4505e-05
5.30007e-06
9.62559e-05
5.19691e-06
9.71929e-05
4.98255e-06
9.75105e-05
4.67887e-06
9.73852e-05
4.30714e-06
9.69676e-05
3.88635e-06
9.63798e-05
3.4323e-06
9.5716e-05
2.95731e-06
9.50456e-05
2.47038e-06
9.44171e-05
1.97763e-06
9.38632e-05
1.48283e-06
9.34045e-05
9.87969e-07
9.30533e-05
4.9373e-07
9.28165e-05
-4.06724e-16
9.26973e-05
-4.9373e-07
9.26973e-05
-9.87969e-07
9.28165e-05
-1.48283e-06
9.30533e-05
-1.97763e-06
9.34045e-05
-2.47038e-06
9.38632e-05
-2.95731e-06
9.44171e-05
-3.4323e-06
9.50456e-05
-3.88635e-06
9.5716e-05
-4.30714e-06
9.63798e-05
-4.67887e-06
9.69676e-05
-4.98255e-06
9.73852e-05
-5.19691e-06
9.75105e-05
-5.30007e-06
9.71929e-05
-5.27224e-06
9.62559e-05
-5.09892e-06
9.4505e-05
-4.77458e-06
9.1741e-05
-4.30586e-06
8.77774e-05
-3.71357e-06
8.24611e-05
-3.03282e-06
7.56926e-05
-2.31076e-06
6.74403e-05
-1.60245e-06
5.77464e-05
-9.6555e-07
4.67213e-05
-4.55288e-07
3.45252e-05
-1.20509e-07
2.13416e-05
7.34234e-06
1.17135e-07
7.2252e-06
4.40314e-07
2.10184e-05
9.30992e-07
3.40346e-05
1.54252e-06
4.61097e-05
2.22336e-06
5.70656e-05
2.91993e-06
6.67437e-05
3.58075e-06
7.50318e-05
4.16099e-06
8.18809e-05
4.62643e-06
8.73119e-05
4.95573e-06
9.14117e-05
5.1407e-06
9.43201e-05
5.18477e-06
9.62118e-05
5.10024e-06
9.72774e-05
4.90497e-06
9.77058e-05
4.6193e-06
9.76709e-05
4.26351e-06
9.73234e-05
3.85607e-06
9.67873e-05
3.41262e-06
9.61595e-05
2.94556e-06
9.55126e-05
2.46421e-06
9.48985e-05
1.97504e-06
9.43524e-05
1.48225e-06
9.38973e-05
9.88216e-07
9.35474e-05
4.94043e-07
9.33106e-05
-4.12891e-16
9.31914e-05
-4.94043e-07
9.31914e-05
-9.88216e-07
9.33106e-05
-1.48225e-06
9.35474e-05
-1.97504e-06
9.38973e-05
-2.46421e-06
9.43524e-05
-2.94556e-06
9.48985e-05
-3.41262e-06
9.55126e-05
-3.85607e-06
9.61595e-05
-4.26351e-06
9.67873e-05
-4.6193e-06
9.73234e-05
-4.90497e-06
9.76709e-05
-5.10024e-06
9.77058e-05
-5.18477e-06
9.72774e-05
-5.1407e-06
9.62118e-05
-4.95573e-06
9.43201e-05
-4.62643e-06
9.14117e-05
-4.16099e-06
8.73119e-05
-3.58075e-06
8.18809e-05
-2.91993e-06
7.50318e-05
-2.22336e-06
6.67437e-05
-1.54252e-06
5.70656e-05
-9.30992e-07
4.61097e-05
-4.40314e-07
3.40346e-05
-1.17135e-07
2.10184e-05
7.2252e-06
1.15088e-07
7.11012e-06
4.29005e-07
2.07045e-05
9.02497e-07
3.35611e-05
1.49063e-06
4.55216e-05
2.14528e-06
5.6411e-05
2.81685e-06
6.60722e-05
3.45735e-06
7.43913e-05
4.02441e-06
8.13138e-05
4.48486e-06
8.68515e-05
4.8171e-06
9.10795e-05
5.01166e-06
9.41255e-05
5.07012e-06
9.61533e-05
5.00272e-06
9.73449e-05
4.82543e-06
9.78831e-05
4.5571e-06
9.79392e-05
4.21695e-06
9.76635e-05
3.82283e-06
9.71814e-05
3.39014e-06
9.65922e-05
2.93134e-06
9.59714e-05
2.45595e-06
9.53739e-05
1.97079e-06
9.48376e-05
1.48042e-06
9.43877e-05
9.87644e-07
9.40402e-05
4.93949e-07
9.38043e-05
-4.09761e-16
9.36853e-05
-4.93949e-07
9.36853e-05
-9.87644e-07
9.38043e-05
-1.48042e-06
9.40402e-05
-1.97079e-06
9.43877e-05
-2.45595e-06
9.48376e-05
-2.93134e-06
9.53739e-05
-3.39014e-06
9.59714e-05
-3.82283e-06
9.65922e-05
-4.21695e-06
9.71814e-05
-4.5571e-06
9.76635e-05
-4.82543e-06
9.79392e-05
-5.00272e-06
9.78831e-05
-5.07012e-06
9.73449e-05
-5.01166e-06
9.61533e-05
-4.8171e-06
9.41255e-05
-4.48486e-06
9.10795e-05
-4.02441e-06
8.68515e-05
-3.45735e-06
8.13138e-05
-2.81685e-06
7.43913e-05
-2.14528e-06
6.60722e-05
-1.49063e-06
5.6411e-05
-9.02497e-07
4.55216e-05
-4.29005e-07
3.35611e-05
-1.15088e-07
2.07045e-05
7.11012e-06
1.14628e-07
6.99549e-06
4.2177e-07
2.03973e-05
8.80397e-07
3.31024e-05
1.44692e-06
4.49551e-05
2.07651e-06
5.57814e-05
2.72345e-06
6.54252e-05
3.34328e-06
7.37715e-05
3.89611e-06
8.0761e-05
4.35e-06
8.63976e-05
4.68332e-06
9.07462e-05
4.88557e-06
9.39233e-05
4.95665e-06
9.60823e-05
4.9049e-06
9.73966e-05
4.74451e-06
9.80435e-05
4.49281e-06
9.81909e-05
4.16793e-06
9.79884e-05
3.78704e-06
9.75623e-05
3.36524e-06
9.7014e-05
2.91495e-06
9.64217e-05
2.44584e-06
9.5843e-05
1.96505e-06
9.53184e-05
1.47749e-06
9.48753e-05
9.86342e-07
9.45313e-05
4.93493e-07
9.42972e-05
-3.96953e-16
9.41788e-05
-4.93493e-07
9.41788e-05
-9.86342e-07
9.42972e-05
-1.47749e-06
9.45313e-05
-1.96505e-06
9.48753e-05
-2.44584e-06
9.53184e-05
-2.91495e-06
9.5843e-05
-3.36524e-06
9.64217e-05
-3.78704e-06
9.7014e-05
-4.16793e-06
9.75623e-05
-4.49281e-06
9.79884e-05
-4.74451e-06
9.81909e-05
-4.9049e-06
9.80435e-05
-4.95665e-06
9.73966e-05
-4.88557e-06
9.60823e-05
-4.68332e-06
9.39233e-05
-4.35e-06
9.07462e-05
-3.89611e-06
8.63976e-05
-3.34328e-06
8.0761e-05
-2.72345e-06
7.37715e-05
-2.07651e-06
6.54252e-05
-1.44692e-06
5.57814e-05
-8.80397e-07
4.49551e-05
-4.2177e-07
3.31024e-05
-1.14628e-07
2.03973e-05
6.99549e-06
1.16113e-07
6.87938e-06
4.19139e-07
2.00943e-05
8.65111e-07
3.26565e-05
1.41159e-06
4.44086e-05
2.01706e-06
5.51759e-05
2.63968e-06
6.48026e-05
3.23849e-06
7.31727e-05
3.77615e-06
8.02233e-05
4.22206e-06
8.59517e-05
4.55475e-06
9.04135e-05
4.76288e-06
9.37151e-05
4.84491e-06
9.60002e-05
4.80741e-06
9.74341e-05
4.66283e-06
9.81881e-05
4.42702e-06
9.84267e-05
4.11699e-06
9.82984e-05
3.74919e-06
9.79301e-05
3.33832e-06
9.74249e-05
2.89671e-06
9.68633e-05
2.43417e-06
9.63055e-05
1.95805e-06
9.57945e-05
1.47361e-06
9.53597e-05
9.8441e-07
9.50205e-05
4.92723e-07
9.47889e-05
-3.64059e-16
9.46715e-05
-4.92723e-07
9.46715e-05
-9.8441e-07
9.47889e-05
-1.47361e-06
9.50205e-05
-1.95805e-06
9.53597e-05
-2.43417e-06
9.57945e-05
-2.89671e-06
9.63055e-05
-3.33832e-06
9.68633e-05
-3.74919e-06
9.74249e-05
-4.11699e-06
9.79301e-05
-4.42702e-06
9.82984e-05
-4.66283e-06
9.84267e-05
-4.80741e-06
9.81881e-05
-4.84491e-06
9.74341e-05
-4.76288e-06
9.60002e-05
-4.55475e-06
9.37151e-05
-4.22206e-06
9.04135e-05
-3.77615e-06
8.59517e-05
-3.23849e-06
8.02233e-05
-2.63968e-06
7.31727e-05
-2.01706e-06
6.48026e-05
-1.41159e-06
5.51759e-05
-8.65111e-07
4.44086e-05
-4.19139e-07
3.26565e-05
-1.16113e-07
2.00943e-05
6.87938e-06
1.20006e-07
6.75937e-06
4.21738e-07
1.97926e-05
8.5709e-07
3.22211e-05
1.38485e-06
4.38808e-05
1.96696e-06
5.45938e-05
2.56551e-06
6.42041e-05
3.143e-06
7.25952e-05
3.66465e-06
7.97017e-05
4.10131e-06
8.5515e-05
4.4318e-06
9.0083e-05
4.64418e-06
9.35027e-05
4.73557e-06
9.59089e-05
4.71094e-06
9.74587e-05
4.58109e-06
9.83179e-05
4.3604e-06
9.86474e-05
4.06476e-06
9.85941e-05
3.70982e-06
9.8285e-05
3.30985e-06
9.78248e-05
2.87703e-06
9.72962e-05
2.42122e-06
9.67613e-05
1.95001e-06
9.62657e-05
1.46895e-06
9.58408e-05
9.8196e-07
9.55075e-05
4.91696e-07
9.52791e-05
-3.1582e-16
9.51632e-05
-4.91696e-07
9.51632e-05
-9.8196e-07
9.52791e-05
-1.46895e-06
9.55075e-05
-1.95001e-06
9.58408e-05
-2.42122e-06
9.62657e-05
-2.87703e-06
9.67613e-05
-3.30985e-06
9.72962e-05
-3.70982e-06
9.78248e-05
-4.06476e-06
9.8285e-05
-4.3604e-06
9.85941e-05
-4.58109e-06
9.86474e-05
-4.71094e-06
9.83179e-05
-4.73557e-06
9.74587e-05
-4.64418e-06
9.59089e-05
-4.4318e-06
9.35027e-05
-4.10131e-06
9.0083e-05
-3.66465e-06
8.5515e-05
-3.143e-06
7.97017e-05
-2.56551e-06
7.25952e-05
-1.96696e-06
6.42041e-05
-1.38485e-06
5.45938e-05
-8.5709e-07
4.38808e-05
-4.21738e-07
3.22211e-05
-1.20006e-07
1.97926e-05
6.75937e-06
1.26865e-07
6.6325e-06
4.30218e-07
1.94892e-05
8.56701e-07
3.17946e-05
1.36681e-06
4.33707e-05
1.92621e-06
5.40344e-05
2.50094e-06
6.36293e-05
3.05692e-06
7.20392e-05
3.56191e-06
7.91967e-05
3.98823e-06
8.50887e-05
4.31515e-06
8.97561e-05
4.53023e-06
9.32876e-05
4.62949e-06
9.58096e-05
4.6164e-06
9.74718e-05
4.50018e-06
9.84341e-05
4.2938e-06
9.88538e-05
4.01199e-06
9.88759e-05
3.66959e-06
9.86274e-05
3.28038e-06
9.82141e-05
2.85635e-06
9.77202e-05
2.40738e-06
9.72103e-05
1.94122e-06
9.67319e-05
1.46372e-06
9.63183e-05
9.79122e-07
9.59921e-05
4.90474e-07
9.57678e-05
-2.33391e-16
9.56537e-05
-4.90474e-07
9.56537e-05
-9.79122e-07
9.57678e-05
-1.46372e-06
9.59921e-05
-1.94122e-06
9.63183e-05
-2.40738e-06
9.67319e-05
-2.85635e-06
9.72103e-05
-3.28038e-06
9.77202e-05
-3.66959e-06
9.82141e-05
-4.01199e-06
9.86274e-05
-4.2938e-06
9.88759e-05
-4.50018e-06
9.88538e-05
-4.6164e-06
9.84341e-05
-4.62949e-06
9.74718e-05
-4.53023e-06
9.58096e-05
-4.31515e-06
9.32876e-05
-3.98823e-06
8.97561e-05
-3.56191e-06
8.50887e-05
-3.05692e-06
7.91967e-05
-2.50094e-06
7.20392e-05
-1.92621e-06
6.36293e-05
-1.36681e-06
5.40344e-05
-8.56701e-07
4.33707e-05
-4.30218e-07
3.17946e-05
-1.26865e-07
1.94892e-05
6.6325e-06
1.37278e-07
6.49523e-06
4.45087e-07
1.91814e-05
8.6403e-07
3.13757e-05
1.35731e-06
4.28775e-05
1.89465e-06
5.3497e-05
2.446e-06
6.3078e-05
2.98055e-06
7.15047e-05
3.46848e-06
7.87088e-05
3.88364e-06
8.46735e-05
4.20581e-06
8.94339e-05
4.42224e-06
9.30712e-05
4.52796e-06
9.57039e-05
4.52507e-06
9.74747e-05
4.42134e-06
9.85379e-05
4.22835e-06
9.90468e-05
3.95969e-06
9.91446e-05
3.62937e-06
9.89577e-05
3.25065e-06
9.85928e-05
2.83527e-06
9.81356e-05
2.39309e-06
9.76525e-05
1.93202e-06
9.71929e-05
1.45814e-06
9.67921e-05
9.76047e-07
9.64742e-05
4.8913e-07
9.62547e-05
-1.23389e-16
9.61428e-05
-4.8913e-07
9.61428e-05
-9.76047e-07
9.62547e-05
-1.45814e-06
9.64742e-05
-1.93202e-06
9.67921e-05
-2.39309e-06
9.71929e-05
-2.83527e-06
9.76525e-05
-3.25065e-06
9.81356e-05
-3.62937e-06
9.85928e-05
-3.95969e-06
9.89577e-05
-4.22835e-06
9.91446e-05
-4.42134e-06
9.90468e-05
-4.52507e-06
9.85379e-05
-4.52796e-06
9.74747e-05
-4.42224e-06
9.57039e-05
-4.20581e-06
9.30712e-05
-3.88364e-06
8.94339e-05
-3.46848e-06
8.46735e-05
-2.98055e-06
7.87088e-05
-2.446e-06
7.15047e-05
-1.89465e-06
6.3078e-05
-1.35731e-06
5.3497e-05
-8.6403e-07
4.28775e-05
-4.45087e-07
3.13757e-05
-1.37278e-07
1.91814e-05
6.49523e-06
1.51775e-07
6.34345e-06
4.66442e-07
1.88667e-05
8.78564e-07
3.09636e-05
1.3557e-06
4.24003e-05
1.87189e-06
5.29808e-05
2.40074e-06
6.25491e-05
2.9144e-06
7.0991e-05
3.38536e-06
7.82378e-05
3.78891e-06
8.427e-05
4.10546e-06
8.91173e-05
4.32204e-06
9.28546e-05
4.43286e-06
9.55931e-05
4.43883e-06
9.74687e-05
4.34634e-06
9.86304e-05
4.16565e-06
9.92275e-05
3.90927e-06
9.94009e-05
3.59035e-06
9.92766e-05
3.22161e-06
9.89615e-05
2.81454e-06
9.85426e-05
2.37893e-06
9.80881e-05
1.92282e-06
9.76491e-05
1.45252e-06
9.72624e-05
9.72912e-07
9.69538e-05
4.87749e-07
9.67399e-05
4.59978e-17
9.66306e-05
-4.87749e-07
9.66306e-05
-9.72912e-07
9.67399e-05
-1.45252e-06
9.69538e-05
-1.92282e-06
9.72624e-05
-2.37893e-06
9.76491e-05
-2.81454e-06
9.80881e-05
-3.22161e-06
9.85426e-05
-3.59035e-06
9.89615e-05
-3.90927e-06
9.92766e-05
-4.16565e-06
9.94009e-05
-4.34634e-06
9.92275e-05
-4.43883e-06
9.86304e-05
-4.43286e-06
9.74687e-05
-4.32204e-06
9.55931e-05
-4.10546e-06
9.28546e-05
-3.78891e-06
8.91173e-05
-3.38536e-06
8.427e-05
-2.9144e-06
7.82378e-05
-2.40074e-06
7.0991e-05
-1.87189e-06
6.25491e-05
-1.3557e-06
5.29808e-05
-8.78564e-07
4.24003e-05
-4.66442e-07
3.09636e-05
-1.51775e-07
1.88667e-05
6.34345e-06
1.70927e-07
6.17252e-06
4.93461e-07
1.85442e-05
8.98712e-07
3.05583e-05
1.36057e-06
4.19385e-05
1.85723e-06
5.24842e-05
2.3653e-06
6.20411e-05
2.85949e-06
7.04968e-05
3.31431e-06
7.7783e-05
3.70641e-06
8.38779e-05
4.01685e-06
8.88069e-05
4.23262e-06
9.26389e-05
4.34725e-06
9.54784e-05
4.36062e-06
9.74554e-05
4.27788e-06
9.87131e-05
4.10811e-06
9.93972e-05
3.86276e-06
9.96463e-05
3.55419e-06
9.95852e-05
3.19461e-06
9.93211e-05
2.79518e-06
9.89421e-05
2.36566e-06
9.85176e-05
1.91415e-06
9.81006e-05
1.44719e-06
9.77294e-05
9.69935e-07
9.7431e-05
4.86433e-07
9.72234e-05
2.57953e-16
9.7117e-05
-4.86433e-07
9.7117e-05
-9.69935e-07
9.72234e-05
-1.44719e-06
9.7431e-05
-1.91415e-06
9.77294e-05
-2.36566e-06
9.81006e-05
-2.79518e-06
9.85176e-05
-3.19461e-06
9.89421e-05
-3.55419e-06
9.93211e-05
-3.86276e-06
9.95852e-05
-4.10811e-06
9.96463e-05
-4.27788e-06
9.93972e-05
-4.36062e-06
9.87131e-05
-4.34725e-06
9.74554e-05
-4.23262e-06
9.54784e-05
-4.01685e-06
9.26389e-05
-3.70641e-06
8.88069e-05
-3.31431e-06
8.38779e-05
-2.85949e-06
7.7783e-05
-2.3653e-06
7.04968e-05
-1.85723e-06
6.20411e-05
-1.36057e-06
5.24842e-05
-8.98712e-07
4.19385e-05
-4.93461e-07
3.05583e-05
-1.70927e-07
1.85442e-05
6.17252e-06
1.95079e-07
5.97745e-06
5.22809e-07
1.82165e-05
9.2073e-07
3.01604e-05
1.36935e-06
4.14898e-05
1.84969e-06
5.20038e-05
2.34044e-06
6.15503e-05
2.81818e-06
7.00191e-05
3.25903e-06
7.73421e-05
3.64089e-06
8.3496e-05
3.94545e-06
8.85023e-05
4.15976e-06
9.24246e-05
4.2769e-06
9.53613e-05
4.29591e-06
9.74364e-05
4.22095e-06
9.87881e-05
4.06008e-06
9.95581e-05
3.82383e-06
9.98826e-05
3.52388e-06
9.98852e-05
3.17194e-06
9.9673e-05
2.77893e-06
9.93351e-05
2.35452e-06
9.8942e-05
1.9069e-06
9.85482e-05
1.44275e-06
9.81935e-05
9.67456e-07
9.79063e-05
4.85342e-07
9.77055e-05
5.96071e-16
9.76024e-05
-4.85342e-07
9.76024e-05
-9.67456e-07
9.77055e-05
-1.44275e-06
9.79063e-05
-1.9069e-06
9.81935e-05
-2.35452e-06
9.85482e-05
-2.77893e-06
9.8942e-05
-3.17194e-06
9.93351e-05
-3.52388e-06
9.9673e-05
-3.82383e-06
9.98852e-05
-4.06008e-06
9.98826e-05
-4.22095e-06
9.95581e-05
-4.29591e-06
9.87881e-05
-4.2769e-06
9.74364e-05
-4.15976e-06
9.53613e-05
-3.94545e-06
9.24246e-05
-3.64089e-06
8.85023e-05
-3.25903e-06
8.3496e-05
-2.81818e-06
7.73421e-05
-2.34044e-06
7.00191e-05
-1.84969e-06
6.15503e-05
-1.36935e-06
5.20038e-05
-9.2073e-07
4.14898e-05
-5.22809e-07
3.01604e-05
-1.95079e-07
1.82165e-05
5.97744e-06
2.17953e-07
5.44903e-07
9.36867e-07
1.37731e-06
1.84783e-06
2.32796e-06
2.79532e-06
3.22707e-06
3.60196e-06
3.90224e-06
4.11509e-06
4.2334e-06
4.2557e-06
4.1855e-06
4.03018e-06
3.79967e-06
3.50517e-06
3.15806e-06
2.76909e-06
2.34788e-06
1.90265e-06
1.44021e-06
9.66085e-07
4.84762e-07
8.38137e-16
-4.84762e-07
-9.66085e-07
-1.44021e-06
-1.90265e-06
-2.34788e-06
-2.76909e-06
-3.15806e-06
-3.50517e-06
-3.79967e-06
-4.03018e-06
-4.1855e-06
-4.2557e-06
-4.2334e-06
-4.11509e-06
-3.90224e-06
-3.60196e-06
-3.22707e-06
-2.79532e-06
-2.32796e-06
-1.84783e-06
-1.37731e-06
-9.36867e-07
-5.44903e-07
-2.17953e-07
)
;

boundaryField
{
    left
    {
        type            calculated;
        value           uniform 0;
    }
    right
    {
        type            calculated;
        value           uniform 0;
    }
    up
    {
        type            calculated;
        value           nonuniform List<scalar> 
50
(
5.75949e-06
1.78895e-05
2.97684e-05
4.10494e-05
5.15333e-05
6.10702e-05
6.95517e-05
7.69104e-05
8.31211e-05
8.82021e-05
9.22117e-05
9.5243e-05
9.74141e-05
9.88583e-05
9.97134e-05
0.000100113
0.00010018
0.00010002
9.9724e-05
9.93632e-05
9.89934e-05
9.8656e-05
9.83805e-05
9.81868e-05
9.80871e-05
9.80871e-05
9.81868e-05
9.83805e-05
9.8656e-05
9.89934e-05
9.93632e-05
9.9724e-05
0.00010002
0.00010018
0.000100113
9.97134e-05
9.88583e-05
9.74141e-05
9.5243e-05
9.22117e-05
8.82021e-05
8.31211e-05
7.69104e-05
6.95517e-05
6.10702e-05
5.15333e-05
4.10494e-05
2.97684e-05
1.78895e-05
5.75949e-06
)
;
    }
    down
    {
        type            calculated;
        value           nonuniform List<scalar> 
50
(
-8e-05
-8e-05
-8e-05
-8e-05
-8e-05
-8e-05
-8e-05
-8e-05
-8e-05
-8e-05
-8e-05
-8e-05
-8e-05
-8e-05
-8e-05
-8e-05
-8e-05
-8e-05
-8e-05
-8e-05
-8e-05
-8e-05
-8e-05
-8e-05
-8e-05
-8e-05
-8e-05
-8e-05
-8e-05
-8e-05
-8e-05
-8e-05
-8e-05
-8e-05
-8e-05
-8e-05
-8e-05
-8e-05
-8e-05
-8e-05
-8e-05
-8e-05
-8e-05
-8e-05
-8e-05
-8e-05
-8e-05
-8e-05
-8e-05
-8e-05
)
;
    }
    frontAndBack
    {
        type            empty;
        value           nonuniform 0();
    }
}


// ************************************************************************* //
