/*--------------------------------*- C++ -*----------------------------------*\
  =========                 |
  \\      /  F ield         | OpenFOAM: The Open Source CFD Toolbox
   \\    /   O peration     | Website:  https://openfoam.org
    \\  /    A nd           | Version:  6
     \\/     M anipulation  |
\*---------------------------------------------------------------------------*/
FoamFile
{
    version     2.0;
    format      ascii;
    class       volVectorField;
    location    "3200";
    object      U;
}
// * * * * * * * * * * * * * * * * * * * * * * * * * * * * * * * * * * * * * //

dimensions      [0 1 -1 0 0 0 0];

internalField   nonuniform List<vector> 
2500
(
(0.0342401 0.365437 0)
(0.0584184 0.406558 0)
(0.0323163 0.40155 0)
(0.0202768 0.400845 0)
(0.0139038 0.400477 0)
(0.00994709 0.400264 0)
(0.00741846 0.400163 0)
(0.0057166 0.400107 0)
(0.00452098 0.400075 0)
(0.00365034 0.400055 0)
(0.00299622 0.400041 0)
(0.00249094 0.400032 0)
(0.00209075 0.400026 0)
(0.00176647 0.400021 0)
(0.00149812 0.400018 0)
(0.00127165 0.400015 0)
(0.00107698 0.400013 0)
(0.000906685 0.400012 0)
(0.000755192 0.400011 0)
(0.000618216 0.40001 0)
(0.000492382 0.400009 0)
(0.000374963 0.400008 0)
(0.000263685 0.400008 0)
(0.000156591 0.400008 0)
(5.19308e-05 0.400008 0)
(-5.19308e-05 0.400008 0)
(-0.000156591 0.400008 0)
(-0.000263685 0.400008 0)
(-0.000374963 0.400008 0)
(-0.000492382 0.400009 0)
(-0.000618216 0.40001 0)
(-0.000755192 0.400011 0)
(-0.000906685 0.400012 0)
(-0.00107698 0.400013 0)
(-0.00127165 0.400015 0)
(-0.00149812 0.400018 0)
(-0.00176647 0.400021 0)
(-0.00209075 0.400026 0)
(-0.00249094 0.400032 0)
(-0.00299622 0.400041 0)
(-0.00365034 0.400055 0)
(-0.00452098 0.400075 0)
(-0.0057166 0.400107 0)
(-0.00741846 0.400163 0)
(-0.00994709 0.400264 0)
(-0.0139038 0.400477 0)
(-0.0202768 0.400845 0)
(-0.0323163 0.40155 0)
(-0.0584184 0.406558 0)
(-0.0342401 0.365437 0)
(0.05311 0.34014 0)
(0.110847 0.417235 0)
(0.0780952 0.412995 0)
(0.055331 0.408281 0)
(0.0399503 0.405132 0)
(0.0294396 0.403251 0)
(0.0222991 0.402155 0)
(0.0173168 0.401488 0)
(0.0137431 0.401065 0)
(0.0111095 0.400788 0)
(0.00911804 0.4006 0)
(0.00757496 0.400469 0)
(0.00635166 0.400375 0)
(0.00536078 0.400307 0)
(0.0045417 0.400256 0)
(0.0038515 0.400218 0)
(0.00325918 0.400189 0)
(0.00274188 0.400167 0)
(0.00228239 0.400149 0)
(0.0018675 0.400136 0)
(0.00148681 0.400126 0)
(0.0011319 0.400118 0)
(0.000795813 0.400113 0)
(0.000472532 0.400109 0)
(0.000156696 0.400108 0)
(-0.000156696 0.400108 0)
(-0.000472532 0.400109 0)
(-0.000795813 0.400113 0)
(-0.0011319 0.400118 0)
(-0.00148681 0.400126 0)
(-0.0018675 0.400136 0)
(-0.00228239 0.400149 0)
(-0.00274188 0.400167 0)
(-0.00325918 0.400189 0)
(-0.0038515 0.400218 0)
(-0.0045417 0.400256 0)
(-0.00536078 0.400307 0)
(-0.00635166 0.400375 0)
(-0.00757496 0.400469 0)
(-0.00911804 0.4006 0)
(-0.0111095 0.400788 0)
(-0.0137431 0.401065 0)
(-0.0173168 0.401488 0)
(-0.0222991 0.402155 0)
(-0.0294396 0.403251 0)
(-0.0399503 0.405132 0)
(-0.055331 0.408281 0)
(-0.0780952 0.412995 0)
(-0.110847 0.417235 0)
(-0.05311 0.34014 0)
(0.0476363 0.297972 0)
(0.122577 0.414033 0)
(0.104728 0.424057 0)
(0.0822371 0.418808 0)
(0.062555 0.41291 0)
(0.0475591 0.40873 0)
(0.03668 0.406013 0)
(0.0287789 0.404249 0)
(0.0229704 0.403085 0)
(0.018624 0.4023 0)
(0.0153062 0.401759 0)
(0.0127213 0.401377 0)
(0.0106658 0.401103 0)
(0.00899861 0.400902 0)
(0.00762003 0.400752 0)
(0.00645875 0.400639 0)
(0.00546281 0.400553 0)
(0.00459372 0.400487 0)
(0.00382245 0.400436 0)
(0.00312661 0.400397 0)
(0.00248859 0.400367 0)
(0.00189418 0.400345 0)
(0.00133155 0.400329 0)
(0.000790563 0.400319 0)
(0.000262146 0.400314 0)
(-0.000262146 0.400314 0)
(-0.000790563 0.400319 0)
(-0.00133155 0.400329 0)
(-0.00189418 0.400345 0)
(-0.00248859 0.400367 0)
(-0.00312661 0.400397 0)
(-0.00382245 0.400436 0)
(-0.00459372 0.400487 0)
(-0.00546281 0.400553 0)
(-0.00645875 0.400639 0)
(-0.00762003 0.400752 0)
(-0.00899861 0.400902 0)
(-0.0106658 0.401103 0)
(-0.0127213 0.401377 0)
(-0.0153062 0.401759 0)
(-0.018624 0.4023 0)
(-0.0229704 0.403085 0)
(-0.0287789 0.404249 0)
(-0.03668 0.406013 0)
(-0.0475591 0.40873 0)
(-0.062555 0.41291 0)
(-0.0822371 0.418808 0)
(-0.104728 0.424057 0)
(-0.122577 0.414033 0)
(-0.0476363 0.297972 0)
(0.0372454 0.252774 0)
(0.116234 0.399667 0)
(0.116513 0.430344 0)
(0.100417 0.429268 0)
(0.0806421 0.422236 0)
(0.0634593 0.415983 0)
(0.049999 0.411426 0)
(0.0397484 0.408266 0)
(0.0319811 0.406091 0)
(0.0260531 0.404584 0)
(0.0214698 0.403525 0)
(0.0178694 0.402769 0)
(0.014992 0.402221 0)
(0.012651 0.401817 0)
(0.0107123 0.401516 0)
(0.00907803 0.401288 0)
(0.00767633 0.401114 0)
(0.00645346 0.40098 0)
(0.00536866 0.400877 0)
(0.00439042 0.400798 0)
(0.00349389 0.400737 0)
(0.00265898 0.400692 0)
(0.00186899 0.400661 0)
(0.00110957 0.40064 0)
(0.000367913 0.40063 0)
(-0.000367913 0.40063 0)
(-0.00110957 0.40064 0)
(-0.00186899 0.400661 0)
(-0.00265898 0.400692 0)
(-0.00349389 0.400737 0)
(-0.00439042 0.400798 0)
(-0.00536866 0.400877 0)
(-0.00645346 0.40098 0)
(-0.00767633 0.401114 0)
(-0.00907803 0.401288 0)
(-0.0107123 0.401516 0)
(-0.012651 0.401817 0)
(-0.014992 0.402221 0)
(-0.0178694 0.402769 0)
(-0.0214698 0.403525 0)
(-0.0260531 0.404584 0)
(-0.0319811 0.406091 0)
(-0.0397484 0.408266 0)
(-0.049999 0.411426 0)
(-0.0634593 0.415983 0)
(-0.0806421 0.422236 0)
(-0.100417 0.429268 0)
(-0.116513 0.430344 0)
(-0.116234 0.399667 0)
(-0.0372454 0.252774 0)
(0.0279462 0.214799 0)
(0.102842 0.379611 0)
(0.118072 0.430532 0)
(0.110781 0.437268 0)
(0.0939493 0.431425 0)
(0.0766637 0.424025 0)
(0.0618509 0.417856 0)
(0.0499346 0.413248 0)
(0.0405781 0.409926 0)
(0.0332658 0.407552 0)
(0.0275213 0.405849 0)
(0.0229602 0.404615 0)
(0.0192892 0.403711 0)
(0.0162892 0.403041 0)
(0.0137976 0.402539 0)
(0.011694 0.402157 0)
(0.0098883 0.401866 0)
(0.0083124 0.401641 0)
(0.00691439 0.401468 0)
(0.00565388 0.401335 0)
(0.0044989 0.401233 0)
(0.00342353 0.401157 0)
(0.00240623 0.401104 0)
(0.00142846 0.40107 0)
(0.00047364 0.401053 0)
(-0.00047364 0.401053 0)
(-0.00142846 0.40107 0)
(-0.00240623 0.401104 0)
(-0.00342353 0.401157 0)
(-0.0044989 0.401233 0)
(-0.00565388 0.401335 0)
(-0.00691439 0.401468 0)
(-0.0083124 0.401641 0)
(-0.0098883 0.401866 0)
(-0.011694 0.402157 0)
(-0.0137976 0.402539 0)
(-0.0162892 0.403041 0)
(-0.0192892 0.403711 0)
(-0.0229602 0.404615 0)
(-0.0275213 0.405849 0)
(-0.0332658 0.407552 0)
(-0.0405781 0.409926 0)
(-0.0499346 0.413248 0)
(-0.0618509 0.417856 0)
(-0.0766637 0.424025 0)
(-0.0939493 0.431425 0)
(-0.110781 0.437268 0)
(-0.118072 0.430532 0)
(-0.102842 0.379611 0)
(-0.0279462 0.214799 0)
(0.0205294 0.184322 0)
(0.0876173 0.357276 0)
(0.113249 0.425347 0)
(0.114859 0.44185 0)
(0.102752 0.43935 0)
(0.0870078 0.432041 0)
(0.0719878 0.424797 0)
(0.0591207 0.418901 0)
(0.0485982 0.414424 0)
(0.0401459 0.411112 0)
(0.0333795 0.408677 0)
(0.0279372 0.406885 0)
(0.0235179 0.405557 0)
(0.0198848 0.404564 0)
(0.0168557 0.403814 0)
(0.0142917 0.403243 0)
(0.0120874 0.402805 0)
(0.010162 0.402468 0)
(0.00845313 0.402207 0)
(0.00691204 0.402006 0)
(0.00549989 0.401853 0)
(0.00418514 0.401739 0)
(0.00294145 0.401658 0)
(0.00174615 0.401607 0)
(0.000578975 0.401582 0)
(-0.000578975 0.401582 0)
(-0.00174615 0.401607 0)
(-0.00294145 0.401658 0)
(-0.00418514 0.401739 0)
(-0.00549989 0.401853 0)
(-0.00691204 0.402006 0)
(-0.00845313 0.402207 0)
(-0.010162 0.402468 0)
(-0.0120874 0.402805 0)
(-0.0142917 0.403243 0)
(-0.0168557 0.403814 0)
(-0.0198848 0.404564 0)
(-0.0235179 0.405557 0)
(-0.0279372 0.406885 0)
(-0.0333795 0.408677 0)
(-0.0401459 0.411112 0)
(-0.0485982 0.414424 0)
(-0.0591207 0.418901 0)
(-0.0719878 0.424797 0)
(-0.0870078 0.432041 0)
(-0.102752 0.43935 0)
(-0.114859 0.44185 0)
(-0.113249 0.425347 0)
(-0.0876173 0.357276 0)
(-0.0205294 0.184322 0)
(0.0148815 0.159813 0)
(0.0731057 0.334578 0)
(0.104949 0.416119 0)
(0.114287 0.442928 0)
(0.107624 0.44538 0)
(0.0945555 0.439417 0)
(0.0802964 0.431805 0)
(0.0671608 0.42494 0)
(0.0559134 0.419411 0)
(0.0465941 0.415159 0)
(0.0389716 0.411951 0)
(0.0327477 0.409544 0)
(0.0276403 0.407737 0)
(0.0234106 0.406372 0)
(0.0198663 0.405335 0)
(0.0168561 0.404541 0)
(0.0142625 0.40393 0)
(0.0119938 0.403458 0)
(0.00997841 0.403093 0)
(0.00815997 0.402811 0)
(0.00649318 0.402596 0)
(0.00494111 0.402437 0)
(0.00347282 0.402323 0)
(0.0020616 0.402251 0)
(0.00068357 0.402216 0)
(-0.00068357 0.402216 0)
(-0.0020616 0.402251 0)
(-0.00347282 0.402323 0)
(-0.00494111 0.402437 0)
(-0.00649318 0.402596 0)
(-0.00815997 0.402811 0)
(-0.00997841 0.403093 0)
(-0.0119938 0.403458 0)
(-0.0142625 0.40393 0)
(-0.0168561 0.404541 0)
(-0.0198663 0.405335 0)
(-0.0234106 0.406372 0)
(-0.0276403 0.407737 0)
(-0.0327477 0.409544 0)
(-0.0389716 0.411951 0)
(-0.0465941 0.415159 0)
(-0.0559134 0.419411 0)
(-0.0671608 0.42494 0)
(-0.0802964 0.431805 0)
(-0.0945555 0.439417 0)
(-0.107624 0.44538 0)
(-0.114287 0.442928 0)
(-0.104949 0.416119 0)
(-0.0731057 0.334578 0)
(-0.0148815 0.159813 0)
(0.0107358 0.14014 0)
(0.0603856 0.312702 0)
(0.0951623 0.404168 0)
(0.110541 0.440846 0)
(0.109274 0.449238 0)
(0.0995308 0.44572 0)
(0.0867764 0.438502 0)
(0.0739764 0.431093 0)
(0.0624324 0.424706 0)
(0.0525306 0.419581 0)
(0.0442345 0.415599 0)
(0.0373442 0.412549 0)
(0.031621 0.410224 0)
(0.0268404 0.40845 0)
(0.0228102 0.40709 0)
(0.0193729 0.406045 0)
(0.0164026 0.405236 0)
(0.0137994 0.404609 0)
(0.0114839 0.404123 0)
(0.00939284 0.403748 0)
(0.00747515 0.403462 0)
(0.00568881 0.403249 0)
(0.00399853 0.403098 0)
(0.00237376 0.403001 0)
(0.000787082 0.402954 0)
(-0.000787082 0.402954 0)
(-0.00237376 0.403001 0)
(-0.00399853 0.403098 0)
(-0.00568881 0.403249 0)
(-0.00747515 0.403462 0)
(-0.00939284 0.403748 0)
(-0.0114839 0.404123 0)
(-0.0137994 0.404609 0)
(-0.0164026 0.405236 0)
(-0.0193729 0.406045 0)
(-0.0228102 0.40709 0)
(-0.0268404 0.40845 0)
(-0.031621 0.410224 0)
(-0.0373442 0.412549 0)
(-0.0442345 0.415599 0)
(-0.0525306 0.419581 0)
(-0.0624324 0.424706 0)
(-0.0739764 0.431093 0)
(-0.0867764 0.438502 0)
(-0.0995308 0.44572 0)
(-0.109274 0.449238 0)
(-0.110541 0.440846 0)
(-0.0951623 0.404168 0)
(-0.0603856 0.312702 0)
(-0.0107358 0.14014 0)
(0.0077622 0.124381 0)
(0.0497315 0.292316 0)
(0.0851305 0.390607 0)
(0.10482 0.43614 0)
(0.108427 0.450905 0)
(0.102254 0.450686 0)
(0.091515 0.444592 0)
(0.0795488 0.437115 0)
(0.0681007 0.430135 0)
(0.0578966 0.424258 0)
(0.0491168 0.419543 0)
(0.0416855 0.41585 0)
(0.0354284 0.412988 0)
(0.0301503 0.410777 0)
(0.0256693 0.409068 0)
(0.0218283 0.407744 0)
(0.0184974 0.406717 0)
(0.0155709 0.405917 0)
(0.0129635 0.405296 0)
(0.010606 0.404815 0)
(0.00844227 0.404448 0)
(0.00642568 0.404175 0)
(0.00451686 0.403981 0)
(0.00268161 0.403857 0)
(0.000889182 0.403796 0)
(-0.000889182 0.403796 0)
(-0.00268161 0.403857 0)
(-0.00451686 0.403981 0)
(-0.00642568 0.404175 0)
(-0.00844227 0.404448 0)
(-0.010606 0.404815 0)
(-0.0129635 0.405296 0)
(-0.0155709 0.405917 0)
(-0.0184974 0.406717 0)
(-0.0218283 0.407744 0)
(-0.0256693 0.409068 0)
(-0.0301503 0.410777 0)
(-0.0354284 0.412988 0)
(-0.0416855 0.41585 0)
(-0.0491168 0.419543 0)
(-0.0578966 0.424258 0)
(-0.0681007 0.430135 0)
(-0.0795488 0.437115 0)
(-0.091515 0.444592 0)
(-0.102254 0.450686 0)
(-0.108427 0.450905 0)
(-0.10482 0.43614 0)
(-0.0851305 0.390607 0)
(-0.0497315 0.292316 0)
(-0.0077622 0.124381 0)
(0.0056522 0.111715 0)
(0.0410336 0.273713 0)
(0.0755603 0.3763 0)
(0.0980292 0.429405 0)
(0.105751 0.450537 0)
(0.10309 0.454196 0)
(0.0946608 0.449866 0)
(0.0839087 0.442805 0)
(0.0728968 0.435534 0)
(0.0626535 0.429073 0)
(0.0535792 0.423704 0)
(0.0457375 0.419393 0)
(0.0390349 0.415991 0)
(0.0333187 0.413329 0)
(0.0284269 0.411251 0)
(0.0242095 0.40963 0)
(0.020537 0.408365 0)
(0.0173008 0.407376 0)
(0.0144113 0.406606 0)
(0.011795 0.406009 0)
(0.00939122 0.405552 0)
(0.00714928 0.405212 0)
(0.00502614 0.40497 0)
(0.00298419 0.404815 0)
(0.000989551 0.404739 0)
(-0.000989551 0.404739 0)
(-0.00298419 0.404815 0)
(-0.00502614 0.40497 0)
(-0.00714928 0.405212 0)
(-0.00939122 0.405552 0)
(-0.011795 0.406009 0)
(-0.0144113 0.406606 0)
(-0.0173008 0.407376 0)
(-0.020537 0.408365 0)
(-0.0242095 0.40963 0)
(-0.0284269 0.411251 0)
(-0.0333187 0.413329 0)
(-0.0390349 0.415991 0)
(-0.0457375 0.419393 0)
(-0.0535792 0.423704 0)
(-0.0626535 0.429073 0)
(-0.0728968 0.435534 0)
(-0.0839087 0.442805 0)
(-0.0946608 0.449866 0)
(-0.10309 0.454196 0)
(-0.105751 0.450537 0)
(-0.0980292 0.429405 0)
(-0.0755603 0.3763 0)
(-0.0410336 0.273713 0)
(-0.0056522 0.111715 0)
(0.00416046 0.101456 0)
(0.0340321 0.256946 0)
(0.0668059 0.361867 0)
(0.0908099 0.421201 0)
(0.101814 0.448386 0)
(0.102405 0.456248 0)
(0.0963991 0.454194 0)
(0.0871248 0.448003 0)
(0.0768279 0.440765 0)
(0.0667823 0.433918 0)
(0.0575945 0.428002 0)
(0.0494735 0.423122 0)
(0.0424173 0.419197 0)
(0.0363267 0.41608 0)
(0.0310681 0.413622 0)
(0.0265049 0.411689 0)
(0.0225124 0.410171 0)
(0.018982 0.40898 0)
(0.015822 0.408049 0)
(0.0129557 0.407325 0)
(0.0103188 0.406771 0)
(0.0078573 0.406357 0)
(0.00552479 0.406063 0)
(0.00328059 0.405875 0)
(0.00108789 0.405783 0)
(-0.00108789 0.405783 0)
(-0.00328059 0.405875 0)
(-0.00552479 0.406063 0)
(-0.0078573 0.406357 0)
(-0.0103188 0.406771 0)
(-0.0129557 0.407325 0)
(-0.015822 0.408049 0)
(-0.018982 0.40898 0)
(-0.0225124 0.410171 0)
(-0.0265049 0.411689 0)
(-0.0310681 0.413622 0)
(-0.0363267 0.41608 0)
(-0.0424173 0.419197 0)
(-0.0494735 0.423122 0)
(-0.0575945 0.428002 0)
(-0.0667823 0.433918 0)
(-0.0768279 0.440765 0)
(-0.0871248 0.448003 0)
(-0.0963991 0.454194 0)
(-0.102405 0.456248 0)
(-0.101814 0.448386 0)
(-0.0908099 0.421201 0)
(-0.0668059 0.361867 0)
(-0.0340321 0.256946 0)
(-0.00416046 0.101456 0)
(0.00310544 0.0930654 0)
(0.0284333 0.241938 0)
(0.0590031 0.347729 0)
(0.0835928 0.412017 0)
(0.097077 0.444746 0)
(0.100543 0.456918 0)
(0.0969314 0.457515 0)
(0.0892918 0.452596 0)
(0.0799248 0.445709 0)
(0.0702808 0.438692 0)
(0.0611471 0.43236 0)
(0.0528741 0.426982 0)
(0.0455572 0.422565 0)
(0.0391584 0.419003 0)
(0.0335798 0.416162 0)
(0.028704 0.413908 0)
(0.0244153 0.412126 0)
(0.0206081 0.410721 0)
(0.0171905 0.409619 0)
(0.0140841 0.40876 0)
(0.0112221 0.408101 0)
(0.00854758 0.407609 0)
(0.00601134 0.407258 0)
(0.00356994 0.407033 0)
(0.00118391 0.406923 0)
(-0.00118391 0.406923 0)
(-0.00356994 0.407033 0)
(-0.00601134 0.407258 0)
(-0.00854758 0.407609 0)
(-0.0112221 0.408101 0)
(-0.0140841 0.40876 0)
(-0.0171905 0.409619 0)
(-0.0206081 0.410721 0)
(-0.0244153 0.412126 0)
(-0.028704 0.413908 0)
(-0.0335798 0.416162 0)
(-0.0391584 0.419003 0)
(-0.0455572 0.422565 0)
(-0.0528741 0.426982 0)
(-0.0611471 0.43236 0)
(-0.0702808 0.438692 0)
(-0.0799248 0.445709 0)
(-0.0892918 0.452596 0)
(-0.0969314 0.457515 0)
(-0.100543 0.456918 0)
(-0.097077 0.444746 0)
(-0.0835928 0.412017 0)
(-0.0590031 0.347729 0)
(-0.0284333 0.241938 0)
(-0.00310544 0.0930654 0)
(0.00235663 0.0861256 0)
(0.0239623 0.22855 0)
(0.0521599 0.334151 0)
(0.0766478 0.40225 0)
(0.0918972 0.439915 0)
(0.0978052 0.456333 0)
(0.0964596 0.459827 0)
(0.0905207 0.456511 0)
(0.0822358 0.450274 0)
(0.0731616 0.443308 0)
(0.0642316 0.436706 0)
(0.0559269 0.430918 0)
(0.0484406 0.426055 0)
(0.0418008 0.422069 0)
(0.0359509 0.418849 0)
(0.0307977 0.416271 0)
(0.0262382 0.414219 0)
(0.0221731 0.412592 0)
(0.0185122 0.41131 0)
(0.0151767 0.410309 0)
(0.0120984 0.409539 0)
(0.00921812 0.408963 0)
(0.00648442 0.408552 0)
(0.00385145 0.408288 0)
(0.00127736 0.408159 0)
(-0.00127736 0.408159 0)
(-0.00385145 0.408288 0)
(-0.00648442 0.408552 0)
(-0.00921812 0.408963 0)
(-0.0120984 0.409539 0)
(-0.0151767 0.410309 0)
(-0.0185122 0.41131 0)
(-0.0221731 0.412592 0)
(-0.0262382 0.414219 0)
(-0.0307977 0.416271 0)
(-0.0359509 0.418849 0)
(-0.0418008 0.422069 0)
(-0.0484406 0.426055 0)
(-0.0559269 0.430918 0)
(-0.0642316 0.436706 0)
(-0.0731616 0.443308 0)
(-0.0822358 0.450274 0)
(-0.0905207 0.456511 0)
(-0.0964596 0.459827 0)
(-0.0978052 0.456333 0)
(-0.0918972 0.439915 0)
(-0.0766478 0.40225 0)
(-0.0521599 0.334151 0)
(-0.0239623 0.22855 0)
(-0.00235663 0.0861256 0)
(0.00182161 0.0803186 0)
(0.0203833 0.216616 0)
(0.0462162 0.321283 0)
(0.0701296 0.392212 0)
(0.0865388 0.434169 0)
(0.094451 0.454647 0)
(0.0951757 0.461164 0)
(0.0909298 0.459712 0)
(0.0838222 0.454391 0)
(0.0754493 0.447696 0)
(0.0668523 0.440978 0)
(0.0586263 0.434878 0)
(0.0510582 0.429628 0)
(0.0442439 0.425248 0)
(0.0381722 0.421663 0)
(0.0327781 0.418764 0)
(0.0279748 0.416438 0)
(0.0236718 0.414584 0)
(0.0197829 0.413117 0)
(0.0162303 0.411967 0)
(0.0129452 0.41108 0)
(0.0098671 0.410416 0)
(0.00694278 0.409941 0)
(0.00412438 0.409637 0)
(0.00136799 0.409488 0)
(-0.00136799 0.409488 0)
(-0.00412438 0.409637 0)
(-0.00694278 0.409941 0)
(-0.0098671 0.410416 0)
(-0.0129452 0.41108 0)
(-0.0162303 0.411967 0)
(-0.0197829 0.413117 0)
(-0.0236718 0.414584 0)
(-0.0279748 0.416438 0)
(-0.0327781 0.418764 0)
(-0.0381722 0.421663 0)
(-0.0442439 0.425248 0)
(-0.0510582 0.429628 0)
(-0.0586263 0.434878 0)
(-0.0668523 0.440978 0)
(-0.0754493 0.447696 0)
(-0.0838222 0.454391 0)
(-0.0909298 0.459712 0)
(-0.0951757 0.461164 0)
(-0.094451 0.454647 0)
(-0.0865388 0.434169 0)
(-0.0701296 0.392212 0)
(-0.0462162 0.321283 0)
(-0.0203833 0.216616 0)
(-0.00182161 0.0803186 0)
(0.00143573 0.0754024 0)
(0.0175035 0.205967 0)
(0.041081 0.309198 0)
(0.0641137 0.382136 0)
(0.0811904 0.427754 0)
(0.0906918 0.452022 0)
(0.0932542 0.461592 0)
(0.0906379 0.462191 0)
(0.0847531 0.458017 0)
(0.0771775 0.451795 0)
(0.0690212 0.445119 0)
(0.0609728 0.438816 0)
(0.053405 0.433247 0)
(0.0464809 0.428512 0)
(0.0402367 0.424582 0)
(0.0346388 0.42137 0)
(0.0296196 0.418772 0)
(0.0250998 0.416688 0)
(0.020999 0.415031 0)
(0.0172419 0.413728 0)
(0.0137602 0.412721 0)
(0.0104929 0.411964 0)
(0.0073853 0.411423 0)
(0.00438809 0.411076 0)
(0.00145558 0.410906 0)
(-0.00145558 0.410906 0)
(-0.00438809 0.411076 0)
(-0.0073853 0.411423 0)
(-0.0104929 0.411964 0)
(-0.0137602 0.412721 0)
(-0.0172419 0.413728 0)
(-0.020999 0.415031 0)
(-0.0250998 0.416688 0)
(-0.0296196 0.418772 0)
(-0.0346388 0.42137 0)
(-0.0402367 0.424582 0)
(-0.0464809 0.428512 0)
(-0.053405 0.433247 0)
(-0.0609728 0.438816 0)
(-0.0690212 0.445119 0)
(-0.0771775 0.451795 0)
(-0.0847531 0.458017 0)
(-0.0906379 0.462191 0)
(-0.0932542 0.461592 0)
(-0.0906918 0.452022 0)
(-0.0811904 0.427754 0)
(-0.0641137 0.382136 0)
(-0.041081 0.309198 0)
(-0.0175035 0.205967 0)
(-0.00143573 0.0754024 0)
(0.00115406 0.0711929 0)
(0.01517 0.196444 0)
(0.0366537 0.297917 0)
(0.0586236 0.372193 0)
(0.0759806 0.420879 0)
(0.0866959 0.44862 0)
(0.090849 0.461194 0)
(0.0897593 0.463965 0)
(0.0851014 0.461124 0)
(0.0783866 0.455563 0)
(0.0707569 0.449082 0)
(0.0629718 0.442687 0)
(0.0554797 0.436875 0)
(0.0485075 0.431833 0)
(0.0421393 0.427585 0)
(0.0363747 0.424073 0)
(0.0311681 0.421208 0)
(0.0264532 0.418894 0)
(0.0221574 0.417046 0)
(0.0182091 0.415586 0)
(0.0145416 0.414455 0)
(0.011094 0.413603 0)
(0.00781096 0.412994 0)
(0.00464196 0.412602 0)
(0.00153995 0.41241 0)
(-0.00153995 0.41241 0)
(-0.00464196 0.412602 0)
(-0.00781096 0.412994 0)
(-0.011094 0.413603 0)
(-0.0145416 0.414455 0)
(-0.0182091 0.415586 0)
(-0.0221574 0.417046 0)
(-0.0264532 0.418894 0)
(-0.0311681 0.421208 0)
(-0.0363747 0.424073 0)
(-0.0421393 0.427585 0)
(-0.0485075 0.431833 0)
(-0.0554797 0.436875 0)
(-0.0629718 0.442687 0)
(-0.0707569 0.449082 0)
(-0.0783866 0.455563 0)
(-0.0851014 0.461124 0)
(-0.0897593 0.463965 0)
(-0.090849 0.461194 0)
(-0.0866959 0.44862 0)
(-0.0759806 0.420879 0)
(-0.0586236 0.372193 0)
(-0.0366537 0.297917 0)
(-0.01517 0.196444 0)
(-0.00115406 0.0711929 0)
(0.000945518 0.06755 0)
(0.0132632 0.187904 0)
(0.032836 0.287424 0)
(0.0536505 0.362499 0)
(0.0709924 0.413717 0)
(0.0825939 0.444592 0)
(0.088092 0.460063 0)
(0.0884005 0.465067 0)
(0.0849407 0.463705 0)
(0.0791213 0.458969 0)
(0.072083 0.452828 0)
(0.0646338 0.446455 0)
(0.0572849 0.440479 0)
(0.0503222 0.435183 0)
(0.0438767 0.430649 0)
(0.0379822 0.426856 0)
(0.0326167 0.423733 0)
(0.0277289 0.421194 0)
(0.0232553 0.419153 0)
(0.0191296 0.417536 0)
(0.0152876 0.416278 0)
(0.0116692 0.415329 0)
(0.0082189 0.414649 0)
(0.00488551 0.414211 0)
(0.00162093 0.413997 0)
(-0.00162093 0.413997 0)
(-0.00488551 0.414211 0)
(-0.0082189 0.414649 0)
(-0.0116692 0.415329 0)
(-0.0152876 0.416278 0)
(-0.0191296 0.417536 0)
(-0.0232553 0.419153 0)
(-0.0277289 0.421194 0)
(-0.0326167 0.423733 0)
(-0.0379822 0.426856 0)
(-0.0438767 0.430649 0)
(-0.0503222 0.435183 0)
(-0.0572849 0.440479 0)
(-0.0646338 0.446455 0)
(-0.072083 0.452828 0)
(-0.0791213 0.458969 0)
(-0.0849407 0.463705 0)
(-0.0884005 0.465067 0)
(-0.088092 0.460063 0)
(-0.0825939 0.444592 0)
(-0.0709924 0.413717 0)
(-0.0536505 0.362499 0)
(-0.032836 0.287424 0)
(-0.0132632 0.187904 0)
(-0.000945518 0.06755 0)
(0.000788643 0.0643664 0)
(0.011691 0.180219 0)
(0.0295385 0.277686 0)
(0.0491667 0.353135 0)
(0.0662747 0.406406 0)
(0.0784842 0.440073 0)
(0.0850938 0.458293 0)
(0.0866579 0.465542 0)
(0.0843425 0.465765 0)
(0.0794285 0.461993 0)
(0.0730268 0.456327 0)
(0.0659724 0.450087 0)
(0.0588262 0.444031 0)
(0.0519259 0.438537 0)
(0.0454474 0.433755 0)
(0.0394588 0.429703 0)
(0.0339627 0.426334 0)
(0.0289243 0.423575 0)
(0.0242907 0.421345 0)
(0.0200018 0.41957 0)
(0.0159969 0.418185 0)
(0.0122174 0.417137 0)
(0.00860837 0.416386 0)
(0.00511828 0.415901 0)
(0.00169836 0.415663 0)
(-0.00169836 0.415663 0)
(-0.00511828 0.415901 0)
(-0.00860837 0.416386 0)
(-0.0122174 0.417137 0)
(-0.0159969 0.418185 0)
(-0.0200018 0.41957 0)
(-0.0242907 0.421345 0)
(-0.0289243 0.423575 0)
(-0.0339627 0.426334 0)
(-0.0394588 0.429703 0)
(-0.0454474 0.433755 0)
(-0.0519259 0.438537 0)
(-0.0588262 0.444031 0)
(-0.0659724 0.450087 0)
(-0.0730268 0.456327 0)
(-0.0794285 0.461993 0)
(-0.0843425 0.465765 0)
(-0.0866579 0.465542 0)
(-0.0850938 0.458293 0)
(-0.0784842 0.440073 0)
(-0.0662747 0.406406 0)
(-0.0491667 0.353135 0)
(-0.0295385 0.277686 0)
(-0.011691 0.180219 0)
(-0.000788643 0.0643664 0)
(0.000668589 0.0615595 0)
(0.0103825 0.173278 0)
(0.0266822 0.268657 0)
(0.0451347 0.344148 0)
(0.0618522 0.399057 0)
(0.0744386 0.435185 0)
(0.0819449 0.455977 0)
(0.0846171 0.465444 0)
(0.0833748 0.46732 0)
(0.0793555 0.464628 0)
(0.0736181 0.459557 0)
(0.0670045 0.453556 0)
(0.0601117 0.447503 0)
(0.0533217 0.441873 0)
(0.0468517 0.436883 0)
(0.0408035 0.432598 0)
(0.0352045 0.429 0)
(0.0300378 0.42603 0)
(0.0252619 0.423614 0)
(0.0208242 0.421683 0)
(0.0166682 0.42017 0)
(0.0127377 0.419023 0)
(0.00897875 0.418199 0)
(0.00533991 0.417666 0)
(0.00177213 0.417405 0)
(-0.00177213 0.417405 0)
(-0.00533991 0.417666 0)
(-0.00897875 0.418199 0)
(-0.0127377 0.419023 0)
(-0.0166682 0.42017 0)
(-0.0208242 0.421683 0)
(-0.0252619 0.423614 0)
(-0.0300378 0.42603 0)
(-0.0352045 0.429 0)
(-0.0408035 0.432598 0)
(-0.0468517 0.436883 0)
(-0.0533217 0.441873 0)
(-0.0601117 0.447503 0)
(-0.0670045 0.453556 0)
(-0.0736181 0.459557 0)
(-0.0793555 0.464628 0)
(-0.0833748 0.46732 0)
(-0.0846171 0.465444 0)
(-0.0819449 0.455977 0)
(-0.0744386 0.435185 0)
(-0.0618522 0.399057 0)
(-0.0451347 0.344148 0)
(-0.0266822 0.268657 0)
(-0.0103825 0.173278 0)
(-0.000668589 0.0615595 0)
(0.000575069 0.0590649 0)
(0.00928326 0.166987 0)
(0.0241992 0.260286 0)
(0.0415135 0.335563 0)
(0.0577327 0.391753 0)
(0.0705079 0.430029 0)
(0.0787185 0.453204 0)
(0.0823525 0.464828 0)
(0.0821003 0.468396 0)
(0.0789491 0.466872 0)
(0.0738882 0.462503 0)
(0.0677492 0.456841 0)
(0.0611519 0.450873 0)
(0.0545146 0.445168 0)
(0.0480913 0.440014 0)
(0.0420161 0.435527 0)
(0.0363413 0.431717 0)
(0.0310681 0.428547 0)
(0.0261677 0.425952 0)
(0.0215957 0.423867 0)
(0.0173007 0.422228 0)
(0.0132295 0.420982 0)
(0.00932954 0.420085 0)
(0.0055501 0.419504 0)
(0.00184214 0.419219 0)
(-0.00184214 0.419219 0)
(-0.0055501 0.419504 0)
(-0.00932954 0.420085 0)
(-0.0132295 0.420982 0)
(-0.0173007 0.422228 0)
(-0.0215957 0.423867 0)
(-0.0261677 0.425952 0)
(-0.0310681 0.428547 0)
(-0.0363413 0.431717 0)
(-0.0420161 0.435527 0)
(-0.0480913 0.440014 0)
(-0.0545146 0.445168 0)
(-0.0611519 0.450873 0)
(-0.0677492 0.456841 0)
(-0.0738882 0.462503 0)
(-0.0789491 0.466872 0)
(-0.0821003 0.468396 0)
(-0.0823525 0.464828 0)
(-0.0787185 0.453204 0)
(-0.0705079 0.430029 0)
(-0.0577327 0.391753 0)
(-0.0415135 0.335563 0)
(-0.0241992 0.260286 0)
(-0.00928326 0.166987 0)
(-0.000575069 0.0590649 0)
(0.000500913 0.0568321 0)
(0.0083514 0.161264 0)
(0.0220322 0.252522 0)
(0.0382615 0.327392 0)
(0.0539126 0.384559 0)
(0.0667263 0.424693 0)
(0.0754719 0.450056 0)
(0.0799278 0.463753 0)
(0.0805764 0.469023 0)
(0.0782541 0.468734 0)
(0.0738688 0.465157 0)
(0.0682269 0.459925 0)
(0.061959 0.454121 0)
(0.055511 0.448403 0)
(0.0491694 0.443132 0)
(0.0430977 0.438474 0)
(0.037373 0.434474 0)
(0.0320147 0.431116 0)
(0.0270074 0.428351 0)
(0.0223156 0.426116 0)
(0.0178938 0.424354 0)
(0.0136922 0.423009 0)
(0.00966038 0.422039 0)
(0.00574864 0.42141 0)
(0.00190831 0.421101 0)
(-0.00190831 0.421101 0)
(-0.00574864 0.42141 0)
(-0.00966038 0.422039 0)
(-0.0136922 0.423009 0)
(-0.0178938 0.424354 0)
(-0.0223156 0.426116 0)
(-0.0270074 0.428351 0)
(-0.0320147 0.431116 0)
(-0.037373 0.434474 0)
(-0.0430977 0.438474 0)
(-0.0491694 0.443132 0)
(-0.055511 0.448403 0)
(-0.061959 0.454121 0)
(-0.0682269 0.459925 0)
(-0.0738688 0.465157 0)
(-0.0782541 0.468734 0)
(-0.0805764 0.469023 0)
(-0.0799278 0.463753 0)
(-0.0754719 0.450056 0)
(-0.0667263 0.424693 0)
(-0.0539126 0.384559 0)
(-0.0382615 0.327392 0)
(-0.0220322 0.252522 0)
(-0.0083514 0.161264 0)
(-0.000500913 0.0568321 0)
(0.000441094 0.054821 0)
(0.00755468 0.156039 0)
(0.0201329 0.245315 0)
(0.0353392 0.319632 0)
(0.0503811 0.37752 0)
(0.0631154 0.41925 0)
(0.0722497 0.446604 0)
(0.0773965 0.462276 0)
(0.0788541 0.469233 0)
(0.0773127 0.470226 0)
(0.0735912 0.467517 0)
(0.068459 0.462796 0)
(0.0625465 0.457231 0)
(0.056319 0.451563 0)
(0.0500901 0.446221 0)
(0.0440504 0.441425 0)
(0.0383002 0.437259 0)
(0.0328776 0.43373 0)
(0.0277807 0.430802 0)
(0.0229835 0.428424 0)
(0.0184469 0.42654 0)
(0.0141254 0.425099 0)
(0.00997099 0.424056 0)
(0.00593535 0.42338 0)
(0.00197059 0.423047 0)
(-0.00197059 0.423047 0)
(-0.00593535 0.42338 0)
(-0.00997099 0.424056 0)
(-0.0141254 0.425099 0)
(-0.0184469 0.42654 0)
(-0.0229835 0.428424 0)
(-0.0277807 0.430802 0)
(-0.0328776 0.43373 0)
(-0.0383002 0.437259 0)
(-0.0440504 0.441425 0)
(-0.0500901 0.446221 0)
(-0.056319 0.451563 0)
(-0.0625465 0.457231 0)
(-0.068459 0.462796 0)
(-0.0735912 0.467517 0)
(-0.0773127 0.470226 0)
(-0.0788541 0.469233 0)
(-0.0773965 0.462276 0)
(-0.0722497 0.446604 0)
(-0.0631154 0.41925 0)
(-0.0503811 0.37752 0)
(-0.0353392 0.319632 0)
(-0.0201329 0.245315 0)
(-0.00755468 0.156039 0)
(-0.000441094 0.054821 0)
(0.000392058 0.0529995 0)
(0.00686802 0.151253 0)
(0.0184611 0.238616 0)
(0.0327102 0.312276 0)
(0.0471231 0.37067 0)
(0.0596871 0.41376 0)
(0.0690857 0.442915 0)
(0.0748033 0.460451 0)
(0.0769789 0.469065 0)
(0.0761644 0.471366 0)
(0.073086 0.469584 0)
(0.0684675 0.465448 0)
(0.0629291 0.460191 0)
(0.0569477 0.454632 0)
(0.0508587 0.449267 0)
(0.0448769 0.444369 0)
(0.0391245 0.440061 0)
(0.0336574 0.436376 0)
(0.0284877 0.433298 0)
(0.0235993 0.430783 0)
(0.01896 0.428783 0)
(0.014529 0.427247 0)
(0.0102612 0.426134 0)
(0.00611015 0.42541 0)
(0.00202895 0.425054 0)
(-0.00202895 0.425054 0)
(-0.00611015 0.42541 0)
(-0.0102612 0.426134 0)
(-0.014529 0.427247 0)
(-0.01896 0.428783 0)
(-0.0235993 0.430783 0)
(-0.0284877 0.433298 0)
(-0.0336574 0.436376 0)
(-0.0391245 0.440061 0)
(-0.0448769 0.444369 0)
(-0.0508587 0.449267 0)
(-0.0569477 0.454632 0)
(-0.0629291 0.460191 0)
(-0.0684675 0.465448 0)
(-0.073086 0.469584 0)
(-0.0761644 0.471366 0)
(-0.0769789 0.469065 0)
(-0.0748033 0.460451 0)
(-0.0690857 0.442915 0)
(-0.0596871 0.41376 0)
(-0.0471231 0.37067 0)
(-0.0327102 0.312276 0)
(-0.0184611 0.238616 0)
(-0.00686802 0.151253 0)
(-0.000392058 0.0529995 0)
(0.000351265 0.0513413 0)
(0.00627186 0.146855 0)
(0.0169834 0.232382 0)
(0.0303413 0.305308 0)
(0.0441212 0.364031 0)
(0.0564466 0.40827 0)
(0.0660046 0.439046 0)
(0.0721848 0.45833 0)
(0.0749902 0.468553 0)
(0.0748449 0.472173 0)
(0.0723824 0.471365 0)
(0.068274 0.467875 0)
(0.0631217 0.462991 0)
(0.0574069 0.457598 0)
(0.0514815 0.452257 0)
(0.045581 0.447293 0)
(0.0398477 0.442869 0)
(0.0343551 0.439048 0)
(0.0291288 0.435831 0)
(0.0241631 0.433188 0)
(0.0194331 0.431075 0)
(0.014903 0.429448 0)
(0.0105311 0.428266 0)
(0.006273 0.427496 0)
(0.00208338 0.427117 0)
(-0.00208338 0.427117 0)
(-0.006273 0.427496 0)
(-0.0105311 0.428266 0)
(-0.014903 0.429448 0)
(-0.0194331 0.431075 0)
(-0.0241631 0.433188 0)
(-0.0291288 0.435831 0)
(-0.0343551 0.439048 0)
(-0.0398477 0.442869 0)
(-0.045581 0.447293 0)
(-0.0514815 0.452257 0)
(-0.0574069 0.457598 0)
(-0.0631217 0.462991 0)
(-0.068274 0.467875 0)
(-0.0723824 0.471365 0)
(-0.0748449 0.472173 0)
(-0.0749902 0.468553 0)
(-0.0721848 0.45833 0)
(-0.0660046 0.439046 0)
(-0.0564466 0.40827 0)
(-0.0441212 0.364031 0)
(-0.0303413 0.305308 0)
(-0.0169834 0.232382 0)
(-0.00627186 0.146855 0)
(-0.000351265 0.0513413 0)
(0.000316879 0.0498251 0)
(0.0057508 0.1428 0)
(0.0156719 0.226571 0)
(0.028203 0.298713 0)
(0.0413573 0.357617 0)
(0.0533939 0.402819 0)
(0.0630243 0.435047 0)
(0.0695705 0.455959 0)
(0.072922 0.467735 0)
(0.073387 0.47267 0)
(0.071508 0.47287 0)
(0.0678999 0.470078 0)
(0.0631398 0.465625 0)
(0.0577071 0.460452 0)
(0.0519652 0.45518 0)
(0.0461668 0.450186 0)
(0.0404725 0.445674 0)
(0.0349722 0.441736 0)
(0.0297049 0.438394 0)
(0.0246754 0.435631 0)
(0.0198664 0.433413 0)
(0.0152475 0.431698 0)
(0.0107806 0.430449 0)
(0.00642392 0.429634 0)
(0.00213388 0.429232 0)
(-0.00213388 0.429232 0)
(-0.00642392 0.429634 0)
(-0.0107806 0.430449 0)
(-0.0152475 0.431698 0)
(-0.0198664 0.433413 0)
(-0.0246754 0.435631 0)
(-0.0297049 0.438394 0)
(-0.0349722 0.441736 0)
(-0.0404725 0.445674 0)
(-0.0461668 0.450186 0)
(-0.0519652 0.45518 0)
(-0.0577071 0.460452 0)
(-0.0631398 0.465625 0)
(-0.0678999 0.470078 0)
(-0.071508 0.47287 0)
(-0.073387 0.47267 0)
(-0.072922 0.467735 0)
(-0.0695705 0.455959 0)
(-0.0630243 0.435047 0)
(-0.0533939 0.402819 0)
(-0.0413573 0.357617 0)
(-0.028203 0.298713 0)
(-0.0156719 0.226571 0)
(-0.0057508 0.1428 0)
(-0.000316879 0.0498251 0)
(0.000287555 0.0484332 0)
(0.00529263 0.139052 0)
(0.0145035 0.221147 0)
(0.0262694 0.292471 0)
(0.0388131 0.351435 0)
(0.0505256 0.397437 0)
(0.0601569 0.430958 0)
(0.066984 0.453381 0)
(0.0708034 0.466645 0)
(0.0718198 0.47288 0)
(0.0704885 0.474109 0)
(0.0673658 0.472059 0)
(0.0629988 0.468088 0)
(0.0578593 0.463186 0)
(0.0523171 0.458027 0)
(0.0466391 0.453039 0)
(0.0410019 0.448466 0)
(0.0355106 0.444432 0)
(0.0302172 0.44098 0)
(0.025137 0.438107 0)
(0.0202604 0.435789 0)
(0.0155627 0.433991 0)
(0.0110099 0.432678 0)
(0.00656301 0.43182 0)
(0.00218048 0.431396 0)
(-0.00218048 0.431396 0)
(-0.00656301 0.43182 0)
(-0.0110099 0.432678 0)
(-0.0155627 0.433991 0)
(-0.0202604 0.435789 0)
(-0.025137 0.438107 0)
(-0.0302172 0.44098 0)
(-0.0355106 0.444432 0)
(-0.0410019 0.448466 0)
(-0.0466391 0.453039 0)
(-0.0523171 0.458027 0)
(-0.0578593 0.463186 0)
(-0.0629988 0.468088 0)
(-0.0673658 0.472059 0)
(-0.0704885 0.474109 0)
(-0.0718198 0.47288 0)
(-0.0708034 0.466645 0)
(-0.066984 0.453381 0)
(-0.0601569 0.430958 0)
(-0.0505256 0.397437 0)
(-0.0388131 0.351435 0)
(-0.0262694 0.292471 0)
(-0.0145035 0.221147 0)
(-0.00529263 0.139052 0)
(-0.000287555 0.0484332 0)
(0.000262297 0.0471507 0)
(0.00488761 0.135577 0)
(0.0134589 0.216074 0)
(0.0245177 0.286563 0)
(0.0364712 0.345488 0)
(0.0478358 0.392147 0)
(0.0574101 0.426818 0)
(0.064444 0.450635 0)
(0.0686592 0.465317 0)
(0.0701693 0.472827 0)
(0.0693476 0.475097 0)
(0.0666914 0.473823 0)
(0.0627139 0.470378 0)
(0.0578745 0.465793 0)
(0.0525452 0.46079 0)
(0.0470033 0.455844 0)
(0.0414394 0.451238 0)
(0.0359725 0.447128 0)
(0.0306671 0.443581 0)
(0.0255487 0.44061 0)
(0.0206156 0.4382 0)
(0.0158489 0.436323 0)
(0.0112192 0.434949 0)
(0.00669037 0.434049 0)
(0.00222322 0.433604 0)
(-0.00222322 0.433604 0)
(-0.00669037 0.434049 0)
(-0.0112192 0.434949 0)
(-0.0158489 0.436323 0)
(-0.0206156 0.4382 0)
(-0.0255487 0.44061 0)
(-0.0306671 0.443581 0)
(-0.0359725 0.447128 0)
(-0.0414394 0.451238 0)
(-0.0470033 0.455844 0)
(-0.0525452 0.46079 0)
(-0.0578745 0.465793 0)
(-0.0627139 0.470378 0)
(-0.0666914 0.473823 0)
(-0.0693476 0.475097 0)
(-0.0701693 0.472827 0)
(-0.0686592 0.465317 0)
(-0.064444 0.450635 0)
(-0.0574101 0.426818 0)
(-0.0478358 0.392147 0)
(-0.0364712 0.345488 0)
(-0.0245177 0.286563 0)
(-0.0134589 0.216074 0)
(-0.00488761 0.135577 0)
(-0.000262297 0.0471507 0)
(0.000240355 0.0459649 0)
(0.00452787 0.132347 0)
(0.0125219 0.211324 0)
(0.0229278 0.280969 0)
(0.034315 0.339775 0)
(0.0453176 0.386968 0)
(0.0547882 0.422655 0)
(0.0619647 0.447756 0)
(0.0665099 0.463782 0)
(0.0684581 0.472536 0)
(0.068107 0.475848 0)
(0.0658954 0.475376 0)
(0.0623 0.472497 0)
(0.0577639 0.46827 0)
(0.0526573 0.463463 0)
(0.0472649 0.458592 0)
(0.0417887 0.453982 0)
(0.0363604 0.449818 0)
(0.0310563 0.446192 0)
(0.0259116 0.443133 0)
(0.0209327 0.440639 0)
(0.0161068 0.438689 0)
(0.0114088 0.437257 0)
(0.0068062 0.436318 0)
(0.00226215 0.435853 0)
(-0.00226215 0.435853 0)
(-0.0068062 0.436318 0)
(-0.0114088 0.437257 0)
(-0.0161068 0.438689 0)
(-0.0209327 0.440639 0)
(-0.0259116 0.443133 0)
(-0.0310563 0.446192 0)
(-0.0363604 0.449818 0)
(-0.0417887 0.453982 0)
(-0.0472649 0.458592 0)
(-0.0526573 0.463463 0)
(-0.0577639 0.46827 0)
(-0.0623 0.472497 0)
(-0.0658954 0.475376 0)
(-0.068107 0.475848 0)
(-0.0684581 0.472536 0)
(-0.0665099 0.463782 0)
(-0.0619647 0.447756 0)
(-0.0547882 0.422655 0)
(-0.0453176 0.386968 0)
(-0.034315 0.339775 0)
(-0.0229278 0.280969 0)
(-0.0125219 0.211324 0)
(-0.00452787 0.132347 0)
(-0.000240355 0.0459649 0)
(0.000221159 0.0448653 0)
(0.00420709 0.129338 0)
(0.0116791 0.206868 0)
(0.0214826 0.27567 0)
(0.0323294 0.334293 0)
(0.0429629 0.381911 0)
(0.052293 0.418494 0)
(0.0595571 0.444775 0)
(0.0643727 0.46207 0)
(0.0667064 0.472029 0)
(0.0667864 0.476378 0)
(0.0649951 0.476727 0)
(0.0617714 0.474444 0)
(0.0575385 0.470615 0)
(0.0526616 0.46604 0)
(0.0474296 0.461278 0)
(0.0420539 0.456691 0)
(0.0366772 0.452495 0)
(0.0313867 0.448805 0)
(0.0262271 0.445672 0)
(0.0212128 0.443102 0)
(0.016337 0.441085 0)
(0.0115793 0.439599 0)
(0.0069107 0.438622 0)
(0.00229734 0.438138 0)
(-0.00229734 0.438138 0)
(-0.0069107 0.438622 0)
(-0.0115793 0.439599 0)
(-0.016337 0.441085 0)
(-0.0212128 0.443102 0)
(-0.0262271 0.445672 0)
(-0.0313867 0.448805 0)
(-0.0366772 0.452495 0)
(-0.0420539 0.456691 0)
(-0.0474296 0.461278 0)
(-0.0526616 0.46604 0)
(-0.0575385 0.470615 0)
(-0.0617714 0.474444 0)
(-0.0649951 0.476727 0)
(-0.0667864 0.476378 0)
(-0.0667064 0.472029 0)
(-0.0643727 0.46207 0)
(-0.0595571 0.444775 0)
(-0.052293 0.418494 0)
(-0.0429629 0.381911 0)
(-0.0323294 0.334293 0)
(-0.0214826 0.27567 0)
(-0.0116791 0.206868 0)
(-0.00420709 0.129338 0)
(-0.000221159 0.0448653 0)
(0.000204268 0.0438424 0)
(0.0039201 0.126527 0)
(0.0109192 0.20268 0)
(0.0201671 0.270647 0)
(0.0305005 0.329035 0)
(0.0407634 0.376986 0)
(0.0499245 0.414358 0)
(0.0572292 0.441717 0)
(0.0622616 0.460207 0)
(0.0649312 0.471329 0)
(0.0654035 0.476703 0)
(0.0640069 0.477884 0)
(0.0611417 0.476225 0)
(0.0572092 0.472825 0)
(0.0525664 0.468518 0)
(0.0475036 0.463896 0)
(0.0422393 0.459358 0)
(0.0369259 0.455152 0)
(0.0316604 0.451417 0)
(0.0264967 0.44822 0)
(0.0214568 0.445585 0)
(0.01654 0.443506 0)
(0.0117309 0.44197 0)
(0.00700415 0.440959 0)
(0.00232889 0.440457 0)
(-0.00232889 0.440457 0)
(-0.00700415 0.440959 0)
(-0.0117309 0.44197 0)
(-0.01654 0.443506 0)
(-0.0214568 0.445585 0)
(-0.0264967 0.44822 0)
(-0.0316604 0.451417 0)
(-0.0369259 0.455152 0)
(-0.0422393 0.459358 0)
(-0.0475036 0.463896 0)
(-0.0525664 0.468518 0)
(-0.0572092 0.472825 0)
(-0.0611417 0.476225 0)
(-0.0640069 0.477884 0)
(-0.0654035 0.476703 0)
(-0.0649312 0.471329 0)
(-0.0622616 0.460207 0)
(-0.0572292 0.441717 0)
(-0.0499245 0.414358 0)
(-0.0407634 0.376986 0)
(-0.0305005 0.329035 0)
(-0.0201671 0.270647 0)
(-0.0109192 0.20268 0)
(-0.0039201 0.126527 0)
(-0.000204268 0.0438424 0)
(0.000189346 0.0428883 0)
(0.0036627 0.123896 0)
(0.0102329 0.198739 0)
(0.0189685 0.265883 0)
(0.0288157 0.323994 0)
(0.038711 0.3722 0)
(0.0476812 0.410262 0)
(0.0549868 0.438606 0)
(0.0601883 0.458219 0)
(0.0631475 0.470458 0)
(0.063974 0.47684 0)
(0.0629455 0.478857 0)
(0.0604238 0.477843 0)
(0.0567865 0.474902 0)
(0.0523798 0.470893 0)
(0.0474929 0.466442 0)
(0.0423494 0.46198 0)
(0.0371097 0.457784 0)
(0.0318798 0.45402 0)
(0.026722 0.450774 0)
(0.0216658 0.448081 0)
(0.0167167 0.445948 0)
(0.0118642 0.444367 0)
(0.00708682 0.443323 0)
(0.00235688 0.442805 0)
(-0.00235688 0.442805 0)
(-0.00708682 0.443323 0)
(-0.0118642 0.444367 0)
(-0.0167167 0.445948 0)
(-0.0216658 0.448081 0)
(-0.026722 0.450774 0)
(-0.0318798 0.45402 0)
(-0.0371097 0.457784 0)
(-0.0423494 0.46198 0)
(-0.0474929 0.466442 0)
(-0.0523798 0.470893 0)
(-0.0567865 0.474902 0)
(-0.0604238 0.477843 0)
(-0.0629455 0.478857 0)
(-0.063974 0.47684 0)
(-0.0631475 0.470458 0)
(-0.0601883 0.458219 0)
(-0.0549868 0.438606 0)
(-0.0476812 0.410262 0)
(-0.038711 0.3722 0)
(-0.0288157 0.323994 0)
(-0.0189685 0.265883 0)
(-0.0102329 0.198739 0)
(-0.0036627 0.123896 0)
(-0.000189346 0.0428883 0)
(0.000176133 0.041996 0)
(0.0034315 0.121427 0)
(0.00961234 0.195023 0)
(0.0178756 0.261359 0)
(0.0272639 0.319163 0)
(0.0367976 0.367554 0)
(0.0455608 0.40622 0)
(0.0528337 0.435463 0)
(0.058162 0.456127 0)
(0.0613679 0.469436 0)
(0.0625121 0.476804 0)
(0.0618247 0.479659 0)
(0.0596299 0.479304 0)
(0.0562805 0.476847 0)
(0.0521098 0.473164 0)
(0.0474037 0.468911 0)
(0.0423887 0.46455 0)
(0.0372319 0.460387 0)
(0.0320472 0.456611 0)
(0.0269048 0.453327 0)
(0.0218412 0.450587 0)
(0.0168681 0.448407 0)
(0.0119798 0.446785 0)
(0.00715906 0.445712 0)
(0.00238142 0.445179 0)
(-0.00238142 0.445179 0)
(-0.00715906 0.445712 0)
(-0.0119798 0.446785 0)
(-0.0168681 0.448407 0)
(-0.0218412 0.450587 0)
(-0.0269048 0.453327 0)
(-0.0320472 0.456611 0)
(-0.0372319 0.460387 0)
(-0.0423887 0.46455 0)
(-0.0474037 0.468911 0)
(-0.0521098 0.473164 0)
(-0.0562805 0.476847 0)
(-0.0596299 0.479304 0)
(-0.0618247 0.479659 0)
(-0.0625121 0.476804 0)
(-0.0613679 0.469436 0)
(-0.058162 0.456127 0)
(-0.0528337 0.435463 0)
(-0.0455608 0.40622 0)
(-0.0367976 0.367554 0)
(-0.0272639 0.319163 0)
(-0.0178756 0.261359 0)
(-0.00961234 0.195023 0)
(-0.0034315 0.121427 0)
(-0.000176133 0.041996 0)
(0.000164435 0.0411591 0)
(0.00322377 0.119104 0)
(0.00905109 0.191512 0)
(0.0168793 0.25706 0)
(0.0258353 0.314533 0)
(0.0350159 0.363052 0)
(0.0435604 0.402244 0)
(0.0507727 0.432306 0)
(0.05619 0.453952 0)
(0.0596034 0.468282 0)
(0.0610301 0.476612 0)
(0.0606568 0.480298 0)
(0.0587713 0.480615 0)
(0.0557008 0.478662 0)
(0.0517642 0.475331 0)
(0.0472419 0.471302 0)
(0.0423618 0.467066 0)
(0.0372959 0.462955 0)
(0.0321651 0.459184 0)
(0.0270468 0.455877 0)
(0.0219842 0.453099 0)
(0.016995 0.450879 0)
(0.0120783 0.449221 0)
(0.00722123 0.448122 0)
(0.00240264 0.447575 0)
(-0.00240264 0.447575 0)
(-0.00722123 0.448122 0)
(-0.0120783 0.449221 0)
(-0.016995 0.450879 0)
(-0.0219842 0.453099 0)
(-0.0270468 0.455877 0)
(-0.0321651 0.459184 0)
(-0.0372959 0.462955 0)
(-0.0423618 0.467066 0)
(-0.0472419 0.471302 0)
(-0.0517642 0.475331 0)
(-0.0557008 0.478662 0)
(-0.0587713 0.480615 0)
(-0.0606568 0.480298 0)
(-0.0610301 0.476612 0)
(-0.0596034 0.468282 0)
(-0.05619 0.453952 0)
(-0.0507727 0.432306 0)
(-0.0435604 0.402244 0)
(-0.0350159 0.363052 0)
(-0.0258353 0.314533 0)
(-0.0168793 0.25706 0)
(-0.00905109 0.191512 0)
(-0.00322377 0.119104 0)
(-0.000164435 0.0411591 0)
(0.000154118 0.040372 0)
(0.0030374 0.116914 0)
(0.00854398 0.18819 0)
(0.0159717 0.25297 0)
(0.0245212 0.310094 0)
(0.0333588 0.358692 0)
(0.0416769 0.398342 0)
(0.048805 0.429149 0)
(0.0542782 0.451712 0)
(0.0578629 0.467016 0)
(0.0595389 0.476277 0)
(0.0594531 0.480788 0)
(0.0578585 0.481782 0)
(0.0550566 0.480351 0)
(0.0513505 0.477394 0)
(0.0470136 0.473613 0)
(0.0422734 0.469523 0)
(0.0373054 0.465485 0)
(0.0322363 0.461735 0)
(0.0271501 0.458418 0)
(0.0220963 0.455613 0)
(0.0170984 0.45336 0)
(0.0121605 0.451672 0)
(0.00727371 0.45055 0)
(0.00242065 0.449991 0)
(-0.00242065 0.449991 0)
(-0.00727371 0.45055 0)
(-0.0121605 0.451672 0)
(-0.0170984 0.45336 0)
(-0.0220963 0.455613 0)
(-0.0271501 0.458418 0)
(-0.0322363 0.461735 0)
(-0.0373054 0.465485 0)
(-0.0422734 0.469523 0)
(-0.0470136 0.473613 0)
(-0.0513505 0.477394 0)
(-0.0550566 0.480351 0)
(-0.0578585 0.481782 0)
(-0.0594531 0.480788 0)
(-0.0595389 0.476277 0)
(-0.0578629 0.467016 0)
(-0.0542782 0.451712 0)
(-0.048805 0.429149 0)
(-0.0416769 0.398342 0)
(-0.0333588 0.358692 0)
(-0.0245212 0.310094 0)
(-0.0159717 0.25297 0)
(-0.00854398 0.18819 0)
(-0.0030374 0.116914 0)
(-0.000154118 0.040372 0)
(0.000145107 0.0396294 0)
(0.00287082 0.114844 0)
(0.00808694 0.185041 0)
(0.0151464 0.249074 0)
(0.0233144 0.305839 0)
(0.0318203 0.354474 0)
(0.0399068 0.394521 0)
(0.0469312 0.426005 0)
(0.0524312 0.449423 0)
(0.0561541 0.465652 0)
(0.058048 0.475816 0)
(0.0582236 0.481138 0)
(0.0569011 0.482813 0)
(0.0543564 0.481916 0)
(0.0508759 0.479353 0)
(0.0467248 0.475841 0)
(0.042128 0.47192 0)
(0.0372638 0.467974 0)
(0.0322634 0.464261 0)
(0.0272166 0.460947 0)
(0.022179 0.458125 0)
(0.0171795 0.455847 0)
(0.012227 0.454134 0)
(0.00731694 0.452992 0)
(0.00243561 0.452422 0)
(-0.00243561 0.452422 0)
(-0.00731694 0.452992 0)
(-0.012227 0.454134 0)
(-0.0171795 0.455847 0)
(-0.022179 0.458125 0)
(-0.0272166 0.460947 0)
(-0.0322634 0.464261 0)
(-0.0372638 0.467974 0)
(-0.042128 0.47192 0)
(-0.0467248 0.475841 0)
(-0.0508759 0.479353 0)
(-0.0543564 0.481916 0)
(-0.0569011 0.482813 0)
(-0.0582236 0.481138 0)
(-0.058048 0.475816 0)
(-0.0561541 0.465652 0)
(-0.0524312 0.449423 0)
(-0.0469312 0.426005 0)
(-0.0399068 0.394521 0)
(-0.0318203 0.354474 0)
(-0.0233144 0.305839 0)
(-0.0151464 0.249074 0)
(-0.00808694 0.185041 0)
(-0.00287082 0.114844 0)
(-0.000145107 0.0396294 0)
(0.000137392 0.0389264 0)
(0.00272303 0.112881 0)
(0.007677 0.182049 0)
(0.0143985 0.245358 0)
(0.0222089 0.301757 0)
(0.0303949 0.350396 0)
(0.038247 0.390787 0)
(0.0451515 0.422887 0)
(0.0506523 0.4471 0)
(0.0544832 0.464207 0)
(0.0565654 0.475243 0)
(0.0569772 0.481361 0)
(0.0559079 0.483716 0)
(0.0536083 0.483363 0)
(0.0503475 0.48121 0)
(0.046381 0.477986 0)
(0.0419303 0.474254 0)
(0.0371747 0.470418 0)
(0.0322492 0.466759 0)
(0.0272486 0.46346 0)
(0.0222339 0.460632 0)
(0.0172393 0.458336 0)
(0.0122786 0.456603 0)
(0.00735135 0.455446 0)
(0.00244764 0.454867 0)
(-0.00244764 0.454867 0)
(-0.00735135 0.455446 0)
(-0.0122786 0.456603 0)
(-0.0172393 0.458336 0)
(-0.0222339 0.460632 0)
(-0.0272486 0.46346 0)
(-0.0322492 0.466759 0)
(-0.0371747 0.470418 0)
(-0.0419303 0.474254 0)
(-0.046381 0.477986 0)
(-0.0503475 0.48121 0)
(-0.0536083 0.483363 0)
(-0.0559079 0.483716 0)
(-0.0569772 0.481361 0)
(-0.0565654 0.475243 0)
(-0.0544832 0.464207 0)
(-0.0506523 0.4471 0)
(-0.0451515 0.422887 0)
(-0.038247 0.390787 0)
(-0.0303949 0.350396 0)
(-0.0222089 0.301757 0)
(-0.0143985 0.245358 0)
(-0.007677 0.182049 0)
(-0.00272303 0.112881 0)
(-0.000137392 0.0389264 0)
(0.00013104 0.0382584 0)
(0.00259359 0.111015 0)
(0.00731226 0.179199 0)
(0.0137243 0.24181 0)
(0.0211999 0.29784 0)
(0.0290779 0.346456 0)
(0.0366944 0.387143 0)
(0.0434653 0.419803 0)
(0.0489441 0.444757 0)
(0.0528555 0.462696 0)
(0.0550983 0.474569 0)
(0.0557219 0.481467 0)
(0.0548869 0.484497 0)
(0.0528197 0.484696 0)
(0.0497717 0.482966 0)
(0.0459878 0.480049 0)
(0.0416848 0.476523 0)
(0.0370418 0.472814 0)
(0.0321964 0.469225 0)
(0.0272481 0.465954 0)
(0.0222626 0.46313 0)
(0.0172792 0.460825 0)
(0.0123162 0.459078 0)
(0.00737743 0.457908 0)
(0.00245692 0.457322 0)
(-0.00245692 0.457322 0)
(-0.00737743 0.457908 0)
(-0.0123162 0.459078 0)
(-0.0172792 0.460825 0)
(-0.0222626 0.46313 0)
(-0.0272481 0.465954 0)
(-0.0321964 0.469225 0)
(-0.0370418 0.472814 0)
(-0.0416848 0.476523 0)
(-0.0459878 0.480049 0)
(-0.0497717 0.482966 0)
(-0.0528197 0.484696 0)
(-0.0548869 0.484497 0)
(-0.0557219 0.481467 0)
(-0.0550983 0.474569 0)
(-0.0528555 0.462696 0)
(-0.0489441 0.444757 0)
(-0.0434653 0.419803 0)
(-0.0366944 0.387143 0)
(-0.0290779 0.346456 0)
(-0.0211999 0.29784 0)
(-0.0137243 0.24181 0)
(-0.00731226 0.179199 0)
(-0.00259359 0.111015 0)
(-0.00013104 0.0382584 0)
(0.000126221 0.0376206 0)
(0.00248271 0.109235 0)
(0.00699191 0.176479 0)
(0.0131214 0.238416 0)
(0.0202838 0.29408 0)
(0.0278655 0.342649 0)
(0.0352462 0.383594 0)
(0.041872 0.416762 0)
(0.0473084 0.442406 0)
(0.0512752 0.46113 0)
(0.0536527 0.473809 0)
(0.0544648 0.481467 0)
(0.0538454 0.485167 0)
(0.0519975 0.485921 0)
(0.0491549 0.484625 0)
(0.0455505 0.48203 0)
(0.0413959 0.478726 0)
(0.0368685 0.475162 0)
(0.032108 0.471656 0)
(0.0272174 0.468427 0)
(0.0222668 0.465616 0)
(0.0173002 0.463309 0)
(0.0123405 0.461554 0)
(0.00739567 0.460376 0)
(0.0024636 0.459784 0)
(-0.0024636 0.459784 0)
(-0.00739567 0.460376 0)
(-0.0123405 0.461554 0)
(-0.0173002 0.463309 0)
(-0.0222668 0.465616 0)
(-0.0272174 0.468427 0)
(-0.032108 0.471656 0)
(-0.0368685 0.475162 0)
(-0.0413959 0.478726 0)
(-0.0455505 0.48203 0)
(-0.0491549 0.484625 0)
(-0.0519975 0.485921 0)
(-0.0538454 0.485167 0)
(-0.0544648 0.481467 0)
(-0.0536527 0.473809 0)
(-0.0512752 0.46113 0)
(-0.0473084 0.442406 0)
(-0.041872 0.416762 0)
(-0.0352462 0.383594 0)
(-0.0278655 0.342649 0)
(-0.0202838 0.29408 0)
(-0.0131214 0.238416 0)
(-0.00699191 0.176479 0)
(-0.00248271 0.109235 0)
(-0.000126221 0.0376206 0)
(0.00012324 0.037008 0)
(0.00239133 0.107529 0)
(0.00671629 0.173876 0)
(0.0125888 0.235166 0)
(0.0194581 0.290468 0)
(0.0267546 0.338975 0)
(0.0339 0.380141 0)
(0.0403706 0.413772 0)
(0.0457466 0.440056 0)
(0.0497457 0.459524 0)
(0.0522336 0.472974 0)
(0.053212 0.481371 0)
(0.0527901 0.485731 0)
(0.0511484 0.487041 0)
(0.0485028 0.48619 0)
(0.0450744 0.483929 0)
(0.0410679 0.480864 0)
(0.0366586 0.477458 0)
(0.031987 0.47405 0)
(0.0271588 0.470875 0)
(0.0222484 0.468088 0)
(0.0173038 0.465788 0)
(0.0123525 0.46403 0)
(0.00740662 0.462846 0)
(0.00246786 0.462252 0)
(-0.00246786 0.462252 0)
(-0.00740662 0.462846 0)
(-0.0123525 0.46403 0)
(-0.0173038 0.465788 0)
(-0.0222484 0.468088 0)
(-0.0271588 0.470875 0)
(-0.031987 0.47405 0)
(-0.0366586 0.477458 0)
(-0.0410679 0.480864 0)
(-0.0450744 0.483929 0)
(-0.0485028 0.48619 0)
(-0.0511484 0.487041 0)
(-0.0527901 0.485731 0)
(-0.053212 0.481371 0)
(-0.0522336 0.472974 0)
(-0.0497457 0.459524 0)
(-0.0457466 0.440056 0)
(-0.0403706 0.413772 0)
(-0.0339 0.380141 0)
(-0.0267546 0.338975 0)
(-0.0194581 0.290468 0)
(-0.0125888 0.235166 0)
(-0.00671629 0.173876 0)
(-0.00239133 0.107529 0)
(-0.00012324 0.037008 0)
(0.000122588 0.0364153 0)
(0.00232127 0.105887 0)
(0.00648697 0.171377 0)
(0.0121268 0.232047 0)
(0.0187214 0.286997 0)
(0.0257431 0.335429 0)
(0.0326537 0.376786 0)
(0.0389603 0.41084 0)
(0.0442595 0.437718 0)
(0.0482699 0.457887 0)
(0.0508457 0.472076 0)
(0.0519692 0.481188 0)
(0.051727 0.486198 0)
(0.0502783 0.488064 0)
(0.0478213 0.487662 0)
(0.0445646 0.485747 0)
(0.0407054 0.482934 0)
(0.0364157 0.479702 0)
(0.0318361 0.476406 0)
(0.0270747 0.473296 0)
(0.0222091 0.470544 0)
(0.0172914 0.468257 0)
(0.0123533 0.466503 0)
(0.00741085 0.465318 0)
(0.0024699 0.464722 0)
(-0.0024699 0.464722 0)
(-0.00741085 0.465318 0)
(-0.0123533 0.466503 0)
(-0.0172914 0.468257 0)
(-0.0222091 0.470544 0)
(-0.0270747 0.473296 0)
(-0.0318361 0.476406 0)
(-0.0364157 0.479702 0)
(-0.0407054 0.482934 0)
(-0.0445646 0.485747 0)
(-0.0478213 0.487662 0)
(-0.0502783 0.488064 0)
(-0.051727 0.486198 0)
(-0.0519692 0.481188 0)
(-0.0508457 0.472076 0)
(-0.0482699 0.457887 0)
(-0.0442595 0.437718 0)
(-0.0389603 0.41084 0)
(-0.0326537 0.376786 0)
(-0.0257431 0.335429 0)
(-0.0187214 0.286997 0)
(-0.0121268 0.232047 0)
(-0.00648697 0.171377 0)
(-0.00232127 0.105887 0)
(-0.000122588 0.0364153 0)
(0.00012501 0.0358364 0)
(0.00227537 0.104297 0)
(0.00630679 0.168969 0)
(0.0117366 0.22905 0)
(0.0180734 0.28366 0)
(0.0248293 0.332009 0)
(0.0315056 0.373532 0)
(0.0376404 0.40797 0)
(0.0428478 0.435401 0)
(0.0468501 0.456231 0)
(0.0494929 0.471125 0)
(0.0507414 0.48093 0)
(0.0506619 0.486576 0)
(0.049393 0.488994 0)
(0.0471159 0.489046 0)
(0.0440261 0.487487 0)
(0.0403127 0.484938 0)
(0.0361436 0.481893 0)
(0.0316588 0.478721 0)
(0.0269676 0.475689 0)
(0.0221509 0.47298 0)
(0.0172644 0.470716 0)
(0.0123437 0.468971 0)
(0.00740896 0.467788 0)
(0.00246991 0.467192 0)
(-0.00246991 0.467192 0)
(-0.00740896 0.467788 0)
(-0.0123437 0.468971 0)
(-0.0172644 0.470716 0)
(-0.0221509 0.47298 0)
(-0.0269676 0.475689 0)
(-0.0316588 0.478721 0)
(-0.0361436 0.481893 0)
(-0.0403126 0.484938 0)
(-0.0440261 0.487487 0)
(-0.0471159 0.489046 0)
(-0.049393 0.488994 0)
(-0.0506619 0.486576 0)
(-0.0507414 0.48093 0)
(-0.0494929 0.471125 0)
(-0.0468501 0.456231 0)
(-0.0428478 0.435401 0)
(-0.0376404 0.40797 0)
(-0.0315056 0.373532 0)
(-0.0248293 0.332009 0)
(-0.0180734 0.28366 0)
(-0.0117366 0.22905 0)
(-0.00630679 0.168969 0)
(-0.00227537 0.104297 0)
(-0.00012501 0.0358364 0)
(0.000131598 0.0352641 0)
(0.00225768 0.102747 0)
(0.00617985 0.166642 0)
(0.0114208 0.226166 0)
(0.0175146 0.28045 0)
(0.0240124 0.328713 0)
(0.0304545 0.370381 0)
(0.0364101 0.405169 0)
(0.0415122 0.433114 0)
(0.0454886 0.454565 0)
(0.0481789 0.47013 0)
(0.0495337 0.480604 0)
(0.0496003 0.486872 0)
(0.0484985 0.489837 0)
(0.0463922 0.490346 0)
(0.0434641 0.489149 0)
(0.0398944 0.486876 0)
(0.0358463 0.484029 0)
(0.0314581 0.480994 0)
(0.0268404 0.47805 0)
(0.0220761 0.475395 0)
(0.0172245 0.473161 0)
(0.012325 0.471431 0)
(0.00740163 0.470255 0)
(0.00246811 0.469661 0)
(-0.00246811 0.469661 0)
(-0.00740163 0.470255 0)
(-0.012325 0.471431 0)
(-0.0172245 0.473161 0)
(-0.0220761 0.475395 0)
(-0.0268404 0.47805 0)
(-0.0314581 0.480994 0)
(-0.0358463 0.484029 0)
(-0.0398944 0.486876 0)
(-0.0434641 0.489149 0)
(-0.0463922 0.490346 0)
(-0.0484985 0.489837 0)
(-0.0496003 0.486872 0)
(-0.0495337 0.480604 0)
(-0.0481789 0.47013 0)
(-0.0454886 0.454565 0)
(-0.0415122 0.433114 0)
(-0.0364101 0.405169 0)
(-0.0304545 0.370381 0)
(-0.0240124 0.328713 0)
(-0.0175146 0.28045 0)
(-0.0114208 0.226166 0)
(-0.00617985 0.166642 0)
(-0.00225768 0.102747 0)
(-0.000131598 0.0352641 0)
(0.000143921 0.0346896 0)
(0.00227358 0.101225 0)
(0.00611133 0.164383 0)
(0.0111825 0.223385 0)
(0.0170458 0.277364 0)
(0.0232919 0.32554 0)
(0.0294995 0.367334 0)
(0.0352692 0.402442 0)
(0.0402538 0.430863 0)
(0.0441882 0.452897 0)
(0.0469079 0.469102 0)
(0.0483511 0.480219 0)
(0.0485483 0.487094 0)
(0.0476008 0.490598 0)
(0.0456563 0.491563 0)
(0.0428843 0.490735 0)
(0.0394556 0.488747 0)
(0.0355281 0.486111 0)
(0.031238 0.483224 0)
(0.0266959 0.48038 0)
(0.021987 0.477788 0)
(0.0171735 0.475591 0)
(0.0122984 0.473882 0)
(0.0073896 0.472717 0)
(0.00246476 0.472127 0)
(-0.00246476 0.472127 0)
(-0.0073896 0.472717 0)
(-0.0122984 0.473882 0)
(-0.0171735 0.475591 0)
(-0.021987 0.477788 0)
(-0.0266959 0.48038 0)
(-0.031238 0.483224 0)
(-0.0355281 0.486111 0)
(-0.0394556 0.488747 0)
(-0.0428843 0.490735 0)
(-0.0456563 0.491563 0)
(-0.0476008 0.490598 0)
(-0.0485483 0.487094 0)
(-0.0483511 0.480219 0)
(-0.0469079 0.469102 0)
(-0.0441882 0.452897 0)
(-0.0402538 0.430863 0)
(-0.0352692 0.402442 0)
(-0.0294995 0.367334 0)
(-0.0232919 0.32554 0)
(-0.0170458 0.277364 0)
(-0.0111825 0.223385 0)
(-0.00611133 0.164383 0)
(-0.00227358 0.101225 0)
(-0.000143921 0.0346896 0)
(0.000164205 0.034102 0)
(0.00232978 0.0997165 0)
(0.00610704 0.162182 0)
(0.011025 0.220701 0)
(0.0166681 0.274395 0)
(0.0226675 0.322487 0)
(0.0286405 0.364393 0)
(0.0342185 0.399792 0)
(0.0390746 0.428655 0)
(0.0429524 0.451238 0)
(0.0456849 0.468049 0)
(0.0472 0.479784 0)
(0.0475126 0.487247 0)
(0.0467071 0.491283 0)
(0.0449152 0.492704 0)
(0.0422931 0.492249 0)
(0.0390021 0.490554 0)
(0.0351941 0.488138 0)
(0.0310025 0.48541 0)
(0.0265377 0.482676 0)
(0.0218863 0.480157 0)
(0.0171134 0.478006 0)
(0.0122653 0.476323 0)
(0.00737369 0.475172 0)
(0.00246011 0.474589 0)
(-0.00246011 0.474589 0)
(-0.00737369 0.475172 0)
(-0.0122653 0.476323 0)
(-0.0171134 0.478006 0)
(-0.0218863 0.480157 0)
(-0.0265377 0.482676 0)
(-0.0310025 0.48541 0)
(-0.0351941 0.488138 0)
(-0.0390021 0.490554 0)
(-0.0422931 0.492249 0)
(-0.0449152 0.492704 0)
(-0.0467071 0.491283 0)
(-0.0475126 0.487247 0)
(-0.0472 0.479784 0)
(-0.0456849 0.468049 0)
(-0.0429524 0.451238 0)
(-0.0390746 0.428655 0)
(-0.0342185 0.399792 0)
(-0.0286405 0.364393 0)
(-0.0226675 0.322487 0)
(-0.0166681 0.274395 0)
(-0.011025 0.220701 0)
(-0.00610704 0.162182 0)
(-0.00232978 0.0997165 0)
(-0.000164205 0.034102 0)
(0.000195397 0.0334882 0)
(0.00243389 0.0982072 0)
(0.00617228 0.160029 0)
(0.0109503 0.218107 0)
(0.0163816 0.271542 0)
(0.0221389 0.319554 0)
(0.0278777 0.361559 0)
(0.0332598 0.397225 0)
(0.0379785 0.426496 0)
(0.041787 0.449592 0)
(0.0445174 0.466978 0)
(0.0460888 0.479305 0)
(0.0465024 0.48734 0)
(0.0458266 0.491897 0)
(0.0441777 0.49377 0)
(0.0416987 0.493692 0)
(0.0385411 0.492297 0)
(0.0348505 0.490111 0)
(0.0307568 0.487552 0)
(0.0263698 0.484938 0)
(0.0217773 0.482501 0)
(0.0170467 0.480403 0)
(0.0122274 0.478753 0)
(0.00735486 0.47762 0)
(0.0024545 0.477044 0)
(-0.0024545 0.477044 0)
(-0.00735486 0.47762 0)
(-0.0122274 0.478753 0)
(-0.0170467 0.480403 0)
(-0.0217773 0.482501 0)
(-0.0263698 0.484938 0)
(-0.0307568 0.487552 0)
(-0.0348505 0.490111 0)
(-0.0385411 0.492297 0)
(-0.0416987 0.493692 0)
(-0.0441777 0.49377 0)
(-0.0458266 0.491897 0)
(-0.0465024 0.48734 0)
(-0.0460888 0.479305 0)
(-0.0445174 0.466978 0)
(-0.041787 0.449592 0)
(-0.0379785 0.426496 0)
(-0.0332598 0.397225 0)
(-0.0278777 0.361559 0)
(-0.0221389 0.319554 0)
(-0.0163816 0.271542 0)
(-0.0109503 0.218107 0)
(-0.00617228 0.160029 0)
(-0.00243389 0.0982072 0)
(-0.000195397 0.0334882 0)
(0.000240612 0.0328347 0)
(0.00259337 0.0966865 0)
(0.00630989 0.157921 0)
(0.0109574 0.215604 0)
(0.0161841 0.268805 0)
(0.0217052 0.316743 0)
(0.0272127 0.358836 0)
(0.0323974 0.394745 0)
(0.0369725 0.424393 0)
(0.0407013 0.44797 0)
(0.0434165 0.465899 0)
(0.04503 0.478791 0)
(0.0455306 0.487378 0)
(0.044972 0.492445 0)
(0.0434556 0.494767 0)
(0.0411118 0.495066 0)
(0.0380821 0.493976 0)
(0.0345052 0.492028 0)
(0.0305075 0.489648 0)
(0.0261975 0.487164 0)
(0.0216639 0.484816 0)
(0.016976 0.482779 0)
(0.0121865 0.481167 0)
(0.00733421 0.480056 0)
(0.00244826 0.479491 0)
(-0.00244826 0.479491 0)
(-0.00733421 0.480056 0)
(-0.0121865 0.481167 0)
(-0.016976 0.482779 0)
(-0.0216639 0.484816 0)
(-0.0261975 0.487164 0)
(-0.0305075 0.489648 0)
(-0.0345052 0.492028 0)
(-0.0380821 0.493976 0)
(-0.0411118 0.495066 0)
(-0.0434556 0.494767 0)
(-0.044972 0.492445 0)
(-0.0455306 0.487378 0)
(-0.04503 0.478791 0)
(-0.0434165 0.465899 0)
(-0.0407013 0.44797 0)
(-0.0369725 0.424393 0)
(-0.0323974 0.394745 0)
(-0.0272127 0.358836 0)
(-0.0217052 0.316743 0)
(-0.0161841 0.268805 0)
(-0.0109574 0.215604 0)
(-0.00630989 0.157921 0)
(-0.00259337 0.0966865 0)
(-0.000240612 0.0328347 0)
(0.000302535 0.0321226 0)
(0.00281341 0.0951419 0)
(0.00651692 0.155855 0)
(0.0110393 0.213192 0)
(0.0160699 0.266186 0)
(0.0213645 0.314057 0)
(0.0266484 0.356229 0)
(0.031639 0.392359 0)
(0.0360687 0.422356 0)
(0.0397108 0.446379 0)
(0.0424 0.46482 0)
(0.0440425 0.478251 0)
(0.0446163 0.48737 0)
(0.0441616 0.492932 0)
(0.042766 0.495696 0)
(0.0405476 0.496372 0)
(0.0376379 0.495592 0)
(0.0341689 0.493888 0)
(0.0302631 0.491695 0)
(0.0260274 0.489348 0)
(0.0215509 0.487099 0)
(0.016905 0.485128 0)
(0.012145 0.48356 0)
(0.00731303 0.482475 0)
(0.00244182 0.481922 0)
(-0.00244182 0.481922 0)
(-0.00731303 0.482475 0)
(-0.012145 0.48356 0)
(-0.016905 0.485128 0)
(-0.0215509 0.487099 0)
(-0.0260274 0.489348 0)
(-0.0302631 0.491695 0)
(-0.0341689 0.493888 0)
(-0.0376379 0.495592 0)
(-0.0405476 0.496372 0)
(-0.042766 0.495696 0)
(-0.0441616 0.492932 0)
(-0.0446163 0.48737 0)
(-0.0440425 0.478251 0)
(-0.0424 0.46482 0)
(-0.0397108 0.446379 0)
(-0.0360687 0.422356 0)
(-0.031639 0.392359 0)
(-0.0266484 0.356229 0)
(-0.0213645 0.314057 0)
(-0.0160699 0.266186 0)
(-0.0110393 0.213192 0)
(-0.00651692 0.155855 0)
(-0.00281341 0.0951419 0)
(-0.000302535 0.0321226 0)
(0.000389296 0.0312978 0)
(0.00309165 0.0935197 0)
(0.00677911 0.153783 0)
(0.0111794 0.210817 0)
(0.0160277 0.26363 0)
(0.0211139 0.311443 0)
(0.0261908 0.353691 0)
(0.0309989 0.390028 0)
(0.035288 0.420353 0)
(0.0388417 0.444801 0)
(0.0414973 0.463731 0)
(0.043157 0.477682 0)
(0.0437898 0.487319 0)
(0.0434239 0.49337 0)
(0.0421346 0.496575 0)
(0.0400282 0.497632 0)
(0.0372271 0.497168 0)
(0.0338566 0.495718 0)
(0.0300351 0.493722 0)
(0.025868 0.491523 0)
(0.0214447 0.489381 0)
(0.0168379 0.487486 0)
(0.0121056 0.485967 0)
(0.00729285 0.484912 0)
(0.00243568 0.484373 0)
(-0.00243568 0.484373 0)
(-0.00729285 0.484912 0)
(-0.0121056 0.485967 0)
(-0.0168379 0.487486 0)
(-0.0214447 0.489381 0)
(-0.025868 0.491523 0)
(-0.0300351 0.493722 0)
(-0.0338566 0.495718 0)
(-0.0372271 0.497168 0)
(-0.0400282 0.497632 0)
(-0.0421346 0.496575 0)
(-0.0434239 0.49337 0)
(-0.0437898 0.487319 0)
(-0.043157 0.477682 0)
(-0.0414973 0.463731 0)
(-0.0388417 0.444801 0)
(-0.035288 0.420353 0)
(-0.0309989 0.390028 0)
(-0.0261908 0.353691 0)
(-0.0211139 0.311443 0)
(-0.0160277 0.26363 0)
(-0.0111794 0.210817 0)
(-0.00677911 0.153783 0)
(-0.00309165 0.0935197 0)
(-0.000389296 0.0312978 0)
(0.000531993 0.0302585 0)
(0.00339901 0.0917056 0)
(0.00705687 0.151561 0)
(0.0113444 0.208313 0)
(0.0160394 0.260955 0)
(0.0209523 0.308718 0)
(0.0258558 0.351045 0)
(0.0305082 0.387595 0)
(0.0346739 0.418252 0)
(0.038146 0.443132 0)
(0.0407654 0.462563 0)
(0.0424321 0.47705 0)
(0.0431079 0.487225 0)
(0.0428118 0.493791 0)
(0.0416083 0.497463 0)
(0.0395939 0.498929 0)
(0.0368829 0.49881 0)
(0.0335946 0.497641 0)
(0.0298438 0.495865 0)
(0.0257343 0.493835 0)
(0.0213556 0.491817 0)
(0.0167818 0.490009 0)
(0.0120727 0.48855 0)
(0.00727609 0.487532 0)
(0.0024306 0.48701 0)
(-0.0024306 0.48701 0)
(-0.00727609 0.487532 0)
(-0.0120727 0.48855 0)
(-0.0167818 0.490009 0)
(-0.0213556 0.491817 0)
(-0.0257343 0.493835 0)
(-0.0298438 0.495865 0)
(-0.0335946 0.497641 0)
(-0.0368829 0.49881 0)
(-0.0395939 0.498929 0)
(-0.0416083 0.497463 0)
(-0.0428118 0.493791 0)
(-0.0431079 0.487225 0)
(-0.0424321 0.47705 0)
(-0.0407654 0.462563 0)
(-0.038146 0.443132 0)
(-0.0346739 0.418252 0)
(-0.0305082 0.387595 0)
(-0.0258558 0.351045 0)
(-0.0209523 0.308718 0)
(-0.0160394 0.260955 0)
(-0.0113444 0.208313 0)
(-0.00705687 0.151561 0)
(-0.00339901 0.0917056 0)
(-0.000531993 0.0302585 0)
(0.000728608 0.0292528 0)
(0.00363353 0.0900616 0)
(0.00725786 0.149553 0)
(0.0114705 0.20603 0)
(0.0160733 0.258489 0)
(0.0208815 0.306178 0)
(0.0256773 0.348554 0)
(0.0302298 0.385279 0)
(0.0343133 0.416233 0)
(0.0377284 0.44151 0)
(0.0403192 0.461412 0)
(0.0419854 0.476412 0)
(0.0426851 0.48711 0)
(0.0424308 0.494179 0)
(0.0412805 0.498315 0)
(0.0393239 0.500189 0)
(0.0366697 0.500416 0)
(0.0334334 0.499531 0)
(0.0297272 0.49798 0)
(0.025654 0.496122 0)
(0.021303 0.494232 0)
(0.0167494 0.492515 0)
(0.0120543 0.491117 0)
(0.00726702 0.490136 0)
(0.00242793 0.489631 0)
(-0.00242793 0.489631 0)
(-0.00726702 0.490136 0)
(-0.0120543 0.491117 0)
(-0.0167494 0.492515 0)
(-0.021303 0.494232 0)
(-0.025654 0.496122 0)
(-0.0297272 0.49798 0)
(-0.0334334 0.499531 0)
(-0.0366697 0.500416 0)
(-0.0393239 0.500189 0)
(-0.0412805 0.498315 0)
(-0.0424308 0.494179 0)
(-0.0426851 0.48711 0)
(-0.0419854 0.476412 0)
(-0.0403192 0.461412 0)
(-0.0377284 0.44151 0)
(-0.0343133 0.416233 0)
(-0.0302298 0.385279 0)
(-0.0256773 0.348554 0)
(-0.0208815 0.306178 0)
(-0.0160733 0.258489 0)
(-0.0114705 0.20603 0)
(-0.00725786 0.149553 0)
(-0.00363353 0.0900616 0)
(-0.000728608 0.0292528 0)
)
;

boundaryField
{
    left
    {
        type            noSlip;
    }
    right
    {
        type            noSlip;
    }
    up
    {
        type            zeroGradient;
    }
    down
    {
        type            fixedValue;
        value           uniform (0 0.4 0);
    }
    frontAndBack
    {
        type            empty;
    }
}


// ************************************************************************* //
