/*--------------------------------*- C++ -*----------------------------------*\
  =========                 |
  \\      /  F ield         | OpenFOAM: The Open Source CFD Toolbox
   \\    /   O peration     | Website:  https://openfoam.org
    \\  /    A nd           | Version:  6
     \\/     M anipulation  |
\*---------------------------------------------------------------------------*/
FoamFile
{
    version     2.0;
    format      ascii;
    class       volVectorField;
    location    "0";
    object      C;
}
// * * * * * * * * * * * * * * * * * * * * * * * * * * * * * * * * * * * * * //

dimensions      [0 1 0 0 0 0 0];

internalField   nonuniform List<vector> 
2500
(
(-0.49 -0.245 0.005)
(-0.47 -0.245 0.005)
(-0.45 -0.245 0.005)
(-0.43 -0.245 0.005)
(-0.41 -0.245 0.005)
(-0.39 -0.245 0.005)
(-0.37 -0.245 0.005)
(-0.35 -0.245 0.005)
(-0.33 -0.245 0.005)
(-0.31 -0.245 0.005)
(-0.29 -0.245 0.005)
(-0.27 -0.245 0.005)
(-0.25 -0.245 0.005)
(-0.23 -0.245 0.005)
(-0.21 -0.245 0.005)
(-0.19 -0.245 0.005)
(-0.17 -0.245 0.005)
(-0.15 -0.245 0.005)
(-0.13 -0.245 0.005)
(-0.11 -0.245 0.005)
(-0.09 -0.245 0.005)
(-0.07 -0.245 0.005)
(-0.05 -0.245 0.005)
(-0.03 -0.245 0.005)
(-0.01 -0.245 0.005)
(0.01 -0.245 0.005)
(0.03 -0.245 0.005)
(0.05 -0.245 0.005)
(0.07 -0.245 0.005)
(0.09 -0.245 0.005)
(0.11 -0.245 0.005)
(0.13 -0.245 0.005)
(0.15 -0.245 0.005)
(0.17 -0.245 0.005)
(0.19 -0.245 0.005)
(0.21 -0.245 0.005)
(0.23 -0.245 0.005)
(0.25 -0.245 0.005)
(0.27 -0.245 0.005)
(0.29 -0.245 0.005)
(0.31 -0.245 0.005)
(0.33 -0.245 0.005)
(0.35 -0.245 0.005)
(0.37 -0.245 0.005)
(0.39 -0.245 0.005)
(0.41 -0.245 0.005)
(0.43 -0.245 0.005)
(0.45 -0.245 0.005)
(0.47 -0.245 0.005)
(0.49 -0.245 0.005)
(-0.49 -0.235 0.005)
(-0.47 -0.235 0.005)
(-0.45 -0.235 0.005)
(-0.43 -0.235 0.005)
(-0.41 -0.235 0.005)
(-0.39 -0.235 0.005)
(-0.37 -0.235 0.005)
(-0.35 -0.235 0.005)
(-0.33 -0.235 0.005)
(-0.31 -0.235 0.005)
(-0.29 -0.235 0.005)
(-0.27 -0.235 0.005)
(-0.25 -0.235 0.005)
(-0.23 -0.235 0.005)
(-0.21 -0.235 0.005)
(-0.19 -0.235 0.005)
(-0.17 -0.235 0.005)
(-0.15 -0.235 0.005)
(-0.13 -0.235 0.005)
(-0.11 -0.235 0.005)
(-0.09 -0.235 0.005)
(-0.07 -0.235 0.005)
(-0.05 -0.235 0.005)
(-0.03 -0.235 0.005)
(-0.01 -0.235 0.005)
(0.01 -0.235 0.005)
(0.03 -0.235 0.005)
(0.05 -0.235 0.005)
(0.07 -0.235 0.005)
(0.09 -0.235 0.005)
(0.11 -0.235 0.005)
(0.13 -0.235 0.005)
(0.15 -0.235 0.005)
(0.17 -0.235 0.005)
(0.19 -0.235 0.005)
(0.21 -0.235 0.005)
(0.23 -0.235 0.005)
(0.25 -0.235 0.005)
(0.27 -0.235 0.005)
(0.29 -0.235 0.005)
(0.31 -0.235 0.005)
(0.33 -0.235 0.005)
(0.35 -0.235 0.005)
(0.37 -0.235 0.005)
(0.39 -0.235 0.005)
(0.41 -0.235 0.005)
(0.43 -0.235 0.005)
(0.45 -0.235 0.005)
(0.47 -0.235 0.005)
(0.49 -0.235 0.005)
(-0.49 -0.225 0.005)
(-0.47 -0.225 0.005)
(-0.45 -0.225 0.005)
(-0.43 -0.225 0.005)
(-0.41 -0.225 0.005)
(-0.39 -0.225 0.005)
(-0.37 -0.225 0.005)
(-0.35 -0.225 0.005)
(-0.33 -0.225 0.005)
(-0.31 -0.225 0.005)
(-0.29 -0.225 0.005)
(-0.27 -0.225 0.005)
(-0.25 -0.225 0.005)
(-0.23 -0.225 0.005)
(-0.21 -0.225 0.005)
(-0.19 -0.225 0.005)
(-0.17 -0.225 0.005)
(-0.15 -0.225 0.005)
(-0.13 -0.225 0.005)
(-0.11 -0.225 0.005)
(-0.09 -0.225 0.005)
(-0.07 -0.225 0.005)
(-0.05 -0.225 0.005)
(-0.03 -0.225 0.005)
(-0.01 -0.225 0.005)
(0.01 -0.225 0.005)
(0.03 -0.225 0.005)
(0.05 -0.225 0.005)
(0.07 -0.225 0.005)
(0.09 -0.225 0.005)
(0.11 -0.225 0.005)
(0.13 -0.225 0.005)
(0.15 -0.225 0.005)
(0.17 -0.225 0.005)
(0.19 -0.225 0.005)
(0.21 -0.225 0.005)
(0.23 -0.225 0.005)
(0.25 -0.225 0.005)
(0.27 -0.225 0.005)
(0.29 -0.225 0.005)
(0.31 -0.225 0.005)
(0.33 -0.225 0.005)
(0.35 -0.225 0.005)
(0.37 -0.225 0.005)
(0.39 -0.225 0.005)
(0.41 -0.225 0.005)
(0.43 -0.225 0.005)
(0.45 -0.225 0.005)
(0.47 -0.225 0.005)
(0.49 -0.225 0.005)
(-0.49 -0.215 0.005)
(-0.47 -0.215 0.005)
(-0.45 -0.215 0.005)
(-0.43 -0.215 0.005)
(-0.41 -0.215 0.005)
(-0.39 -0.215 0.005)
(-0.37 -0.215 0.005)
(-0.35 -0.215 0.005)
(-0.33 -0.215 0.005)
(-0.31 -0.215 0.005)
(-0.29 -0.215 0.005)
(-0.27 -0.215 0.005)
(-0.25 -0.215 0.005)
(-0.23 -0.215 0.005)
(-0.21 -0.215 0.005)
(-0.19 -0.215 0.005)
(-0.17 -0.215 0.005)
(-0.15 -0.215 0.005)
(-0.13 -0.215 0.005)
(-0.11 -0.215 0.005)
(-0.09 -0.215 0.005)
(-0.07 -0.215 0.005)
(-0.05 -0.215 0.005)
(-0.03 -0.215 0.005)
(-0.01 -0.215 0.005)
(0.01 -0.215 0.005)
(0.03 -0.215 0.005)
(0.05 -0.215 0.005)
(0.07 -0.215 0.005)
(0.09 -0.215 0.005)
(0.11 -0.215 0.005)
(0.13 -0.215 0.005)
(0.15 -0.215 0.005)
(0.17 -0.215 0.005)
(0.19 -0.215 0.005)
(0.21 -0.215 0.005)
(0.23 -0.215 0.005)
(0.25 -0.215 0.005)
(0.27 -0.215 0.005)
(0.29 -0.215 0.005)
(0.31 -0.215 0.005)
(0.33 -0.215 0.005)
(0.35 -0.215 0.005)
(0.37 -0.215 0.005)
(0.39 -0.215 0.005)
(0.41 -0.215 0.005)
(0.43 -0.215 0.005)
(0.45 -0.215 0.005)
(0.47 -0.215 0.005)
(0.49 -0.215 0.005)
(-0.49 -0.205 0.005)
(-0.47 -0.205 0.005)
(-0.45 -0.205 0.005)
(-0.43 -0.205 0.005)
(-0.41 -0.205 0.005)
(-0.39 -0.205 0.005)
(-0.37 -0.205 0.005)
(-0.35 -0.205 0.005)
(-0.33 -0.205 0.005)
(-0.31 -0.205 0.005)
(-0.29 -0.205 0.005)
(-0.27 -0.205 0.005)
(-0.25 -0.205 0.005)
(-0.23 -0.205 0.005)
(-0.21 -0.205 0.005)
(-0.19 -0.205 0.005)
(-0.17 -0.205 0.005)
(-0.15 -0.205 0.005)
(-0.13 -0.205 0.005)
(-0.11 -0.205 0.005)
(-0.09 -0.205 0.005)
(-0.07 -0.205 0.005)
(-0.05 -0.205 0.005)
(-0.03 -0.205 0.005)
(-0.01 -0.205 0.005)
(0.01 -0.205 0.005)
(0.03 -0.205 0.005)
(0.05 -0.205 0.005)
(0.07 -0.205 0.005)
(0.09 -0.205 0.005)
(0.11 -0.205 0.005)
(0.13 -0.205 0.005)
(0.15 -0.205 0.005)
(0.17 -0.205 0.005)
(0.19 -0.205 0.005)
(0.21 -0.205 0.005)
(0.23 -0.205 0.005)
(0.25 -0.205 0.005)
(0.27 -0.205 0.005)
(0.29 -0.205 0.005)
(0.31 -0.205 0.005)
(0.33 -0.205 0.005)
(0.35 -0.205 0.005)
(0.37 -0.205 0.005)
(0.39 -0.205 0.005)
(0.41 -0.205 0.005)
(0.43 -0.205 0.005)
(0.45 -0.205 0.005)
(0.47 -0.205 0.005)
(0.49 -0.205 0.005)
(-0.49 -0.195 0.005)
(-0.47 -0.195 0.005)
(-0.45 -0.195 0.005)
(-0.43 -0.195 0.005)
(-0.41 -0.195 0.005)
(-0.39 -0.195 0.005)
(-0.37 -0.195 0.005)
(-0.35 -0.195 0.005)
(-0.33 -0.195 0.005)
(-0.31 -0.195 0.005)
(-0.29 -0.195 0.005)
(-0.27 -0.195 0.005)
(-0.25 -0.195 0.005)
(-0.23 -0.195 0.005)
(-0.21 -0.195 0.005)
(-0.19 -0.195 0.005)
(-0.17 -0.195 0.005)
(-0.15 -0.195 0.005)
(-0.13 -0.195 0.005)
(-0.11 -0.195 0.005)
(-0.09 -0.195 0.005)
(-0.07 -0.195 0.005)
(-0.05 -0.195 0.005)
(-0.03 -0.195 0.005)
(-0.01 -0.195 0.005)
(0.01 -0.195 0.005)
(0.03 -0.195 0.005)
(0.05 -0.195 0.005)
(0.07 -0.195 0.005)
(0.09 -0.195 0.005)
(0.11 -0.195 0.005)
(0.13 -0.195 0.005)
(0.15 -0.195 0.005)
(0.17 -0.195 0.005)
(0.19 -0.195 0.005)
(0.21 -0.195 0.005)
(0.23 -0.195 0.005)
(0.25 -0.195 0.005)
(0.27 -0.195 0.005)
(0.29 -0.195 0.005)
(0.31 -0.195 0.005)
(0.33 -0.195 0.005)
(0.35 -0.195 0.005)
(0.37 -0.195 0.005)
(0.39 -0.195 0.005)
(0.41 -0.195 0.005)
(0.43 -0.195 0.005)
(0.45 -0.195 0.005)
(0.47 -0.195 0.005)
(0.49 -0.195 0.005)
(-0.49 -0.185 0.005)
(-0.47 -0.185 0.005)
(-0.45 -0.185 0.005)
(-0.43 -0.185 0.005)
(-0.41 -0.185 0.005)
(-0.39 -0.185 0.005)
(-0.37 -0.185 0.005)
(-0.35 -0.185 0.005)
(-0.33 -0.185 0.005)
(-0.31 -0.185 0.005)
(-0.29 -0.185 0.005)
(-0.27 -0.185 0.005)
(-0.25 -0.185 0.005)
(-0.23 -0.185 0.005)
(-0.21 -0.185 0.005)
(-0.19 -0.185 0.005)
(-0.17 -0.185 0.005)
(-0.15 -0.185 0.005)
(-0.13 -0.185 0.005)
(-0.11 -0.185 0.005)
(-0.09 -0.185 0.005)
(-0.07 -0.185 0.005)
(-0.05 -0.185 0.005)
(-0.03 -0.185 0.005)
(-0.01 -0.185 0.005)
(0.01 -0.185 0.005)
(0.03 -0.185 0.005)
(0.05 -0.185 0.005)
(0.07 -0.185 0.005)
(0.09 -0.185 0.005)
(0.11 -0.185 0.005)
(0.13 -0.185 0.005)
(0.15 -0.185 0.005)
(0.17 -0.185 0.005)
(0.19 -0.185 0.005)
(0.21 -0.185 0.005)
(0.23 -0.185 0.005)
(0.25 -0.185 0.005)
(0.27 -0.185 0.005)
(0.29 -0.185 0.005)
(0.31 -0.185 0.005)
(0.33 -0.185 0.005)
(0.35 -0.185 0.005)
(0.37 -0.185 0.005)
(0.39 -0.185 0.005)
(0.41 -0.185 0.005)
(0.43 -0.185 0.005)
(0.45 -0.185 0.005)
(0.47 -0.185 0.005)
(0.49 -0.185 0.005)
(-0.49 -0.175 0.005)
(-0.47 -0.175 0.005)
(-0.45 -0.175 0.005)
(-0.43 -0.175 0.005)
(-0.41 -0.175 0.005)
(-0.39 -0.175 0.005)
(-0.37 -0.175 0.005)
(-0.35 -0.175 0.005)
(-0.33 -0.175 0.005)
(-0.31 -0.175 0.005)
(-0.29 -0.175 0.005)
(-0.27 -0.175 0.005)
(-0.25 -0.175 0.005)
(-0.23 -0.175 0.005)
(-0.21 -0.175 0.005)
(-0.19 -0.175 0.005)
(-0.17 -0.175 0.005)
(-0.15 -0.175 0.005)
(-0.13 -0.175 0.005)
(-0.11 -0.175 0.005)
(-0.09 -0.175 0.005)
(-0.07 -0.175 0.005)
(-0.05 -0.175 0.005)
(-0.03 -0.175 0.005)
(-0.01 -0.175 0.005)
(0.01 -0.175 0.005)
(0.03 -0.175 0.005)
(0.05 -0.175 0.005)
(0.07 -0.175 0.005)
(0.09 -0.175 0.005)
(0.11 -0.175 0.005)
(0.13 -0.175 0.005)
(0.15 -0.175 0.005)
(0.17 -0.175 0.005)
(0.19 -0.175 0.005)
(0.21 -0.175 0.005)
(0.23 -0.175 0.005)
(0.25 -0.175 0.005)
(0.27 -0.175 0.005)
(0.29 -0.175 0.005)
(0.31 -0.175 0.005)
(0.33 -0.175 0.005)
(0.35 -0.175 0.005)
(0.37 -0.175 0.005)
(0.39 -0.175 0.005)
(0.41 -0.175 0.005)
(0.43 -0.175 0.005)
(0.45 -0.175 0.005)
(0.47 -0.175 0.005)
(0.49 -0.175 0.005)
(-0.49 -0.165 0.005)
(-0.47 -0.165 0.005)
(-0.45 -0.165 0.005)
(-0.43 -0.165 0.005)
(-0.41 -0.165 0.005)
(-0.39 -0.165 0.005)
(-0.37 -0.165 0.005)
(-0.35 -0.165 0.005)
(-0.33 -0.165 0.005)
(-0.31 -0.165 0.005)
(-0.29 -0.165 0.005)
(-0.27 -0.165 0.005)
(-0.25 -0.165 0.005)
(-0.23 -0.165 0.005)
(-0.21 -0.165 0.005)
(-0.19 -0.165 0.005)
(-0.17 -0.165 0.005)
(-0.15 -0.165 0.005)
(-0.13 -0.165 0.005)
(-0.11 -0.165 0.005)
(-0.09 -0.165 0.005)
(-0.07 -0.165 0.005)
(-0.05 -0.165 0.005)
(-0.03 -0.165 0.005)
(-0.01 -0.165 0.005)
(0.01 -0.165 0.005)
(0.03 -0.165 0.005)
(0.05 -0.165 0.005)
(0.07 -0.165 0.005)
(0.09 -0.165 0.005)
(0.11 -0.165 0.005)
(0.13 -0.165 0.005)
(0.15 -0.165 0.005)
(0.17 -0.165 0.005)
(0.19 -0.165 0.005)
(0.21 -0.165 0.005)
(0.23 -0.165 0.005)
(0.25 -0.165 0.005)
(0.27 -0.165 0.005)
(0.29 -0.165 0.005)
(0.31 -0.165 0.005)
(0.33 -0.165 0.005)
(0.35 -0.165 0.005)
(0.37 -0.165 0.005)
(0.39 -0.165 0.005)
(0.41 -0.165 0.005)
(0.43 -0.165 0.005)
(0.45 -0.165 0.005)
(0.47 -0.165 0.005)
(0.49 -0.165 0.005)
(-0.49 -0.155 0.005)
(-0.47 -0.155 0.005)
(-0.45 -0.155 0.005)
(-0.43 -0.155 0.005)
(-0.41 -0.155 0.005)
(-0.39 -0.155 0.005)
(-0.37 -0.155 0.005)
(-0.35 -0.155 0.005)
(-0.33 -0.155 0.005)
(-0.31 -0.155 0.005)
(-0.29 -0.155 0.005)
(-0.27 -0.155 0.005)
(-0.25 -0.155 0.005)
(-0.23 -0.155 0.005)
(-0.21 -0.155 0.005)
(-0.19 -0.155 0.005)
(-0.17 -0.155 0.005)
(-0.15 -0.155 0.005)
(-0.13 -0.155 0.005)
(-0.11 -0.155 0.005)
(-0.09 -0.155 0.005)
(-0.07 -0.155 0.005)
(-0.05 -0.155 0.005)
(-0.03 -0.155 0.005)
(-0.01 -0.155 0.005)
(0.01 -0.155 0.005)
(0.03 -0.155 0.005)
(0.05 -0.155 0.005)
(0.07 -0.155 0.005)
(0.09 -0.155 0.005)
(0.11 -0.155 0.005)
(0.13 -0.155 0.005)
(0.15 -0.155 0.005)
(0.17 -0.155 0.005)
(0.19 -0.155 0.005)
(0.21 -0.155 0.005)
(0.23 -0.155 0.005)
(0.25 -0.155 0.005)
(0.27 -0.155 0.005)
(0.29 -0.155 0.005)
(0.31 -0.155 0.005)
(0.33 -0.155 0.005)
(0.35 -0.155 0.005)
(0.37 -0.155 0.005)
(0.39 -0.155 0.005)
(0.41 -0.155 0.005)
(0.43 -0.155 0.005)
(0.45 -0.155 0.005)
(0.47 -0.155 0.005)
(0.49 -0.155 0.005)
(-0.49 -0.145 0.005)
(-0.47 -0.145 0.005)
(-0.45 -0.145 0.005)
(-0.43 -0.145 0.005)
(-0.41 -0.145 0.005)
(-0.39 -0.145 0.005)
(-0.37 -0.145 0.005)
(-0.35 -0.145 0.005)
(-0.33 -0.145 0.005)
(-0.31 -0.145 0.005)
(-0.29 -0.145 0.005)
(-0.27 -0.145 0.005)
(-0.25 -0.145 0.005)
(-0.23 -0.145 0.005)
(-0.21 -0.145 0.005)
(-0.19 -0.145 0.005)
(-0.17 -0.145 0.005)
(-0.15 -0.145 0.005)
(-0.13 -0.145 0.005)
(-0.11 -0.145 0.005)
(-0.09 -0.145 0.005)
(-0.07 -0.145 0.005)
(-0.05 -0.145 0.005)
(-0.03 -0.145 0.005)
(-0.01 -0.145 0.005)
(0.01 -0.145 0.005)
(0.03 -0.145 0.005)
(0.05 -0.145 0.005)
(0.07 -0.145 0.005)
(0.09 -0.145 0.005)
(0.11 -0.145 0.005)
(0.13 -0.145 0.005)
(0.15 -0.145 0.005)
(0.17 -0.145 0.005)
(0.19 -0.145 0.005)
(0.21 -0.145 0.005)
(0.23 -0.145 0.005)
(0.25 -0.145 0.005)
(0.27 -0.145 0.005)
(0.29 -0.145 0.005)
(0.31 -0.145 0.005)
(0.33 -0.145 0.005)
(0.35 -0.145 0.005)
(0.37 -0.145 0.005)
(0.39 -0.145 0.005)
(0.41 -0.145 0.005)
(0.43 -0.145 0.005)
(0.45 -0.145 0.005)
(0.47 -0.145 0.005)
(0.49 -0.145 0.005)
(-0.49 -0.135 0.005)
(-0.47 -0.135 0.005)
(-0.45 -0.135 0.005)
(-0.43 -0.135 0.005)
(-0.41 -0.135 0.005)
(-0.39 -0.135 0.005)
(-0.37 -0.135 0.005)
(-0.35 -0.135 0.005)
(-0.33 -0.135 0.005)
(-0.31 -0.135 0.005)
(-0.29 -0.135 0.005)
(-0.27 -0.135 0.005)
(-0.25 -0.135 0.005)
(-0.23 -0.135 0.005)
(-0.21 -0.135 0.005)
(-0.19 -0.135 0.005)
(-0.17 -0.135 0.005)
(-0.15 -0.135 0.005)
(-0.13 -0.135 0.005)
(-0.11 -0.135 0.005)
(-0.09 -0.135 0.005)
(-0.07 -0.135 0.005)
(-0.05 -0.135 0.005)
(-0.03 -0.135 0.005)
(-0.01 -0.135 0.005)
(0.01 -0.135 0.005)
(0.03 -0.135 0.005)
(0.05 -0.135 0.005)
(0.07 -0.135 0.005)
(0.09 -0.135 0.005)
(0.11 -0.135 0.005)
(0.13 -0.135 0.005)
(0.15 -0.135 0.005)
(0.17 -0.135 0.005)
(0.19 -0.135 0.005)
(0.21 -0.135 0.005)
(0.23 -0.135 0.005)
(0.25 -0.135 0.005)
(0.27 -0.135 0.005)
(0.29 -0.135 0.005)
(0.31 -0.135 0.005)
(0.33 -0.135 0.005)
(0.35 -0.135 0.005)
(0.37 -0.135 0.005)
(0.39 -0.135 0.005)
(0.41 -0.135 0.005)
(0.43 -0.135 0.005)
(0.45 -0.135 0.005)
(0.47 -0.135 0.005)
(0.49 -0.135 0.005)
(-0.49 -0.125 0.005)
(-0.47 -0.125 0.005)
(-0.45 -0.125 0.005)
(-0.43 -0.125 0.005)
(-0.41 -0.125 0.005)
(-0.39 -0.125 0.005)
(-0.37 -0.125 0.005)
(-0.35 -0.125 0.005)
(-0.33 -0.125 0.005)
(-0.31 -0.125 0.005)
(-0.29 -0.125 0.005)
(-0.27 -0.125 0.005)
(-0.25 -0.125 0.005)
(-0.23 -0.125 0.005)
(-0.21 -0.125 0.005)
(-0.19 -0.125 0.005)
(-0.17 -0.125 0.005)
(-0.15 -0.125 0.005)
(-0.13 -0.125 0.005)
(-0.11 -0.125 0.005)
(-0.09 -0.125 0.005)
(-0.07 -0.125 0.005)
(-0.05 -0.125 0.005)
(-0.03 -0.125 0.005)
(-0.01 -0.125 0.005)
(0.01 -0.125 0.005)
(0.03 -0.125 0.005)
(0.05 -0.125 0.005)
(0.07 -0.125 0.005)
(0.09 -0.125 0.005)
(0.11 -0.125 0.005)
(0.13 -0.125 0.005)
(0.15 -0.125 0.005)
(0.17 -0.125 0.005)
(0.19 -0.125 0.005)
(0.21 -0.125 0.005)
(0.23 -0.125 0.005)
(0.25 -0.125 0.005)
(0.27 -0.125 0.005)
(0.29 -0.125 0.005)
(0.31 -0.125 0.005)
(0.33 -0.125 0.005)
(0.35 -0.125 0.005)
(0.37 -0.125 0.005)
(0.39 -0.125 0.005)
(0.41 -0.125 0.005)
(0.43 -0.125 0.005)
(0.45 -0.125 0.005)
(0.47 -0.125 0.005)
(0.49 -0.125 0.005)
(-0.49 -0.115 0.005)
(-0.47 -0.115 0.005)
(-0.45 -0.115 0.005)
(-0.43 -0.115 0.005)
(-0.41 -0.115 0.005)
(-0.39 -0.115 0.005)
(-0.37 -0.115 0.005)
(-0.35 -0.115 0.005)
(-0.33 -0.115 0.005)
(-0.31 -0.115 0.005)
(-0.29 -0.115 0.005)
(-0.27 -0.115 0.005)
(-0.25 -0.115 0.005)
(-0.23 -0.115 0.005)
(-0.21 -0.115 0.005)
(-0.19 -0.115 0.005)
(-0.17 -0.115 0.005)
(-0.15 -0.115 0.005)
(-0.13 -0.115 0.005)
(-0.11 -0.115 0.005)
(-0.09 -0.115 0.005)
(-0.07 -0.115 0.005)
(-0.05 -0.115 0.005)
(-0.03 -0.115 0.005)
(-0.01 -0.115 0.005)
(0.01 -0.115 0.005)
(0.03 -0.115 0.005)
(0.05 -0.115 0.005)
(0.07 -0.115 0.005)
(0.09 -0.115 0.005)
(0.11 -0.115 0.005)
(0.13 -0.115 0.005)
(0.15 -0.115 0.005)
(0.17 -0.115 0.005)
(0.19 -0.115 0.005)
(0.21 -0.115 0.005)
(0.23 -0.115 0.005)
(0.25 -0.115 0.005)
(0.27 -0.115 0.005)
(0.29 -0.115 0.005)
(0.31 -0.115 0.005)
(0.33 -0.115 0.005)
(0.35 -0.115 0.005)
(0.37 -0.115 0.005)
(0.39 -0.115 0.005)
(0.41 -0.115 0.005)
(0.43 -0.115 0.005)
(0.45 -0.115 0.005)
(0.47 -0.115 0.005)
(0.49 -0.115 0.005)
(-0.49 -0.105 0.005)
(-0.47 -0.105 0.005)
(-0.45 -0.105 0.005)
(-0.43 -0.105 0.005)
(-0.41 -0.105 0.005)
(-0.39 -0.105 0.005)
(-0.37 -0.105 0.005)
(-0.35 -0.105 0.005)
(-0.33 -0.105 0.005)
(-0.31 -0.105 0.005)
(-0.29 -0.105 0.005)
(-0.27 -0.105 0.005)
(-0.25 -0.105 0.005)
(-0.23 -0.105 0.005)
(-0.21 -0.105 0.005)
(-0.19 -0.105 0.005)
(-0.17 -0.105 0.005)
(-0.15 -0.105 0.005)
(-0.13 -0.105 0.005)
(-0.11 -0.105 0.005)
(-0.09 -0.105 0.005)
(-0.07 -0.105 0.005)
(-0.05 -0.105 0.005)
(-0.03 -0.105 0.005)
(-0.01 -0.105 0.005)
(0.01 -0.105 0.005)
(0.03 -0.105 0.005)
(0.05 -0.105 0.005)
(0.07 -0.105 0.005)
(0.09 -0.105 0.005)
(0.11 -0.105 0.005)
(0.13 -0.105 0.005)
(0.15 -0.105 0.005)
(0.17 -0.105 0.005)
(0.19 -0.105 0.005)
(0.21 -0.105 0.005)
(0.23 -0.105 0.005)
(0.25 -0.105 0.005)
(0.27 -0.105 0.005)
(0.29 -0.105 0.005)
(0.31 -0.105 0.005)
(0.33 -0.105 0.005)
(0.35 -0.105 0.005)
(0.37 -0.105 0.005)
(0.39 -0.105 0.005)
(0.41 -0.105 0.005)
(0.43 -0.105 0.005)
(0.45 -0.105 0.005)
(0.47 -0.105 0.005)
(0.49 -0.105 0.005)
(-0.49 -0.095 0.005)
(-0.47 -0.095 0.005)
(-0.45 -0.095 0.005)
(-0.43 -0.095 0.005)
(-0.41 -0.095 0.005)
(-0.39 -0.095 0.005)
(-0.37 -0.095 0.005)
(-0.35 -0.095 0.005)
(-0.33 -0.095 0.005)
(-0.31 -0.095 0.005)
(-0.29 -0.095 0.005)
(-0.27 -0.095 0.005)
(-0.25 -0.095 0.005)
(-0.23 -0.095 0.005)
(-0.21 -0.095 0.005)
(-0.19 -0.095 0.005)
(-0.17 -0.095 0.005)
(-0.15 -0.095 0.005)
(-0.13 -0.095 0.005)
(-0.11 -0.095 0.005)
(-0.09 -0.095 0.005)
(-0.07 -0.095 0.005)
(-0.05 -0.095 0.005)
(-0.03 -0.095 0.005)
(-0.01 -0.095 0.005)
(0.01 -0.095 0.005)
(0.03 -0.095 0.005)
(0.05 -0.095 0.005)
(0.07 -0.095 0.005)
(0.09 -0.095 0.005)
(0.11 -0.095 0.005)
(0.13 -0.095 0.005)
(0.15 -0.095 0.005)
(0.17 -0.095 0.005)
(0.19 -0.095 0.005)
(0.21 -0.095 0.005)
(0.23 -0.095 0.005)
(0.25 -0.095 0.005)
(0.27 -0.095 0.005)
(0.29 -0.095 0.005)
(0.31 -0.095 0.005)
(0.33 -0.095 0.005)
(0.35 -0.095 0.005)
(0.37 -0.095 0.005)
(0.39 -0.095 0.005)
(0.41 -0.095 0.005)
(0.43 -0.095 0.005)
(0.45 -0.095 0.005)
(0.47 -0.095 0.005)
(0.49 -0.095 0.005)
(-0.49 -0.085 0.005)
(-0.47 -0.085 0.005)
(-0.45 -0.085 0.005)
(-0.43 -0.085 0.005)
(-0.41 -0.085 0.005)
(-0.39 -0.085 0.005)
(-0.37 -0.085 0.005)
(-0.35 -0.085 0.005)
(-0.33 -0.085 0.005)
(-0.31 -0.085 0.005)
(-0.29 -0.085 0.005)
(-0.27 -0.085 0.005)
(-0.25 -0.085 0.005)
(-0.23 -0.085 0.005)
(-0.21 -0.085 0.005)
(-0.19 -0.085 0.005)
(-0.17 -0.085 0.005)
(-0.15 -0.085 0.005)
(-0.13 -0.085 0.005)
(-0.11 -0.085 0.005)
(-0.09 -0.085 0.005)
(-0.07 -0.085 0.005)
(-0.05 -0.085 0.005)
(-0.03 -0.085 0.005)
(-0.01 -0.085 0.005)
(0.01 -0.085 0.005)
(0.03 -0.085 0.005)
(0.05 -0.085 0.005)
(0.07 -0.085 0.005)
(0.09 -0.085 0.005)
(0.11 -0.085 0.005)
(0.13 -0.085 0.005)
(0.15 -0.085 0.005)
(0.17 -0.085 0.005)
(0.19 -0.085 0.005)
(0.21 -0.085 0.005)
(0.23 -0.085 0.005)
(0.25 -0.085 0.005)
(0.27 -0.085 0.005)
(0.29 -0.085 0.005)
(0.31 -0.085 0.005)
(0.33 -0.085 0.005)
(0.35 -0.085 0.005)
(0.37 -0.085 0.005)
(0.39 -0.085 0.005)
(0.41 -0.085 0.005)
(0.43 -0.085 0.005)
(0.45 -0.085 0.005)
(0.47 -0.085 0.005)
(0.49 -0.085 0.005)
(-0.49 -0.075 0.005)
(-0.47 -0.075 0.005)
(-0.45 -0.075 0.005)
(-0.43 -0.075 0.005)
(-0.41 -0.075 0.005)
(-0.39 -0.075 0.005)
(-0.37 -0.075 0.005)
(-0.35 -0.075 0.005)
(-0.33 -0.075 0.005)
(-0.31 -0.075 0.005)
(-0.29 -0.075 0.005)
(-0.27 -0.075 0.005)
(-0.25 -0.075 0.005)
(-0.23 -0.075 0.005)
(-0.21 -0.075 0.005)
(-0.19 -0.075 0.005)
(-0.17 -0.075 0.005)
(-0.15 -0.075 0.005)
(-0.13 -0.075 0.005)
(-0.11 -0.075 0.005)
(-0.09 -0.075 0.005)
(-0.07 -0.075 0.005)
(-0.05 -0.075 0.005)
(-0.03 -0.075 0.005)
(-0.01 -0.075 0.005)
(0.01 -0.075 0.005)
(0.03 -0.075 0.005)
(0.05 -0.075 0.005)
(0.07 -0.075 0.005)
(0.09 -0.075 0.005)
(0.11 -0.075 0.005)
(0.13 -0.075 0.005)
(0.15 -0.075 0.005)
(0.17 -0.075 0.005)
(0.19 -0.075 0.005)
(0.21 -0.075 0.005)
(0.23 -0.075 0.005)
(0.25 -0.075 0.005)
(0.27 -0.075 0.005)
(0.29 -0.075 0.005)
(0.31 -0.075 0.005)
(0.33 -0.075 0.005)
(0.35 -0.075 0.005)
(0.37 -0.075 0.005)
(0.39 -0.075 0.005)
(0.41 -0.075 0.005)
(0.43 -0.075 0.005)
(0.45 -0.075 0.005)
(0.47 -0.075 0.005)
(0.49 -0.075 0.005)
(-0.49 -0.065 0.005)
(-0.47 -0.065 0.005)
(-0.45 -0.065 0.005)
(-0.43 -0.065 0.005)
(-0.41 -0.065 0.005)
(-0.39 -0.065 0.005)
(-0.37 -0.065 0.005)
(-0.35 -0.065 0.005)
(-0.33 -0.065 0.005)
(-0.31 -0.065 0.005)
(-0.29 -0.065 0.005)
(-0.27 -0.065 0.005)
(-0.25 -0.065 0.005)
(-0.23 -0.065 0.005)
(-0.21 -0.065 0.005)
(-0.19 -0.065 0.005)
(-0.17 -0.065 0.005)
(-0.15 -0.065 0.005)
(-0.13 -0.065 0.005)
(-0.11 -0.065 0.005)
(-0.09 -0.065 0.005)
(-0.07 -0.065 0.005)
(-0.05 -0.065 0.005)
(-0.03 -0.065 0.005)
(-0.01 -0.065 0.005)
(0.01 -0.065 0.005)
(0.03 -0.065 0.005)
(0.05 -0.065 0.005)
(0.07 -0.065 0.005)
(0.09 -0.065 0.005)
(0.11 -0.065 0.005)
(0.13 -0.065 0.005)
(0.15 -0.065 0.005)
(0.17 -0.065 0.005)
(0.19 -0.065 0.005)
(0.21 -0.065 0.005)
(0.23 -0.065 0.005)
(0.25 -0.065 0.005)
(0.27 -0.065 0.005)
(0.29 -0.065 0.005)
(0.31 -0.065 0.005)
(0.33 -0.065 0.005)
(0.35 -0.065 0.005)
(0.37 -0.065 0.005)
(0.39 -0.065 0.005)
(0.41 -0.065 0.005)
(0.43 -0.065 0.005)
(0.45 -0.065 0.005)
(0.47 -0.065 0.005)
(0.49 -0.065 0.005)
(-0.49 -0.055 0.005)
(-0.47 -0.055 0.005)
(-0.45 -0.055 0.005)
(-0.43 -0.055 0.005)
(-0.41 -0.055 0.005)
(-0.39 -0.055 0.005)
(-0.37 -0.055 0.005)
(-0.35 -0.055 0.005)
(-0.33 -0.055 0.005)
(-0.31 -0.055 0.005)
(-0.29 -0.055 0.005)
(-0.27 -0.055 0.005)
(-0.25 -0.055 0.005)
(-0.23 -0.055 0.005)
(-0.21 -0.055 0.005)
(-0.19 -0.055 0.005)
(-0.17 -0.055 0.005)
(-0.15 -0.055 0.005)
(-0.13 -0.055 0.005)
(-0.11 -0.055 0.005)
(-0.09 -0.055 0.005)
(-0.07 -0.055 0.005)
(-0.05 -0.055 0.005)
(-0.03 -0.055 0.005)
(-0.01 -0.055 0.005)
(0.01 -0.055 0.005)
(0.03 -0.055 0.005)
(0.05 -0.055 0.005)
(0.07 -0.055 0.005)
(0.09 -0.055 0.005)
(0.11 -0.055 0.005)
(0.13 -0.055 0.005)
(0.15 -0.055 0.005)
(0.17 -0.055 0.005)
(0.19 -0.055 0.005)
(0.21 -0.055 0.005)
(0.23 -0.055 0.005)
(0.25 -0.055 0.005)
(0.27 -0.055 0.005)
(0.29 -0.055 0.005)
(0.31 -0.055 0.005)
(0.33 -0.055 0.005)
(0.35 -0.055 0.005)
(0.37 -0.055 0.005)
(0.39 -0.055 0.005)
(0.41 -0.055 0.005)
(0.43 -0.055 0.005)
(0.45 -0.055 0.005)
(0.47 -0.055 0.005)
(0.49 -0.055 0.005)
(-0.49 -0.045 0.005)
(-0.47 -0.045 0.005)
(-0.45 -0.045 0.005)
(-0.43 -0.045 0.005)
(-0.41 -0.045 0.005)
(-0.39 -0.045 0.005)
(-0.37 -0.045 0.005)
(-0.35 -0.045 0.005)
(-0.33 -0.045 0.005)
(-0.31 -0.045 0.005)
(-0.29 -0.045 0.005)
(-0.27 -0.045 0.005)
(-0.25 -0.045 0.005)
(-0.23 -0.045 0.005)
(-0.21 -0.045 0.005)
(-0.19 -0.045 0.005)
(-0.17 -0.045 0.005)
(-0.15 -0.045 0.005)
(-0.13 -0.045 0.005)
(-0.11 -0.045 0.005)
(-0.09 -0.045 0.005)
(-0.07 -0.045 0.005)
(-0.05 -0.045 0.005)
(-0.03 -0.045 0.005)
(-0.01 -0.045 0.005)
(0.01 -0.045 0.005)
(0.03 -0.045 0.005)
(0.05 -0.045 0.005)
(0.07 -0.045 0.005)
(0.09 -0.045 0.005)
(0.11 -0.045 0.005)
(0.13 -0.045 0.005)
(0.15 -0.045 0.005)
(0.17 -0.045 0.005)
(0.19 -0.045 0.005)
(0.21 -0.045 0.005)
(0.23 -0.045 0.005)
(0.25 -0.045 0.005)
(0.27 -0.045 0.005)
(0.29 -0.045 0.005)
(0.31 -0.045 0.005)
(0.33 -0.045 0.005)
(0.35 -0.045 0.005)
(0.37 -0.045 0.005)
(0.39 -0.045 0.005)
(0.41 -0.045 0.005)
(0.43 -0.045 0.005)
(0.45 -0.045 0.005)
(0.47 -0.045 0.005)
(0.49 -0.045 0.005)
(-0.49 -0.035 0.005)
(-0.47 -0.035 0.005)
(-0.45 -0.035 0.005)
(-0.43 -0.035 0.005)
(-0.41 -0.035 0.005)
(-0.39 -0.035 0.005)
(-0.37 -0.035 0.005)
(-0.35 -0.035 0.005)
(-0.33 -0.035 0.005)
(-0.31 -0.035 0.005)
(-0.29 -0.035 0.005)
(-0.27 -0.035 0.005)
(-0.25 -0.035 0.005)
(-0.23 -0.035 0.005)
(-0.21 -0.035 0.005)
(-0.19 -0.035 0.005)
(-0.17 -0.035 0.005)
(-0.15 -0.035 0.005)
(-0.13 -0.035 0.005)
(-0.11 -0.035 0.005)
(-0.09 -0.035 0.005)
(-0.07 -0.035 0.005)
(-0.05 -0.035 0.005)
(-0.03 -0.035 0.005)
(-0.01 -0.035 0.005)
(0.01 -0.035 0.005)
(0.03 -0.035 0.005)
(0.05 -0.035 0.005)
(0.07 -0.035 0.005)
(0.09 -0.035 0.005)
(0.11 -0.035 0.005)
(0.13 -0.035 0.005)
(0.15 -0.035 0.005)
(0.17 -0.035 0.005)
(0.19 -0.035 0.005)
(0.21 -0.035 0.005)
(0.23 -0.035 0.005)
(0.25 -0.035 0.005)
(0.27 -0.035 0.005)
(0.29 -0.035 0.005)
(0.31 -0.035 0.005)
(0.33 -0.035 0.005)
(0.35 -0.035 0.005)
(0.37 -0.035 0.005)
(0.39 -0.035 0.005)
(0.41 -0.035 0.005)
(0.43 -0.035 0.005)
(0.45 -0.035 0.005)
(0.47 -0.035 0.005)
(0.49 -0.035 0.005)
(-0.49 -0.025 0.005)
(-0.47 -0.025 0.005)
(-0.45 -0.025 0.005)
(-0.43 -0.025 0.005)
(-0.41 -0.025 0.005)
(-0.39 -0.025 0.005)
(-0.37 -0.025 0.005)
(-0.35 -0.025 0.005)
(-0.33 -0.025 0.005)
(-0.31 -0.025 0.005)
(-0.29 -0.025 0.005)
(-0.27 -0.025 0.005)
(-0.25 -0.025 0.005)
(-0.23 -0.025 0.005)
(-0.21 -0.025 0.005)
(-0.19 -0.025 0.005)
(-0.17 -0.025 0.005)
(-0.15 -0.025 0.005)
(-0.13 -0.025 0.005)
(-0.11 -0.025 0.005)
(-0.09 -0.025 0.005)
(-0.07 -0.025 0.005)
(-0.05 -0.025 0.005)
(-0.03 -0.025 0.005)
(-0.01 -0.025 0.005)
(0.01 -0.025 0.005)
(0.03 -0.025 0.005)
(0.05 -0.025 0.005)
(0.07 -0.025 0.005)
(0.09 -0.025 0.005)
(0.11 -0.025 0.005)
(0.13 -0.025 0.005)
(0.15 -0.025 0.005)
(0.17 -0.025 0.005)
(0.19 -0.025 0.005)
(0.21 -0.025 0.005)
(0.23 -0.025 0.005)
(0.25 -0.025 0.005)
(0.27 -0.025 0.005)
(0.29 -0.025 0.005)
(0.31 -0.025 0.005)
(0.33 -0.025 0.005)
(0.35 -0.025 0.005)
(0.37 -0.025 0.005)
(0.39 -0.025 0.005)
(0.41 -0.025 0.005)
(0.43 -0.025 0.005)
(0.45 -0.025 0.005)
(0.47 -0.025 0.005)
(0.49 -0.025 0.005)
(-0.49 -0.015 0.005)
(-0.47 -0.015 0.005)
(-0.45 -0.015 0.005)
(-0.43 -0.015 0.005)
(-0.41 -0.015 0.005)
(-0.39 -0.015 0.005)
(-0.37 -0.015 0.005)
(-0.35 -0.015 0.005)
(-0.33 -0.015 0.005)
(-0.31 -0.015 0.005)
(-0.29 -0.015 0.005)
(-0.27 -0.015 0.005)
(-0.25 -0.015 0.005)
(-0.23 -0.015 0.005)
(-0.21 -0.015 0.005)
(-0.19 -0.015 0.005)
(-0.17 -0.015 0.005)
(-0.15 -0.015 0.005)
(-0.13 -0.015 0.005)
(-0.11 -0.015 0.005)
(-0.09 -0.015 0.005)
(-0.07 -0.015 0.005)
(-0.05 -0.015 0.005)
(-0.03 -0.015 0.005)
(-0.01 -0.015 0.005)
(0.01 -0.015 0.005)
(0.03 -0.015 0.005)
(0.05 -0.015 0.005)
(0.07 -0.015 0.005)
(0.09 -0.015 0.005)
(0.11 -0.015 0.005)
(0.13 -0.015 0.005)
(0.15 -0.015 0.005)
(0.17 -0.015 0.005)
(0.19 -0.015 0.005)
(0.21 -0.015 0.005)
(0.23 -0.015 0.005)
(0.25 -0.015 0.005)
(0.27 -0.015 0.005)
(0.29 -0.015 0.005)
(0.31 -0.015 0.005)
(0.33 -0.015 0.005)
(0.35 -0.015 0.005)
(0.37 -0.015 0.005)
(0.39 -0.015 0.005)
(0.41 -0.015 0.005)
(0.43 -0.015 0.005)
(0.45 -0.015 0.005)
(0.47 -0.015 0.005)
(0.49 -0.015 0.005)
(-0.49 -0.005 0.005)
(-0.47 -0.005 0.005)
(-0.45 -0.005 0.005)
(-0.43 -0.005 0.005)
(-0.41 -0.005 0.005)
(-0.39 -0.005 0.005)
(-0.37 -0.005 0.005)
(-0.35 -0.005 0.005)
(-0.33 -0.005 0.005)
(-0.31 -0.005 0.005)
(-0.29 -0.005 0.005)
(-0.27 -0.005 0.005)
(-0.25 -0.005 0.005)
(-0.23 -0.005 0.005)
(-0.21 -0.005 0.005)
(-0.19 -0.005 0.005)
(-0.17 -0.005 0.005)
(-0.15 -0.005 0.005)
(-0.13 -0.005 0.005)
(-0.11 -0.005 0.005)
(-0.09 -0.005 0.005)
(-0.07 -0.005 0.005)
(-0.05 -0.005 0.005)
(-0.03 -0.005 0.005)
(-0.01 -0.005 0.005)
(0.01 -0.005 0.005)
(0.03 -0.005 0.005)
(0.05 -0.005 0.005)
(0.07 -0.005 0.005)
(0.09 -0.005 0.005)
(0.11 -0.005 0.005)
(0.13 -0.005 0.005)
(0.15 -0.005 0.005)
(0.17 -0.005 0.005)
(0.19 -0.005 0.005)
(0.21 -0.005 0.005)
(0.23 -0.005 0.005)
(0.25 -0.005 0.005)
(0.27 -0.005 0.005)
(0.29 -0.005 0.005)
(0.31 -0.005 0.005)
(0.33 -0.005 0.005)
(0.35 -0.005 0.005)
(0.37 -0.005 0.005)
(0.39 -0.005 0.005)
(0.41 -0.005 0.005)
(0.43 -0.005 0.005)
(0.45 -0.005 0.005)
(0.47 -0.005 0.005)
(0.49 -0.005 0.005)
(-0.49 0.005 0.005)
(-0.47 0.005 0.005)
(-0.45 0.005 0.005)
(-0.43 0.005 0.005)
(-0.41 0.005 0.005)
(-0.39 0.005 0.005)
(-0.37 0.005 0.005)
(-0.35 0.005 0.005)
(-0.33 0.005 0.005)
(-0.31 0.005 0.005)
(-0.29 0.005 0.005)
(-0.27 0.005 0.005)
(-0.25 0.005 0.005)
(-0.23 0.005 0.005)
(-0.21 0.005 0.005)
(-0.19 0.005 0.005)
(-0.17 0.005 0.005)
(-0.15 0.005 0.005)
(-0.13 0.005 0.005)
(-0.11 0.005 0.005)
(-0.09 0.005 0.005)
(-0.07 0.005 0.005)
(-0.05 0.005 0.005)
(-0.03 0.005 0.005)
(-0.01 0.005 0.005)
(0.01 0.005 0.005)
(0.03 0.005 0.005)
(0.05 0.005 0.005)
(0.07 0.005 0.005)
(0.09 0.005 0.005)
(0.11 0.005 0.005)
(0.13 0.005 0.005)
(0.15 0.005 0.005)
(0.17 0.005 0.005)
(0.19 0.005 0.005)
(0.21 0.005 0.005)
(0.23 0.005 0.005)
(0.25 0.005 0.005)
(0.27 0.005 0.005)
(0.29 0.005 0.005)
(0.31 0.005 0.005)
(0.33 0.005 0.005)
(0.35 0.005 0.005)
(0.37 0.005 0.005)
(0.39 0.005 0.005)
(0.41 0.005 0.005)
(0.43 0.005 0.005)
(0.45 0.005 0.005)
(0.47 0.005 0.005)
(0.49 0.005 0.005)
(-0.49 0.015 0.005)
(-0.47 0.015 0.005)
(-0.45 0.015 0.005)
(-0.43 0.015 0.005)
(-0.41 0.015 0.005)
(-0.39 0.015 0.005)
(-0.37 0.015 0.005)
(-0.35 0.015 0.005)
(-0.33 0.015 0.005)
(-0.31 0.015 0.005)
(-0.29 0.015 0.005)
(-0.27 0.015 0.005)
(-0.25 0.015 0.005)
(-0.23 0.015 0.005)
(-0.21 0.015 0.005)
(-0.19 0.015 0.005)
(-0.17 0.015 0.005)
(-0.15 0.015 0.005)
(-0.13 0.015 0.005)
(-0.11 0.015 0.005)
(-0.09 0.015 0.005)
(-0.07 0.015 0.005)
(-0.05 0.015 0.005)
(-0.03 0.015 0.005)
(-0.01 0.015 0.005)
(0.01 0.015 0.005)
(0.03 0.015 0.005)
(0.05 0.015 0.005)
(0.07 0.015 0.005)
(0.09 0.015 0.005)
(0.11 0.015 0.005)
(0.13 0.015 0.005)
(0.15 0.015 0.005)
(0.17 0.015 0.005)
(0.19 0.015 0.005)
(0.21 0.015 0.005)
(0.23 0.015 0.005)
(0.25 0.015 0.005)
(0.27 0.015 0.005)
(0.29 0.015 0.005)
(0.31 0.015 0.005)
(0.33 0.015 0.005)
(0.35 0.015 0.005)
(0.37 0.015 0.005)
(0.39 0.015 0.005)
(0.41 0.015 0.005)
(0.43 0.015 0.005)
(0.45 0.015 0.005)
(0.47 0.015 0.005)
(0.49 0.015 0.005)
(-0.49 0.025 0.005)
(-0.47 0.025 0.005)
(-0.45 0.025 0.005)
(-0.43 0.025 0.005)
(-0.41 0.025 0.005)
(-0.39 0.025 0.005)
(-0.37 0.025 0.005)
(-0.35 0.025 0.005)
(-0.33 0.025 0.005)
(-0.31 0.025 0.005)
(-0.29 0.025 0.005)
(-0.27 0.025 0.005)
(-0.25 0.025 0.005)
(-0.23 0.025 0.005)
(-0.21 0.025 0.005)
(-0.19 0.025 0.005)
(-0.17 0.025 0.005)
(-0.15 0.025 0.005)
(-0.13 0.025 0.005)
(-0.11 0.025 0.005)
(-0.09 0.025 0.005)
(-0.07 0.025 0.005)
(-0.05 0.025 0.005)
(-0.03 0.025 0.005)
(-0.01 0.025 0.005)
(0.01 0.025 0.005)
(0.03 0.025 0.005)
(0.05 0.025 0.005)
(0.07 0.025 0.005)
(0.09 0.025 0.005)
(0.11 0.025 0.005)
(0.13 0.025 0.005)
(0.15 0.025 0.005)
(0.17 0.025 0.005)
(0.19 0.025 0.005)
(0.21 0.025 0.005)
(0.23 0.025 0.005)
(0.25 0.025 0.005)
(0.27 0.025 0.005)
(0.29 0.025 0.005)
(0.31 0.025 0.005)
(0.33 0.025 0.005)
(0.35 0.025 0.005)
(0.37 0.025 0.005)
(0.39 0.025 0.005)
(0.41 0.025 0.005)
(0.43 0.025 0.005)
(0.45 0.025 0.005)
(0.47 0.025 0.005)
(0.49 0.025 0.005)
(-0.49 0.035 0.005)
(-0.47 0.035 0.005)
(-0.45 0.035 0.005)
(-0.43 0.035 0.005)
(-0.41 0.035 0.005)
(-0.39 0.035 0.005)
(-0.37 0.035 0.005)
(-0.35 0.035 0.005)
(-0.33 0.035 0.005)
(-0.31 0.035 0.005)
(-0.29 0.035 0.005)
(-0.27 0.035 0.005)
(-0.25 0.035 0.005)
(-0.23 0.035 0.005)
(-0.21 0.035 0.005)
(-0.19 0.035 0.005)
(-0.17 0.035 0.005)
(-0.15 0.035 0.005)
(-0.13 0.035 0.005)
(-0.11 0.035 0.005)
(-0.09 0.035 0.005)
(-0.07 0.035 0.005)
(-0.05 0.035 0.005)
(-0.03 0.035 0.005)
(-0.01 0.035 0.005)
(0.01 0.035 0.005)
(0.03 0.035 0.005)
(0.05 0.035 0.005)
(0.07 0.035 0.005)
(0.09 0.035 0.005)
(0.11 0.035 0.005)
(0.13 0.035 0.005)
(0.15 0.035 0.005)
(0.17 0.035 0.005)
(0.19 0.035 0.005)
(0.21 0.035 0.005)
(0.23 0.035 0.005)
(0.25 0.035 0.005)
(0.27 0.035 0.005)
(0.29 0.035 0.005)
(0.31 0.035 0.005)
(0.33 0.035 0.005)
(0.35 0.035 0.005)
(0.37 0.035 0.005)
(0.39 0.035 0.005)
(0.41 0.035 0.005)
(0.43 0.035 0.005)
(0.45 0.035 0.005)
(0.47 0.035 0.005)
(0.49 0.035 0.005)
(-0.49 0.045 0.005)
(-0.47 0.045 0.005)
(-0.45 0.045 0.005)
(-0.43 0.045 0.005)
(-0.41 0.045 0.005)
(-0.39 0.045 0.005)
(-0.37 0.045 0.005)
(-0.35 0.045 0.005)
(-0.33 0.045 0.005)
(-0.31 0.045 0.005)
(-0.29 0.045 0.005)
(-0.27 0.045 0.005)
(-0.25 0.045 0.005)
(-0.23 0.045 0.005)
(-0.21 0.045 0.005)
(-0.19 0.045 0.005)
(-0.17 0.045 0.005)
(-0.15 0.045 0.005)
(-0.13 0.045 0.005)
(-0.11 0.045 0.005)
(-0.09 0.045 0.005)
(-0.07 0.045 0.005)
(-0.05 0.045 0.005)
(-0.03 0.045 0.005)
(-0.01 0.045 0.005)
(0.01 0.045 0.005)
(0.03 0.045 0.005)
(0.05 0.045 0.005)
(0.07 0.045 0.005)
(0.09 0.045 0.005)
(0.11 0.045 0.005)
(0.13 0.045 0.005)
(0.15 0.045 0.005)
(0.17 0.045 0.005)
(0.19 0.045 0.005)
(0.21 0.045 0.005)
(0.23 0.045 0.005)
(0.25 0.045 0.005)
(0.27 0.045 0.005)
(0.29 0.045 0.005)
(0.31 0.045 0.005)
(0.33 0.045 0.005)
(0.35 0.045 0.005)
(0.37 0.045 0.005)
(0.39 0.045 0.005)
(0.41 0.045 0.005)
(0.43 0.045 0.005)
(0.45 0.045 0.005)
(0.47 0.045 0.005)
(0.49 0.045 0.005)
(-0.49 0.055 0.005)
(-0.47 0.055 0.005)
(-0.45 0.055 0.005)
(-0.43 0.055 0.005)
(-0.41 0.055 0.005)
(-0.39 0.055 0.005)
(-0.37 0.055 0.005)
(-0.35 0.055 0.005)
(-0.33 0.055 0.005)
(-0.31 0.055 0.005)
(-0.29 0.055 0.005)
(-0.27 0.055 0.005)
(-0.25 0.055 0.005)
(-0.23 0.055 0.005)
(-0.21 0.055 0.005)
(-0.19 0.055 0.005)
(-0.17 0.055 0.005)
(-0.15 0.055 0.005)
(-0.13 0.055 0.005)
(-0.11 0.055 0.005)
(-0.09 0.055 0.005)
(-0.07 0.055 0.005)
(-0.05 0.055 0.005)
(-0.03 0.055 0.005)
(-0.01 0.055 0.005)
(0.01 0.055 0.005)
(0.03 0.055 0.005)
(0.05 0.055 0.005)
(0.07 0.055 0.005)
(0.09 0.055 0.005)
(0.11 0.055 0.005)
(0.13 0.055 0.005)
(0.15 0.055 0.005)
(0.17 0.055 0.005)
(0.19 0.055 0.005)
(0.21 0.055 0.005)
(0.23 0.055 0.005)
(0.25 0.055 0.005)
(0.27 0.055 0.005)
(0.29 0.055 0.005)
(0.31 0.055 0.005)
(0.33 0.055 0.005)
(0.35 0.055 0.005)
(0.37 0.055 0.005)
(0.39 0.055 0.005)
(0.41 0.055 0.005)
(0.43 0.055 0.005)
(0.45 0.055 0.005)
(0.47 0.055 0.005)
(0.49 0.055 0.005)
(-0.49 0.065 0.005)
(-0.47 0.065 0.005)
(-0.45 0.065 0.005)
(-0.43 0.065 0.005)
(-0.41 0.065 0.005)
(-0.39 0.065 0.005)
(-0.37 0.065 0.005)
(-0.35 0.065 0.005)
(-0.33 0.065 0.005)
(-0.31 0.065 0.005)
(-0.29 0.065 0.005)
(-0.27 0.065 0.005)
(-0.25 0.065 0.005)
(-0.23 0.065 0.005)
(-0.21 0.065 0.005)
(-0.19 0.065 0.005)
(-0.17 0.065 0.005)
(-0.15 0.065 0.005)
(-0.13 0.065 0.005)
(-0.11 0.065 0.005)
(-0.09 0.065 0.005)
(-0.07 0.065 0.005)
(-0.05 0.065 0.005)
(-0.03 0.065 0.005)
(-0.01 0.065 0.005)
(0.01 0.065 0.005)
(0.03 0.065 0.005)
(0.05 0.065 0.005)
(0.07 0.065 0.005)
(0.09 0.065 0.005)
(0.11 0.065 0.005)
(0.13 0.065 0.005)
(0.15 0.065 0.005)
(0.17 0.065 0.005)
(0.19 0.065 0.005)
(0.21 0.065 0.005)
(0.23 0.065 0.005)
(0.25 0.065 0.005)
(0.27 0.065 0.005)
(0.29 0.065 0.005)
(0.31 0.065 0.005)
(0.33 0.065 0.005)
(0.35 0.065 0.005)
(0.37 0.065 0.005)
(0.39 0.065 0.005)
(0.41 0.065 0.005)
(0.43 0.065 0.005)
(0.45 0.065 0.005)
(0.47 0.065 0.005)
(0.49 0.065 0.005)
(-0.49 0.075 0.005)
(-0.47 0.075 0.005)
(-0.45 0.075 0.005)
(-0.43 0.075 0.005)
(-0.41 0.075 0.005)
(-0.39 0.075 0.005)
(-0.37 0.075 0.005)
(-0.35 0.075 0.005)
(-0.33 0.075 0.005)
(-0.31 0.075 0.005)
(-0.29 0.075 0.005)
(-0.27 0.075 0.005)
(-0.25 0.075 0.005)
(-0.23 0.075 0.005)
(-0.21 0.075 0.005)
(-0.19 0.075 0.005)
(-0.17 0.075 0.005)
(-0.15 0.075 0.005)
(-0.13 0.075 0.005)
(-0.11 0.075 0.005)
(-0.09 0.075 0.005)
(-0.07 0.075 0.005)
(-0.05 0.075 0.005)
(-0.03 0.075 0.005)
(-0.01 0.075 0.005)
(0.01 0.075 0.005)
(0.03 0.075 0.005)
(0.05 0.075 0.005)
(0.07 0.075 0.005)
(0.09 0.075 0.005)
(0.11 0.075 0.005)
(0.13 0.075 0.005)
(0.15 0.075 0.005)
(0.17 0.075 0.005)
(0.19 0.075 0.005)
(0.21 0.075 0.005)
(0.23 0.075 0.005)
(0.25 0.075 0.005)
(0.27 0.075 0.005)
(0.29 0.075 0.005)
(0.31 0.075 0.005)
(0.33 0.075 0.005)
(0.35 0.075 0.005)
(0.37 0.075 0.005)
(0.39 0.075 0.005)
(0.41 0.075 0.005)
(0.43 0.075 0.005)
(0.45 0.075 0.005)
(0.47 0.075 0.005)
(0.49 0.075 0.005)
(-0.49 0.085 0.005)
(-0.47 0.085 0.005)
(-0.45 0.085 0.005)
(-0.43 0.085 0.005)
(-0.41 0.085 0.005)
(-0.39 0.085 0.005)
(-0.37 0.085 0.005)
(-0.35 0.085 0.005)
(-0.33 0.085 0.005)
(-0.31 0.085 0.005)
(-0.29 0.085 0.005)
(-0.27 0.085 0.005)
(-0.25 0.085 0.005)
(-0.23 0.085 0.005)
(-0.21 0.085 0.005)
(-0.19 0.085 0.005)
(-0.17 0.085 0.005)
(-0.15 0.085 0.005)
(-0.13 0.085 0.005)
(-0.11 0.085 0.005)
(-0.09 0.085 0.005)
(-0.07 0.085 0.005)
(-0.05 0.085 0.005)
(-0.03 0.085 0.005)
(-0.01 0.085 0.005)
(0.01 0.085 0.005)
(0.03 0.085 0.005)
(0.05 0.085 0.005)
(0.07 0.085 0.005)
(0.09 0.085 0.005)
(0.11 0.085 0.005)
(0.13 0.085 0.005)
(0.15 0.085 0.005)
(0.17 0.085 0.005)
(0.19 0.085 0.005)
(0.21 0.085 0.005)
(0.23 0.085 0.005)
(0.25 0.085 0.005)
(0.27 0.085 0.005)
(0.29 0.085 0.005)
(0.31 0.085 0.005)
(0.33 0.085 0.005)
(0.35 0.085 0.005)
(0.37 0.085 0.005)
(0.39 0.085 0.005)
(0.41 0.085 0.005)
(0.43 0.085 0.005)
(0.45 0.085 0.005)
(0.47 0.085 0.005)
(0.49 0.085 0.005)
(-0.49 0.095 0.005)
(-0.47 0.095 0.005)
(-0.45 0.095 0.005)
(-0.43 0.095 0.005)
(-0.41 0.095 0.005)
(-0.39 0.095 0.005)
(-0.37 0.095 0.005)
(-0.35 0.095 0.005)
(-0.33 0.095 0.005)
(-0.31 0.095 0.005)
(-0.29 0.095 0.005)
(-0.27 0.095 0.005)
(-0.25 0.095 0.005)
(-0.23 0.095 0.005)
(-0.21 0.095 0.005)
(-0.19 0.095 0.005)
(-0.17 0.095 0.005)
(-0.15 0.095 0.005)
(-0.13 0.095 0.005)
(-0.11 0.095 0.005)
(-0.09 0.095 0.005)
(-0.07 0.095 0.005)
(-0.05 0.095 0.005)
(-0.03 0.095 0.005)
(-0.01 0.095 0.005)
(0.01 0.095 0.005)
(0.03 0.095 0.005)
(0.05 0.095 0.005)
(0.07 0.095 0.005)
(0.09 0.095 0.005)
(0.11 0.095 0.005)
(0.13 0.095 0.005)
(0.15 0.095 0.005)
(0.17 0.095 0.005)
(0.19 0.095 0.005)
(0.21 0.095 0.005)
(0.23 0.095 0.005)
(0.25 0.095 0.005)
(0.27 0.095 0.005)
(0.29 0.095 0.005)
(0.31 0.095 0.005)
(0.33 0.095 0.005)
(0.35 0.095 0.005)
(0.37 0.095 0.005)
(0.39 0.095 0.005)
(0.41 0.095 0.005)
(0.43 0.095 0.005)
(0.45 0.095 0.005)
(0.47 0.095 0.005)
(0.49 0.095 0.005)
(-0.49 0.105 0.005)
(-0.47 0.105 0.005)
(-0.45 0.105 0.005)
(-0.43 0.105 0.005)
(-0.41 0.105 0.005)
(-0.39 0.105 0.005)
(-0.37 0.105 0.005)
(-0.35 0.105 0.005)
(-0.33 0.105 0.005)
(-0.31 0.105 0.005)
(-0.29 0.105 0.005)
(-0.27 0.105 0.005)
(-0.25 0.105 0.005)
(-0.23 0.105 0.005)
(-0.21 0.105 0.005)
(-0.19 0.105 0.005)
(-0.17 0.105 0.005)
(-0.15 0.105 0.005)
(-0.13 0.105 0.005)
(-0.11 0.105 0.005)
(-0.09 0.105 0.005)
(-0.07 0.105 0.005)
(-0.05 0.105 0.005)
(-0.03 0.105 0.005)
(-0.01 0.105 0.005)
(0.01 0.105 0.005)
(0.03 0.105 0.005)
(0.05 0.105 0.005)
(0.07 0.105 0.005)
(0.09 0.105 0.005)
(0.11 0.105 0.005)
(0.13 0.105 0.005)
(0.15 0.105 0.005)
(0.17 0.105 0.005)
(0.19 0.105 0.005)
(0.21 0.105 0.005)
(0.23 0.105 0.005)
(0.25 0.105 0.005)
(0.27 0.105 0.005)
(0.29 0.105 0.005)
(0.31 0.105 0.005)
(0.33 0.105 0.005)
(0.35 0.105 0.005)
(0.37 0.105 0.005)
(0.39 0.105 0.005)
(0.41 0.105 0.005)
(0.43 0.105 0.005)
(0.45 0.105 0.005)
(0.47 0.105 0.005)
(0.49 0.105 0.005)
(-0.49 0.115 0.005)
(-0.47 0.115 0.005)
(-0.45 0.115 0.005)
(-0.43 0.115 0.005)
(-0.41 0.115 0.005)
(-0.39 0.115 0.005)
(-0.37 0.115 0.005)
(-0.35 0.115 0.005)
(-0.33 0.115 0.005)
(-0.31 0.115 0.005)
(-0.29 0.115 0.005)
(-0.27 0.115 0.005)
(-0.25 0.115 0.005)
(-0.23 0.115 0.005)
(-0.21 0.115 0.005)
(-0.19 0.115 0.005)
(-0.17 0.115 0.005)
(-0.15 0.115 0.005)
(-0.13 0.115 0.005)
(-0.11 0.115 0.005)
(-0.09 0.115 0.005)
(-0.07 0.115 0.005)
(-0.05 0.115 0.005)
(-0.03 0.115 0.005)
(-0.01 0.115 0.005)
(0.01 0.115 0.005)
(0.03 0.115 0.005)
(0.05 0.115 0.005)
(0.07 0.115 0.005)
(0.09 0.115 0.005)
(0.11 0.115 0.005)
(0.13 0.115 0.005)
(0.15 0.115 0.005)
(0.17 0.115 0.005)
(0.19 0.115 0.005)
(0.21 0.115 0.005)
(0.23 0.115 0.005)
(0.25 0.115 0.005)
(0.27 0.115 0.005)
(0.29 0.115 0.005)
(0.31 0.115 0.005)
(0.33 0.115 0.005)
(0.35 0.115 0.005)
(0.37 0.115 0.005)
(0.39 0.115 0.005)
(0.41 0.115 0.005)
(0.43 0.115 0.005)
(0.45 0.115 0.005)
(0.47 0.115 0.005)
(0.49 0.115 0.005)
(-0.49 0.125 0.005)
(-0.47 0.125 0.005)
(-0.45 0.125 0.005)
(-0.43 0.125 0.005)
(-0.41 0.125 0.005)
(-0.39 0.125 0.005)
(-0.37 0.125 0.005)
(-0.35 0.125 0.005)
(-0.33 0.125 0.005)
(-0.31 0.125 0.005)
(-0.29 0.125 0.005)
(-0.27 0.125 0.005)
(-0.25 0.125 0.005)
(-0.23 0.125 0.005)
(-0.21 0.125 0.005)
(-0.19 0.125 0.005)
(-0.17 0.125 0.005)
(-0.15 0.125 0.005)
(-0.13 0.125 0.005)
(-0.11 0.125 0.005)
(-0.09 0.125 0.005)
(-0.07 0.125 0.005)
(-0.05 0.125 0.005)
(-0.03 0.125 0.005)
(-0.01 0.125 0.005)
(0.01 0.125 0.005)
(0.03 0.125 0.005)
(0.05 0.125 0.005)
(0.07 0.125 0.005)
(0.09 0.125 0.005)
(0.11 0.125 0.005)
(0.13 0.125 0.005)
(0.15 0.125 0.005)
(0.17 0.125 0.005)
(0.19 0.125 0.005)
(0.21 0.125 0.005)
(0.23 0.125 0.005)
(0.25 0.125 0.005)
(0.27 0.125 0.005)
(0.29 0.125 0.005)
(0.31 0.125 0.005)
(0.33 0.125 0.005)
(0.35 0.125 0.005)
(0.37 0.125 0.005)
(0.39 0.125 0.005)
(0.41 0.125 0.005)
(0.43 0.125 0.005)
(0.45 0.125 0.005)
(0.47 0.125 0.005)
(0.49 0.125 0.005)
(-0.49 0.135 0.005)
(-0.47 0.135 0.005)
(-0.45 0.135 0.005)
(-0.43 0.135 0.005)
(-0.41 0.135 0.005)
(-0.39 0.135 0.005)
(-0.37 0.135 0.005)
(-0.35 0.135 0.005)
(-0.33 0.135 0.005)
(-0.31 0.135 0.005)
(-0.29 0.135 0.005)
(-0.27 0.135 0.005)
(-0.25 0.135 0.005)
(-0.23 0.135 0.005)
(-0.21 0.135 0.005)
(-0.19 0.135 0.005)
(-0.17 0.135 0.005)
(-0.15 0.135 0.005)
(-0.13 0.135 0.005)
(-0.11 0.135 0.005)
(-0.09 0.135 0.005)
(-0.07 0.135 0.005)
(-0.05 0.135 0.005)
(-0.03 0.135 0.005)
(-0.01 0.135 0.005)
(0.01 0.135 0.005)
(0.03 0.135 0.005)
(0.05 0.135 0.005)
(0.07 0.135 0.005)
(0.09 0.135 0.005)
(0.11 0.135 0.005)
(0.13 0.135 0.005)
(0.15 0.135 0.005)
(0.17 0.135 0.005)
(0.19 0.135 0.005)
(0.21 0.135 0.005)
(0.23 0.135 0.005)
(0.25 0.135 0.005)
(0.27 0.135 0.005)
(0.29 0.135 0.005)
(0.31 0.135 0.005)
(0.33 0.135 0.005)
(0.35 0.135 0.005)
(0.37 0.135 0.005)
(0.39 0.135 0.005)
(0.41 0.135 0.005)
(0.43 0.135 0.005)
(0.45 0.135 0.005)
(0.47 0.135 0.005)
(0.49 0.135 0.005)
(-0.49 0.145 0.005)
(-0.47 0.145 0.005)
(-0.45 0.145 0.005)
(-0.43 0.145 0.005)
(-0.41 0.145 0.005)
(-0.39 0.145 0.005)
(-0.37 0.145 0.005)
(-0.35 0.145 0.005)
(-0.33 0.145 0.005)
(-0.31 0.145 0.005)
(-0.29 0.145 0.005)
(-0.27 0.145 0.005)
(-0.25 0.145 0.005)
(-0.23 0.145 0.005)
(-0.21 0.145 0.005)
(-0.19 0.145 0.005)
(-0.17 0.145 0.005)
(-0.15 0.145 0.005)
(-0.13 0.145 0.005)
(-0.11 0.145 0.005)
(-0.09 0.145 0.005)
(-0.07 0.145 0.005)
(-0.05 0.145 0.005)
(-0.03 0.145 0.005)
(-0.01 0.145 0.005)
(0.01 0.145 0.005)
(0.03 0.145 0.005)
(0.05 0.145 0.005)
(0.07 0.145 0.005)
(0.09 0.145 0.005)
(0.11 0.145 0.005)
(0.13 0.145 0.005)
(0.15 0.145 0.005)
(0.17 0.145 0.005)
(0.19 0.145 0.005)
(0.21 0.145 0.005)
(0.23 0.145 0.005)
(0.25 0.145 0.005)
(0.27 0.145 0.005)
(0.29 0.145 0.005)
(0.31 0.145 0.005)
(0.33 0.145 0.005)
(0.35 0.145 0.005)
(0.37 0.145 0.005)
(0.39 0.145 0.005)
(0.41 0.145 0.005)
(0.43 0.145 0.005)
(0.45 0.145 0.005)
(0.47 0.145 0.005)
(0.49 0.145 0.005)
(-0.49 0.155 0.005)
(-0.47 0.155 0.005)
(-0.45 0.155 0.005)
(-0.43 0.155 0.005)
(-0.41 0.155 0.005)
(-0.39 0.155 0.005)
(-0.37 0.155 0.005)
(-0.35 0.155 0.005)
(-0.33 0.155 0.005)
(-0.31 0.155 0.005)
(-0.29 0.155 0.005)
(-0.27 0.155 0.005)
(-0.25 0.155 0.005)
(-0.23 0.155 0.005)
(-0.21 0.155 0.005)
(-0.19 0.155 0.005)
(-0.17 0.155 0.005)
(-0.15 0.155 0.005)
(-0.13 0.155 0.005)
(-0.11 0.155 0.005)
(-0.09 0.155 0.005)
(-0.07 0.155 0.005)
(-0.05 0.155 0.005)
(-0.03 0.155 0.005)
(-0.01 0.155 0.005)
(0.01 0.155 0.005)
(0.03 0.155 0.005)
(0.05 0.155 0.005)
(0.07 0.155 0.005)
(0.09 0.155 0.005)
(0.11 0.155 0.005)
(0.13 0.155 0.005)
(0.15 0.155 0.005)
(0.17 0.155 0.005)
(0.19 0.155 0.005)
(0.21 0.155 0.005)
(0.23 0.155 0.005)
(0.25 0.155 0.005)
(0.27 0.155 0.005)
(0.29 0.155 0.005)
(0.31 0.155 0.005)
(0.33 0.155 0.005)
(0.35 0.155 0.005)
(0.37 0.155 0.005)
(0.39 0.155 0.005)
(0.41 0.155 0.005)
(0.43 0.155 0.005)
(0.45 0.155 0.005)
(0.47 0.155 0.005)
(0.49 0.155 0.005)
(-0.49 0.165 0.005)
(-0.47 0.165 0.005)
(-0.45 0.165 0.005)
(-0.43 0.165 0.005)
(-0.41 0.165 0.005)
(-0.39 0.165 0.005)
(-0.37 0.165 0.005)
(-0.35 0.165 0.005)
(-0.33 0.165 0.005)
(-0.31 0.165 0.005)
(-0.29 0.165 0.005)
(-0.27 0.165 0.005)
(-0.25 0.165 0.005)
(-0.23 0.165 0.005)
(-0.21 0.165 0.005)
(-0.19 0.165 0.005)
(-0.17 0.165 0.005)
(-0.15 0.165 0.005)
(-0.13 0.165 0.005)
(-0.11 0.165 0.005)
(-0.09 0.165 0.005)
(-0.07 0.165 0.005)
(-0.05 0.165 0.005)
(-0.03 0.165 0.005)
(-0.01 0.165 0.005)
(0.01 0.165 0.005)
(0.03 0.165 0.005)
(0.05 0.165 0.005)
(0.07 0.165 0.005)
(0.09 0.165 0.005)
(0.11 0.165 0.005)
(0.13 0.165 0.005)
(0.15 0.165 0.005)
(0.17 0.165 0.005)
(0.19 0.165 0.005)
(0.21 0.165 0.005)
(0.23 0.165 0.005)
(0.25 0.165 0.005)
(0.27 0.165 0.005)
(0.29 0.165 0.005)
(0.31 0.165 0.005)
(0.33 0.165 0.005)
(0.35 0.165 0.005)
(0.37 0.165 0.005)
(0.39 0.165 0.005)
(0.41 0.165 0.005)
(0.43 0.165 0.005)
(0.45 0.165 0.005)
(0.47 0.165 0.005)
(0.49 0.165 0.005)
(-0.49 0.175 0.005)
(-0.47 0.175 0.005)
(-0.45 0.175 0.005)
(-0.43 0.175 0.005)
(-0.41 0.175 0.005)
(-0.39 0.175 0.005)
(-0.37 0.175 0.005)
(-0.35 0.175 0.005)
(-0.33 0.175 0.005)
(-0.31 0.175 0.005)
(-0.29 0.175 0.005)
(-0.27 0.175 0.005)
(-0.25 0.175 0.005)
(-0.23 0.175 0.005)
(-0.21 0.175 0.005)
(-0.19 0.175 0.005)
(-0.17 0.175 0.005)
(-0.15 0.175 0.005)
(-0.13 0.175 0.005)
(-0.11 0.175 0.005)
(-0.09 0.175 0.005)
(-0.07 0.175 0.005)
(-0.05 0.175 0.005)
(-0.03 0.175 0.005)
(-0.01 0.175 0.005)
(0.01 0.175 0.005)
(0.03 0.175 0.005)
(0.05 0.175 0.005)
(0.07 0.175 0.005)
(0.09 0.175 0.005)
(0.11 0.175 0.005)
(0.13 0.175 0.005)
(0.15 0.175 0.005)
(0.17 0.175 0.005)
(0.19 0.175 0.005)
(0.21 0.175 0.005)
(0.23 0.175 0.005)
(0.25 0.175 0.005)
(0.27 0.175 0.005)
(0.29 0.175 0.005)
(0.31 0.175 0.005)
(0.33 0.175 0.005)
(0.35 0.175 0.005)
(0.37 0.175 0.005)
(0.39 0.175 0.005)
(0.41 0.175 0.005)
(0.43 0.175 0.005)
(0.45 0.175 0.005)
(0.47 0.175 0.005)
(0.49 0.175 0.005)
(-0.49 0.185 0.005)
(-0.47 0.185 0.005)
(-0.45 0.185 0.005)
(-0.43 0.185 0.005)
(-0.41 0.185 0.005)
(-0.39 0.185 0.005)
(-0.37 0.185 0.005)
(-0.35 0.185 0.005)
(-0.33 0.185 0.005)
(-0.31 0.185 0.005)
(-0.29 0.185 0.005)
(-0.27 0.185 0.005)
(-0.25 0.185 0.005)
(-0.23 0.185 0.005)
(-0.21 0.185 0.005)
(-0.19 0.185 0.005)
(-0.17 0.185 0.005)
(-0.15 0.185 0.005)
(-0.13 0.185 0.005)
(-0.11 0.185 0.005)
(-0.09 0.185 0.005)
(-0.07 0.185 0.005)
(-0.05 0.185 0.005)
(-0.03 0.185 0.005)
(-0.01 0.185 0.005)
(0.01 0.185 0.005)
(0.03 0.185 0.005)
(0.05 0.185 0.005)
(0.07 0.185 0.005)
(0.09 0.185 0.005)
(0.11 0.185 0.005)
(0.13 0.185 0.005)
(0.15 0.185 0.005)
(0.17 0.185 0.005)
(0.19 0.185 0.005)
(0.21 0.185 0.005)
(0.23 0.185 0.005)
(0.25 0.185 0.005)
(0.27 0.185 0.005)
(0.29 0.185 0.005)
(0.31 0.185 0.005)
(0.33 0.185 0.005)
(0.35 0.185 0.005)
(0.37 0.185 0.005)
(0.39 0.185 0.005)
(0.41 0.185 0.005)
(0.43 0.185 0.005)
(0.45 0.185 0.005)
(0.47 0.185 0.005)
(0.49 0.185 0.005)
(-0.49 0.195 0.005)
(-0.47 0.195 0.005)
(-0.45 0.195 0.005)
(-0.43 0.195 0.005)
(-0.41 0.195 0.005)
(-0.39 0.195 0.005)
(-0.37 0.195 0.005)
(-0.35 0.195 0.005)
(-0.33 0.195 0.005)
(-0.31 0.195 0.005)
(-0.29 0.195 0.005)
(-0.27 0.195 0.005)
(-0.25 0.195 0.005)
(-0.23 0.195 0.005)
(-0.21 0.195 0.005)
(-0.19 0.195 0.005)
(-0.17 0.195 0.005)
(-0.15 0.195 0.005)
(-0.13 0.195 0.005)
(-0.11 0.195 0.005)
(-0.09 0.195 0.005)
(-0.07 0.195 0.005)
(-0.05 0.195 0.005)
(-0.03 0.195 0.005)
(-0.01 0.195 0.005)
(0.01 0.195 0.005)
(0.03 0.195 0.005)
(0.05 0.195 0.005)
(0.07 0.195 0.005)
(0.09 0.195 0.005)
(0.11 0.195 0.005)
(0.13 0.195 0.005)
(0.15 0.195 0.005)
(0.17 0.195 0.005)
(0.19 0.195 0.005)
(0.21 0.195 0.005)
(0.23 0.195 0.005)
(0.25 0.195 0.005)
(0.27 0.195 0.005)
(0.29 0.195 0.005)
(0.31 0.195 0.005)
(0.33 0.195 0.005)
(0.35 0.195 0.005)
(0.37 0.195 0.005)
(0.39 0.195 0.005)
(0.41 0.195 0.005)
(0.43 0.195 0.005)
(0.45 0.195 0.005)
(0.47 0.195 0.005)
(0.49 0.195 0.005)
(-0.49 0.205 0.005)
(-0.47 0.205 0.005)
(-0.45 0.205 0.005)
(-0.43 0.205 0.005)
(-0.41 0.205 0.005)
(-0.39 0.205 0.005)
(-0.37 0.205 0.005)
(-0.35 0.205 0.005)
(-0.33 0.205 0.005)
(-0.31 0.205 0.005)
(-0.29 0.205 0.005)
(-0.27 0.205 0.005)
(-0.25 0.205 0.005)
(-0.23 0.205 0.005)
(-0.21 0.205 0.005)
(-0.19 0.205 0.005)
(-0.17 0.205 0.005)
(-0.15 0.205 0.005)
(-0.13 0.205 0.005)
(-0.11 0.205 0.005)
(-0.09 0.205 0.005)
(-0.07 0.205 0.005)
(-0.05 0.205 0.005)
(-0.03 0.205 0.005)
(-0.01 0.205 0.005)
(0.01 0.205 0.005)
(0.03 0.205 0.005)
(0.05 0.205 0.005)
(0.07 0.205 0.005)
(0.09 0.205 0.005)
(0.11 0.205 0.005)
(0.13 0.205 0.005)
(0.15 0.205 0.005)
(0.17 0.205 0.005)
(0.19 0.205 0.005)
(0.21 0.205 0.005)
(0.23 0.205 0.005)
(0.25 0.205 0.005)
(0.27 0.205 0.005)
(0.29 0.205 0.005)
(0.31 0.205 0.005)
(0.33 0.205 0.005)
(0.35 0.205 0.005)
(0.37 0.205 0.005)
(0.39 0.205 0.005)
(0.41 0.205 0.005)
(0.43 0.205 0.005)
(0.45 0.205 0.005)
(0.47 0.205 0.005)
(0.49 0.205 0.005)
(-0.49 0.215 0.005)
(-0.47 0.215 0.005)
(-0.45 0.215 0.005)
(-0.43 0.215 0.005)
(-0.41 0.215 0.005)
(-0.39 0.215 0.005)
(-0.37 0.215 0.005)
(-0.35 0.215 0.005)
(-0.33 0.215 0.005)
(-0.31 0.215 0.005)
(-0.29 0.215 0.005)
(-0.27 0.215 0.005)
(-0.25 0.215 0.005)
(-0.23 0.215 0.005)
(-0.21 0.215 0.005)
(-0.19 0.215 0.005)
(-0.17 0.215 0.005)
(-0.15 0.215 0.005)
(-0.13 0.215 0.005)
(-0.11 0.215 0.005)
(-0.09 0.215 0.005)
(-0.07 0.215 0.005)
(-0.05 0.215 0.005)
(-0.03 0.215 0.005)
(-0.01 0.215 0.005)
(0.01 0.215 0.005)
(0.03 0.215 0.005)
(0.05 0.215 0.005)
(0.07 0.215 0.005)
(0.09 0.215 0.005)
(0.11 0.215 0.005)
(0.13 0.215 0.005)
(0.15 0.215 0.005)
(0.17 0.215 0.005)
(0.19 0.215 0.005)
(0.21 0.215 0.005)
(0.23 0.215 0.005)
(0.25 0.215 0.005)
(0.27 0.215 0.005)
(0.29 0.215 0.005)
(0.31 0.215 0.005)
(0.33 0.215 0.005)
(0.35 0.215 0.005)
(0.37 0.215 0.005)
(0.39 0.215 0.005)
(0.41 0.215 0.005)
(0.43 0.215 0.005)
(0.45 0.215 0.005)
(0.47 0.215 0.005)
(0.49 0.215 0.005)
(-0.49 0.225 0.005)
(-0.47 0.225 0.005)
(-0.45 0.225 0.005)
(-0.43 0.225 0.005)
(-0.41 0.225 0.005)
(-0.39 0.225 0.005)
(-0.37 0.225 0.005)
(-0.35 0.225 0.005)
(-0.33 0.225 0.005)
(-0.31 0.225 0.005)
(-0.29 0.225 0.005)
(-0.27 0.225 0.005)
(-0.25 0.225 0.005)
(-0.23 0.225 0.005)
(-0.21 0.225 0.005)
(-0.19 0.225 0.005)
(-0.17 0.225 0.005)
(-0.15 0.225 0.005)
(-0.13 0.225 0.005)
(-0.11 0.225 0.005)
(-0.09 0.225 0.005)
(-0.07 0.225 0.005)
(-0.05 0.225 0.005)
(-0.03 0.225 0.005)
(-0.01 0.225 0.005)
(0.01 0.225 0.005)
(0.03 0.225 0.005)
(0.05 0.225 0.005)
(0.07 0.225 0.005)
(0.09 0.225 0.005)
(0.11 0.225 0.005)
(0.13 0.225 0.005)
(0.15 0.225 0.005)
(0.17 0.225 0.005)
(0.19 0.225 0.005)
(0.21 0.225 0.005)
(0.23 0.225 0.005)
(0.25 0.225 0.005)
(0.27 0.225 0.005)
(0.29 0.225 0.005)
(0.31 0.225 0.005)
(0.33 0.225 0.005)
(0.35 0.225 0.005)
(0.37 0.225 0.005)
(0.39 0.225 0.005)
(0.41 0.225 0.005)
(0.43 0.225 0.005)
(0.45 0.225 0.005)
(0.47 0.225 0.005)
(0.49 0.225 0.005)
(-0.49 0.235 0.005)
(-0.47 0.235 0.005)
(-0.45 0.235 0.005)
(-0.43 0.235 0.005)
(-0.41 0.235 0.005)
(-0.39 0.235 0.005)
(-0.37 0.235 0.005)
(-0.35 0.235 0.005)
(-0.33 0.235 0.005)
(-0.31 0.235 0.005)
(-0.29 0.235 0.005)
(-0.27 0.235 0.005)
(-0.25 0.235 0.005)
(-0.23 0.235 0.005)
(-0.21 0.235 0.005)
(-0.19 0.235 0.005)
(-0.17 0.235 0.005)
(-0.15 0.235 0.005)
(-0.13 0.235 0.005)
(-0.11 0.235 0.005)
(-0.09 0.235 0.005)
(-0.07 0.235 0.005)
(-0.05 0.235 0.005)
(-0.03 0.235 0.005)
(-0.01 0.235 0.005)
(0.01 0.235 0.005)
(0.03 0.235 0.005)
(0.05 0.235 0.005)
(0.07 0.235 0.005)
(0.09 0.235 0.005)
(0.11 0.235 0.005)
(0.13 0.235 0.005)
(0.15 0.235 0.005)
(0.17 0.235 0.005)
(0.19 0.235 0.005)
(0.21 0.235 0.005)
(0.23 0.235 0.005)
(0.25 0.235 0.005)
(0.27 0.235 0.005)
(0.29 0.235 0.005)
(0.31 0.235 0.005)
(0.33 0.235 0.005)
(0.35 0.235 0.005)
(0.37 0.235 0.005)
(0.39 0.235 0.005)
(0.41 0.235 0.005)
(0.43 0.235 0.005)
(0.45 0.235 0.005)
(0.47 0.235 0.005)
(0.49 0.235 0.005)
(-0.49 0.245 0.005)
(-0.47 0.245 0.005)
(-0.45 0.245 0.005)
(-0.43 0.245 0.005)
(-0.41 0.245 0.005)
(-0.39 0.245 0.005)
(-0.37 0.245 0.005)
(-0.35 0.245 0.005)
(-0.33 0.245 0.005)
(-0.31 0.245 0.005)
(-0.29 0.245 0.005)
(-0.27 0.245 0.005)
(-0.25 0.245 0.005)
(-0.23 0.245 0.005)
(-0.21 0.245 0.005)
(-0.19 0.245 0.005)
(-0.17 0.245 0.005)
(-0.15 0.245 0.005)
(-0.13 0.245 0.005)
(-0.11 0.245 0.005)
(-0.09 0.245 0.005)
(-0.07 0.245 0.005)
(-0.05 0.245 0.005)
(-0.03 0.245 0.005)
(-0.01 0.245 0.005)
(0.01 0.245 0.005)
(0.03 0.245 0.005)
(0.05 0.245 0.005)
(0.07 0.245 0.005)
(0.09 0.245 0.005)
(0.11 0.245 0.005)
(0.13 0.245 0.005)
(0.15 0.245 0.005)
(0.17 0.245 0.005)
(0.19 0.245 0.005)
(0.21 0.245 0.005)
(0.23 0.245 0.005)
(0.25 0.245 0.005)
(0.27 0.245 0.005)
(0.29 0.245 0.005)
(0.31 0.245 0.005)
(0.33 0.245 0.005)
(0.35 0.245 0.005)
(0.37 0.245 0.005)
(0.39 0.245 0.005)
(0.41 0.245 0.005)
(0.43 0.245 0.005)
(0.45 0.245 0.005)
(0.47 0.245 0.005)
(0.49 0.245 0.005)
)
;

boundaryField
{
    left
    {
        type            calculated;
        value           nonuniform List<vector> 
50
(
(-0.5 -0.245 0.005)
(-0.5 -0.235 0.005)
(-0.5 -0.225 0.005)
(-0.5 -0.215 0.005)
(-0.5 -0.205 0.005)
(-0.5 -0.195 0.005)
(-0.5 -0.185 0.005)
(-0.5 -0.175 0.005)
(-0.5 -0.165 0.005)
(-0.5 -0.155 0.005)
(-0.5 -0.145 0.005)
(-0.5 -0.135 0.005)
(-0.5 -0.125 0.005)
(-0.5 -0.115 0.005)
(-0.5 -0.105 0.005)
(-0.5 -0.095 0.005)
(-0.5 -0.085 0.005)
(-0.5 -0.075 0.005)
(-0.5 -0.065 0.005)
(-0.5 -0.055 0.005)
(-0.5 -0.045 0.005)
(-0.5 -0.035 0.005)
(-0.5 -0.025 0.005)
(-0.5 -0.015 0.005)
(-0.5 -0.005 0.005)
(-0.5 0.005 0.005)
(-0.5 0.015 0.005)
(-0.5 0.025 0.005)
(-0.5 0.035 0.005)
(-0.5 0.045 0.005)
(-0.5 0.055 0.005)
(-0.5 0.065 0.005)
(-0.5 0.075 0.005)
(-0.5 0.085 0.005)
(-0.5 0.095 0.005)
(-0.5 0.105 0.005)
(-0.5 0.115 0.005)
(-0.5 0.125 0.005)
(-0.5 0.135 0.005)
(-0.5 0.145 0.005)
(-0.5 0.155 0.005)
(-0.5 0.165 0.005)
(-0.5 0.175 0.005)
(-0.5 0.185 0.005)
(-0.5 0.195 0.005)
(-0.5 0.205 0.005)
(-0.5 0.215 0.005)
(-0.5 0.225 0.005)
(-0.5 0.235 0.005)
(-0.5 0.245 0.005)
)
;
    }
    right
    {
        type            calculated;
        value           nonuniform List<vector> 
50
(
(0.5 -0.245 0.005)
(0.5 -0.235 0.005)
(0.5 -0.225 0.005)
(0.5 -0.215 0.005)
(0.5 -0.205 0.005)
(0.5 -0.195 0.005)
(0.5 -0.185 0.005)
(0.5 -0.175 0.005)
(0.5 -0.165 0.005)
(0.5 -0.155 0.005)
(0.5 -0.145 0.005)
(0.5 -0.135 0.005)
(0.5 -0.125 0.005)
(0.5 -0.115 0.005)
(0.5 -0.105 0.005)
(0.5 -0.095 0.005)
(0.5 -0.085 0.005)
(0.5 -0.075 0.005)
(0.5 -0.065 0.005)
(0.5 -0.055 0.005)
(0.5 -0.045 0.005)
(0.5 -0.035 0.005)
(0.5 -0.025 0.005)
(0.5 -0.015 0.005)
(0.5 -0.005 0.005)
(0.5 0.005 0.005)
(0.5 0.015 0.005)
(0.5 0.025 0.005)
(0.5 0.035 0.005)
(0.5 0.045 0.005)
(0.5 0.055 0.005)
(0.5 0.065 0.005)
(0.5 0.075 0.005)
(0.5 0.085 0.005)
(0.5 0.095 0.005)
(0.5 0.105 0.005)
(0.5 0.115 0.005)
(0.5 0.125 0.005)
(0.5 0.135 0.005)
(0.5 0.145 0.005)
(0.5 0.155 0.005)
(0.5 0.165 0.005)
(0.5 0.175 0.005)
(0.5 0.185 0.005)
(0.5 0.195 0.005)
(0.5 0.205 0.005)
(0.5 0.215 0.005)
(0.5 0.225 0.005)
(0.5 0.235 0.005)
(0.5 0.245 0.005)
)
;
    }
    up
    {
        type            calculated;
        value           nonuniform List<vector> 
50
(
(-0.49 0.25 0.005)
(-0.47 0.25 0.005)
(-0.45 0.25 0.005)
(-0.43 0.25 0.005)
(-0.41 0.25 0.005)
(-0.39 0.25 0.005)
(-0.37 0.25 0.005)
(-0.35 0.25 0.005)
(-0.33 0.25 0.005)
(-0.31 0.25 0.005)
(-0.29 0.25 0.005)
(-0.27 0.25 0.005)
(-0.25 0.25 0.005)
(-0.23 0.25 0.005)
(-0.21 0.25 0.005)
(-0.19 0.25 0.005)
(-0.17 0.25 0.005)
(-0.15 0.25 0.005)
(-0.13 0.25 0.005)
(-0.11 0.25 0.005)
(-0.09 0.25 0.005)
(-0.07 0.25 0.005)
(-0.05 0.25 0.005)
(-0.03 0.25 0.005)
(-0.01 0.25 0.005)
(0.01 0.25 0.005)
(0.03 0.25 0.005)
(0.05 0.25 0.005)
(0.07 0.25 0.005)
(0.09 0.25 0.005)
(0.11 0.25 0.005)
(0.13 0.25 0.005)
(0.15 0.25 0.005)
(0.17 0.25 0.005)
(0.19 0.25 0.005)
(0.21 0.25 0.005)
(0.23 0.25 0.005)
(0.25 0.25 0.005)
(0.27 0.25 0.005)
(0.29 0.25 0.005)
(0.31 0.25 0.005)
(0.33 0.25 0.005)
(0.35 0.25 0.005)
(0.37 0.25 0.005)
(0.39 0.25 0.005)
(0.41 0.25 0.005)
(0.43 0.25 0.005)
(0.45 0.25 0.005)
(0.47 0.25 0.005)
(0.49 0.25 0.005)
)
;
    }
    down
    {
        type            calculated;
        value           nonuniform List<vector> 
50
(
(-0.49 -0.25 0.005)
(-0.47 -0.25 0.005)
(-0.45 -0.25 0.005)
(-0.43 -0.25 0.005)
(-0.41 -0.25 0.005)
(-0.39 -0.25 0.005)
(-0.37 -0.25 0.005)
(-0.35 -0.25 0.005)
(-0.33 -0.25 0.005)
(-0.31 -0.25 0.005)
(-0.29 -0.25 0.005)
(-0.27 -0.25 0.005)
(-0.25 -0.25 0.005)
(-0.23 -0.25 0.005)
(-0.21 -0.25 0.005)
(-0.19 -0.25 0.005)
(-0.17 -0.25 0.005)
(-0.15 -0.25 0.005)
(-0.13 -0.25 0.005)
(-0.11 -0.25 0.005)
(-0.09 -0.25 0.005)
(-0.07 -0.25 0.005)
(-0.05 -0.25 0.005)
(-0.03 -0.25 0.005)
(-0.01 -0.25 0.005)
(0.01 -0.25 0.005)
(0.03 -0.25 0.005)
(0.05 -0.25 0.005)
(0.07 -0.25 0.005)
(0.09 -0.25 0.005)
(0.11 -0.25 0.005)
(0.13 -0.25 0.005)
(0.15 -0.25 0.005)
(0.17 -0.25 0.005)
(0.19 -0.25 0.005)
(0.21 -0.25 0.005)
(0.23 -0.25 0.005)
(0.25 -0.25 0.005)
(0.27 -0.25 0.005)
(0.29 -0.25 0.005)
(0.31 -0.25 0.005)
(0.33 -0.25 0.005)
(0.35 -0.25 0.005)
(0.37 -0.25 0.005)
(0.39 -0.25 0.005)
(0.41 -0.25 0.005)
(0.43 -0.25 0.005)
(0.45 -0.25 0.005)
(0.47 -0.25 0.005)
(0.49 -0.25 0.005)
)
;
    }
    frontAndBack
    {
        type            empty;
    }
}


// ************************************************************************* //
