/*--------------------------------*- C++ -*----------------------------------*\
  =========                 |
  \\      /  F ield         | OpenFOAM: The Open Source CFD Toolbox
   \\    /   O peration     | Website:  https://openfoam.org
    \\  /    A nd           | Version:  6
     \\/     M anipulation  |
\*---------------------------------------------------------------------------*/
FoamFile
{
    version     2.0;
    format      ascii;
    class       volScalarField;
    location    "0";
    object      Cy;
}
// * * * * * * * * * * * * * * * * * * * * * * * * * * * * * * * * * * * * * //

dimensions      [0 1 0 0 0 0 0];

internalField   nonuniform List<scalar> 
2500
(
-0.245
-0.245
-0.245
-0.245
-0.245
-0.245
-0.245
-0.245
-0.245
-0.245
-0.245
-0.245
-0.245
-0.245
-0.245
-0.245
-0.245
-0.245
-0.245
-0.245
-0.245
-0.245
-0.245
-0.245
-0.245
-0.245
-0.245
-0.245
-0.245
-0.245
-0.245
-0.245
-0.245
-0.245
-0.245
-0.245
-0.245
-0.245
-0.245
-0.245
-0.245
-0.245
-0.245
-0.245
-0.245
-0.245
-0.245
-0.245
-0.245
-0.245
-0.235
-0.235
-0.235
-0.235
-0.235
-0.235
-0.235
-0.235
-0.235
-0.235
-0.235
-0.235
-0.235
-0.235
-0.235
-0.235
-0.235
-0.235
-0.235
-0.235
-0.235
-0.235
-0.235
-0.235
-0.235
-0.235
-0.235
-0.235
-0.235
-0.235
-0.235
-0.235
-0.235
-0.235
-0.235
-0.235
-0.235
-0.235
-0.235
-0.235
-0.235
-0.235
-0.235
-0.235
-0.235
-0.235
-0.235
-0.235
-0.235
-0.235
-0.225
-0.225
-0.225
-0.225
-0.225
-0.225
-0.225
-0.225
-0.225
-0.225
-0.225
-0.225
-0.225
-0.225
-0.225
-0.225
-0.225
-0.225
-0.225
-0.225
-0.225
-0.225
-0.225
-0.225
-0.225
-0.225
-0.225
-0.225
-0.225
-0.225
-0.225
-0.225
-0.225
-0.225
-0.225
-0.225
-0.225
-0.225
-0.225
-0.225
-0.225
-0.225
-0.225
-0.225
-0.225
-0.225
-0.225
-0.225
-0.225
-0.225
-0.215
-0.215
-0.215
-0.215
-0.215
-0.215
-0.215
-0.215
-0.215
-0.215
-0.215
-0.215
-0.215
-0.215
-0.215
-0.215
-0.215
-0.215
-0.215
-0.215
-0.215
-0.215
-0.215
-0.215
-0.215
-0.215
-0.215
-0.215
-0.215
-0.215
-0.215
-0.215
-0.215
-0.215
-0.215
-0.215
-0.215
-0.215
-0.215
-0.215
-0.215
-0.215
-0.215
-0.215
-0.215
-0.215
-0.215
-0.215
-0.215
-0.215
-0.205
-0.205
-0.205
-0.205
-0.205
-0.205
-0.205
-0.205
-0.205
-0.205
-0.205
-0.205
-0.205
-0.205
-0.205
-0.205
-0.205
-0.205
-0.205
-0.205
-0.205
-0.205
-0.205
-0.205
-0.205
-0.205
-0.205
-0.205
-0.205
-0.205
-0.205
-0.205
-0.205
-0.205
-0.205
-0.205
-0.205
-0.205
-0.205
-0.205
-0.205
-0.205
-0.205
-0.205
-0.205
-0.205
-0.205
-0.205
-0.205
-0.205
-0.195
-0.195
-0.195
-0.195
-0.195
-0.195
-0.195
-0.195
-0.195
-0.195
-0.195
-0.195
-0.195
-0.195
-0.195
-0.195
-0.195
-0.195
-0.195
-0.195
-0.195
-0.195
-0.195
-0.195
-0.195
-0.195
-0.195
-0.195
-0.195
-0.195
-0.195
-0.195
-0.195
-0.195
-0.195
-0.195
-0.195
-0.195
-0.195
-0.195
-0.195
-0.195
-0.195
-0.195
-0.195
-0.195
-0.195
-0.195
-0.195
-0.195
-0.185
-0.185
-0.185
-0.185
-0.185
-0.185
-0.185
-0.185
-0.185
-0.185
-0.185
-0.185
-0.185
-0.185
-0.185
-0.185
-0.185
-0.185
-0.185
-0.185
-0.185
-0.185
-0.185
-0.185
-0.185
-0.185
-0.185
-0.185
-0.185
-0.185
-0.185
-0.185
-0.185
-0.185
-0.185
-0.185
-0.185
-0.185
-0.185
-0.185
-0.185
-0.185
-0.185
-0.185
-0.185
-0.185
-0.185
-0.185
-0.185
-0.185
-0.175
-0.175
-0.175
-0.175
-0.175
-0.175
-0.175
-0.175
-0.175
-0.175
-0.175
-0.175
-0.175
-0.175
-0.175
-0.175
-0.175
-0.175
-0.175
-0.175
-0.175
-0.175
-0.175
-0.175
-0.175
-0.175
-0.175
-0.175
-0.175
-0.175
-0.175
-0.175
-0.175
-0.175
-0.175
-0.175
-0.175
-0.175
-0.175
-0.175
-0.175
-0.175
-0.175
-0.175
-0.175
-0.175
-0.175
-0.175
-0.175
-0.175
-0.165
-0.165
-0.165
-0.165
-0.165
-0.165
-0.165
-0.165
-0.165
-0.165
-0.165
-0.165
-0.165
-0.165
-0.165
-0.165
-0.165
-0.165
-0.165
-0.165
-0.165
-0.165
-0.165
-0.165
-0.165
-0.165
-0.165
-0.165
-0.165
-0.165
-0.165
-0.165
-0.165
-0.165
-0.165
-0.165
-0.165
-0.165
-0.165
-0.165
-0.165
-0.165
-0.165
-0.165
-0.165
-0.165
-0.165
-0.165
-0.165
-0.165
-0.155
-0.155
-0.155
-0.155
-0.155
-0.155
-0.155
-0.155
-0.155
-0.155
-0.155
-0.155
-0.155
-0.155
-0.155
-0.155
-0.155
-0.155
-0.155
-0.155
-0.155
-0.155
-0.155
-0.155
-0.155
-0.155
-0.155
-0.155
-0.155
-0.155
-0.155
-0.155
-0.155
-0.155
-0.155
-0.155
-0.155
-0.155
-0.155
-0.155
-0.155
-0.155
-0.155
-0.155
-0.155
-0.155
-0.155
-0.155
-0.155
-0.155
-0.145
-0.145
-0.145
-0.145
-0.145
-0.145
-0.145
-0.145
-0.145
-0.145
-0.145
-0.145
-0.145
-0.145
-0.145
-0.145
-0.145
-0.145
-0.145
-0.145
-0.145
-0.145
-0.145
-0.145
-0.145
-0.145
-0.145
-0.145
-0.145
-0.145
-0.145
-0.145
-0.145
-0.145
-0.145
-0.145
-0.145
-0.145
-0.145
-0.145
-0.145
-0.145
-0.145
-0.145
-0.145
-0.145
-0.145
-0.145
-0.145
-0.145
-0.135
-0.135
-0.135
-0.135
-0.135
-0.135
-0.135
-0.135
-0.135
-0.135
-0.135
-0.135
-0.135
-0.135
-0.135
-0.135
-0.135
-0.135
-0.135
-0.135
-0.135
-0.135
-0.135
-0.135
-0.135
-0.135
-0.135
-0.135
-0.135
-0.135
-0.135
-0.135
-0.135
-0.135
-0.135
-0.135
-0.135
-0.135
-0.135
-0.135
-0.135
-0.135
-0.135
-0.135
-0.135
-0.135
-0.135
-0.135
-0.135
-0.135
-0.125
-0.125
-0.125
-0.125
-0.125
-0.125
-0.125
-0.125
-0.125
-0.125
-0.125
-0.125
-0.125
-0.125
-0.125
-0.125
-0.125
-0.125
-0.125
-0.125
-0.125
-0.125
-0.125
-0.125
-0.125
-0.125
-0.125
-0.125
-0.125
-0.125
-0.125
-0.125
-0.125
-0.125
-0.125
-0.125
-0.125
-0.125
-0.125
-0.125
-0.125
-0.125
-0.125
-0.125
-0.125
-0.125
-0.125
-0.125
-0.125
-0.125
-0.115
-0.115
-0.115
-0.115
-0.115
-0.115
-0.115
-0.115
-0.115
-0.115
-0.115
-0.115
-0.115
-0.115
-0.115
-0.115
-0.115
-0.115
-0.115
-0.115
-0.115
-0.115
-0.115
-0.115
-0.115
-0.115
-0.115
-0.115
-0.115
-0.115
-0.115
-0.115
-0.115
-0.115
-0.115
-0.115
-0.115
-0.115
-0.115
-0.115
-0.115
-0.115
-0.115
-0.115
-0.115
-0.115
-0.115
-0.115
-0.115
-0.115
-0.105
-0.105
-0.105
-0.105
-0.105
-0.105
-0.105
-0.105
-0.105
-0.105
-0.105
-0.105
-0.105
-0.105
-0.105
-0.105
-0.105
-0.105
-0.105
-0.105
-0.105
-0.105
-0.105
-0.105
-0.105
-0.105
-0.105
-0.105
-0.105
-0.105
-0.105
-0.105
-0.105
-0.105
-0.105
-0.105
-0.105
-0.105
-0.105
-0.105
-0.105
-0.105
-0.105
-0.105
-0.105
-0.105
-0.105
-0.105
-0.105
-0.105
-0.095
-0.095
-0.095
-0.095
-0.095
-0.095
-0.095
-0.095
-0.095
-0.095
-0.095
-0.095
-0.095
-0.095
-0.095
-0.095
-0.095
-0.095
-0.095
-0.095
-0.095
-0.095
-0.095
-0.095
-0.095
-0.095
-0.095
-0.095
-0.095
-0.095
-0.095
-0.095
-0.095
-0.095
-0.095
-0.095
-0.095
-0.095
-0.095
-0.095
-0.095
-0.095
-0.095
-0.095
-0.095
-0.095
-0.095
-0.095
-0.095
-0.095
-0.085
-0.085
-0.085
-0.085
-0.085
-0.085
-0.085
-0.085
-0.085
-0.085
-0.085
-0.085
-0.085
-0.085
-0.085
-0.085
-0.085
-0.085
-0.085
-0.085
-0.085
-0.085
-0.085
-0.085
-0.085
-0.085
-0.085
-0.085
-0.085
-0.085
-0.085
-0.085
-0.085
-0.085
-0.085
-0.085
-0.085
-0.085
-0.085
-0.085
-0.085
-0.085
-0.085
-0.085
-0.085
-0.085
-0.085
-0.085
-0.085
-0.085
-0.075
-0.075
-0.075
-0.075
-0.075
-0.075
-0.075
-0.075
-0.075
-0.075
-0.075
-0.075
-0.075
-0.075
-0.075
-0.075
-0.075
-0.075
-0.075
-0.075
-0.075
-0.075
-0.075
-0.075
-0.075
-0.075
-0.075
-0.075
-0.075
-0.075
-0.075
-0.075
-0.075
-0.075
-0.075
-0.075
-0.075
-0.075
-0.075
-0.075
-0.075
-0.075
-0.075
-0.075
-0.075
-0.075
-0.075
-0.075
-0.075
-0.075
-0.065
-0.065
-0.065
-0.065
-0.065
-0.065
-0.065
-0.065
-0.065
-0.065
-0.065
-0.065
-0.065
-0.065
-0.065
-0.065
-0.065
-0.065
-0.065
-0.065
-0.065
-0.065
-0.065
-0.065
-0.065
-0.065
-0.065
-0.065
-0.065
-0.065
-0.065
-0.065
-0.065
-0.065
-0.065
-0.065
-0.065
-0.065
-0.065
-0.065
-0.065
-0.065
-0.065
-0.065
-0.065
-0.065
-0.065
-0.065
-0.065
-0.065
-0.055
-0.055
-0.055
-0.055
-0.055
-0.055
-0.055
-0.055
-0.055
-0.055
-0.055
-0.055
-0.055
-0.055
-0.055
-0.055
-0.055
-0.055
-0.055
-0.055
-0.055
-0.055
-0.055
-0.055
-0.055
-0.055
-0.055
-0.055
-0.055
-0.055
-0.055
-0.055
-0.055
-0.055
-0.055
-0.055
-0.055
-0.055
-0.055
-0.055
-0.055
-0.055
-0.055
-0.055
-0.055
-0.055
-0.055
-0.055
-0.055
-0.055
-0.045
-0.045
-0.045
-0.045
-0.045
-0.045
-0.045
-0.045
-0.045
-0.045
-0.045
-0.045
-0.045
-0.045
-0.045
-0.045
-0.045
-0.045
-0.045
-0.045
-0.045
-0.045
-0.045
-0.045
-0.045
-0.045
-0.045
-0.045
-0.045
-0.045
-0.045
-0.045
-0.045
-0.045
-0.045
-0.045
-0.045
-0.045
-0.045
-0.045
-0.045
-0.045
-0.045
-0.045
-0.045
-0.045
-0.045
-0.045
-0.045
-0.045
-0.035
-0.035
-0.035
-0.035
-0.035
-0.035
-0.035
-0.035
-0.035
-0.035
-0.035
-0.035
-0.035
-0.035
-0.035
-0.035
-0.035
-0.035
-0.035
-0.035
-0.035
-0.035
-0.035
-0.035
-0.035
-0.035
-0.035
-0.035
-0.035
-0.035
-0.035
-0.035
-0.035
-0.035
-0.035
-0.035
-0.035
-0.035
-0.035
-0.035
-0.035
-0.035
-0.035
-0.035
-0.035
-0.035
-0.035
-0.035
-0.035
-0.035
-0.025
-0.025
-0.025
-0.025
-0.025
-0.025
-0.025
-0.025
-0.025
-0.025
-0.025
-0.025
-0.025
-0.025
-0.025
-0.025
-0.025
-0.025
-0.025
-0.025
-0.025
-0.025
-0.025
-0.025
-0.025
-0.025
-0.025
-0.025
-0.025
-0.025
-0.025
-0.025
-0.025
-0.025
-0.025
-0.025
-0.025
-0.025
-0.025
-0.025
-0.025
-0.025
-0.025
-0.025
-0.025
-0.025
-0.025
-0.025
-0.025
-0.025
-0.015
-0.015
-0.015
-0.015
-0.015
-0.015
-0.015
-0.015
-0.015
-0.015
-0.015
-0.015
-0.015
-0.015
-0.015
-0.015
-0.015
-0.015
-0.015
-0.015
-0.015
-0.015
-0.015
-0.015
-0.015
-0.015
-0.015
-0.015
-0.015
-0.015
-0.015
-0.015
-0.015
-0.015
-0.015
-0.015
-0.015
-0.015
-0.015
-0.015
-0.015
-0.015
-0.015
-0.015
-0.015
-0.015
-0.015
-0.015
-0.015
-0.015
-0.005
-0.005
-0.005
-0.005
-0.005
-0.005
-0.005
-0.005
-0.005
-0.005
-0.005
-0.005
-0.005
-0.005
-0.005
-0.005
-0.005
-0.005
-0.005
-0.005
-0.005
-0.005
-0.005
-0.005
-0.005
-0.005
-0.005
-0.005
-0.005
-0.005
-0.005
-0.005
-0.005
-0.005
-0.005
-0.005
-0.005
-0.005
-0.005
-0.005
-0.005
-0.005
-0.005
-0.005
-0.005
-0.005
-0.005
-0.005
-0.005
-0.005
0.005
0.005
0.005
0.005
0.005
0.005
0.005
0.005
0.005
0.005
0.005
0.005
0.005
0.005
0.005
0.005
0.005
0.005
0.005
0.005
0.005
0.005
0.005
0.005
0.005
0.005
0.005
0.005
0.005
0.005
0.005
0.005
0.005
0.005
0.005
0.005
0.005
0.005
0.005
0.005
0.005
0.005
0.005
0.005
0.005
0.005
0.005
0.005
0.005
0.005
0.015
0.015
0.015
0.015
0.015
0.015
0.015
0.015
0.015
0.015
0.015
0.015
0.015
0.015
0.015
0.015
0.015
0.015
0.015
0.015
0.015
0.015
0.015
0.015
0.015
0.015
0.015
0.015
0.015
0.015
0.015
0.015
0.015
0.015
0.015
0.015
0.015
0.015
0.015
0.015
0.015
0.015
0.015
0.015
0.015
0.015
0.015
0.015
0.015
0.015
0.025
0.025
0.025
0.025
0.025
0.025
0.025
0.025
0.025
0.025
0.025
0.025
0.025
0.025
0.025
0.025
0.025
0.025
0.025
0.025
0.025
0.025
0.025
0.025
0.025
0.025
0.025
0.025
0.025
0.025
0.025
0.025
0.025
0.025
0.025
0.025
0.025
0.025
0.025
0.025
0.025
0.025
0.025
0.025
0.025
0.025
0.025
0.025
0.025
0.025
0.035
0.035
0.035
0.035
0.035
0.035
0.035
0.035
0.035
0.035
0.035
0.035
0.035
0.035
0.035
0.035
0.035
0.035
0.035
0.035
0.035
0.035
0.035
0.035
0.035
0.035
0.035
0.035
0.035
0.035
0.035
0.035
0.035
0.035
0.035
0.035
0.035
0.035
0.035
0.035
0.035
0.035
0.035
0.035
0.035
0.035
0.035
0.035
0.035
0.035
0.045
0.045
0.045
0.045
0.045
0.045
0.045
0.045
0.045
0.045
0.045
0.045
0.045
0.045
0.045
0.045
0.045
0.045
0.045
0.045
0.045
0.045
0.045
0.045
0.045
0.045
0.045
0.045
0.045
0.045
0.045
0.045
0.045
0.045
0.045
0.045
0.045
0.045
0.045
0.045
0.045
0.045
0.045
0.045
0.045
0.045
0.045
0.045
0.045
0.045
0.055
0.055
0.055
0.055
0.055
0.055
0.055
0.055
0.055
0.055
0.055
0.055
0.055
0.055
0.055
0.055
0.055
0.055
0.055
0.055
0.055
0.055
0.055
0.055
0.055
0.055
0.055
0.055
0.055
0.055
0.055
0.055
0.055
0.055
0.055
0.055
0.055
0.055
0.055
0.055
0.055
0.055
0.055
0.055
0.055
0.055
0.055
0.055
0.055
0.055
0.065
0.065
0.065
0.065
0.065
0.065
0.065
0.065
0.065
0.065
0.065
0.065
0.065
0.065
0.065
0.065
0.065
0.065
0.065
0.065
0.065
0.065
0.065
0.065
0.065
0.065
0.065
0.065
0.065
0.065
0.065
0.065
0.065
0.065
0.065
0.065
0.065
0.065
0.065
0.065
0.065
0.065
0.065
0.065
0.065
0.065
0.065
0.065
0.065
0.065
0.075
0.075
0.075
0.075
0.075
0.075
0.075
0.075
0.075
0.075
0.075
0.075
0.075
0.075
0.075
0.075
0.075
0.075
0.075
0.075
0.075
0.075
0.075
0.075
0.075
0.075
0.075
0.075
0.075
0.075
0.075
0.075
0.075
0.075
0.075
0.075
0.075
0.075
0.075
0.075
0.075
0.075
0.075
0.075
0.075
0.075
0.075
0.075
0.075
0.075
0.085
0.085
0.085
0.085
0.085
0.085
0.085
0.085
0.085
0.085
0.085
0.085
0.085
0.085
0.085
0.085
0.085
0.085
0.085
0.085
0.085
0.085
0.085
0.085
0.085
0.085
0.085
0.085
0.085
0.085
0.085
0.085
0.085
0.085
0.085
0.085
0.085
0.085
0.085
0.085
0.085
0.085
0.085
0.085
0.085
0.085
0.085
0.085
0.085
0.085
0.095
0.095
0.095
0.095
0.095
0.095
0.095
0.095
0.095
0.095
0.095
0.095
0.095
0.095
0.095
0.095
0.095
0.095
0.095
0.095
0.095
0.095
0.095
0.095
0.095
0.095
0.095
0.095
0.095
0.095
0.095
0.095
0.095
0.095
0.095
0.095
0.095
0.095
0.095
0.095
0.095
0.095
0.095
0.095
0.095
0.095
0.095
0.095
0.095
0.095
0.105
0.105
0.105
0.105
0.105
0.105
0.105
0.105
0.105
0.105
0.105
0.105
0.105
0.105
0.105
0.105
0.105
0.105
0.105
0.105
0.105
0.105
0.105
0.105
0.105
0.105
0.105
0.105
0.105
0.105
0.105
0.105
0.105
0.105
0.105
0.105
0.105
0.105
0.105
0.105
0.105
0.105
0.105
0.105
0.105
0.105
0.105
0.105
0.105
0.105
0.115
0.115
0.115
0.115
0.115
0.115
0.115
0.115
0.115
0.115
0.115
0.115
0.115
0.115
0.115
0.115
0.115
0.115
0.115
0.115
0.115
0.115
0.115
0.115
0.115
0.115
0.115
0.115
0.115
0.115
0.115
0.115
0.115
0.115
0.115
0.115
0.115
0.115
0.115
0.115
0.115
0.115
0.115
0.115
0.115
0.115
0.115
0.115
0.115
0.115
0.125
0.125
0.125
0.125
0.125
0.125
0.125
0.125
0.125
0.125
0.125
0.125
0.125
0.125
0.125
0.125
0.125
0.125
0.125
0.125
0.125
0.125
0.125
0.125
0.125
0.125
0.125
0.125
0.125
0.125
0.125
0.125
0.125
0.125
0.125
0.125
0.125
0.125
0.125
0.125
0.125
0.125
0.125
0.125
0.125
0.125
0.125
0.125
0.125
0.125
0.135
0.135
0.135
0.135
0.135
0.135
0.135
0.135
0.135
0.135
0.135
0.135
0.135
0.135
0.135
0.135
0.135
0.135
0.135
0.135
0.135
0.135
0.135
0.135
0.135
0.135
0.135
0.135
0.135
0.135
0.135
0.135
0.135
0.135
0.135
0.135
0.135
0.135
0.135
0.135
0.135
0.135
0.135
0.135
0.135
0.135
0.135
0.135
0.135
0.135
0.145
0.145
0.145
0.145
0.145
0.145
0.145
0.145
0.145
0.145
0.145
0.145
0.145
0.145
0.145
0.145
0.145
0.145
0.145
0.145
0.145
0.145
0.145
0.145
0.145
0.145
0.145
0.145
0.145
0.145
0.145
0.145
0.145
0.145
0.145
0.145
0.145
0.145
0.145
0.145
0.145
0.145
0.145
0.145
0.145
0.145
0.145
0.145
0.145
0.145
0.155
0.155
0.155
0.155
0.155
0.155
0.155
0.155
0.155
0.155
0.155
0.155
0.155
0.155
0.155
0.155
0.155
0.155
0.155
0.155
0.155
0.155
0.155
0.155
0.155
0.155
0.155
0.155
0.155
0.155
0.155
0.155
0.155
0.155
0.155
0.155
0.155
0.155
0.155
0.155
0.155
0.155
0.155
0.155
0.155
0.155
0.155
0.155
0.155
0.155
0.165
0.165
0.165
0.165
0.165
0.165
0.165
0.165
0.165
0.165
0.165
0.165
0.165
0.165
0.165
0.165
0.165
0.165
0.165
0.165
0.165
0.165
0.165
0.165
0.165
0.165
0.165
0.165
0.165
0.165
0.165
0.165
0.165
0.165
0.165
0.165
0.165
0.165
0.165
0.165
0.165
0.165
0.165
0.165
0.165
0.165
0.165
0.165
0.165
0.165
0.175
0.175
0.175
0.175
0.175
0.175
0.175
0.175
0.175
0.175
0.175
0.175
0.175
0.175
0.175
0.175
0.175
0.175
0.175
0.175
0.175
0.175
0.175
0.175
0.175
0.175
0.175
0.175
0.175
0.175
0.175
0.175
0.175
0.175
0.175
0.175
0.175
0.175
0.175
0.175
0.175
0.175
0.175
0.175
0.175
0.175
0.175
0.175
0.175
0.175
0.185
0.185
0.185
0.185
0.185
0.185
0.185
0.185
0.185
0.185
0.185
0.185
0.185
0.185
0.185
0.185
0.185
0.185
0.185
0.185
0.185
0.185
0.185
0.185
0.185
0.185
0.185
0.185
0.185
0.185
0.185
0.185
0.185
0.185
0.185
0.185
0.185
0.185
0.185
0.185
0.185
0.185
0.185
0.185
0.185
0.185
0.185
0.185
0.185
0.185
0.195
0.195
0.195
0.195
0.195
0.195
0.195
0.195
0.195
0.195
0.195
0.195
0.195
0.195
0.195
0.195
0.195
0.195
0.195
0.195
0.195
0.195
0.195
0.195
0.195
0.195
0.195
0.195
0.195
0.195
0.195
0.195
0.195
0.195
0.195
0.195
0.195
0.195
0.195
0.195
0.195
0.195
0.195
0.195
0.195
0.195
0.195
0.195
0.195
0.195
0.205
0.205
0.205
0.205
0.205
0.205
0.205
0.205
0.205
0.205
0.205
0.205
0.205
0.205
0.205
0.205
0.205
0.205
0.205
0.205
0.205
0.205
0.205
0.205
0.205
0.205
0.205
0.205
0.205
0.205
0.205
0.205
0.205
0.205
0.205
0.205
0.205
0.205
0.205
0.205
0.205
0.205
0.205
0.205
0.205
0.205
0.205
0.205
0.205
0.205
0.215
0.215
0.215
0.215
0.215
0.215
0.215
0.215
0.215
0.215
0.215
0.215
0.215
0.215
0.215
0.215
0.215
0.215
0.215
0.215
0.215
0.215
0.215
0.215
0.215
0.215
0.215
0.215
0.215
0.215
0.215
0.215
0.215
0.215
0.215
0.215
0.215
0.215
0.215
0.215
0.215
0.215
0.215
0.215
0.215
0.215
0.215
0.215
0.215
0.215
0.225
0.225
0.225
0.225
0.225
0.225
0.225
0.225
0.225
0.225
0.225
0.225
0.225
0.225
0.225
0.225
0.225
0.225
0.225
0.225
0.225
0.225
0.225
0.225
0.225
0.225
0.225
0.225
0.225
0.225
0.225
0.225
0.225
0.225
0.225
0.225
0.225
0.225
0.225
0.225
0.225
0.225
0.225
0.225
0.225
0.225
0.225
0.225
0.225
0.225
0.235
0.235
0.235
0.235
0.235
0.235
0.235
0.235
0.235
0.235
0.235
0.235
0.235
0.235
0.235
0.235
0.235
0.235
0.235
0.235
0.235
0.235
0.235
0.235
0.235
0.235
0.235
0.235
0.235
0.235
0.235
0.235
0.235
0.235
0.235
0.235
0.235
0.235
0.235
0.235
0.235
0.235
0.235
0.235
0.235
0.235
0.235
0.235
0.235
0.235
0.245
0.245
0.245
0.245
0.245
0.245
0.245
0.245
0.245
0.245
0.245
0.245
0.245
0.245
0.245
0.245
0.245
0.245
0.245
0.245
0.245
0.245
0.245
0.245
0.245
0.245
0.245
0.245
0.245
0.245
0.245
0.245
0.245
0.245
0.245
0.245
0.245
0.245
0.245
0.245
0.245
0.245
0.245
0.245
0.245
0.245
0.245
0.245
0.245
0.245
)
;

boundaryField
{
    left
    {
        type            calculated;
        value           nonuniform List<scalar> 
50
(
-0.245
-0.235
-0.225
-0.215
-0.205
-0.195
-0.185
-0.175
-0.165
-0.155
-0.145
-0.135
-0.125
-0.115
-0.105
-0.095
-0.085
-0.075
-0.065
-0.055
-0.045
-0.035
-0.025
-0.015
-0.005
0.005
0.015
0.025
0.035
0.045
0.055
0.065
0.075
0.085
0.095
0.105
0.115
0.125
0.135
0.145
0.155
0.165
0.175
0.185
0.195
0.205
0.215
0.225
0.235
0.245
)
;
    }
    right
    {
        type            calculated;
        value           nonuniform List<scalar> 
50
(
-0.245
-0.235
-0.225
-0.215
-0.205
-0.195
-0.185
-0.175
-0.165
-0.155
-0.145
-0.135
-0.125
-0.115
-0.105
-0.095
-0.085
-0.075
-0.065
-0.055
-0.045
-0.035
-0.025
-0.015
-0.005
0.005
0.015
0.025
0.035
0.045
0.055
0.065
0.075
0.085
0.095
0.105
0.115
0.125
0.135
0.145
0.155
0.165
0.175
0.185
0.195
0.205
0.215
0.225
0.235
0.245
)
;
    }
    up
    {
        type            calculated;
        value           nonuniform List<scalar> 
50
(
0.25
0.25
0.25
0.25
0.25
0.25
0.25
0.25
0.25
0.25
0.25
0.25
0.25
0.25
0.25
0.25
0.25
0.25
0.25
0.25
0.25
0.25
0.25
0.25
0.25
0.25
0.25
0.25
0.25
0.25
0.25
0.25
0.25
0.25
0.25
0.25
0.25
0.25
0.25
0.25
0.25
0.25
0.25
0.25
0.25
0.25
0.25
0.25
0.25
0.25
)
;
    }
    down
    {
        type            calculated;
        value           nonuniform List<scalar> 
50
(
-0.25
-0.25
-0.25
-0.25
-0.25
-0.25
-0.25
-0.25
-0.25
-0.25
-0.25
-0.25
-0.25
-0.25
-0.25
-0.25
-0.25
-0.25
-0.25
-0.25
-0.25
-0.25
-0.25
-0.25
-0.25
-0.25
-0.25
-0.25
-0.25
-0.25
-0.25
-0.25
-0.25
-0.25
-0.25
-0.25
-0.25
-0.25
-0.25
-0.25
-0.25
-0.25
-0.25
-0.25
-0.25
-0.25
-0.25
-0.25
-0.25
-0.25
)
;
    }
    frontAndBack
    {
        type            empty;
    }
}


// ************************************************************************* //
