/*--------------------------------*- C++ -*----------------------------------*\
  =========                 |
  \\      /  F ield         | OpenFOAM: The Open Source CFD Toolbox
   \\    /   O peration     | Website:  https://openfoam.org
    \\  /    A nd           | Version:  6
     \\/     M anipulation  |
\*---------------------------------------------------------------------------*/
FoamFile
{
    version     2.0;
    format      ascii;
    class       volVectorField;
    location    "0";
    object      C;
}
// * * * * * * * * * * * * * * * * * * * * * * * * * * * * * * * * * * * * * //

dimensions      [0 1 0 0 0 0 0];

internalField   nonuniform List<vector> 
2500
(
(-0.492203 -0.245228 0.005)
(-0.472113 -0.245228 0.005)
(-0.452023 -0.245228 0.005)
(-0.431933 -0.245228 0.005)
(-0.411843 -0.245228 0.005)
(-0.391753 -0.245228 0.005)
(-0.371663 -0.245228 0.005)
(-0.351573 -0.245228 0.005)
(-0.331483 -0.245228 0.005)
(-0.311393 -0.245228 0.005)
(-0.291304 -0.245228 0.005)
(-0.271214 -0.245228 0.005)
(-0.251124 -0.245228 0.005)
(-0.231034 -0.245228 0.005)
(-0.210944 -0.245228 0.005)
(-0.190854 -0.245228 0.005)
(-0.170764 -0.245228 0.005)
(-0.150674 -0.245228 0.005)
(-0.130584 -0.245228 0.005)
(-0.110494 -0.245228 0.005)
(-0.0904045 -0.245228 0.005)
(-0.0703146 -0.245228 0.005)
(-0.0502247 -0.245228 0.005)
(-0.0301348 -0.245228 0.005)
(-0.0100449 -0.245228 0.005)
(0.0100449 -0.245228 0.005)
(0.0301348 -0.245228 0.005)
(0.0502247 -0.245228 0.005)
(0.0703146 -0.245228 0.005)
(0.0904045 -0.245228 0.005)
(0.110494 -0.245228 0.005)
(0.130584 -0.245228 0.005)
(0.150674 -0.245228 0.005)
(0.170764 -0.245228 0.005)
(0.190854 -0.245228 0.005)
(0.210944 -0.245228 0.005)
(0.231034 -0.245228 0.005)
(0.251124 -0.245228 0.005)
(0.271214 -0.245228 0.005)
(0.291304 -0.245228 0.005)
(0.311393 -0.245228 0.005)
(0.331483 -0.245228 0.005)
(0.351573 -0.245228 0.005)
(0.371663 -0.245228 0.005)
(0.391753 -0.245228 0.005)
(0.411843 -0.245228 0.005)
(0.431933 -0.245228 0.005)
(0.452023 -0.245228 0.005)
(0.472113 -0.245228 0.005)
(0.492203 -0.245228 0.005)
(-0.496595 -0.235695 0.005)
(-0.476325 -0.235695 0.005)
(-0.456056 -0.235695 0.005)
(-0.435787 -0.235695 0.005)
(-0.415518 -0.235695 0.005)
(-0.395249 -0.235695 0.005)
(-0.37498 -0.235695 0.005)
(-0.35471 -0.235695 0.005)
(-0.334441 -0.235695 0.005)
(-0.314172 -0.235695 0.005)
(-0.293903 -0.235695 0.005)
(-0.273634 -0.235695 0.005)
(-0.253365 -0.235695 0.005)
(-0.233095 -0.235695 0.005)
(-0.212826 -0.235695 0.005)
(-0.192557 -0.235695 0.005)
(-0.172288 -0.235695 0.005)
(-0.152019 -0.235695 0.005)
(-0.13175 -0.235695 0.005)
(-0.11148 -0.235695 0.005)
(-0.0912112 -0.235695 0.005)
(-0.0709421 -0.235695 0.005)
(-0.0506729 -0.235695 0.005)
(-0.0304037 -0.235695 0.005)
(-0.0101346 -0.235695 0.005)
(0.0101346 -0.235695 0.005)
(0.0304037 -0.235695 0.005)
(0.0506729 -0.235695 0.005)
(0.0709421 -0.235695 0.005)
(0.0912112 -0.235695 0.005)
(0.11148 -0.235695 0.005)
(0.13175 -0.235695 0.005)
(0.152019 -0.235695 0.005)
(0.172288 -0.235695 0.005)
(0.192557 -0.235695 0.005)
(0.212826 -0.235695 0.005)
(0.233095 -0.235695 0.005)
(0.253365 -0.235695 0.005)
(0.273634 -0.235695 0.005)
(0.293903 -0.235695 0.005)
(0.314172 -0.235695 0.005)
(0.334441 -0.235695 0.005)
(0.35471 -0.235695 0.005)
(0.37498 -0.235695 0.005)
(0.395249 -0.235695 0.005)
(0.415518 -0.235695 0.005)
(0.435787 -0.235695 0.005)
(0.456056 -0.235695 0.005)
(0.476325 -0.235695 0.005)
(0.496595 -0.235695 0.005)
(-0.500967 -0.226153 0.005)
(-0.480519 -0.226153 0.005)
(-0.460072 -0.226153 0.005)
(-0.439624 -0.226153 0.005)
(-0.419177 -0.226153 0.005)
(-0.398729 -0.226153 0.005)
(-0.378281 -0.226153 0.005)
(-0.357834 -0.226153 0.005)
(-0.337386 -0.226153 0.005)
(-0.316938 -0.226153 0.005)
(-0.296491 -0.226153 0.005)
(-0.276043 -0.226153 0.005)
(-0.255595 -0.226153 0.005)
(-0.235148 -0.226153 0.005)
(-0.2147 -0.226153 0.005)
(-0.194253 -0.226153 0.005)
(-0.173805 -0.226153 0.005)
(-0.153357 -0.226153 0.005)
(-0.13291 -0.226153 0.005)
(-0.112462 -0.226153 0.005)
(-0.0920144 -0.226153 0.005)
(-0.0715667 -0.226153 0.005)
(-0.0511191 -0.226153 0.005)
(-0.0306715 -0.226153 0.005)
(-0.0102238 -0.226153 0.005)
(0.0102238 -0.226153 0.005)
(0.0306715 -0.226153 0.005)
(0.0511191 -0.226153 0.005)
(0.0715667 -0.226153 0.005)
(0.0920144 -0.226153 0.005)
(0.112462 -0.226153 0.005)
(0.13291 -0.226153 0.005)
(0.153357 -0.226153 0.005)
(0.173805 -0.226153 0.005)
(0.194253 -0.226153 0.005)
(0.2147 -0.226153 0.005)
(0.235148 -0.226153 0.005)
(0.255595 -0.226153 0.005)
(0.276043 -0.226153 0.005)
(0.296491 -0.226153 0.005)
(0.316938 -0.226153 0.005)
(0.337386 -0.226153 0.005)
(0.357834 -0.226153 0.005)
(0.378281 -0.226153 0.005)
(0.398729 -0.226153 0.005)
(0.419177 -0.226153 0.005)
(0.439624 -0.226153 0.005)
(0.460072 -0.226153 0.005)
(0.480519 -0.226153 0.005)
(0.500967 -0.226153 0.005)
(-0.505307 -0.216595 0.005)
(-0.484683 -0.216595 0.005)
(-0.464058 -0.216595 0.005)
(-0.443433 -0.216595 0.005)
(-0.422808 -0.216595 0.005)
(-0.402183 -0.216595 0.005)
(-0.381559 -0.216595 0.005)
(-0.360934 -0.216595 0.005)
(-0.340309 -0.216595 0.005)
(-0.319684 -0.216595 0.005)
(-0.299059 -0.216595 0.005)
(-0.278435 -0.216595 0.005)
(-0.25781 -0.216595 0.005)
(-0.237185 -0.216595 0.005)
(-0.21656 -0.216595 0.005)
(-0.195935 -0.216595 0.005)
(-0.175311 -0.216595 0.005)
(-0.154686 -0.216595 0.005)
(-0.134061 -0.216595 0.005)
(-0.113436 -0.216595 0.005)
(-0.0928115 -0.216595 0.005)
(-0.0721868 -0.216595 0.005)
(-0.051562 -0.216595 0.005)
(-0.0309372 -0.216595 0.005)
(-0.0103124 -0.216595 0.005)
(0.0103124 -0.216595 0.005)
(0.0309372 -0.216595 0.005)
(0.051562 -0.216595 0.005)
(0.0721868 -0.216595 0.005)
(0.0928115 -0.216595 0.005)
(0.113436 -0.216595 0.005)
(0.134061 -0.216595 0.005)
(0.154686 -0.216595 0.005)
(0.175311 -0.216595 0.005)
(0.195935 -0.216595 0.005)
(0.21656 -0.216595 0.005)
(0.237185 -0.216595 0.005)
(0.25781 -0.216595 0.005)
(0.278435 -0.216595 0.005)
(0.299059 -0.216595 0.005)
(0.319684 -0.216595 0.005)
(0.340309 -0.216595 0.005)
(0.360934 -0.216595 0.005)
(0.381559 -0.216595 0.005)
(0.402183 -0.216595 0.005)
(0.422808 -0.216595 0.005)
(0.443433 -0.216595 0.005)
(0.464058 -0.216595 0.005)
(0.484683 -0.216595 0.005)
(0.505307 -0.216595 0.005)
(-0.509602 -0.207015 0.005)
(-0.488802 -0.207015 0.005)
(-0.468002 -0.207015 0.005)
(-0.447202 -0.207015 0.005)
(-0.426402 -0.207015 0.005)
(-0.405601 -0.207015 0.005)
(-0.384801 -0.207015 0.005)
(-0.364001 -0.207015 0.005)
(-0.343201 -0.207015 0.005)
(-0.322401 -0.207015 0.005)
(-0.301601 -0.207015 0.005)
(-0.280801 -0.207015 0.005)
(-0.260001 -0.207015 0.005)
(-0.239201 -0.207015 0.005)
(-0.218401 -0.207015 0.005)
(-0.197601 -0.207015 0.005)
(-0.176801 -0.207015 0.005)
(-0.156001 -0.207015 0.005)
(-0.1352 -0.207015 0.005)
(-0.1144 -0.207015 0.005)
(-0.0936003 -0.207015 0.005)
(-0.0728003 -0.207015 0.005)
(-0.0520002 -0.207015 0.005)
(-0.0312001 -0.207015 0.005)
(-0.0104 -0.207015 0.005)
(0.0104 -0.207015 0.005)
(0.0312001 -0.207015 0.005)
(0.0520002 -0.207015 0.005)
(0.0728003 -0.207015 0.005)
(0.0936003 -0.207015 0.005)
(0.1144 -0.207015 0.005)
(0.1352 -0.207015 0.005)
(0.156001 -0.207015 0.005)
(0.176801 -0.207015 0.005)
(0.197601 -0.207015 0.005)
(0.218401 -0.207015 0.005)
(0.239201 -0.207015 0.005)
(0.260001 -0.207015 0.005)
(0.280801 -0.207015 0.005)
(0.301601 -0.207015 0.005)
(0.322401 -0.207015 0.005)
(0.343201 -0.207015 0.005)
(0.364001 -0.207015 0.005)
(0.384801 -0.207015 0.005)
(0.405601 -0.207015 0.005)
(0.426402 -0.207015 0.005)
(0.447202 -0.207015 0.005)
(0.468002 -0.207015 0.005)
(0.488802 -0.207015 0.005)
(0.509602 -0.207015 0.005)
(-0.513837 -0.197408 0.005)
(-0.492864 -0.197408 0.005)
(-0.471891 -0.197408 0.005)
(-0.450918 -0.197408 0.005)
(-0.429945 -0.197408 0.005)
(-0.408973 -0.197408 0.005)
(-0.388 -0.197408 0.005)
(-0.367027 -0.197408 0.005)
(-0.346054 -0.197408 0.005)
(-0.325081 -0.197408 0.005)
(-0.304108 -0.197408 0.005)
(-0.283135 -0.197408 0.005)
(-0.262162 -0.197408 0.005)
(-0.241189 -0.197408 0.005)
(-0.220216 -0.197408 0.005)
(-0.199243 -0.197408 0.005)
(-0.17827 -0.197408 0.005)
(-0.157297 -0.197408 0.005)
(-0.136324 -0.197408 0.005)
(-0.115351 -0.197408 0.005)
(-0.0943783 -0.197408 0.005)
(-0.0734053 -0.197408 0.005)
(-0.0524324 -0.197408 0.005)
(-0.0314594 -0.197408 0.005)
(-0.0104865 -0.197408 0.005)
(0.0104865 -0.197408 0.005)
(0.0314594 -0.197408 0.005)
(0.0524324 -0.197408 0.005)
(0.0734053 -0.197408 0.005)
(0.0943783 -0.197408 0.005)
(0.115351 -0.197408 0.005)
(0.136324 -0.197408 0.005)
(0.157297 -0.197408 0.005)
(0.17827 -0.197408 0.005)
(0.199243 -0.197408 0.005)
(0.220216 -0.197408 0.005)
(0.241189 -0.197408 0.005)
(0.262162 -0.197408 0.005)
(0.283135 -0.197408 0.005)
(0.304108 -0.197408 0.005)
(0.325081 -0.197408 0.005)
(0.346054 -0.197408 0.005)
(0.367027 -0.197408 0.005)
(0.388 -0.197408 0.005)
(0.408973 -0.197408 0.005)
(0.429945 -0.197408 0.005)
(0.450918 -0.197408 0.005)
(0.471891 -0.197408 0.005)
(0.492864 -0.197408 0.005)
(0.513837 -0.197408 0.005)
(-0.518 -0.187769 0.005)
(-0.496857 -0.187769 0.005)
(-0.475714 -0.187769 0.005)
(-0.454571 -0.187769 0.005)
(-0.433428 -0.187769 0.005)
(-0.412286 -0.187769 0.005)
(-0.391143 -0.187769 0.005)
(-0.37 -0.187769 0.005)
(-0.348857 -0.187769 0.005)
(-0.327714 -0.187769 0.005)
(-0.306571 -0.187769 0.005)
(-0.285429 -0.187769 0.005)
(-0.264286 -0.187769 0.005)
(-0.243143 -0.187769 0.005)
(-0.222 -0.187769 0.005)
(-0.200857 -0.187769 0.005)
(-0.179714 -0.187769 0.005)
(-0.158571 -0.187769 0.005)
(-0.137429 -0.187769 0.005)
(-0.116286 -0.187769 0.005)
(-0.0951428 -0.187769 0.005)
(-0.074 -0.187769 0.005)
(-0.0528571 -0.187769 0.005)
(-0.0317143 -0.187769 0.005)
(-0.0105714 -0.187769 0.005)
(0.0105714 -0.187769 0.005)
(0.0317143 -0.187769 0.005)
(0.0528571 -0.187769 0.005)
(0.074 -0.187769 0.005)
(0.0951428 -0.187769 0.005)
(0.116286 -0.187769 0.005)
(0.137429 -0.187769 0.005)
(0.158571 -0.187769 0.005)
(0.179714 -0.187769 0.005)
(0.200857 -0.187769 0.005)
(0.222 -0.187769 0.005)
(0.243143 -0.187769 0.005)
(0.264286 -0.187769 0.005)
(0.285429 -0.187769 0.005)
(0.306571 -0.187769 0.005)
(0.327714 -0.187769 0.005)
(0.348857 -0.187769 0.005)
(0.37 -0.187769 0.005)
(0.391143 -0.187769 0.005)
(0.412286 -0.187769 0.005)
(0.433428 -0.187769 0.005)
(0.454571 -0.187769 0.005)
(0.475714 -0.187769 0.005)
(0.496857 -0.187769 0.005)
(0.518 -0.187769 0.005)
(-0.522076 -0.17809 0.005)
(-0.500767 -0.17809 0.005)
(-0.479457 -0.17809 0.005)
(-0.458148 -0.17809 0.005)
(-0.436839 -0.17809 0.005)
(-0.41553 -0.17809 0.005)
(-0.39422 -0.17809 0.005)
(-0.372911 -0.17809 0.005)
(-0.351602 -0.17809 0.005)
(-0.330293 -0.17809 0.005)
(-0.308984 -0.17809 0.005)
(-0.287674 -0.17809 0.005)
(-0.266365 -0.17809 0.005)
(-0.245056 -0.17809 0.005)
(-0.223747 -0.17809 0.005)
(-0.202438 -0.17809 0.005)
(-0.181128 -0.17809 0.005)
(-0.159819 -0.17809 0.005)
(-0.13851 -0.17809 0.005)
(-0.117201 -0.17809 0.005)
(-0.0958915 -0.17809 0.005)
(-0.0745823 -0.17809 0.005)
(-0.053273 -0.17809 0.005)
(-0.0319638 -0.17809 0.005)
(-0.0106546 -0.17809 0.005)
(0.0106546 -0.17809 0.005)
(0.0319638 -0.17809 0.005)
(0.053273 -0.17809 0.005)
(0.0745823 -0.17809 0.005)
(0.0958915 -0.17809 0.005)
(0.117201 -0.17809 0.005)
(0.13851 -0.17809 0.005)
(0.159819 -0.17809 0.005)
(0.181128 -0.17809 0.005)
(0.202438 -0.17809 0.005)
(0.223747 -0.17809 0.005)
(0.245056 -0.17809 0.005)
(0.266365 -0.17809 0.005)
(0.287674 -0.17809 0.005)
(0.308984 -0.17809 0.005)
(0.330293 -0.17809 0.005)
(0.351602 -0.17809 0.005)
(0.372911 -0.17809 0.005)
(0.39422 -0.17809 0.005)
(0.41553 -0.17809 0.005)
(0.436839 -0.17809 0.005)
(0.458148 -0.17809 0.005)
(0.479457 -0.17809 0.005)
(0.500767 -0.17809 0.005)
(0.522076 -0.17809 0.005)
(-0.526051 -0.168369 0.005)
(-0.504579 -0.168369 0.005)
(-0.483108 -0.168369 0.005)
(-0.461636 -0.168369 0.005)
(-0.440165 -0.168369 0.005)
(-0.418693 -0.168369 0.005)
(-0.397222 -0.168369 0.005)
(-0.37575 -0.168369 0.005)
(-0.354279 -0.168369 0.005)
(-0.332807 -0.168369 0.005)
(-0.311336 -0.168369 0.005)
(-0.289865 -0.168369 0.005)
(-0.268393 -0.168369 0.005)
(-0.246922 -0.168369 0.005)
(-0.22545 -0.168369 0.005)
(-0.203979 -0.168369 0.005)
(-0.182507 -0.168369 0.005)
(-0.161036 -0.168369 0.005)
(-0.139564 -0.168369 0.005)
(-0.118093 -0.168369 0.005)
(-0.0966215 -0.168369 0.005)
(-0.0751501 -0.168369 0.005)
(-0.0536786 -0.168369 0.005)
(-0.0322072 -0.168369 0.005)
(-0.0107357 -0.168369 0.005)
(0.0107357 -0.168369 0.005)
(0.0322072 -0.168369 0.005)
(0.0536786 -0.168369 0.005)
(0.0751501 -0.168369 0.005)
(0.0966215 -0.168369 0.005)
(0.118093 -0.168369 0.005)
(0.139564 -0.168369 0.005)
(0.161036 -0.168369 0.005)
(0.182507 -0.168369 0.005)
(0.203979 -0.168369 0.005)
(0.22545 -0.168369 0.005)
(0.246922 -0.168369 0.005)
(0.268393 -0.168369 0.005)
(0.289865 -0.168369 0.005)
(0.311336 -0.168369 0.005)
(0.332807 -0.168369 0.005)
(0.354279 -0.168369 0.005)
(0.37575 -0.168369 0.005)
(0.397222 -0.168369 0.005)
(0.418693 -0.168369 0.005)
(0.440165 -0.168369 0.005)
(0.461636 -0.168369 0.005)
(0.483108 -0.168369 0.005)
(0.504579 -0.168369 0.005)
(0.526051 -0.168369 0.005)
(-0.529909 -0.158599 0.005)
(-0.50828 -0.158599 0.005)
(-0.486652 -0.158599 0.005)
(-0.465023 -0.158599 0.005)
(-0.443394 -0.158599 0.005)
(-0.421765 -0.158599 0.005)
(-0.400136 -0.158599 0.005)
(-0.378507 -0.158599 0.005)
(-0.356878 -0.158599 0.005)
(-0.335249 -0.158599 0.005)
(-0.31362 -0.158599 0.005)
(-0.291991 -0.158599 0.005)
(-0.270362 -0.158599 0.005)
(-0.248733 -0.158599 0.005)
(-0.227104 -0.158599 0.005)
(-0.205475 -0.158599 0.005)
(-0.183846 -0.158599 0.005)
(-0.162217 -0.158599 0.005)
(-0.140588 -0.158599 0.005)
(-0.118959 -0.158599 0.005)
(-0.0973303 -0.158599 0.005)
(-0.0757013 -0.158599 0.005)
(-0.0540724 -0.158599 0.005)
(-0.0324434 -0.158599 0.005)
(-0.0108145 -0.158599 0.005)
(0.0108145 -0.158599 0.005)
(0.0324434 -0.158599 0.005)
(0.0540724 -0.158599 0.005)
(0.0757013 -0.158599 0.005)
(0.0973303 -0.158599 0.005)
(0.118959 -0.158599 0.005)
(0.140588 -0.158599 0.005)
(0.162217 -0.158599 0.005)
(0.183846 -0.158599 0.005)
(0.205475 -0.158599 0.005)
(0.227104 -0.158599 0.005)
(0.248733 -0.158599 0.005)
(0.270362 -0.158599 0.005)
(0.291991 -0.158599 0.005)
(0.31362 -0.158599 0.005)
(0.335249 -0.158599 0.005)
(0.356878 -0.158599 0.005)
(0.378507 -0.158599 0.005)
(0.400136 -0.158599 0.005)
(0.421765 -0.158599 0.005)
(0.443394 -0.158599 0.005)
(0.465023 -0.158599 0.005)
(0.486652 -0.158599 0.005)
(0.50828 -0.158599 0.005)
(0.529909 -0.158599 0.005)
(-0.533637 -0.148776 0.005)
(-0.511856 -0.148776 0.005)
(-0.490075 -0.148776 0.005)
(-0.468294 -0.148776 0.005)
(-0.446513 -0.148776 0.005)
(-0.424732 -0.148776 0.005)
(-0.402951 -0.148776 0.005)
(-0.38117 -0.148776 0.005)
(-0.359389 -0.148776 0.005)
(-0.337607 -0.148776 0.005)
(-0.315826 -0.148776 0.005)
(-0.294045 -0.148776 0.005)
(-0.272264 -0.148776 0.005)
(-0.250483 -0.148776 0.005)
(-0.228702 -0.148776 0.005)
(-0.206921 -0.148776 0.005)
(-0.18514 -0.148776 0.005)
(-0.163358 -0.148776 0.005)
(-0.141577 -0.148776 0.005)
(-0.119796 -0.148776 0.005)
(-0.098015 -0.148776 0.005)
(-0.0762339 -0.148776 0.005)
(-0.0544528 -0.148776 0.005)
(-0.0326717 -0.148776 0.005)
(-0.0108906 -0.148776 0.005)
(0.0108906 -0.148776 0.005)
(0.0326717 -0.148776 0.005)
(0.0544528 -0.148776 0.005)
(0.0762339 -0.148776 0.005)
(0.098015 -0.148776 0.005)
(0.119796 -0.148776 0.005)
(0.141577 -0.148776 0.005)
(0.163358 -0.148776 0.005)
(0.18514 -0.148776 0.005)
(0.206921 -0.148776 0.005)
(0.228702 -0.148776 0.005)
(0.250483 -0.148776 0.005)
(0.272264 -0.148776 0.005)
(0.294045 -0.148776 0.005)
(0.315826 -0.148776 0.005)
(0.337607 -0.148776 0.005)
(0.359389 -0.148776 0.005)
(0.38117 -0.148776 0.005)
(0.402951 -0.148776 0.005)
(0.424732 -0.148776 0.005)
(0.446513 -0.148776 0.005)
(0.468294 -0.148776 0.005)
(0.490075 -0.148776 0.005)
(0.511856 -0.148776 0.005)
(0.533637 -0.148776 0.005)
(-0.537219 -0.138897 0.005)
(-0.515292 -0.138897 0.005)
(-0.493365 -0.138897 0.005)
(-0.471437 -0.138897 0.005)
(-0.44951 -0.138897 0.005)
(-0.427583 -0.138897 0.005)
(-0.405655 -0.138897 0.005)
(-0.383728 -0.138897 0.005)
(-0.361801 -0.138897 0.005)
(-0.339873 -0.138897 0.005)
(-0.317946 -0.138897 0.005)
(-0.296019 -0.138897 0.005)
(-0.274091 -0.138897 0.005)
(-0.252164 -0.138897 0.005)
(-0.230237 -0.138897 0.005)
(-0.208309 -0.138897 0.005)
(-0.186382 -0.138897 0.005)
(-0.164455 -0.138897 0.005)
(-0.142528 -0.138897 0.005)
(-0.1206 -0.138897 0.005)
(-0.0986729 -0.138897 0.005)
(-0.0767456 -0.138897 0.005)
(-0.0548183 -0.138897 0.005)
(-0.032891 -0.138897 0.005)
(-0.0109637 -0.138897 0.005)
(0.0109637 -0.138897 0.005)
(0.032891 -0.138897 0.005)
(0.0548183 -0.138897 0.005)
(0.0767456 -0.138897 0.005)
(0.0986729 -0.138897 0.005)
(0.1206 -0.138897 0.005)
(0.142528 -0.138897 0.005)
(0.164455 -0.138897 0.005)
(0.186382 -0.138897 0.005)
(0.208309 -0.138897 0.005)
(0.230237 -0.138897 0.005)
(0.252164 -0.138897 0.005)
(0.274091 -0.138897 0.005)
(0.296019 -0.138897 0.005)
(0.317946 -0.138897 0.005)
(0.339873 -0.138897 0.005)
(0.361801 -0.138897 0.005)
(0.383728 -0.138897 0.005)
(0.405655 -0.138897 0.005)
(0.427583 -0.138897 0.005)
(0.44951 -0.138897 0.005)
(0.471437 -0.138897 0.005)
(0.493365 -0.138897 0.005)
(0.515292 -0.138897 0.005)
(0.537219 -0.138897 0.005)
(-0.540639 -0.128959 0.005)
(-0.518572 -0.128959 0.005)
(-0.496505 -0.128959 0.005)
(-0.474438 -0.128959 0.005)
(-0.452371 -0.128959 0.005)
(-0.430304 -0.128959 0.005)
(-0.408237 -0.128959 0.005)
(-0.386171 -0.128959 0.005)
(-0.364104 -0.128959 0.005)
(-0.342037 -0.128959 0.005)
(-0.31997 -0.128959 0.005)
(-0.297903 -0.128959 0.005)
(-0.275836 -0.128959 0.005)
(-0.253769 -0.128959 0.005)
(-0.231702 -0.128959 0.005)
(-0.209635 -0.128959 0.005)
(-0.187569 -0.128959 0.005)
(-0.165502 -0.128959 0.005)
(-0.143435 -0.128959 0.005)
(-0.121368 -0.128959 0.005)
(-0.099301 -0.128959 0.005)
(-0.0772341 -0.128959 0.005)
(-0.0551672 -0.128959 0.005)
(-0.0331003 -0.128959 0.005)
(-0.0110334 -0.128959 0.005)
(0.0110334 -0.128959 0.005)
(0.0331003 -0.128959 0.005)
(0.0551672 -0.128959 0.005)
(0.0772341 -0.128959 0.005)
(0.099301 -0.128959 0.005)
(0.121368 -0.128959 0.005)
(0.143435 -0.128959 0.005)
(0.165502 -0.128959 0.005)
(0.187569 -0.128959 0.005)
(0.209635 -0.128959 0.005)
(0.231702 -0.128959 0.005)
(0.253769 -0.128959 0.005)
(0.275836 -0.128959 0.005)
(0.297903 -0.128959 0.005)
(0.31997 -0.128959 0.005)
(0.342037 -0.128959 0.005)
(0.364104 -0.128959 0.005)
(0.386171 -0.128959 0.005)
(0.408237 -0.128959 0.005)
(0.430304 -0.128959 0.005)
(0.452371 -0.128959 0.005)
(0.474438 -0.128959 0.005)
(0.496505 -0.128959 0.005)
(0.518572 -0.128959 0.005)
(0.540639 -0.128959 0.005)
(-0.54388 -0.11896 0.005)
(-0.521681 -0.11896 0.005)
(-0.499482 -0.11896 0.005)
(-0.477283 -0.11896 0.005)
(-0.455084 -0.11896 0.005)
(-0.432884 -0.11896 0.005)
(-0.410685 -0.11896 0.005)
(-0.388486 -0.11896 0.005)
(-0.366287 -0.11896 0.005)
(-0.344088 -0.11896 0.005)
(-0.321888 -0.11896 0.005)
(-0.299689 -0.11896 0.005)
(-0.27749 -0.11896 0.005)
(-0.255291 -0.11896 0.005)
(-0.233092 -0.11896 0.005)
(-0.210892 -0.11896 0.005)
(-0.188693 -0.11896 0.005)
(-0.166494 -0.11896 0.005)
(-0.144295 -0.11896 0.005)
(-0.122096 -0.11896 0.005)
(-0.0998964 -0.11896 0.005)
(-0.0776972 -0.11896 0.005)
(-0.055498 -0.11896 0.005)
(-0.0332988 -0.11896 0.005)
(-0.0110996 -0.11896 0.005)
(0.0110996 -0.11896 0.005)
(0.0332988 -0.11896 0.005)
(0.055498 -0.11896 0.005)
(0.0776972 -0.11896 0.005)
(0.0998964 -0.11896 0.005)
(0.122096 -0.11896 0.005)
(0.144295 -0.11896 0.005)
(0.166494 -0.11896 0.005)
(0.188693 -0.11896 0.005)
(0.210892 -0.11896 0.005)
(0.233092 -0.11896 0.005)
(0.255291 -0.11896 0.005)
(0.27749 -0.11896 0.005)
(0.299689 -0.11896 0.005)
(0.321888 -0.11896 0.005)
(0.344088 -0.11896 0.005)
(0.366287 -0.11896 0.005)
(0.388486 -0.11896 0.005)
(0.410685 -0.11896 0.005)
(0.432884 -0.11896 0.005)
(0.455084 -0.11896 0.005)
(0.477283 -0.11896 0.005)
(0.499482 -0.11896 0.005)
(0.521681 -0.11896 0.005)
(0.54388 -0.11896 0.005)
(-0.546928 -0.108897 0.005)
(-0.524604 -0.108897 0.005)
(-0.50228 -0.108897 0.005)
(-0.479957 -0.108897 0.005)
(-0.457633 -0.108897 0.005)
(-0.43531 -0.108897 0.005)
(-0.412986 -0.108897 0.005)
(-0.390663 -0.108897 0.005)
(-0.368339 -0.108897 0.005)
(-0.346015 -0.108897 0.005)
(-0.323692 -0.108897 0.005)
(-0.301368 -0.108897 0.005)
(-0.279045 -0.108897 0.005)
(-0.256721 -0.108897 0.005)
(-0.234398 -0.108897 0.005)
(-0.212074 -0.108897 0.005)
(-0.18975 -0.108897 0.005)
(-0.167427 -0.108897 0.005)
(-0.145103 -0.108897 0.005)
(-0.12278 -0.108897 0.005)
(-0.100456 -0.108897 0.005)
(-0.0781325 -0.108897 0.005)
(-0.0558089 -0.108897 0.005)
(-0.0334854 -0.108897 0.005)
(-0.0111618 -0.108897 0.005)
(0.0111618 -0.108897 0.005)
(0.0334854 -0.108897 0.005)
(0.0558089 -0.108897 0.005)
(0.0781325 -0.108897 0.005)
(0.100456 -0.108897 0.005)
(0.12278 -0.108897 0.005)
(0.145103 -0.108897 0.005)
(0.167427 -0.108897 0.005)
(0.18975 -0.108897 0.005)
(0.212074 -0.108897 0.005)
(0.234398 -0.108897 0.005)
(0.256721 -0.108897 0.005)
(0.279045 -0.108897 0.005)
(0.301368 -0.108897 0.005)
(0.323692 -0.108897 0.005)
(0.346015 -0.108897 0.005)
(0.368339 -0.108897 0.005)
(0.390663 -0.108897 0.005)
(0.412986 -0.108897 0.005)
(0.43531 -0.108897 0.005)
(0.457633 -0.108897 0.005)
(0.479957 -0.108897 0.005)
(0.50228 -0.108897 0.005)
(0.524604 -0.108897 0.005)
(0.546928 -0.108897 0.005)
(-0.549764 -0.0987706 0.005)
(-0.527325 -0.0987706 0.005)
(-0.504886 -0.0987706 0.005)
(-0.482446 -0.0987706 0.005)
(-0.460007 -0.0987706 0.005)
(-0.437568 -0.0987706 0.005)
(-0.415128 -0.0987706 0.005)
(-0.392689 -0.0987706 0.005)
(-0.370249 -0.0987706 0.005)
(-0.34781 -0.0987706 0.005)
(-0.325371 -0.0987706 0.005)
(-0.302931 -0.0987706 0.005)
(-0.280492 -0.0987706 0.005)
(-0.258053 -0.0987706 0.005)
(-0.235613 -0.0987706 0.005)
(-0.213174 -0.0987706 0.005)
(-0.190735 -0.0987706 0.005)
(-0.168295 -0.0987706 0.005)
(-0.145856 -0.0987706 0.005)
(-0.123416 -0.0987706 0.005)
(-0.100977 -0.0987706 0.005)
(-0.0785378 -0.0987706 0.005)
(-0.0560984 -0.0987706 0.005)
(-0.033659 -0.0987706 0.005)
(-0.0112197 -0.0987706 0.005)
(0.0112197 -0.0987706 0.005)
(0.033659 -0.0987706 0.005)
(0.0560984 -0.0987706 0.005)
(0.0785378 -0.0987706 0.005)
(0.100977 -0.0987706 0.005)
(0.123416 -0.0987706 0.005)
(0.145856 -0.0987706 0.005)
(0.168295 -0.0987706 0.005)
(0.190735 -0.0987706 0.005)
(0.213174 -0.0987706 0.005)
(0.235613 -0.0987706 0.005)
(0.258053 -0.0987706 0.005)
(0.280492 -0.0987706 0.005)
(0.302931 -0.0987706 0.005)
(0.325371 -0.0987706 0.005)
(0.34781 -0.0987706 0.005)
(0.370249 -0.0987706 0.005)
(0.392689 -0.0987706 0.005)
(0.415128 -0.0987706 0.005)
(0.437568 -0.0987706 0.005)
(0.460007 -0.0987706 0.005)
(0.482446 -0.0987706 0.005)
(0.504886 -0.0987706 0.005)
(0.527325 -0.0987706 0.005)
(0.549764 -0.0987706 0.005)
(-0.552375 -0.0885814 0.005)
(-0.529829 -0.0885814 0.005)
(-0.507283 -0.0885814 0.005)
(-0.484737 -0.0885814 0.005)
(-0.462191 -0.0885814 0.005)
(-0.439645 -0.0885814 0.005)
(-0.417099 -0.0885814 0.005)
(-0.394553 -0.0885814 0.005)
(-0.372007 -0.0885814 0.005)
(-0.349461 -0.0885814 0.005)
(-0.326916 -0.0885814 0.005)
(-0.30437 -0.0885814 0.005)
(-0.281824 -0.0885814 0.005)
(-0.259278 -0.0885814 0.005)
(-0.236732 -0.0885814 0.005)
(-0.214186 -0.0885814 0.005)
(-0.19164 -0.0885814 0.005)
(-0.169094 -0.0885814 0.005)
(-0.146548 -0.0885814 0.005)
(-0.124002 -0.0885814 0.005)
(-0.101457 -0.0885814 0.005)
(-0.0789106 -0.0885814 0.005)
(-0.0563647 -0.0885814 0.005)
(-0.0338188 -0.0885814 0.005)
(-0.0112729 -0.0885814 0.005)
(0.0112729 -0.0885814 0.005)
(0.0338188 -0.0885814 0.005)
(0.0563647 -0.0885814 0.005)
(0.0789106 -0.0885814 0.005)
(0.101457 -0.0885814 0.005)
(0.124002 -0.0885814 0.005)
(0.146548 -0.0885814 0.005)
(0.169094 -0.0885814 0.005)
(0.19164 -0.0885814 0.005)
(0.214186 -0.0885814 0.005)
(0.236732 -0.0885814 0.005)
(0.259278 -0.0885814 0.005)
(0.281824 -0.0885814 0.005)
(0.30437 -0.0885814 0.005)
(0.326916 -0.0885814 0.005)
(0.349461 -0.0885814 0.005)
(0.372007 -0.0885814 0.005)
(0.394553 -0.0885814 0.005)
(0.417099 -0.0885814 0.005)
(0.439645 -0.0885814 0.005)
(0.462191 -0.0885814 0.005)
(0.484737 -0.0885814 0.005)
(0.507283 -0.0885814 0.005)
(0.529829 -0.0885814 0.005)
(0.552375 -0.0885814 0.005)
(-0.554743 -0.0783303 0.005)
(-0.5321 -0.0783303 0.005)
(-0.509458 -0.0783303 0.005)
(-0.486815 -0.0783303 0.005)
(-0.464172 -0.0783303 0.005)
(-0.44153 -0.0783303 0.005)
(-0.418887 -0.0783303 0.005)
(-0.396245 -0.0783303 0.005)
(-0.373602 -0.0783303 0.005)
(-0.35096 -0.0783303 0.005)
(-0.328317 -0.0783303 0.005)
(-0.305675 -0.0783303 0.005)
(-0.283032 -0.0783303 0.005)
(-0.260389 -0.0783303 0.005)
(-0.237747 -0.0783303 0.005)
(-0.215104 -0.0783303 0.005)
(-0.192462 -0.0783303 0.005)
(-0.169819 -0.0783303 0.005)
(-0.147177 -0.0783303 0.005)
(-0.124534 -0.0783303 0.005)
(-0.101892 -0.0783303 0.005)
(-0.079249 -0.0783303 0.005)
(-0.0566064 -0.0783303 0.005)
(-0.0339638 -0.0783303 0.005)
(-0.0113213 -0.0783303 0.005)
(0.0113213 -0.0783303 0.005)
(0.0339638 -0.0783303 0.005)
(0.0566064 -0.0783303 0.005)
(0.079249 -0.0783303 0.005)
(0.101892 -0.0783303 0.005)
(0.124534 -0.0783303 0.005)
(0.147177 -0.0783303 0.005)
(0.169819 -0.0783303 0.005)
(0.192462 -0.0783303 0.005)
(0.215104 -0.0783303 0.005)
(0.237747 -0.0783303 0.005)
(0.260389 -0.0783303 0.005)
(0.283032 -0.0783303 0.005)
(0.305675 -0.0783303 0.005)
(0.328317 -0.0783303 0.005)
(0.35096 -0.0783303 0.005)
(0.373602 -0.0783303 0.005)
(0.396245 -0.0783303 0.005)
(0.418887 -0.0783303 0.005)
(0.44153 -0.0783303 0.005)
(0.464172 -0.0783303 0.005)
(0.486815 -0.0783303 0.005)
(0.509458 -0.0783303 0.005)
(0.5321 -0.0783303 0.005)
(0.554743 -0.0783303 0.005)
(-0.556854 -0.0680197 0.005)
(-0.534125 -0.0680197 0.005)
(-0.511396 -0.0680197 0.005)
(-0.488668 -0.0680197 0.005)
(-0.465939 -0.0680197 0.005)
(-0.44321 -0.0680197 0.005)
(-0.420481 -0.0680197 0.005)
(-0.397753 -0.0680197 0.005)
(-0.375024 -0.0680197 0.005)
(-0.352295 -0.0680197 0.005)
(-0.329566 -0.0680197 0.005)
(-0.306838 -0.0680197 0.005)
(-0.284109 -0.0680197 0.005)
(-0.26138 -0.0680197 0.005)
(-0.238652 -0.0680197 0.005)
(-0.215923 -0.0680197 0.005)
(-0.193194 -0.0680197 0.005)
(-0.170465 -0.0680197 0.005)
(-0.147737 -0.0680197 0.005)
(-0.125008 -0.0680197 0.005)
(-0.102279 -0.0680197 0.005)
(-0.0795505 -0.0680197 0.005)
(-0.0568218 -0.0680197 0.005)
(-0.0340931 -0.0680197 0.005)
(-0.0113644 -0.0680197 0.005)
(0.0113644 -0.0680197 0.005)
(0.0340931 -0.0680197 0.005)
(0.0568218 -0.0680197 0.005)
(0.0795505 -0.0680197 0.005)
(0.102279 -0.0680197 0.005)
(0.125008 -0.0680197 0.005)
(0.147737 -0.0680197 0.005)
(0.170465 -0.0680197 0.005)
(0.193194 -0.0680197 0.005)
(0.215923 -0.0680197 0.005)
(0.238652 -0.0680197 0.005)
(0.26138 -0.0680197 0.005)
(0.284109 -0.0680197 0.005)
(0.306838 -0.0680197 0.005)
(0.329566 -0.0680197 0.005)
(0.352295 -0.0680197 0.005)
(0.375024 -0.0680197 0.005)
(0.397753 -0.0680197 0.005)
(0.420481 -0.0680197 0.005)
(0.44321 -0.0680197 0.005)
(0.465939 -0.0680197 0.005)
(0.488668 -0.0680197 0.005)
(0.511396 -0.0680197 0.005)
(0.534125 -0.0680197 0.005)
(0.556854 -0.0680197 0.005)
(-0.558693 -0.0576552 0.005)
(-0.535889 -0.0576552 0.005)
(-0.513085 -0.0576552 0.005)
(-0.490282 -0.0576552 0.005)
(-0.467478 -0.0576552 0.005)
(-0.444674 -0.0576552 0.005)
(-0.42187 -0.0576552 0.005)
(-0.399066 -0.0576552 0.005)
(-0.376263 -0.0576552 0.005)
(-0.353459 -0.0576552 0.005)
(-0.330655 -0.0576552 0.005)
(-0.307851 -0.0576552 0.005)
(-0.285047 -0.0576552 0.005)
(-0.262244 -0.0576552 0.005)
(-0.23944 -0.0576552 0.005)
(-0.216636 -0.0576552 0.005)
(-0.193832 -0.0576552 0.005)
(-0.171028 -0.0576552 0.005)
(-0.148225 -0.0576552 0.005)
(-0.125421 -0.0576552 0.005)
(-0.102617 -0.0576552 0.005)
(-0.0798133 -0.0576552 0.005)
(-0.0570095 -0.0576552 0.005)
(-0.0342057 -0.0576552 0.005)
(-0.0114019 -0.0576552 0.005)
(0.0114019 -0.0576552 0.005)
(0.0342057 -0.0576552 0.005)
(0.0570095 -0.0576552 0.005)
(0.0798133 -0.0576552 0.005)
(0.102617 -0.0576552 0.005)
(0.125421 -0.0576552 0.005)
(0.148225 -0.0576552 0.005)
(0.171028 -0.0576552 0.005)
(0.193832 -0.0576552 0.005)
(0.216636 -0.0576552 0.005)
(0.23944 -0.0576552 0.005)
(0.262244 -0.0576552 0.005)
(0.285047 -0.0576552 0.005)
(0.307851 -0.0576552 0.005)
(0.330655 -0.0576552 0.005)
(0.353459 -0.0576552 0.005)
(0.376263 -0.0576552 0.005)
(0.399066 -0.0576552 0.005)
(0.42187 -0.0576552 0.005)
(0.444674 -0.0576552 0.005)
(0.467478 -0.0576552 0.005)
(0.490282 -0.0576552 0.005)
(0.513085 -0.0576552 0.005)
(0.535889 -0.0576552 0.005)
(0.558693 -0.0576552 0.005)
(-0.560248 -0.0472427 0.005)
(-0.537381 -0.0472427 0.005)
(-0.514513 -0.0472427 0.005)
(-0.491646 -0.0472427 0.005)
(-0.468779 -0.0472427 0.005)
(-0.445912 -0.0472427 0.005)
(-0.423044 -0.0472427 0.005)
(-0.400177 -0.0472427 0.005)
(-0.37731 -0.0472427 0.005)
(-0.354442 -0.0472427 0.005)
(-0.331575 -0.0472427 0.005)
(-0.308708 -0.0472427 0.005)
(-0.285841 -0.0472427 0.005)
(-0.262973 -0.0472427 0.005)
(-0.240106 -0.0472427 0.005)
(-0.217239 -0.0472427 0.005)
(-0.194372 -0.0472427 0.005)
(-0.171504 -0.0472427 0.005)
(-0.148637 -0.0472427 0.005)
(-0.12577 -0.0472427 0.005)
(-0.102903 -0.0472427 0.005)
(-0.0800354 -0.0472427 0.005)
(-0.0571681 -0.0472427 0.005)
(-0.0343009 -0.0472427 0.005)
(-0.0114336 -0.0472427 0.005)
(0.0114336 -0.0472427 0.005)
(0.0343009 -0.0472427 0.005)
(0.0571681 -0.0472427 0.005)
(0.0800354 -0.0472427 0.005)
(0.102903 -0.0472427 0.005)
(0.12577 -0.0472427 0.005)
(0.148637 -0.0472427 0.005)
(0.171504 -0.0472427 0.005)
(0.194372 -0.0472427 0.005)
(0.217239 -0.0472427 0.005)
(0.240106 -0.0472427 0.005)
(0.262973 -0.0472427 0.005)
(0.285841 -0.0472427 0.005)
(0.308708 -0.0472427 0.005)
(0.331575 -0.0472427 0.005)
(0.354442 -0.0472427 0.005)
(0.37731 -0.0472427 0.005)
(0.400177 -0.0472427 0.005)
(0.423044 -0.0472427 0.005)
(0.445912 -0.0472427 0.005)
(0.468779 -0.0472427 0.005)
(0.491646 -0.0472427 0.005)
(0.514513 -0.0472427 0.005)
(0.537381 -0.0472427 0.005)
(0.560248 -0.0472427 0.005)
(-0.561506 -0.0367891 0.005)
(-0.538588 -0.0367891 0.005)
(-0.515669 -0.0367891 0.005)
(-0.49275 -0.0367891 0.005)
(-0.469832 -0.0367891 0.005)
(-0.446913 -0.0367891 0.005)
(-0.423995 -0.0367891 0.005)
(-0.401076 -0.0367891 0.005)
(-0.378157 -0.0367891 0.005)
(-0.355239 -0.0367891 0.005)
(-0.33232 -0.0367891 0.005)
(-0.309401 -0.0367891 0.005)
(-0.286483 -0.0367891 0.005)
(-0.263564 -0.0367891 0.005)
(-0.240646 -0.0367891 0.005)
(-0.217727 -0.0367891 0.005)
(-0.194808 -0.0367891 0.005)
(-0.17189 -0.0367891 0.005)
(-0.148971 -0.0367891 0.005)
(-0.126052 -0.0367891 0.005)
(-0.103134 -0.0367891 0.005)
(-0.0802152 -0.0367891 0.005)
(-0.0572966 -0.0367891 0.005)
(-0.0343779 -0.0367891 0.005)
(-0.0114593 -0.0367891 0.005)
(0.0114593 -0.0367891 0.005)
(0.0343779 -0.0367891 0.005)
(0.0572966 -0.0367891 0.005)
(0.0802152 -0.0367891 0.005)
(0.103134 -0.0367891 0.005)
(0.126052 -0.0367891 0.005)
(0.148971 -0.0367891 0.005)
(0.17189 -0.0367891 0.005)
(0.194808 -0.0367891 0.005)
(0.217727 -0.0367891 0.005)
(0.240646 -0.0367891 0.005)
(0.263564 -0.0367891 0.005)
(0.286483 -0.0367891 0.005)
(0.309401 -0.0367891 0.005)
(0.33232 -0.0367891 0.005)
(0.355239 -0.0367891 0.005)
(0.378157 -0.0367891 0.005)
(0.401076 -0.0367891 0.005)
(0.423995 -0.0367891 0.005)
(0.446913 -0.0367891 0.005)
(0.469832 -0.0367891 0.005)
(0.49275 -0.0367891 0.005)
(0.515669 -0.0367891 0.005)
(0.538588 -0.0367891 0.005)
(0.561506 -0.0367891 0.005)
(-0.562459 -0.0263024 0.005)
(-0.539502 -0.0263024 0.005)
(-0.516544 -0.0263024 0.005)
(-0.493587 -0.0263024 0.005)
(-0.470629 -0.0263024 0.005)
(-0.447671 -0.0263024 0.005)
(-0.424714 -0.0263024 0.005)
(-0.401756 -0.0263024 0.005)
(-0.378799 -0.0263024 0.005)
(-0.355841 -0.0263024 0.005)
(-0.332884 -0.0263024 0.005)
(-0.309926 -0.0263024 0.005)
(-0.286969 -0.0263024 0.005)
(-0.264011 -0.0263024 0.005)
(-0.241054 -0.0263024 0.005)
(-0.218096 -0.0263024 0.005)
(-0.195139 -0.0263024 0.005)
(-0.172181 -0.0263024 0.005)
(-0.149224 -0.0263024 0.005)
(-0.126266 -0.0263024 0.005)
(-0.103309 -0.0263024 0.005)
(-0.0803513 -0.0263024 0.005)
(-0.0573938 -0.0263024 0.005)
(-0.0344363 -0.0263024 0.005)
(-0.0114788 -0.0263024 0.005)
(0.0114788 -0.0263024 0.005)
(0.0344363 -0.0263024 0.005)
(0.0573938 -0.0263024 0.005)
(0.0803513 -0.0263024 0.005)
(0.103309 -0.0263024 0.005)
(0.126266 -0.0263024 0.005)
(0.149224 -0.0263024 0.005)
(0.172181 -0.0263024 0.005)
(0.195139 -0.0263024 0.005)
(0.218096 -0.0263024 0.005)
(0.241054 -0.0263024 0.005)
(0.264011 -0.0263024 0.005)
(0.286969 -0.0263024 0.005)
(0.309926 -0.0263024 0.005)
(0.332884 -0.0263024 0.005)
(0.355841 -0.0263024 0.005)
(0.378799 -0.0263024 0.005)
(0.401756 -0.0263024 0.005)
(0.424714 -0.0263024 0.005)
(0.447671 -0.0263024 0.005)
(0.470629 -0.0263024 0.005)
(0.493587 -0.0263024 0.005)
(0.516544 -0.0263024 0.005)
(0.539502 -0.0263024 0.005)
(0.562459 -0.0263024 0.005)
(-0.563099 -0.0157914 0.005)
(-0.540115 -0.0157914 0.005)
(-0.517131 -0.0157914 0.005)
(-0.494148 -0.0157914 0.005)
(-0.471164 -0.0157914 0.005)
(-0.44818 -0.0157914 0.005)
(-0.425197 -0.0157914 0.005)
(-0.402213 -0.0157914 0.005)
(-0.37923 -0.0157914 0.005)
(-0.356246 -0.0157914 0.005)
(-0.333262 -0.0157914 0.005)
(-0.310279 -0.0157914 0.005)
(-0.287295 -0.0157914 0.005)
(-0.264312 -0.0157914 0.005)
(-0.241328 -0.0157914 0.005)
(-0.218344 -0.0157914 0.005)
(-0.195361 -0.0157914 0.005)
(-0.172377 -0.0157914 0.005)
(-0.149393 -0.0157914 0.005)
(-0.12641 -0.0157914 0.005)
(-0.103426 -0.0157914 0.005)
(-0.0804426 -0.0157914 0.005)
(-0.057459 -0.0157914 0.005)
(-0.0344754 -0.0157914 0.005)
(-0.0114918 -0.0157914 0.005)
(0.0114918 -0.0157914 0.005)
(0.0344754 -0.0157914 0.005)
(0.057459 -0.0157914 0.005)
(0.0804426 -0.0157914 0.005)
(0.103426 -0.0157914 0.005)
(0.12641 -0.0157914 0.005)
(0.149393 -0.0157914 0.005)
(0.172377 -0.0157914 0.005)
(0.195361 -0.0157914 0.005)
(0.218344 -0.0157914 0.005)
(0.241328 -0.0157914 0.005)
(0.264312 -0.0157914 0.005)
(0.287295 -0.0157914 0.005)
(0.310279 -0.0157914 0.005)
(0.333262 -0.0157914 0.005)
(0.356246 -0.0157914 0.005)
(0.37923 -0.0157914 0.005)
(0.402213 -0.0157914 0.005)
(0.425197 -0.0157914 0.005)
(0.44818 -0.0157914 0.005)
(0.471164 -0.0157914 0.005)
(0.494148 -0.0157914 0.005)
(0.517131 -0.0157914 0.005)
(0.540115 -0.0157914 0.005)
(0.563099 -0.0157914 0.005)
(-0.56342 -0.00526546 0.005)
(-0.540423 -0.00526546 0.005)
(-0.517426 -0.00526546 0.005)
(-0.494429 -0.00526546 0.005)
(-0.471433 -0.00526546 0.005)
(-0.448436 -0.00526546 0.005)
(-0.425439 -0.00526546 0.005)
(-0.402443 -0.00526546 0.005)
(-0.379446 -0.00526546 0.005)
(-0.356449 -0.00526546 0.005)
(-0.333452 -0.00526546 0.005)
(-0.310456 -0.00526546 0.005)
(-0.287459 -0.00526546 0.005)
(-0.264462 -0.00526546 0.005)
(-0.241466 -0.00526546 0.005)
(-0.218469 -0.00526546 0.005)
(-0.195472 -0.00526546 0.005)
(-0.172475 -0.00526546 0.005)
(-0.149479 -0.00526546 0.005)
(-0.126482 -0.00526546 0.005)
(-0.103485 -0.00526546 0.005)
(-0.0804885 -0.00526546 0.005)
(-0.0574918 -0.00526546 0.005)
(-0.0344951 -0.00526546 0.005)
(-0.0114984 -0.00526546 0.005)
(0.0114984 -0.00526546 0.005)
(0.0344951 -0.00526546 0.005)
(0.0574918 -0.00526546 0.005)
(0.0804885 -0.00526546 0.005)
(0.103485 -0.00526546 0.005)
(0.126482 -0.00526546 0.005)
(0.149479 -0.00526546 0.005)
(0.172475 -0.00526546 0.005)
(0.195472 -0.00526546 0.005)
(0.218469 -0.00526546 0.005)
(0.241466 -0.00526546 0.005)
(0.264462 -0.00526546 0.005)
(0.287459 -0.00526546 0.005)
(0.310456 -0.00526546 0.005)
(0.333452 -0.00526546 0.005)
(0.356449 -0.00526546 0.005)
(0.379446 -0.00526546 0.005)
(0.402443 -0.00526546 0.005)
(0.425439 -0.00526546 0.005)
(0.448436 -0.00526546 0.005)
(0.471433 -0.00526546 0.005)
(0.494429 -0.00526546 0.005)
(0.517426 -0.00526546 0.005)
(0.540423 -0.00526546 0.005)
(0.56342 -0.00526546 0.005)
(-0.56342 0.00526546 0.005)
(-0.540423 0.00526546 0.005)
(-0.517426 0.00526546 0.005)
(-0.494429 0.00526546 0.005)
(-0.471433 0.00526546 0.005)
(-0.448436 0.00526546 0.005)
(-0.425439 0.00526546 0.005)
(-0.402443 0.00526546 0.005)
(-0.379446 0.00526546 0.005)
(-0.356449 0.00526546 0.005)
(-0.333452 0.00526546 0.005)
(-0.310456 0.00526546 0.005)
(-0.287459 0.00526546 0.005)
(-0.264462 0.00526546 0.005)
(-0.241466 0.00526546 0.005)
(-0.218469 0.00526546 0.005)
(-0.195472 0.00526546 0.005)
(-0.172475 0.00526546 0.005)
(-0.149479 0.00526546 0.005)
(-0.126482 0.00526546 0.005)
(-0.103485 0.00526546 0.005)
(-0.0804885 0.00526546 0.005)
(-0.0574918 0.00526546 0.005)
(-0.0344951 0.00526546 0.005)
(-0.0114984 0.00526546 0.005)
(0.0114984 0.00526546 0.005)
(0.0344951 0.00526546 0.005)
(0.0574918 0.00526546 0.005)
(0.0804885 0.00526546 0.005)
(0.103485 0.00526546 0.005)
(0.126482 0.00526546 0.005)
(0.149479 0.00526546 0.005)
(0.172475 0.00526546 0.005)
(0.195472 0.00526546 0.005)
(0.218469 0.00526546 0.005)
(0.241466 0.00526546 0.005)
(0.264462 0.00526546 0.005)
(0.287459 0.00526546 0.005)
(0.310456 0.00526546 0.005)
(0.333452 0.00526546 0.005)
(0.356449 0.00526546 0.005)
(0.379446 0.00526546 0.005)
(0.402443 0.00526546 0.005)
(0.425439 0.00526546 0.005)
(0.448436 0.00526546 0.005)
(0.471433 0.00526546 0.005)
(0.494429 0.00526546 0.005)
(0.517426 0.00526546 0.005)
(0.540423 0.00526546 0.005)
(0.56342 0.00526546 0.005)
(-0.563099 0.0157914 0.005)
(-0.540115 0.0157914 0.005)
(-0.517131 0.0157914 0.005)
(-0.494148 0.0157914 0.005)
(-0.471164 0.0157914 0.005)
(-0.44818 0.0157914 0.005)
(-0.425197 0.0157914 0.005)
(-0.402213 0.0157914 0.005)
(-0.37923 0.0157914 0.005)
(-0.356246 0.0157914 0.005)
(-0.333262 0.0157914 0.005)
(-0.310279 0.0157914 0.005)
(-0.287295 0.0157914 0.005)
(-0.264312 0.0157914 0.005)
(-0.241328 0.0157914 0.005)
(-0.218344 0.0157914 0.005)
(-0.195361 0.0157914 0.005)
(-0.172377 0.0157914 0.005)
(-0.149393 0.0157914 0.005)
(-0.12641 0.0157914 0.005)
(-0.103426 0.0157914 0.005)
(-0.0804426 0.0157914 0.005)
(-0.057459 0.0157914 0.005)
(-0.0344754 0.0157914 0.005)
(-0.0114918 0.0157914 0.005)
(0.0114918 0.0157914 0.005)
(0.0344754 0.0157914 0.005)
(0.057459 0.0157914 0.005)
(0.0804426 0.0157914 0.005)
(0.103426 0.0157914 0.005)
(0.12641 0.0157914 0.005)
(0.149393 0.0157914 0.005)
(0.172377 0.0157914 0.005)
(0.195361 0.0157914 0.005)
(0.218344 0.0157914 0.005)
(0.241328 0.0157914 0.005)
(0.264312 0.0157914 0.005)
(0.287295 0.0157914 0.005)
(0.310279 0.0157914 0.005)
(0.333262 0.0157914 0.005)
(0.356246 0.0157914 0.005)
(0.37923 0.0157914 0.005)
(0.402213 0.0157914 0.005)
(0.425197 0.0157914 0.005)
(0.44818 0.0157914 0.005)
(0.471164 0.0157914 0.005)
(0.494148 0.0157914 0.005)
(0.517131 0.0157914 0.005)
(0.540115 0.0157914 0.005)
(0.563099 0.0157914 0.005)
(-0.562459 0.0263024 0.005)
(-0.539502 0.0263024 0.005)
(-0.516544 0.0263024 0.005)
(-0.493587 0.0263024 0.005)
(-0.470629 0.0263024 0.005)
(-0.447671 0.0263024 0.005)
(-0.424714 0.0263024 0.005)
(-0.401756 0.0263024 0.005)
(-0.378799 0.0263024 0.005)
(-0.355841 0.0263024 0.005)
(-0.332884 0.0263024 0.005)
(-0.309926 0.0263024 0.005)
(-0.286969 0.0263024 0.005)
(-0.264011 0.0263024 0.005)
(-0.241054 0.0263024 0.005)
(-0.218096 0.0263024 0.005)
(-0.195139 0.0263024 0.005)
(-0.172181 0.0263024 0.005)
(-0.149224 0.0263024 0.005)
(-0.126266 0.0263024 0.005)
(-0.103309 0.0263024 0.005)
(-0.0803513 0.0263024 0.005)
(-0.0573938 0.0263024 0.005)
(-0.0344363 0.0263024 0.005)
(-0.0114788 0.0263024 0.005)
(0.0114788 0.0263024 0.005)
(0.0344363 0.0263024 0.005)
(0.0573938 0.0263024 0.005)
(0.0803513 0.0263024 0.005)
(0.103309 0.0263024 0.005)
(0.126266 0.0263024 0.005)
(0.149224 0.0263024 0.005)
(0.172181 0.0263024 0.005)
(0.195139 0.0263024 0.005)
(0.218096 0.0263024 0.005)
(0.241054 0.0263024 0.005)
(0.264011 0.0263024 0.005)
(0.286969 0.0263024 0.005)
(0.309926 0.0263024 0.005)
(0.332884 0.0263024 0.005)
(0.355841 0.0263024 0.005)
(0.378799 0.0263024 0.005)
(0.401756 0.0263024 0.005)
(0.424714 0.0263024 0.005)
(0.447671 0.0263024 0.005)
(0.470629 0.0263024 0.005)
(0.493587 0.0263024 0.005)
(0.516544 0.0263024 0.005)
(0.539502 0.0263024 0.005)
(0.562459 0.0263024 0.005)
(-0.561506 0.0367891 0.005)
(-0.538588 0.0367891 0.005)
(-0.515669 0.0367891 0.005)
(-0.49275 0.0367891 0.005)
(-0.469832 0.0367891 0.005)
(-0.446913 0.0367891 0.005)
(-0.423995 0.0367891 0.005)
(-0.401076 0.0367891 0.005)
(-0.378157 0.0367891 0.005)
(-0.355239 0.0367891 0.005)
(-0.33232 0.0367891 0.005)
(-0.309401 0.0367891 0.005)
(-0.286483 0.0367891 0.005)
(-0.263564 0.0367891 0.005)
(-0.240646 0.0367891 0.005)
(-0.217727 0.0367891 0.005)
(-0.194808 0.0367891 0.005)
(-0.17189 0.0367891 0.005)
(-0.148971 0.0367891 0.005)
(-0.126052 0.0367891 0.005)
(-0.103134 0.0367891 0.005)
(-0.0802152 0.0367891 0.005)
(-0.0572966 0.0367891 0.005)
(-0.0343779 0.0367891 0.005)
(-0.0114593 0.0367891 0.005)
(0.0114593 0.0367891 0.005)
(0.0343779 0.0367891 0.005)
(0.0572966 0.0367891 0.005)
(0.0802152 0.0367891 0.005)
(0.103134 0.0367891 0.005)
(0.126052 0.0367891 0.005)
(0.148971 0.0367891 0.005)
(0.17189 0.0367891 0.005)
(0.194808 0.0367891 0.005)
(0.217727 0.0367891 0.005)
(0.240646 0.0367891 0.005)
(0.263564 0.0367891 0.005)
(0.286483 0.0367891 0.005)
(0.309401 0.0367891 0.005)
(0.33232 0.0367891 0.005)
(0.355239 0.0367891 0.005)
(0.378157 0.0367891 0.005)
(0.401076 0.0367891 0.005)
(0.423995 0.0367891 0.005)
(0.446913 0.0367891 0.005)
(0.469832 0.0367891 0.005)
(0.49275 0.0367891 0.005)
(0.515669 0.0367891 0.005)
(0.538588 0.0367891 0.005)
(0.561506 0.0367891 0.005)
(-0.560248 0.0472427 0.005)
(-0.537381 0.0472427 0.005)
(-0.514513 0.0472427 0.005)
(-0.491646 0.0472427 0.005)
(-0.468779 0.0472427 0.005)
(-0.445912 0.0472427 0.005)
(-0.423044 0.0472427 0.005)
(-0.400177 0.0472427 0.005)
(-0.37731 0.0472427 0.005)
(-0.354442 0.0472427 0.005)
(-0.331575 0.0472427 0.005)
(-0.308708 0.0472427 0.005)
(-0.285841 0.0472427 0.005)
(-0.262973 0.0472427 0.005)
(-0.240106 0.0472427 0.005)
(-0.217239 0.0472427 0.005)
(-0.194372 0.0472427 0.005)
(-0.171504 0.0472427 0.005)
(-0.148637 0.0472427 0.005)
(-0.12577 0.0472427 0.005)
(-0.102903 0.0472427 0.005)
(-0.0800354 0.0472427 0.005)
(-0.0571681 0.0472427 0.005)
(-0.0343009 0.0472427 0.005)
(-0.0114336 0.0472427 0.005)
(0.0114336 0.0472427 0.005)
(0.0343009 0.0472427 0.005)
(0.0571681 0.0472427 0.005)
(0.0800354 0.0472427 0.005)
(0.102903 0.0472427 0.005)
(0.12577 0.0472427 0.005)
(0.148637 0.0472427 0.005)
(0.171504 0.0472427 0.005)
(0.194372 0.0472427 0.005)
(0.217239 0.0472427 0.005)
(0.240106 0.0472427 0.005)
(0.262973 0.0472427 0.005)
(0.285841 0.0472427 0.005)
(0.308708 0.0472427 0.005)
(0.331575 0.0472427 0.005)
(0.354442 0.0472427 0.005)
(0.37731 0.0472427 0.005)
(0.400177 0.0472427 0.005)
(0.423044 0.0472427 0.005)
(0.445912 0.0472427 0.005)
(0.468779 0.0472427 0.005)
(0.491646 0.0472427 0.005)
(0.514513 0.0472427 0.005)
(0.537381 0.0472427 0.005)
(0.560248 0.0472427 0.005)
(-0.558693 0.0576552 0.005)
(-0.535889 0.0576552 0.005)
(-0.513085 0.0576552 0.005)
(-0.490282 0.0576552 0.005)
(-0.467478 0.0576552 0.005)
(-0.444674 0.0576552 0.005)
(-0.42187 0.0576552 0.005)
(-0.399066 0.0576552 0.005)
(-0.376263 0.0576552 0.005)
(-0.353459 0.0576552 0.005)
(-0.330655 0.0576552 0.005)
(-0.307851 0.0576552 0.005)
(-0.285047 0.0576552 0.005)
(-0.262244 0.0576552 0.005)
(-0.23944 0.0576552 0.005)
(-0.216636 0.0576552 0.005)
(-0.193832 0.0576552 0.005)
(-0.171028 0.0576552 0.005)
(-0.148225 0.0576552 0.005)
(-0.125421 0.0576552 0.005)
(-0.102617 0.0576552 0.005)
(-0.0798133 0.0576552 0.005)
(-0.0570095 0.0576552 0.005)
(-0.0342057 0.0576552 0.005)
(-0.0114019 0.0576552 0.005)
(0.0114019 0.0576552 0.005)
(0.0342057 0.0576552 0.005)
(0.0570095 0.0576552 0.005)
(0.0798133 0.0576552 0.005)
(0.102617 0.0576552 0.005)
(0.125421 0.0576552 0.005)
(0.148225 0.0576552 0.005)
(0.171028 0.0576552 0.005)
(0.193832 0.0576552 0.005)
(0.216636 0.0576552 0.005)
(0.23944 0.0576552 0.005)
(0.262244 0.0576552 0.005)
(0.285047 0.0576552 0.005)
(0.307851 0.0576552 0.005)
(0.330655 0.0576552 0.005)
(0.353459 0.0576552 0.005)
(0.376263 0.0576552 0.005)
(0.399066 0.0576552 0.005)
(0.42187 0.0576552 0.005)
(0.444674 0.0576552 0.005)
(0.467478 0.0576552 0.005)
(0.490282 0.0576552 0.005)
(0.513085 0.0576552 0.005)
(0.535889 0.0576552 0.005)
(0.558693 0.0576552 0.005)
(-0.556854 0.0680197 0.005)
(-0.534125 0.0680197 0.005)
(-0.511396 0.0680197 0.005)
(-0.488668 0.0680197 0.005)
(-0.465939 0.0680197 0.005)
(-0.44321 0.0680197 0.005)
(-0.420481 0.0680197 0.005)
(-0.397753 0.0680197 0.005)
(-0.375024 0.0680197 0.005)
(-0.352295 0.0680197 0.005)
(-0.329566 0.0680197 0.005)
(-0.306838 0.0680197 0.005)
(-0.284109 0.0680197 0.005)
(-0.26138 0.0680197 0.005)
(-0.238652 0.0680197 0.005)
(-0.215923 0.0680197 0.005)
(-0.193194 0.0680197 0.005)
(-0.170465 0.0680197 0.005)
(-0.147737 0.0680197 0.005)
(-0.125008 0.0680197 0.005)
(-0.102279 0.0680197 0.005)
(-0.0795505 0.0680197 0.005)
(-0.0568218 0.0680197 0.005)
(-0.0340931 0.0680197 0.005)
(-0.0113644 0.0680197 0.005)
(0.0113644 0.0680197 0.005)
(0.0340931 0.0680197 0.005)
(0.0568218 0.0680197 0.005)
(0.0795505 0.0680197 0.005)
(0.102279 0.0680197 0.005)
(0.125008 0.0680197 0.005)
(0.147737 0.0680197 0.005)
(0.170465 0.0680197 0.005)
(0.193194 0.0680197 0.005)
(0.215923 0.0680197 0.005)
(0.238652 0.0680197 0.005)
(0.26138 0.0680197 0.005)
(0.284109 0.0680197 0.005)
(0.306838 0.0680197 0.005)
(0.329566 0.0680197 0.005)
(0.352295 0.0680197 0.005)
(0.375024 0.0680197 0.005)
(0.397753 0.0680197 0.005)
(0.420481 0.0680197 0.005)
(0.44321 0.0680197 0.005)
(0.465939 0.0680197 0.005)
(0.488668 0.0680197 0.005)
(0.511396 0.0680197 0.005)
(0.534125 0.0680197 0.005)
(0.556854 0.0680197 0.005)
(-0.554743 0.0783303 0.005)
(-0.5321 0.0783303 0.005)
(-0.509458 0.0783303 0.005)
(-0.486815 0.0783303 0.005)
(-0.464172 0.0783303 0.005)
(-0.44153 0.0783303 0.005)
(-0.418887 0.0783303 0.005)
(-0.396245 0.0783303 0.005)
(-0.373602 0.0783303 0.005)
(-0.35096 0.0783303 0.005)
(-0.328317 0.0783303 0.005)
(-0.305675 0.0783303 0.005)
(-0.283032 0.0783303 0.005)
(-0.260389 0.0783303 0.005)
(-0.237747 0.0783303 0.005)
(-0.215104 0.0783303 0.005)
(-0.192462 0.0783303 0.005)
(-0.169819 0.0783303 0.005)
(-0.147177 0.0783303 0.005)
(-0.124534 0.0783303 0.005)
(-0.101892 0.0783303 0.005)
(-0.079249 0.0783303 0.005)
(-0.0566064 0.0783303 0.005)
(-0.0339638 0.0783303 0.005)
(-0.0113213 0.0783303 0.005)
(0.0113213 0.0783303 0.005)
(0.0339638 0.0783303 0.005)
(0.0566064 0.0783303 0.005)
(0.079249 0.0783303 0.005)
(0.101892 0.0783303 0.005)
(0.124534 0.0783303 0.005)
(0.147177 0.0783303 0.005)
(0.169819 0.0783303 0.005)
(0.192462 0.0783303 0.005)
(0.215104 0.0783303 0.005)
(0.237747 0.0783303 0.005)
(0.260389 0.0783303 0.005)
(0.283032 0.0783303 0.005)
(0.305675 0.0783303 0.005)
(0.328317 0.0783303 0.005)
(0.35096 0.0783303 0.005)
(0.373602 0.0783303 0.005)
(0.396245 0.0783303 0.005)
(0.418887 0.0783303 0.005)
(0.44153 0.0783303 0.005)
(0.464172 0.0783303 0.005)
(0.486815 0.0783303 0.005)
(0.509458 0.0783303 0.005)
(0.5321 0.0783303 0.005)
(0.554743 0.0783303 0.005)
(-0.552375 0.0885814 0.005)
(-0.529829 0.0885814 0.005)
(-0.507283 0.0885814 0.005)
(-0.484737 0.0885814 0.005)
(-0.462191 0.0885814 0.005)
(-0.439645 0.0885814 0.005)
(-0.417099 0.0885814 0.005)
(-0.394553 0.0885814 0.005)
(-0.372007 0.0885814 0.005)
(-0.349461 0.0885814 0.005)
(-0.326916 0.0885814 0.005)
(-0.30437 0.0885814 0.005)
(-0.281824 0.0885814 0.005)
(-0.259278 0.0885814 0.005)
(-0.236732 0.0885814 0.005)
(-0.214186 0.0885814 0.005)
(-0.19164 0.0885814 0.005)
(-0.169094 0.0885814 0.005)
(-0.146548 0.0885814 0.005)
(-0.124002 0.0885814 0.005)
(-0.101457 0.0885814 0.005)
(-0.0789106 0.0885814 0.005)
(-0.0563647 0.0885814 0.005)
(-0.0338188 0.0885814 0.005)
(-0.0112729 0.0885814 0.005)
(0.0112729 0.0885814 0.005)
(0.0338188 0.0885814 0.005)
(0.0563647 0.0885814 0.005)
(0.0789106 0.0885814 0.005)
(0.101457 0.0885814 0.005)
(0.124002 0.0885814 0.005)
(0.146548 0.0885814 0.005)
(0.169094 0.0885814 0.005)
(0.19164 0.0885814 0.005)
(0.214186 0.0885814 0.005)
(0.236732 0.0885814 0.005)
(0.259278 0.0885814 0.005)
(0.281824 0.0885814 0.005)
(0.30437 0.0885814 0.005)
(0.326916 0.0885814 0.005)
(0.349461 0.0885814 0.005)
(0.372007 0.0885814 0.005)
(0.394553 0.0885814 0.005)
(0.417099 0.0885814 0.005)
(0.439645 0.0885814 0.005)
(0.462191 0.0885814 0.005)
(0.484737 0.0885814 0.005)
(0.507283 0.0885814 0.005)
(0.529829 0.0885814 0.005)
(0.552375 0.0885814 0.005)
(-0.549764 0.0987706 0.005)
(-0.527325 0.0987706 0.005)
(-0.504886 0.0987706 0.005)
(-0.482446 0.0987706 0.005)
(-0.460007 0.0987706 0.005)
(-0.437568 0.0987706 0.005)
(-0.415128 0.0987706 0.005)
(-0.392689 0.0987706 0.005)
(-0.370249 0.0987706 0.005)
(-0.34781 0.0987706 0.005)
(-0.325371 0.0987706 0.005)
(-0.302931 0.0987706 0.005)
(-0.280492 0.0987706 0.005)
(-0.258053 0.0987706 0.005)
(-0.235613 0.0987706 0.005)
(-0.213174 0.0987706 0.005)
(-0.190735 0.0987706 0.005)
(-0.168295 0.0987706 0.005)
(-0.145856 0.0987706 0.005)
(-0.123416 0.0987706 0.005)
(-0.100977 0.0987706 0.005)
(-0.0785378 0.0987706 0.005)
(-0.0560984 0.0987706 0.005)
(-0.033659 0.0987706 0.005)
(-0.0112197 0.0987706 0.005)
(0.0112197 0.0987706 0.005)
(0.033659 0.0987706 0.005)
(0.0560984 0.0987706 0.005)
(0.0785378 0.0987706 0.005)
(0.100977 0.0987706 0.005)
(0.123416 0.0987706 0.005)
(0.145856 0.0987706 0.005)
(0.168295 0.0987706 0.005)
(0.190735 0.0987706 0.005)
(0.213174 0.0987706 0.005)
(0.235613 0.0987706 0.005)
(0.258053 0.0987706 0.005)
(0.280492 0.0987706 0.005)
(0.302931 0.0987706 0.005)
(0.325371 0.0987706 0.005)
(0.34781 0.0987706 0.005)
(0.370249 0.0987706 0.005)
(0.392689 0.0987706 0.005)
(0.415128 0.0987706 0.005)
(0.437568 0.0987706 0.005)
(0.460007 0.0987706 0.005)
(0.482446 0.0987706 0.005)
(0.504886 0.0987706 0.005)
(0.527325 0.0987706 0.005)
(0.549764 0.0987706 0.005)
(-0.546928 0.108897 0.005)
(-0.524604 0.108897 0.005)
(-0.50228 0.108897 0.005)
(-0.479957 0.108897 0.005)
(-0.457633 0.108897 0.005)
(-0.43531 0.108897 0.005)
(-0.412986 0.108897 0.005)
(-0.390663 0.108897 0.005)
(-0.368339 0.108897 0.005)
(-0.346015 0.108897 0.005)
(-0.323692 0.108897 0.005)
(-0.301368 0.108897 0.005)
(-0.279045 0.108897 0.005)
(-0.256721 0.108897 0.005)
(-0.234398 0.108897 0.005)
(-0.212074 0.108897 0.005)
(-0.18975 0.108897 0.005)
(-0.167427 0.108897 0.005)
(-0.145103 0.108897 0.005)
(-0.12278 0.108897 0.005)
(-0.100456 0.108897 0.005)
(-0.0781325 0.108897 0.005)
(-0.0558089 0.108897 0.005)
(-0.0334854 0.108897 0.005)
(-0.0111618 0.108897 0.005)
(0.0111618 0.108897 0.005)
(0.0334854 0.108897 0.005)
(0.0558089 0.108897 0.005)
(0.0781325 0.108897 0.005)
(0.100456 0.108897 0.005)
(0.12278 0.108897 0.005)
(0.145103 0.108897 0.005)
(0.167427 0.108897 0.005)
(0.18975 0.108897 0.005)
(0.212074 0.108897 0.005)
(0.234398 0.108897 0.005)
(0.256721 0.108897 0.005)
(0.279045 0.108897 0.005)
(0.301368 0.108897 0.005)
(0.323692 0.108897 0.005)
(0.346015 0.108897 0.005)
(0.368339 0.108897 0.005)
(0.390663 0.108897 0.005)
(0.412986 0.108897 0.005)
(0.43531 0.108897 0.005)
(0.457633 0.108897 0.005)
(0.479957 0.108897 0.005)
(0.50228 0.108897 0.005)
(0.524604 0.108897 0.005)
(0.546928 0.108897 0.005)
(-0.54388 0.11896 0.005)
(-0.521681 0.11896 0.005)
(-0.499482 0.11896 0.005)
(-0.477283 0.11896 0.005)
(-0.455084 0.11896 0.005)
(-0.432884 0.11896 0.005)
(-0.410685 0.11896 0.005)
(-0.388486 0.11896 0.005)
(-0.366287 0.11896 0.005)
(-0.344088 0.11896 0.005)
(-0.321888 0.11896 0.005)
(-0.299689 0.11896 0.005)
(-0.27749 0.11896 0.005)
(-0.255291 0.11896 0.005)
(-0.233092 0.11896 0.005)
(-0.210892 0.11896 0.005)
(-0.188693 0.11896 0.005)
(-0.166494 0.11896 0.005)
(-0.144295 0.11896 0.005)
(-0.122096 0.11896 0.005)
(-0.0998964 0.11896 0.005)
(-0.0776972 0.11896 0.005)
(-0.055498 0.11896 0.005)
(-0.0332988 0.11896 0.005)
(-0.0110996 0.11896 0.005)
(0.0110996 0.11896 0.005)
(0.0332988 0.11896 0.005)
(0.055498 0.11896 0.005)
(0.0776972 0.11896 0.005)
(0.0998964 0.11896 0.005)
(0.122096 0.11896 0.005)
(0.144295 0.11896 0.005)
(0.166494 0.11896 0.005)
(0.188693 0.11896 0.005)
(0.210892 0.11896 0.005)
(0.233092 0.11896 0.005)
(0.255291 0.11896 0.005)
(0.27749 0.11896 0.005)
(0.299689 0.11896 0.005)
(0.321888 0.11896 0.005)
(0.344088 0.11896 0.005)
(0.366287 0.11896 0.005)
(0.388486 0.11896 0.005)
(0.410685 0.11896 0.005)
(0.432884 0.11896 0.005)
(0.455084 0.11896 0.005)
(0.477283 0.11896 0.005)
(0.499482 0.11896 0.005)
(0.521681 0.11896 0.005)
(0.54388 0.11896 0.005)
(-0.540639 0.128959 0.005)
(-0.518572 0.128959 0.005)
(-0.496505 0.128959 0.005)
(-0.474438 0.128959 0.005)
(-0.452371 0.128959 0.005)
(-0.430304 0.128959 0.005)
(-0.408237 0.128959 0.005)
(-0.386171 0.128959 0.005)
(-0.364104 0.128959 0.005)
(-0.342037 0.128959 0.005)
(-0.31997 0.128959 0.005)
(-0.297903 0.128959 0.005)
(-0.275836 0.128959 0.005)
(-0.253769 0.128959 0.005)
(-0.231702 0.128959 0.005)
(-0.209635 0.128959 0.005)
(-0.187569 0.128959 0.005)
(-0.165502 0.128959 0.005)
(-0.143435 0.128959 0.005)
(-0.121368 0.128959 0.005)
(-0.099301 0.128959 0.005)
(-0.0772341 0.128959 0.005)
(-0.0551672 0.128959 0.005)
(-0.0331003 0.128959 0.005)
(-0.0110334 0.128959 0.005)
(0.0110334 0.128959 0.005)
(0.0331003 0.128959 0.005)
(0.0551672 0.128959 0.005)
(0.0772341 0.128959 0.005)
(0.099301 0.128959 0.005)
(0.121368 0.128959 0.005)
(0.143435 0.128959 0.005)
(0.165502 0.128959 0.005)
(0.187569 0.128959 0.005)
(0.209635 0.128959 0.005)
(0.231702 0.128959 0.005)
(0.253769 0.128959 0.005)
(0.275836 0.128959 0.005)
(0.297903 0.128959 0.005)
(0.31997 0.128959 0.005)
(0.342037 0.128959 0.005)
(0.364104 0.128959 0.005)
(0.386171 0.128959 0.005)
(0.408237 0.128959 0.005)
(0.430304 0.128959 0.005)
(0.452371 0.128959 0.005)
(0.474438 0.128959 0.005)
(0.496505 0.128959 0.005)
(0.518572 0.128959 0.005)
(0.540639 0.128959 0.005)
(-0.537219 0.138897 0.005)
(-0.515292 0.138897 0.005)
(-0.493365 0.138897 0.005)
(-0.471437 0.138897 0.005)
(-0.44951 0.138897 0.005)
(-0.427583 0.138897 0.005)
(-0.405655 0.138897 0.005)
(-0.383728 0.138897 0.005)
(-0.361801 0.138897 0.005)
(-0.339873 0.138897 0.005)
(-0.317946 0.138897 0.005)
(-0.296019 0.138897 0.005)
(-0.274091 0.138897 0.005)
(-0.252164 0.138897 0.005)
(-0.230237 0.138897 0.005)
(-0.208309 0.138897 0.005)
(-0.186382 0.138897 0.005)
(-0.164455 0.138897 0.005)
(-0.142528 0.138897 0.005)
(-0.1206 0.138897 0.005)
(-0.0986729 0.138897 0.005)
(-0.0767456 0.138897 0.005)
(-0.0548183 0.138897 0.005)
(-0.032891 0.138897 0.005)
(-0.0109637 0.138897 0.005)
(0.0109637 0.138897 0.005)
(0.032891 0.138897 0.005)
(0.0548183 0.138897 0.005)
(0.0767456 0.138897 0.005)
(0.0986729 0.138897 0.005)
(0.1206 0.138897 0.005)
(0.142528 0.138897 0.005)
(0.164455 0.138897 0.005)
(0.186382 0.138897 0.005)
(0.208309 0.138897 0.005)
(0.230237 0.138897 0.005)
(0.252164 0.138897 0.005)
(0.274091 0.138897 0.005)
(0.296019 0.138897 0.005)
(0.317946 0.138897 0.005)
(0.339873 0.138897 0.005)
(0.361801 0.138897 0.005)
(0.383728 0.138897 0.005)
(0.405655 0.138897 0.005)
(0.427583 0.138897 0.005)
(0.44951 0.138897 0.005)
(0.471437 0.138897 0.005)
(0.493365 0.138897 0.005)
(0.515292 0.138897 0.005)
(0.537219 0.138897 0.005)
(-0.533637 0.148776 0.005)
(-0.511856 0.148776 0.005)
(-0.490075 0.148776 0.005)
(-0.468294 0.148776 0.005)
(-0.446513 0.148776 0.005)
(-0.424732 0.148776 0.005)
(-0.402951 0.148776 0.005)
(-0.38117 0.148776 0.005)
(-0.359389 0.148776 0.005)
(-0.337607 0.148776 0.005)
(-0.315826 0.148776 0.005)
(-0.294045 0.148776 0.005)
(-0.272264 0.148776 0.005)
(-0.250483 0.148776 0.005)
(-0.228702 0.148776 0.005)
(-0.206921 0.148776 0.005)
(-0.18514 0.148776 0.005)
(-0.163358 0.148776 0.005)
(-0.141577 0.148776 0.005)
(-0.119796 0.148776 0.005)
(-0.098015 0.148776 0.005)
(-0.0762339 0.148776 0.005)
(-0.0544528 0.148776 0.005)
(-0.0326717 0.148776 0.005)
(-0.0108906 0.148776 0.005)
(0.0108906 0.148776 0.005)
(0.0326717 0.148776 0.005)
(0.0544528 0.148776 0.005)
(0.0762339 0.148776 0.005)
(0.098015 0.148776 0.005)
(0.119796 0.148776 0.005)
(0.141577 0.148776 0.005)
(0.163358 0.148776 0.005)
(0.18514 0.148776 0.005)
(0.206921 0.148776 0.005)
(0.228702 0.148776 0.005)
(0.250483 0.148776 0.005)
(0.272264 0.148776 0.005)
(0.294045 0.148776 0.005)
(0.315826 0.148776 0.005)
(0.337607 0.148776 0.005)
(0.359389 0.148776 0.005)
(0.38117 0.148776 0.005)
(0.402951 0.148776 0.005)
(0.424732 0.148776 0.005)
(0.446513 0.148776 0.005)
(0.468294 0.148776 0.005)
(0.490075 0.148776 0.005)
(0.511856 0.148776 0.005)
(0.533637 0.148776 0.005)
(-0.529909 0.158599 0.005)
(-0.50828 0.158599 0.005)
(-0.486652 0.158599 0.005)
(-0.465023 0.158599 0.005)
(-0.443394 0.158599 0.005)
(-0.421765 0.158599 0.005)
(-0.400136 0.158599 0.005)
(-0.378507 0.158599 0.005)
(-0.356878 0.158599 0.005)
(-0.335249 0.158599 0.005)
(-0.31362 0.158599 0.005)
(-0.291991 0.158599 0.005)
(-0.270362 0.158599 0.005)
(-0.248733 0.158599 0.005)
(-0.227104 0.158599 0.005)
(-0.205475 0.158599 0.005)
(-0.183846 0.158599 0.005)
(-0.162217 0.158599 0.005)
(-0.140588 0.158599 0.005)
(-0.118959 0.158599 0.005)
(-0.0973303 0.158599 0.005)
(-0.0757013 0.158599 0.005)
(-0.0540724 0.158599 0.005)
(-0.0324434 0.158599 0.005)
(-0.0108145 0.158599 0.005)
(0.0108145 0.158599 0.005)
(0.0324434 0.158599 0.005)
(0.0540724 0.158599 0.005)
(0.0757013 0.158599 0.005)
(0.0973303 0.158599 0.005)
(0.118959 0.158599 0.005)
(0.140588 0.158599 0.005)
(0.162217 0.158599 0.005)
(0.183846 0.158599 0.005)
(0.205475 0.158599 0.005)
(0.227104 0.158599 0.005)
(0.248733 0.158599 0.005)
(0.270362 0.158599 0.005)
(0.291991 0.158599 0.005)
(0.31362 0.158599 0.005)
(0.335249 0.158599 0.005)
(0.356878 0.158599 0.005)
(0.378507 0.158599 0.005)
(0.400136 0.158599 0.005)
(0.421765 0.158599 0.005)
(0.443394 0.158599 0.005)
(0.465023 0.158599 0.005)
(0.486652 0.158599 0.005)
(0.50828 0.158599 0.005)
(0.529909 0.158599 0.005)
(-0.526051 0.168369 0.005)
(-0.504579 0.168369 0.005)
(-0.483108 0.168369 0.005)
(-0.461636 0.168369 0.005)
(-0.440165 0.168369 0.005)
(-0.418693 0.168369 0.005)
(-0.397222 0.168369 0.005)
(-0.37575 0.168369 0.005)
(-0.354279 0.168369 0.005)
(-0.332807 0.168369 0.005)
(-0.311336 0.168369 0.005)
(-0.289865 0.168369 0.005)
(-0.268393 0.168369 0.005)
(-0.246922 0.168369 0.005)
(-0.22545 0.168369 0.005)
(-0.203979 0.168369 0.005)
(-0.182507 0.168369 0.005)
(-0.161036 0.168369 0.005)
(-0.139564 0.168369 0.005)
(-0.118093 0.168369 0.005)
(-0.0966215 0.168369 0.005)
(-0.0751501 0.168369 0.005)
(-0.0536786 0.168369 0.005)
(-0.0322072 0.168369 0.005)
(-0.0107357 0.168369 0.005)
(0.0107357 0.168369 0.005)
(0.0322072 0.168369 0.005)
(0.0536786 0.168369 0.005)
(0.0751501 0.168369 0.005)
(0.0966215 0.168369 0.005)
(0.118093 0.168369 0.005)
(0.139564 0.168369 0.005)
(0.161036 0.168369 0.005)
(0.182507 0.168369 0.005)
(0.203979 0.168369 0.005)
(0.22545 0.168369 0.005)
(0.246922 0.168369 0.005)
(0.268393 0.168369 0.005)
(0.289865 0.168369 0.005)
(0.311336 0.168369 0.005)
(0.332807 0.168369 0.005)
(0.354279 0.168369 0.005)
(0.37575 0.168369 0.005)
(0.397222 0.168369 0.005)
(0.418693 0.168369 0.005)
(0.440165 0.168369 0.005)
(0.461636 0.168369 0.005)
(0.483108 0.168369 0.005)
(0.504579 0.168369 0.005)
(0.526051 0.168369 0.005)
(-0.522076 0.17809 0.005)
(-0.500767 0.17809 0.005)
(-0.479457 0.17809 0.005)
(-0.458148 0.17809 0.005)
(-0.436839 0.17809 0.005)
(-0.41553 0.17809 0.005)
(-0.39422 0.17809 0.005)
(-0.372911 0.17809 0.005)
(-0.351602 0.17809 0.005)
(-0.330293 0.17809 0.005)
(-0.308984 0.17809 0.005)
(-0.287674 0.17809 0.005)
(-0.266365 0.17809 0.005)
(-0.245056 0.17809 0.005)
(-0.223747 0.17809 0.005)
(-0.202438 0.17809 0.005)
(-0.181128 0.17809 0.005)
(-0.159819 0.17809 0.005)
(-0.13851 0.17809 0.005)
(-0.117201 0.17809 0.005)
(-0.0958915 0.17809 0.005)
(-0.0745823 0.17809 0.005)
(-0.053273 0.17809 0.005)
(-0.0319638 0.17809 0.005)
(-0.0106546 0.17809 0.005)
(0.0106546 0.17809 0.005)
(0.0319638 0.17809 0.005)
(0.053273 0.17809 0.005)
(0.0745823 0.17809 0.005)
(0.0958915 0.17809 0.005)
(0.117201 0.17809 0.005)
(0.13851 0.17809 0.005)
(0.159819 0.17809 0.005)
(0.181128 0.17809 0.005)
(0.202438 0.17809 0.005)
(0.223747 0.17809 0.005)
(0.245056 0.17809 0.005)
(0.266365 0.17809 0.005)
(0.287674 0.17809 0.005)
(0.308984 0.17809 0.005)
(0.330293 0.17809 0.005)
(0.351602 0.17809 0.005)
(0.372911 0.17809 0.005)
(0.39422 0.17809 0.005)
(0.41553 0.17809 0.005)
(0.436839 0.17809 0.005)
(0.458148 0.17809 0.005)
(0.479457 0.17809 0.005)
(0.500767 0.17809 0.005)
(0.522076 0.17809 0.005)
(-0.518 0.187769 0.005)
(-0.496857 0.187769 0.005)
(-0.475714 0.187769 0.005)
(-0.454571 0.187769 0.005)
(-0.433428 0.187769 0.005)
(-0.412286 0.187769 0.005)
(-0.391143 0.187769 0.005)
(-0.37 0.187769 0.005)
(-0.348857 0.187769 0.005)
(-0.327714 0.187769 0.005)
(-0.306571 0.187769 0.005)
(-0.285429 0.187769 0.005)
(-0.264286 0.187769 0.005)
(-0.243143 0.187769 0.005)
(-0.222 0.187769 0.005)
(-0.200857 0.187769 0.005)
(-0.179714 0.187769 0.005)
(-0.158571 0.187769 0.005)
(-0.137429 0.187769 0.005)
(-0.116286 0.187769 0.005)
(-0.0951428 0.187769 0.005)
(-0.074 0.187769 0.005)
(-0.0528571 0.187769 0.005)
(-0.0317143 0.187769 0.005)
(-0.0105714 0.187769 0.005)
(0.0105714 0.187769 0.005)
(0.0317143 0.187769 0.005)
(0.0528571 0.187769 0.005)
(0.074 0.187769 0.005)
(0.0951428 0.187769 0.005)
(0.116286 0.187769 0.005)
(0.137429 0.187769 0.005)
(0.158571 0.187769 0.005)
(0.179714 0.187769 0.005)
(0.200857 0.187769 0.005)
(0.222 0.187769 0.005)
(0.243143 0.187769 0.005)
(0.264286 0.187769 0.005)
(0.285429 0.187769 0.005)
(0.306571 0.187769 0.005)
(0.327714 0.187769 0.005)
(0.348857 0.187769 0.005)
(0.37 0.187769 0.005)
(0.391143 0.187769 0.005)
(0.412286 0.187769 0.005)
(0.433428 0.187769 0.005)
(0.454571 0.187769 0.005)
(0.475714 0.187769 0.005)
(0.496857 0.187769 0.005)
(0.518 0.187769 0.005)
(-0.513837 0.197408 0.005)
(-0.492864 0.197408 0.005)
(-0.471891 0.197408 0.005)
(-0.450918 0.197408 0.005)
(-0.429945 0.197408 0.005)
(-0.408973 0.197408 0.005)
(-0.388 0.197408 0.005)
(-0.367027 0.197408 0.005)
(-0.346054 0.197408 0.005)
(-0.325081 0.197408 0.005)
(-0.304108 0.197408 0.005)
(-0.283135 0.197408 0.005)
(-0.262162 0.197408 0.005)
(-0.241189 0.197408 0.005)
(-0.220216 0.197408 0.005)
(-0.199243 0.197408 0.005)
(-0.17827 0.197408 0.005)
(-0.157297 0.197408 0.005)
(-0.136324 0.197408 0.005)
(-0.115351 0.197408 0.005)
(-0.0943783 0.197408 0.005)
(-0.0734053 0.197408 0.005)
(-0.0524324 0.197408 0.005)
(-0.0314594 0.197408 0.005)
(-0.0104865 0.197408 0.005)
(0.0104865 0.197408 0.005)
(0.0314594 0.197408 0.005)
(0.0524324 0.197408 0.005)
(0.0734053 0.197408 0.005)
(0.0943783 0.197408 0.005)
(0.115351 0.197408 0.005)
(0.136324 0.197408 0.005)
(0.157297 0.197408 0.005)
(0.17827 0.197408 0.005)
(0.199243 0.197408 0.005)
(0.220216 0.197408 0.005)
(0.241189 0.197408 0.005)
(0.262162 0.197408 0.005)
(0.283135 0.197408 0.005)
(0.304108 0.197408 0.005)
(0.325081 0.197408 0.005)
(0.346054 0.197408 0.005)
(0.367027 0.197408 0.005)
(0.388 0.197408 0.005)
(0.408973 0.197408 0.005)
(0.429945 0.197408 0.005)
(0.450918 0.197408 0.005)
(0.471891 0.197408 0.005)
(0.492864 0.197408 0.005)
(0.513837 0.197408 0.005)
(-0.509602 0.207015 0.005)
(-0.488802 0.207015 0.005)
(-0.468002 0.207015 0.005)
(-0.447202 0.207015 0.005)
(-0.426402 0.207015 0.005)
(-0.405601 0.207015 0.005)
(-0.384801 0.207015 0.005)
(-0.364001 0.207015 0.005)
(-0.343201 0.207015 0.005)
(-0.322401 0.207015 0.005)
(-0.301601 0.207015 0.005)
(-0.280801 0.207015 0.005)
(-0.260001 0.207015 0.005)
(-0.239201 0.207015 0.005)
(-0.218401 0.207015 0.005)
(-0.197601 0.207015 0.005)
(-0.176801 0.207015 0.005)
(-0.156001 0.207015 0.005)
(-0.1352 0.207015 0.005)
(-0.1144 0.207015 0.005)
(-0.0936003 0.207015 0.005)
(-0.0728003 0.207015 0.005)
(-0.0520002 0.207015 0.005)
(-0.0312001 0.207015 0.005)
(-0.0104 0.207015 0.005)
(0.0104 0.207015 0.005)
(0.0312001 0.207015 0.005)
(0.0520002 0.207015 0.005)
(0.0728003 0.207015 0.005)
(0.0936003 0.207015 0.005)
(0.1144 0.207015 0.005)
(0.1352 0.207015 0.005)
(0.156001 0.207015 0.005)
(0.176801 0.207015 0.005)
(0.197601 0.207015 0.005)
(0.218401 0.207015 0.005)
(0.239201 0.207015 0.005)
(0.260001 0.207015 0.005)
(0.280801 0.207015 0.005)
(0.301601 0.207015 0.005)
(0.322401 0.207015 0.005)
(0.343201 0.207015 0.005)
(0.364001 0.207015 0.005)
(0.384801 0.207015 0.005)
(0.405601 0.207015 0.005)
(0.426402 0.207015 0.005)
(0.447202 0.207015 0.005)
(0.468002 0.207015 0.005)
(0.488802 0.207015 0.005)
(0.509602 0.207015 0.005)
(-0.505307 0.216595 0.005)
(-0.484683 0.216595 0.005)
(-0.464058 0.216595 0.005)
(-0.443433 0.216595 0.005)
(-0.422808 0.216595 0.005)
(-0.402183 0.216595 0.005)
(-0.381559 0.216595 0.005)
(-0.360934 0.216595 0.005)
(-0.340309 0.216595 0.005)
(-0.319684 0.216595 0.005)
(-0.299059 0.216595 0.005)
(-0.278435 0.216595 0.005)
(-0.25781 0.216595 0.005)
(-0.237185 0.216595 0.005)
(-0.21656 0.216595 0.005)
(-0.195935 0.216595 0.005)
(-0.175311 0.216595 0.005)
(-0.154686 0.216595 0.005)
(-0.134061 0.216595 0.005)
(-0.113436 0.216595 0.005)
(-0.0928115 0.216595 0.005)
(-0.0721868 0.216595 0.005)
(-0.051562 0.216595 0.005)
(-0.0309372 0.216595 0.005)
(-0.0103124 0.216595 0.005)
(0.0103124 0.216595 0.005)
(0.0309372 0.216595 0.005)
(0.051562 0.216595 0.005)
(0.0721868 0.216595 0.005)
(0.0928115 0.216595 0.005)
(0.113436 0.216595 0.005)
(0.134061 0.216595 0.005)
(0.154686 0.216595 0.005)
(0.175311 0.216595 0.005)
(0.195935 0.216595 0.005)
(0.21656 0.216595 0.005)
(0.237185 0.216595 0.005)
(0.25781 0.216595 0.005)
(0.278435 0.216595 0.005)
(0.299059 0.216595 0.005)
(0.319684 0.216595 0.005)
(0.340309 0.216595 0.005)
(0.360934 0.216595 0.005)
(0.381559 0.216595 0.005)
(0.402183 0.216595 0.005)
(0.422808 0.216595 0.005)
(0.443433 0.216595 0.005)
(0.464058 0.216595 0.005)
(0.484683 0.216595 0.005)
(0.505307 0.216595 0.005)
(-0.500967 0.226153 0.005)
(-0.480519 0.226153 0.005)
(-0.460072 0.226153 0.005)
(-0.439624 0.226153 0.005)
(-0.419177 0.226153 0.005)
(-0.398729 0.226153 0.005)
(-0.378281 0.226153 0.005)
(-0.357834 0.226153 0.005)
(-0.337386 0.226153 0.005)
(-0.316938 0.226153 0.005)
(-0.296491 0.226153 0.005)
(-0.276043 0.226153 0.005)
(-0.255595 0.226153 0.005)
(-0.235148 0.226153 0.005)
(-0.2147 0.226153 0.005)
(-0.194253 0.226153 0.005)
(-0.173805 0.226153 0.005)
(-0.153357 0.226153 0.005)
(-0.13291 0.226153 0.005)
(-0.112462 0.226153 0.005)
(-0.0920144 0.226153 0.005)
(-0.0715667 0.226153 0.005)
(-0.0511191 0.226153 0.005)
(-0.0306715 0.226153 0.005)
(-0.0102238 0.226153 0.005)
(0.0102238 0.226153 0.005)
(0.0306715 0.226153 0.005)
(0.0511191 0.226153 0.005)
(0.0715667 0.226153 0.005)
(0.0920144 0.226153 0.005)
(0.112462 0.226153 0.005)
(0.13291 0.226153 0.005)
(0.153357 0.226153 0.005)
(0.173805 0.226153 0.005)
(0.194253 0.226153 0.005)
(0.2147 0.226153 0.005)
(0.235148 0.226153 0.005)
(0.255595 0.226153 0.005)
(0.276043 0.226153 0.005)
(0.296491 0.226153 0.005)
(0.316938 0.226153 0.005)
(0.337386 0.226153 0.005)
(0.357834 0.226153 0.005)
(0.378281 0.226153 0.005)
(0.398729 0.226153 0.005)
(0.419177 0.226153 0.005)
(0.439624 0.226153 0.005)
(0.460072 0.226153 0.005)
(0.480519 0.226153 0.005)
(0.500967 0.226153 0.005)
(-0.496595 0.235695 0.005)
(-0.476325 0.235695 0.005)
(-0.456056 0.235695 0.005)
(-0.435787 0.235695 0.005)
(-0.415518 0.235695 0.005)
(-0.395249 0.235695 0.005)
(-0.37498 0.235695 0.005)
(-0.35471 0.235695 0.005)
(-0.334441 0.235695 0.005)
(-0.314172 0.235695 0.005)
(-0.293903 0.235695 0.005)
(-0.273634 0.235695 0.005)
(-0.253365 0.235695 0.005)
(-0.233095 0.235695 0.005)
(-0.212826 0.235695 0.005)
(-0.192557 0.235695 0.005)
(-0.172288 0.235695 0.005)
(-0.152019 0.235695 0.005)
(-0.13175 0.235695 0.005)
(-0.11148 0.235695 0.005)
(-0.0912112 0.235695 0.005)
(-0.0709421 0.235695 0.005)
(-0.0506729 0.235695 0.005)
(-0.0304037 0.235695 0.005)
(-0.0101346 0.235695 0.005)
(0.0101346 0.235695 0.005)
(0.0304037 0.235695 0.005)
(0.0506729 0.235695 0.005)
(0.0709421 0.235695 0.005)
(0.0912112 0.235695 0.005)
(0.11148 0.235695 0.005)
(0.13175 0.235695 0.005)
(0.152019 0.235695 0.005)
(0.172288 0.235695 0.005)
(0.192557 0.235695 0.005)
(0.212826 0.235695 0.005)
(0.233095 0.235695 0.005)
(0.253365 0.235695 0.005)
(0.273634 0.235695 0.005)
(0.293903 0.235695 0.005)
(0.314172 0.235695 0.005)
(0.334441 0.235695 0.005)
(0.35471 0.235695 0.005)
(0.37498 0.235695 0.005)
(0.395249 0.235695 0.005)
(0.415518 0.235695 0.005)
(0.435787 0.235695 0.005)
(0.456056 0.235695 0.005)
(0.476325 0.235695 0.005)
(0.496595 0.235695 0.005)
(-0.492203 0.245228 0.005)
(-0.472113 0.245228 0.005)
(-0.452023 0.245228 0.005)
(-0.431933 0.245228 0.005)
(-0.411843 0.245228 0.005)
(-0.391753 0.245228 0.005)
(-0.371663 0.245228 0.005)
(-0.351573 0.245228 0.005)
(-0.331483 0.245228 0.005)
(-0.311393 0.245228 0.005)
(-0.291304 0.245228 0.005)
(-0.271214 0.245228 0.005)
(-0.251124 0.245228 0.005)
(-0.231034 0.245228 0.005)
(-0.210944 0.245228 0.005)
(-0.190854 0.245228 0.005)
(-0.170764 0.245228 0.005)
(-0.150674 0.245228 0.005)
(-0.130584 0.245228 0.005)
(-0.110494 0.245228 0.005)
(-0.0904045 0.245228 0.005)
(-0.0703146 0.245228 0.005)
(-0.0502247 0.245228 0.005)
(-0.0301348 0.245228 0.005)
(-0.0100449 0.245228 0.005)
(0.0100449 0.245228 0.005)
(0.0301348 0.245228 0.005)
(0.0502247 0.245228 0.005)
(0.0703146 0.245228 0.005)
(0.0904045 0.245228 0.005)
(0.110494 0.245228 0.005)
(0.130584 0.245228 0.005)
(0.150674 0.245228 0.005)
(0.170764 0.245228 0.005)
(0.190854 0.245228 0.005)
(0.210944 0.245228 0.005)
(0.231034 0.245228 0.005)
(0.251124 0.245228 0.005)
(0.271214 0.245228 0.005)
(0.291304 0.245228 0.005)
(0.311393 0.245228 0.005)
(0.331483 0.245228 0.005)
(0.351573 0.245228 0.005)
(0.371663 0.245228 0.005)
(0.391753 0.245228 0.005)
(0.411843 0.245228 0.005)
(0.431933 0.245228 0.005)
(0.452023 0.245228 0.005)
(0.472113 0.245228 0.005)
(0.492203 0.245228 0.005)
)
;

boundaryField
{
    left
    {
        type            calculated;
        value           nonuniform List<vector> 
50
(
(-0.502244 -0.245235 0.005)
(-0.506726 -0.235702 0.005)
(-0.511188 -0.226159 0.005)
(-0.515617 -0.216601 0.005)
(-0.519999 -0.207022 0.005)
(-0.524321 -0.197415 0.005)
(-0.528569 -0.187775 0.005)
(-0.532728 -0.178097 0.005)
(-0.536784 -0.168375 0.005)
(-0.540722 -0.158605 0.005)
(-0.544526 -0.148782 0.005)
(-0.548181 -0.138903 0.005)
(-0.551671 -0.128964 0.005)
(-0.554978 -0.118964 0.005)
(-0.558088 -0.108901 0.005)
(-0.560983 -0.0987748 0.005)
(-0.563647 -0.0885853 0.005)
(-0.566063 -0.0783337 0.005)
(-0.568217 -0.0680228 0.005)
(-0.570095 -0.0576578 0.005)
(-0.571681 -0.0472449 0.005)
(-0.572965 -0.0367909 0.005)
(-0.573938 -0.0263037 0.005)
(-0.57459 -0.0157921 0.005)
(-0.574918 -0.00526572 0.005)
(-0.574918 0.00526572 0.005)
(-0.57459 0.0157921 0.005)
(-0.573938 0.0263037 0.005)
(-0.572965 0.0367909 0.005)
(-0.571681 0.0472449 0.005)
(-0.570095 0.0576578 0.005)
(-0.568217 0.0680228 0.005)
(-0.566063 0.0783337 0.005)
(-0.563647 0.0885853 0.005)
(-0.560983 0.0987748 0.005)
(-0.558088 0.108901 0.005)
(-0.554978 0.118964 0.005)
(-0.551671 0.128964 0.005)
(-0.548181 0.138903 0.005)
(-0.544526 0.148782 0.005)
(-0.540722 0.158605 0.005)
(-0.536784 0.168375 0.005)
(-0.532728 0.178097 0.005)
(-0.528569 0.187775 0.005)
(-0.524321 0.197415 0.005)
(-0.519999 0.207022 0.005)
(-0.515617 0.216601 0.005)
(-0.511188 0.226159 0.005)
(-0.506726 0.235702 0.005)
(-0.502244 0.245235 0.005)
)
;
    }
    right
    {
        type            calculated;
        value           nonuniform List<vector> 
50
(
(0.502244 -0.245235 0.005)
(0.506726 -0.235702 0.005)
(0.511188 -0.226159 0.005)
(0.515617 -0.216601 0.005)
(0.519999 -0.207022 0.005)
(0.524321 -0.197415 0.005)
(0.528569 -0.187775 0.005)
(0.532728 -0.178097 0.005)
(0.536784 -0.168375 0.005)
(0.540722 -0.158605 0.005)
(0.544526 -0.148782 0.005)
(0.548181 -0.138903 0.005)
(0.551671 -0.128964 0.005)
(0.554978 -0.118964 0.005)
(0.558088 -0.108901 0.005)
(0.560983 -0.0987748 0.005)
(0.563647 -0.0885853 0.005)
(0.566063 -0.0783337 0.005)
(0.568217 -0.0680228 0.005)
(0.570095 -0.0576578 0.005)
(0.571681 -0.0472449 0.005)
(0.572965 -0.0367909 0.005)
(0.573938 -0.0263037 0.005)
(0.57459 -0.0157921 0.005)
(0.574918 -0.00526572 0.005)
(0.574918 0.00526572 0.005)
(0.57459 0.0157921 0.005)
(0.573938 0.0263037 0.005)
(0.572965 0.0367909 0.005)
(0.571681 0.0472449 0.005)
(0.570095 0.0576578 0.005)
(0.568217 0.0680228 0.005)
(0.566063 0.0783337 0.005)
(0.563647 0.0885853 0.005)
(0.560983 0.0987748 0.005)
(0.558088 0.108901 0.005)
(0.554978 0.118964 0.005)
(0.551671 0.128964 0.005)
(0.548181 0.138903 0.005)
(0.544526 0.148782 0.005)
(0.540722 0.158605 0.005)
(0.536784 0.168375 0.005)
(0.532728 0.178097 0.005)
(0.528569 0.187775 0.005)
(0.524321 0.197415 0.005)
(0.519999 0.207022 0.005)
(0.515617 0.216601 0.005)
(0.511188 0.226159 0.005)
(0.506726 0.235702 0.005)
(0.502244 0.245235 0.005)
)
;
    }
    up
    {
        type            calculated;
        value           nonuniform List<vector> 
50
(
(-0.49 0.25 0.005)
(-0.47 0.25 0.005)
(-0.45 0.25 0.005)
(-0.43 0.25 0.005)
(-0.41 0.25 0.005)
(-0.39 0.25 0.005)
(-0.37 0.25 0.005)
(-0.35 0.25 0.005)
(-0.33 0.25 0.005)
(-0.31 0.25 0.005)
(-0.29 0.25 0.005)
(-0.27 0.25 0.005)
(-0.25 0.25 0.005)
(-0.23 0.25 0.005)
(-0.21 0.25 0.005)
(-0.19 0.25 0.005)
(-0.17 0.25 0.005)
(-0.15 0.25 0.005)
(-0.13 0.25 0.005)
(-0.11 0.25 0.005)
(-0.09 0.25 0.005)
(-0.07 0.25 0.005)
(-0.05 0.25 0.005)
(-0.03 0.25 0.005)
(-0.01 0.25 0.005)
(0.01 0.25 0.005)
(0.03 0.25 0.005)
(0.05 0.25 0.005)
(0.07 0.25 0.005)
(0.09 0.25 0.005)
(0.11 0.25 0.005)
(0.13 0.25 0.005)
(0.15 0.25 0.005)
(0.17 0.25 0.005)
(0.19 0.25 0.005)
(0.21 0.25 0.005)
(0.23 0.25 0.005)
(0.25 0.25 0.005)
(0.27 0.25 0.005)
(0.29 0.25 0.005)
(0.31 0.25 0.005)
(0.33 0.25 0.005)
(0.35 0.25 0.005)
(0.37 0.25 0.005)
(0.39 0.25 0.005)
(0.41 0.25 0.005)
(0.43 0.25 0.005)
(0.45 0.25 0.005)
(0.47 0.25 0.005)
(0.49 0.25 0.005)
)
;
    }
    down
    {
        type            calculated;
        value           nonuniform List<vector> 
50
(
(-0.49 -0.25 0.005)
(-0.47 -0.25 0.005)
(-0.45 -0.25 0.005)
(-0.43 -0.25 0.005)
(-0.41 -0.25 0.005)
(-0.39 -0.25 0.005)
(-0.37 -0.25 0.005)
(-0.35 -0.25 0.005)
(-0.33 -0.25 0.005)
(-0.31 -0.25 0.005)
(-0.29 -0.25 0.005)
(-0.27 -0.25 0.005)
(-0.25 -0.25 0.005)
(-0.23 -0.25 0.005)
(-0.21 -0.25 0.005)
(-0.19 -0.25 0.005)
(-0.17 -0.25 0.005)
(-0.15 -0.25 0.005)
(-0.13 -0.25 0.005)
(-0.11 -0.25 0.005)
(-0.09 -0.25 0.005)
(-0.07 -0.25 0.005)
(-0.05 -0.25 0.005)
(-0.03 -0.25 0.005)
(-0.01 -0.25 0.005)
(0.01 -0.25 0.005)
(0.03 -0.25 0.005)
(0.05 -0.25 0.005)
(0.07 -0.25 0.005)
(0.09 -0.25 0.005)
(0.11 -0.25 0.005)
(0.13 -0.25 0.005)
(0.15 -0.25 0.005)
(0.17 -0.25 0.005)
(0.19 -0.25 0.005)
(0.21 -0.25 0.005)
(0.23 -0.25 0.005)
(0.25 -0.25 0.005)
(0.27 -0.25 0.005)
(0.29 -0.25 0.005)
(0.31 -0.25 0.005)
(0.33 -0.25 0.005)
(0.35 -0.25 0.005)
(0.37 -0.25 0.005)
(0.39 -0.25 0.005)
(0.41 -0.25 0.005)
(0.43 -0.25 0.005)
(0.45 -0.25 0.005)
(0.47 -0.25 0.005)
(0.49 -0.25 0.005)
)
;
    }
    frontAndBack
    {
        type            empty;
    }
}


// ************************************************************************* //
