/*--------------------------------*- C++ -*----------------------------------*\
  =========                 |
  \\      /  F ield         | OpenFOAM: The Open Source CFD Toolbox
   \\    /   O peration     | Website:  https://openfoam.org
    \\  /    A nd           | Version:  6
     \\/     M anipulation  |
\*---------------------------------------------------------------------------*/
FoamFile
{
    version     2.0;
    format      ascii;
    class       volScalarField;
    location    "0";
    object      Cy;
}
// * * * * * * * * * * * * * * * * * * * * * * * * * * * * * * * * * * * * * //

dimensions      [0 1 0 0 0 0 0];

internalField   nonuniform List<scalar> 
2500
(
-0.245228
-0.245228
-0.245228
-0.245228
-0.245228
-0.245228
-0.245228
-0.245228
-0.245228
-0.245228
-0.245228
-0.245228
-0.245228
-0.245228
-0.245228
-0.245228
-0.245228
-0.245228
-0.245228
-0.245228
-0.245228
-0.245228
-0.245228
-0.245228
-0.245228
-0.245228
-0.245228
-0.245228
-0.245228
-0.245228
-0.245228
-0.245228
-0.245228
-0.245228
-0.245228
-0.245228
-0.245228
-0.245228
-0.245228
-0.245228
-0.245228
-0.245228
-0.245228
-0.245228
-0.245228
-0.245228
-0.245228
-0.245228
-0.245228
-0.245228
-0.235695
-0.235695
-0.235695
-0.235695
-0.235695
-0.235695
-0.235695
-0.235695
-0.235695
-0.235695
-0.235695
-0.235695
-0.235695
-0.235695
-0.235695
-0.235695
-0.235695
-0.235695
-0.235695
-0.235695
-0.235695
-0.235695
-0.235695
-0.235695
-0.235695
-0.235695
-0.235695
-0.235695
-0.235695
-0.235695
-0.235695
-0.235695
-0.235695
-0.235695
-0.235695
-0.235695
-0.235695
-0.235695
-0.235695
-0.235695
-0.235695
-0.235695
-0.235695
-0.235695
-0.235695
-0.235695
-0.235695
-0.235695
-0.235695
-0.235695
-0.226153
-0.226153
-0.226153
-0.226153
-0.226153
-0.226153
-0.226153
-0.226153
-0.226153
-0.226153
-0.226153
-0.226153
-0.226153
-0.226153
-0.226153
-0.226153
-0.226153
-0.226153
-0.226153
-0.226153
-0.226153
-0.226153
-0.226153
-0.226153
-0.226153
-0.226153
-0.226153
-0.226153
-0.226153
-0.226153
-0.226153
-0.226153
-0.226153
-0.226153
-0.226153
-0.226153
-0.226153
-0.226153
-0.226153
-0.226153
-0.226153
-0.226153
-0.226153
-0.226153
-0.226153
-0.226153
-0.226153
-0.226153
-0.226153
-0.226153
-0.216595
-0.216595
-0.216595
-0.216595
-0.216595
-0.216595
-0.216595
-0.216595
-0.216595
-0.216595
-0.216595
-0.216595
-0.216595
-0.216595
-0.216595
-0.216595
-0.216595
-0.216595
-0.216595
-0.216595
-0.216595
-0.216595
-0.216595
-0.216595
-0.216595
-0.216595
-0.216595
-0.216595
-0.216595
-0.216595
-0.216595
-0.216595
-0.216595
-0.216595
-0.216595
-0.216595
-0.216595
-0.216595
-0.216595
-0.216595
-0.216595
-0.216595
-0.216595
-0.216595
-0.216595
-0.216595
-0.216595
-0.216595
-0.216595
-0.216595
-0.207015
-0.207015
-0.207015
-0.207015
-0.207015
-0.207015
-0.207015
-0.207015
-0.207015
-0.207015
-0.207015
-0.207015
-0.207015
-0.207015
-0.207015
-0.207015
-0.207015
-0.207015
-0.207015
-0.207015
-0.207015
-0.207015
-0.207015
-0.207015
-0.207015
-0.207015
-0.207015
-0.207015
-0.207015
-0.207015
-0.207015
-0.207015
-0.207015
-0.207015
-0.207015
-0.207015
-0.207015
-0.207015
-0.207015
-0.207015
-0.207015
-0.207015
-0.207015
-0.207015
-0.207015
-0.207015
-0.207015
-0.207015
-0.207015
-0.207015
-0.197408
-0.197408
-0.197408
-0.197408
-0.197408
-0.197408
-0.197408
-0.197408
-0.197408
-0.197408
-0.197408
-0.197408
-0.197408
-0.197408
-0.197408
-0.197408
-0.197408
-0.197408
-0.197408
-0.197408
-0.197408
-0.197408
-0.197408
-0.197408
-0.197408
-0.197408
-0.197408
-0.197408
-0.197408
-0.197408
-0.197408
-0.197408
-0.197408
-0.197408
-0.197408
-0.197408
-0.197408
-0.197408
-0.197408
-0.197408
-0.197408
-0.197408
-0.197408
-0.197408
-0.197408
-0.197408
-0.197408
-0.197408
-0.197408
-0.197408
-0.187769
-0.187769
-0.187769
-0.187769
-0.187769
-0.187769
-0.187769
-0.187769
-0.187769
-0.187769
-0.187769
-0.187769
-0.187769
-0.187769
-0.187769
-0.187769
-0.187769
-0.187769
-0.187769
-0.187769
-0.187769
-0.187769
-0.187769
-0.187769
-0.187769
-0.187769
-0.187769
-0.187769
-0.187769
-0.187769
-0.187769
-0.187769
-0.187769
-0.187769
-0.187769
-0.187769
-0.187769
-0.187769
-0.187769
-0.187769
-0.187769
-0.187769
-0.187769
-0.187769
-0.187769
-0.187769
-0.187769
-0.187769
-0.187769
-0.187769
-0.17809
-0.17809
-0.17809
-0.17809
-0.17809
-0.17809
-0.17809
-0.17809
-0.17809
-0.17809
-0.17809
-0.17809
-0.17809
-0.17809
-0.17809
-0.17809
-0.17809
-0.17809
-0.17809
-0.17809
-0.17809
-0.17809
-0.17809
-0.17809
-0.17809
-0.17809
-0.17809
-0.17809
-0.17809
-0.17809
-0.17809
-0.17809
-0.17809
-0.17809
-0.17809
-0.17809
-0.17809
-0.17809
-0.17809
-0.17809
-0.17809
-0.17809
-0.17809
-0.17809
-0.17809
-0.17809
-0.17809
-0.17809
-0.17809
-0.17809
-0.168369
-0.168369
-0.168369
-0.168369
-0.168369
-0.168369
-0.168369
-0.168369
-0.168369
-0.168369
-0.168369
-0.168369
-0.168369
-0.168369
-0.168369
-0.168369
-0.168369
-0.168369
-0.168369
-0.168369
-0.168369
-0.168369
-0.168369
-0.168369
-0.168369
-0.168369
-0.168369
-0.168369
-0.168369
-0.168369
-0.168369
-0.168369
-0.168369
-0.168369
-0.168369
-0.168369
-0.168369
-0.168369
-0.168369
-0.168369
-0.168369
-0.168369
-0.168369
-0.168369
-0.168369
-0.168369
-0.168369
-0.168369
-0.168369
-0.168369
-0.158599
-0.158599
-0.158599
-0.158599
-0.158599
-0.158599
-0.158599
-0.158599
-0.158599
-0.158599
-0.158599
-0.158599
-0.158599
-0.158599
-0.158599
-0.158599
-0.158599
-0.158599
-0.158599
-0.158599
-0.158599
-0.158599
-0.158599
-0.158599
-0.158599
-0.158599
-0.158599
-0.158599
-0.158599
-0.158599
-0.158599
-0.158599
-0.158599
-0.158599
-0.158599
-0.158599
-0.158599
-0.158599
-0.158599
-0.158599
-0.158599
-0.158599
-0.158599
-0.158599
-0.158599
-0.158599
-0.158599
-0.158599
-0.158599
-0.158599
-0.148776
-0.148776
-0.148776
-0.148776
-0.148776
-0.148776
-0.148776
-0.148776
-0.148776
-0.148776
-0.148776
-0.148776
-0.148776
-0.148776
-0.148776
-0.148776
-0.148776
-0.148776
-0.148776
-0.148776
-0.148776
-0.148776
-0.148776
-0.148776
-0.148776
-0.148776
-0.148776
-0.148776
-0.148776
-0.148776
-0.148776
-0.148776
-0.148776
-0.148776
-0.148776
-0.148776
-0.148776
-0.148776
-0.148776
-0.148776
-0.148776
-0.148776
-0.148776
-0.148776
-0.148776
-0.148776
-0.148776
-0.148776
-0.148776
-0.148776
-0.138897
-0.138897
-0.138897
-0.138897
-0.138897
-0.138897
-0.138897
-0.138897
-0.138897
-0.138897
-0.138897
-0.138897
-0.138897
-0.138897
-0.138897
-0.138897
-0.138897
-0.138897
-0.138897
-0.138897
-0.138897
-0.138897
-0.138897
-0.138897
-0.138897
-0.138897
-0.138897
-0.138897
-0.138897
-0.138897
-0.138897
-0.138897
-0.138897
-0.138897
-0.138897
-0.138897
-0.138897
-0.138897
-0.138897
-0.138897
-0.138897
-0.138897
-0.138897
-0.138897
-0.138897
-0.138897
-0.138897
-0.138897
-0.138897
-0.138897
-0.128959
-0.128959
-0.128959
-0.128959
-0.128959
-0.128959
-0.128959
-0.128959
-0.128959
-0.128959
-0.128959
-0.128959
-0.128959
-0.128959
-0.128959
-0.128959
-0.128959
-0.128959
-0.128959
-0.128959
-0.128959
-0.128959
-0.128959
-0.128959
-0.128959
-0.128959
-0.128959
-0.128959
-0.128959
-0.128959
-0.128959
-0.128959
-0.128959
-0.128959
-0.128959
-0.128959
-0.128959
-0.128959
-0.128959
-0.128959
-0.128959
-0.128959
-0.128959
-0.128959
-0.128959
-0.128959
-0.128959
-0.128959
-0.128959
-0.128959
-0.11896
-0.11896
-0.11896
-0.11896
-0.11896
-0.11896
-0.11896
-0.11896
-0.11896
-0.11896
-0.11896
-0.11896
-0.11896
-0.11896
-0.11896
-0.11896
-0.11896
-0.11896
-0.11896
-0.11896
-0.11896
-0.11896
-0.11896
-0.11896
-0.11896
-0.11896
-0.11896
-0.11896
-0.11896
-0.11896
-0.11896
-0.11896
-0.11896
-0.11896
-0.11896
-0.11896
-0.11896
-0.11896
-0.11896
-0.11896
-0.11896
-0.11896
-0.11896
-0.11896
-0.11896
-0.11896
-0.11896
-0.11896
-0.11896
-0.11896
-0.108897
-0.108897
-0.108897
-0.108897
-0.108897
-0.108897
-0.108897
-0.108897
-0.108897
-0.108897
-0.108897
-0.108897
-0.108897
-0.108897
-0.108897
-0.108897
-0.108897
-0.108897
-0.108897
-0.108897
-0.108897
-0.108897
-0.108897
-0.108897
-0.108897
-0.108897
-0.108897
-0.108897
-0.108897
-0.108897
-0.108897
-0.108897
-0.108897
-0.108897
-0.108897
-0.108897
-0.108897
-0.108897
-0.108897
-0.108897
-0.108897
-0.108897
-0.108897
-0.108897
-0.108897
-0.108897
-0.108897
-0.108897
-0.108897
-0.108897
-0.0987706
-0.0987706
-0.0987706
-0.0987706
-0.0987706
-0.0987706
-0.0987706
-0.0987706
-0.0987706
-0.0987706
-0.0987706
-0.0987706
-0.0987706
-0.0987706
-0.0987706
-0.0987706
-0.0987706
-0.0987706
-0.0987706
-0.0987706
-0.0987706
-0.0987706
-0.0987706
-0.0987706
-0.0987706
-0.0987706
-0.0987706
-0.0987706
-0.0987706
-0.0987706
-0.0987706
-0.0987706
-0.0987706
-0.0987706
-0.0987706
-0.0987706
-0.0987706
-0.0987706
-0.0987706
-0.0987706
-0.0987706
-0.0987706
-0.0987706
-0.0987706
-0.0987706
-0.0987706
-0.0987706
-0.0987706
-0.0987706
-0.0987706
-0.0885814
-0.0885814
-0.0885814
-0.0885814
-0.0885814
-0.0885814
-0.0885814
-0.0885814
-0.0885814
-0.0885814
-0.0885814
-0.0885814
-0.0885814
-0.0885814
-0.0885814
-0.0885814
-0.0885814
-0.0885814
-0.0885814
-0.0885814
-0.0885814
-0.0885814
-0.0885814
-0.0885814
-0.0885814
-0.0885814
-0.0885814
-0.0885814
-0.0885814
-0.0885814
-0.0885814
-0.0885814
-0.0885814
-0.0885814
-0.0885814
-0.0885814
-0.0885814
-0.0885814
-0.0885814
-0.0885814
-0.0885814
-0.0885814
-0.0885814
-0.0885814
-0.0885814
-0.0885814
-0.0885814
-0.0885814
-0.0885814
-0.0885814
-0.0783303
-0.0783303
-0.0783303
-0.0783303
-0.0783303
-0.0783303
-0.0783303
-0.0783303
-0.0783303
-0.0783303
-0.0783303
-0.0783303
-0.0783303
-0.0783303
-0.0783303
-0.0783303
-0.0783303
-0.0783303
-0.0783303
-0.0783303
-0.0783303
-0.0783303
-0.0783303
-0.0783303
-0.0783303
-0.0783303
-0.0783303
-0.0783303
-0.0783303
-0.0783303
-0.0783303
-0.0783303
-0.0783303
-0.0783303
-0.0783303
-0.0783303
-0.0783303
-0.0783303
-0.0783303
-0.0783303
-0.0783303
-0.0783303
-0.0783303
-0.0783303
-0.0783303
-0.0783303
-0.0783303
-0.0783303
-0.0783303
-0.0783303
-0.0680197
-0.0680197
-0.0680197
-0.0680197
-0.0680197
-0.0680197
-0.0680197
-0.0680197
-0.0680197
-0.0680197
-0.0680197
-0.0680197
-0.0680197
-0.0680197
-0.0680197
-0.0680197
-0.0680197
-0.0680197
-0.0680197
-0.0680197
-0.0680197
-0.0680197
-0.0680197
-0.0680197
-0.0680197
-0.0680197
-0.0680197
-0.0680197
-0.0680197
-0.0680197
-0.0680197
-0.0680197
-0.0680197
-0.0680197
-0.0680197
-0.0680197
-0.0680197
-0.0680197
-0.0680197
-0.0680197
-0.0680197
-0.0680197
-0.0680197
-0.0680197
-0.0680197
-0.0680197
-0.0680197
-0.0680197
-0.0680197
-0.0680197
-0.0576552
-0.0576552
-0.0576552
-0.0576552
-0.0576552
-0.0576552
-0.0576552
-0.0576552
-0.0576552
-0.0576552
-0.0576552
-0.0576552
-0.0576552
-0.0576552
-0.0576552
-0.0576552
-0.0576552
-0.0576552
-0.0576552
-0.0576552
-0.0576552
-0.0576552
-0.0576552
-0.0576552
-0.0576552
-0.0576552
-0.0576552
-0.0576552
-0.0576552
-0.0576552
-0.0576552
-0.0576552
-0.0576552
-0.0576552
-0.0576552
-0.0576552
-0.0576552
-0.0576552
-0.0576552
-0.0576552
-0.0576552
-0.0576552
-0.0576552
-0.0576552
-0.0576552
-0.0576552
-0.0576552
-0.0576552
-0.0576552
-0.0576552
-0.0472427
-0.0472427
-0.0472427
-0.0472427
-0.0472427
-0.0472427
-0.0472427
-0.0472427
-0.0472427
-0.0472427
-0.0472427
-0.0472427
-0.0472427
-0.0472427
-0.0472427
-0.0472427
-0.0472427
-0.0472427
-0.0472427
-0.0472427
-0.0472427
-0.0472427
-0.0472427
-0.0472427
-0.0472427
-0.0472427
-0.0472427
-0.0472427
-0.0472427
-0.0472427
-0.0472427
-0.0472427
-0.0472427
-0.0472427
-0.0472427
-0.0472427
-0.0472427
-0.0472427
-0.0472427
-0.0472427
-0.0472427
-0.0472427
-0.0472427
-0.0472427
-0.0472427
-0.0472427
-0.0472427
-0.0472427
-0.0472427
-0.0472427
-0.0367891
-0.0367891
-0.0367891
-0.0367891
-0.0367891
-0.0367891
-0.0367891
-0.0367891
-0.0367891
-0.0367891
-0.0367891
-0.0367891
-0.0367891
-0.0367891
-0.0367891
-0.0367891
-0.0367891
-0.0367891
-0.0367891
-0.0367891
-0.0367891
-0.0367891
-0.0367891
-0.0367891
-0.0367891
-0.0367891
-0.0367891
-0.0367891
-0.0367891
-0.0367891
-0.0367891
-0.0367891
-0.0367891
-0.0367891
-0.0367891
-0.0367891
-0.0367891
-0.0367891
-0.0367891
-0.0367891
-0.0367891
-0.0367891
-0.0367891
-0.0367891
-0.0367891
-0.0367891
-0.0367891
-0.0367891
-0.0367891
-0.0367891
-0.0263024
-0.0263024
-0.0263024
-0.0263024
-0.0263024
-0.0263024
-0.0263024
-0.0263024
-0.0263024
-0.0263024
-0.0263024
-0.0263024
-0.0263024
-0.0263024
-0.0263024
-0.0263024
-0.0263024
-0.0263024
-0.0263024
-0.0263024
-0.0263024
-0.0263024
-0.0263024
-0.0263024
-0.0263024
-0.0263024
-0.0263024
-0.0263024
-0.0263024
-0.0263024
-0.0263024
-0.0263024
-0.0263024
-0.0263024
-0.0263024
-0.0263024
-0.0263024
-0.0263024
-0.0263024
-0.0263024
-0.0263024
-0.0263024
-0.0263024
-0.0263024
-0.0263024
-0.0263024
-0.0263024
-0.0263024
-0.0263024
-0.0263024
-0.0157914
-0.0157914
-0.0157914
-0.0157914
-0.0157914
-0.0157914
-0.0157914
-0.0157914
-0.0157914
-0.0157914
-0.0157914
-0.0157914
-0.0157914
-0.0157914
-0.0157914
-0.0157914
-0.0157914
-0.0157914
-0.0157914
-0.0157914
-0.0157914
-0.0157914
-0.0157914
-0.0157914
-0.0157914
-0.0157914
-0.0157914
-0.0157914
-0.0157914
-0.0157914
-0.0157914
-0.0157914
-0.0157914
-0.0157914
-0.0157914
-0.0157914
-0.0157914
-0.0157914
-0.0157914
-0.0157914
-0.0157914
-0.0157914
-0.0157914
-0.0157914
-0.0157914
-0.0157914
-0.0157914
-0.0157914
-0.0157914
-0.0157914
-0.00526546
-0.00526546
-0.00526546
-0.00526546
-0.00526546
-0.00526546
-0.00526546
-0.00526546
-0.00526546
-0.00526546
-0.00526546
-0.00526546
-0.00526546
-0.00526546
-0.00526546
-0.00526546
-0.00526546
-0.00526546
-0.00526546
-0.00526546
-0.00526546
-0.00526546
-0.00526546
-0.00526546
-0.00526546
-0.00526546
-0.00526546
-0.00526546
-0.00526546
-0.00526546
-0.00526546
-0.00526546
-0.00526546
-0.00526546
-0.00526546
-0.00526546
-0.00526546
-0.00526546
-0.00526546
-0.00526546
-0.00526546
-0.00526546
-0.00526546
-0.00526546
-0.00526546
-0.00526546
-0.00526546
-0.00526546
-0.00526546
-0.00526546
0.00526546
0.00526546
0.00526546
0.00526546
0.00526546
0.00526546
0.00526546
0.00526546
0.00526546
0.00526546
0.00526546
0.00526546
0.00526546
0.00526546
0.00526546
0.00526546
0.00526546
0.00526546
0.00526546
0.00526546
0.00526546
0.00526546
0.00526546
0.00526546
0.00526546
0.00526546
0.00526546
0.00526546
0.00526546
0.00526546
0.00526546
0.00526546
0.00526546
0.00526546
0.00526546
0.00526546
0.00526546
0.00526546
0.00526546
0.00526546
0.00526546
0.00526546
0.00526546
0.00526546
0.00526546
0.00526546
0.00526546
0.00526546
0.00526546
0.00526546
0.0157914
0.0157914
0.0157914
0.0157914
0.0157914
0.0157914
0.0157914
0.0157914
0.0157914
0.0157914
0.0157914
0.0157914
0.0157914
0.0157914
0.0157914
0.0157914
0.0157914
0.0157914
0.0157914
0.0157914
0.0157914
0.0157914
0.0157914
0.0157914
0.0157914
0.0157914
0.0157914
0.0157914
0.0157914
0.0157914
0.0157914
0.0157914
0.0157914
0.0157914
0.0157914
0.0157914
0.0157914
0.0157914
0.0157914
0.0157914
0.0157914
0.0157914
0.0157914
0.0157914
0.0157914
0.0157914
0.0157914
0.0157914
0.0157914
0.0157914
0.0263024
0.0263024
0.0263024
0.0263024
0.0263024
0.0263024
0.0263024
0.0263024
0.0263024
0.0263024
0.0263024
0.0263024
0.0263024
0.0263024
0.0263024
0.0263024
0.0263024
0.0263024
0.0263024
0.0263024
0.0263024
0.0263024
0.0263024
0.0263024
0.0263024
0.0263024
0.0263024
0.0263024
0.0263024
0.0263024
0.0263024
0.0263024
0.0263024
0.0263024
0.0263024
0.0263024
0.0263024
0.0263024
0.0263024
0.0263024
0.0263024
0.0263024
0.0263024
0.0263024
0.0263024
0.0263024
0.0263024
0.0263024
0.0263024
0.0263024
0.0367891
0.0367891
0.0367891
0.0367891
0.0367891
0.0367891
0.0367891
0.0367891
0.0367891
0.0367891
0.0367891
0.0367891
0.0367891
0.0367891
0.0367891
0.0367891
0.0367891
0.0367891
0.0367891
0.0367891
0.0367891
0.0367891
0.0367891
0.0367891
0.0367891
0.0367891
0.0367891
0.0367891
0.0367891
0.0367891
0.0367891
0.0367891
0.0367891
0.0367891
0.0367891
0.0367891
0.0367891
0.0367891
0.0367891
0.0367891
0.0367891
0.0367891
0.0367891
0.0367891
0.0367891
0.0367891
0.0367891
0.0367891
0.0367891
0.0367891
0.0472427
0.0472427
0.0472427
0.0472427
0.0472427
0.0472427
0.0472427
0.0472427
0.0472427
0.0472427
0.0472427
0.0472427
0.0472427
0.0472427
0.0472427
0.0472427
0.0472427
0.0472427
0.0472427
0.0472427
0.0472427
0.0472427
0.0472427
0.0472427
0.0472427
0.0472427
0.0472427
0.0472427
0.0472427
0.0472427
0.0472427
0.0472427
0.0472427
0.0472427
0.0472427
0.0472427
0.0472427
0.0472427
0.0472427
0.0472427
0.0472427
0.0472427
0.0472427
0.0472427
0.0472427
0.0472427
0.0472427
0.0472427
0.0472427
0.0472427
0.0576552
0.0576552
0.0576552
0.0576552
0.0576552
0.0576552
0.0576552
0.0576552
0.0576552
0.0576552
0.0576552
0.0576552
0.0576552
0.0576552
0.0576552
0.0576552
0.0576552
0.0576552
0.0576552
0.0576552
0.0576552
0.0576552
0.0576552
0.0576552
0.0576552
0.0576552
0.0576552
0.0576552
0.0576552
0.0576552
0.0576552
0.0576552
0.0576552
0.0576552
0.0576552
0.0576552
0.0576552
0.0576552
0.0576552
0.0576552
0.0576552
0.0576552
0.0576552
0.0576552
0.0576552
0.0576552
0.0576552
0.0576552
0.0576552
0.0576552
0.0680197
0.0680197
0.0680197
0.0680197
0.0680197
0.0680197
0.0680197
0.0680197
0.0680197
0.0680197
0.0680197
0.0680197
0.0680197
0.0680197
0.0680197
0.0680197
0.0680197
0.0680197
0.0680197
0.0680197
0.0680197
0.0680197
0.0680197
0.0680197
0.0680197
0.0680197
0.0680197
0.0680197
0.0680197
0.0680197
0.0680197
0.0680197
0.0680197
0.0680197
0.0680197
0.0680197
0.0680197
0.0680197
0.0680197
0.0680197
0.0680197
0.0680197
0.0680197
0.0680197
0.0680197
0.0680197
0.0680197
0.0680197
0.0680197
0.0680197
0.0783303
0.0783303
0.0783303
0.0783303
0.0783303
0.0783303
0.0783303
0.0783303
0.0783303
0.0783303
0.0783303
0.0783303
0.0783303
0.0783303
0.0783303
0.0783303
0.0783303
0.0783303
0.0783303
0.0783303
0.0783303
0.0783303
0.0783303
0.0783303
0.0783303
0.0783303
0.0783303
0.0783303
0.0783303
0.0783303
0.0783303
0.0783303
0.0783303
0.0783303
0.0783303
0.0783303
0.0783303
0.0783303
0.0783303
0.0783303
0.0783303
0.0783303
0.0783303
0.0783303
0.0783303
0.0783303
0.0783303
0.0783303
0.0783303
0.0783303
0.0885814
0.0885814
0.0885814
0.0885814
0.0885814
0.0885814
0.0885814
0.0885814
0.0885814
0.0885814
0.0885814
0.0885814
0.0885814
0.0885814
0.0885814
0.0885814
0.0885814
0.0885814
0.0885814
0.0885814
0.0885814
0.0885814
0.0885814
0.0885814
0.0885814
0.0885814
0.0885814
0.0885814
0.0885814
0.0885814
0.0885814
0.0885814
0.0885814
0.0885814
0.0885814
0.0885814
0.0885814
0.0885814
0.0885814
0.0885814
0.0885814
0.0885814
0.0885814
0.0885814
0.0885814
0.0885814
0.0885814
0.0885814
0.0885814
0.0885814
0.0987706
0.0987706
0.0987706
0.0987706
0.0987706
0.0987706
0.0987706
0.0987706
0.0987706
0.0987706
0.0987706
0.0987706
0.0987706
0.0987706
0.0987706
0.0987706
0.0987706
0.0987706
0.0987706
0.0987706
0.0987706
0.0987706
0.0987706
0.0987706
0.0987706
0.0987706
0.0987706
0.0987706
0.0987706
0.0987706
0.0987706
0.0987706
0.0987706
0.0987706
0.0987706
0.0987706
0.0987706
0.0987706
0.0987706
0.0987706
0.0987706
0.0987706
0.0987706
0.0987706
0.0987706
0.0987706
0.0987706
0.0987706
0.0987706
0.0987706
0.108897
0.108897
0.108897
0.108897
0.108897
0.108897
0.108897
0.108897
0.108897
0.108897
0.108897
0.108897
0.108897
0.108897
0.108897
0.108897
0.108897
0.108897
0.108897
0.108897
0.108897
0.108897
0.108897
0.108897
0.108897
0.108897
0.108897
0.108897
0.108897
0.108897
0.108897
0.108897
0.108897
0.108897
0.108897
0.108897
0.108897
0.108897
0.108897
0.108897
0.108897
0.108897
0.108897
0.108897
0.108897
0.108897
0.108897
0.108897
0.108897
0.108897
0.11896
0.11896
0.11896
0.11896
0.11896
0.11896
0.11896
0.11896
0.11896
0.11896
0.11896
0.11896
0.11896
0.11896
0.11896
0.11896
0.11896
0.11896
0.11896
0.11896
0.11896
0.11896
0.11896
0.11896
0.11896
0.11896
0.11896
0.11896
0.11896
0.11896
0.11896
0.11896
0.11896
0.11896
0.11896
0.11896
0.11896
0.11896
0.11896
0.11896
0.11896
0.11896
0.11896
0.11896
0.11896
0.11896
0.11896
0.11896
0.11896
0.11896
0.128959
0.128959
0.128959
0.128959
0.128959
0.128959
0.128959
0.128959
0.128959
0.128959
0.128959
0.128959
0.128959
0.128959
0.128959
0.128959
0.128959
0.128959
0.128959
0.128959
0.128959
0.128959
0.128959
0.128959
0.128959
0.128959
0.128959
0.128959
0.128959
0.128959
0.128959
0.128959
0.128959
0.128959
0.128959
0.128959
0.128959
0.128959
0.128959
0.128959
0.128959
0.128959
0.128959
0.128959
0.128959
0.128959
0.128959
0.128959
0.128959
0.128959
0.138897
0.138897
0.138897
0.138897
0.138897
0.138897
0.138897
0.138897
0.138897
0.138897
0.138897
0.138897
0.138897
0.138897
0.138897
0.138897
0.138897
0.138897
0.138897
0.138897
0.138897
0.138897
0.138897
0.138897
0.138897
0.138897
0.138897
0.138897
0.138897
0.138897
0.138897
0.138897
0.138897
0.138897
0.138897
0.138897
0.138897
0.138897
0.138897
0.138897
0.138897
0.138897
0.138897
0.138897
0.138897
0.138897
0.138897
0.138897
0.138897
0.138897
0.148776
0.148776
0.148776
0.148776
0.148776
0.148776
0.148776
0.148776
0.148776
0.148776
0.148776
0.148776
0.148776
0.148776
0.148776
0.148776
0.148776
0.148776
0.148776
0.148776
0.148776
0.148776
0.148776
0.148776
0.148776
0.148776
0.148776
0.148776
0.148776
0.148776
0.148776
0.148776
0.148776
0.148776
0.148776
0.148776
0.148776
0.148776
0.148776
0.148776
0.148776
0.148776
0.148776
0.148776
0.148776
0.148776
0.148776
0.148776
0.148776
0.148776
0.158599
0.158599
0.158599
0.158599
0.158599
0.158599
0.158599
0.158599
0.158599
0.158599
0.158599
0.158599
0.158599
0.158599
0.158599
0.158599
0.158599
0.158599
0.158599
0.158599
0.158599
0.158599
0.158599
0.158599
0.158599
0.158599
0.158599
0.158599
0.158599
0.158599
0.158599
0.158599
0.158599
0.158599
0.158599
0.158599
0.158599
0.158599
0.158599
0.158599
0.158599
0.158599
0.158599
0.158599
0.158599
0.158599
0.158599
0.158599
0.158599
0.158599
0.168369
0.168369
0.168369
0.168369
0.168369
0.168369
0.168369
0.168369
0.168369
0.168369
0.168369
0.168369
0.168369
0.168369
0.168369
0.168369
0.168369
0.168369
0.168369
0.168369
0.168369
0.168369
0.168369
0.168369
0.168369
0.168369
0.168369
0.168369
0.168369
0.168369
0.168369
0.168369
0.168369
0.168369
0.168369
0.168369
0.168369
0.168369
0.168369
0.168369
0.168369
0.168369
0.168369
0.168369
0.168369
0.168369
0.168369
0.168369
0.168369
0.168369
0.17809
0.17809
0.17809
0.17809
0.17809
0.17809
0.17809
0.17809
0.17809
0.17809
0.17809
0.17809
0.17809
0.17809
0.17809
0.17809
0.17809
0.17809
0.17809
0.17809
0.17809
0.17809
0.17809
0.17809
0.17809
0.17809
0.17809
0.17809
0.17809
0.17809
0.17809
0.17809
0.17809
0.17809
0.17809
0.17809
0.17809
0.17809
0.17809
0.17809
0.17809
0.17809
0.17809
0.17809
0.17809
0.17809
0.17809
0.17809
0.17809
0.17809
0.187769
0.187769
0.187769
0.187769
0.187769
0.187769
0.187769
0.187769
0.187769
0.187769
0.187769
0.187769
0.187769
0.187769
0.187769
0.187769
0.187769
0.187769
0.187769
0.187769
0.187769
0.187769
0.187769
0.187769
0.187769
0.187769
0.187769
0.187769
0.187769
0.187769
0.187769
0.187769
0.187769
0.187769
0.187769
0.187769
0.187769
0.187769
0.187769
0.187769
0.187769
0.187769
0.187769
0.187769
0.187769
0.187769
0.187769
0.187769
0.187769
0.187769
0.197408
0.197408
0.197408
0.197408
0.197408
0.197408
0.197408
0.197408
0.197408
0.197408
0.197408
0.197408
0.197408
0.197408
0.197408
0.197408
0.197408
0.197408
0.197408
0.197408
0.197408
0.197408
0.197408
0.197408
0.197408
0.197408
0.197408
0.197408
0.197408
0.197408
0.197408
0.197408
0.197408
0.197408
0.197408
0.197408
0.197408
0.197408
0.197408
0.197408
0.197408
0.197408
0.197408
0.197408
0.197408
0.197408
0.197408
0.197408
0.197408
0.197408
0.207015
0.207015
0.207015
0.207015
0.207015
0.207015
0.207015
0.207015
0.207015
0.207015
0.207015
0.207015
0.207015
0.207015
0.207015
0.207015
0.207015
0.207015
0.207015
0.207015
0.207015
0.207015
0.207015
0.207015
0.207015
0.207015
0.207015
0.207015
0.207015
0.207015
0.207015
0.207015
0.207015
0.207015
0.207015
0.207015
0.207015
0.207015
0.207015
0.207015
0.207015
0.207015
0.207015
0.207015
0.207015
0.207015
0.207015
0.207015
0.207015
0.207015
0.216595
0.216595
0.216595
0.216595
0.216595
0.216595
0.216595
0.216595
0.216595
0.216595
0.216595
0.216595
0.216595
0.216595
0.216595
0.216595
0.216595
0.216595
0.216595
0.216595
0.216595
0.216595
0.216595
0.216595
0.216595
0.216595
0.216595
0.216595
0.216595
0.216595
0.216595
0.216595
0.216595
0.216595
0.216595
0.216595
0.216595
0.216595
0.216595
0.216595
0.216595
0.216595
0.216595
0.216595
0.216595
0.216595
0.216595
0.216595
0.216595
0.216595
0.226153
0.226153
0.226153
0.226153
0.226153
0.226153
0.226153
0.226153
0.226153
0.226153
0.226153
0.226153
0.226153
0.226153
0.226153
0.226153
0.226153
0.226153
0.226153
0.226153
0.226153
0.226153
0.226153
0.226153
0.226153
0.226153
0.226153
0.226153
0.226153
0.226153
0.226153
0.226153
0.226153
0.226153
0.226153
0.226153
0.226153
0.226153
0.226153
0.226153
0.226153
0.226153
0.226153
0.226153
0.226153
0.226153
0.226153
0.226153
0.226153
0.226153
0.235695
0.235695
0.235695
0.235695
0.235695
0.235695
0.235695
0.235695
0.235695
0.235695
0.235695
0.235695
0.235695
0.235695
0.235695
0.235695
0.235695
0.235695
0.235695
0.235695
0.235695
0.235695
0.235695
0.235695
0.235695
0.235695
0.235695
0.235695
0.235695
0.235695
0.235695
0.235695
0.235695
0.235695
0.235695
0.235695
0.235695
0.235695
0.235695
0.235695
0.235695
0.235695
0.235695
0.235695
0.235695
0.235695
0.235695
0.235695
0.235695
0.235695
0.245228
0.245228
0.245228
0.245228
0.245228
0.245228
0.245228
0.245228
0.245228
0.245228
0.245228
0.245228
0.245228
0.245228
0.245228
0.245228
0.245228
0.245228
0.245228
0.245228
0.245228
0.245228
0.245228
0.245228
0.245228
0.245228
0.245228
0.245228
0.245228
0.245228
0.245228
0.245228
0.245228
0.245228
0.245228
0.245228
0.245228
0.245228
0.245228
0.245228
0.245228
0.245228
0.245228
0.245228
0.245228
0.245228
0.245228
0.245228
0.245228
0.245228
)
;

boundaryField
{
    left
    {
        type            calculated;
        value           nonuniform List<scalar> 
50
(
-0.245235
-0.235702
-0.226159
-0.216601
-0.207022
-0.197415
-0.187775
-0.178097
-0.168375
-0.158605
-0.148782
-0.138903
-0.128964
-0.118964
-0.108901
-0.0987748
-0.0885853
-0.0783337
-0.0680228
-0.0576578
-0.0472449
-0.0367909
-0.0263037
-0.0157921
-0.00526572
0.00526572
0.0157921
0.0263037
0.0367909
0.0472449
0.0576578
0.0680228
0.0783337
0.0885853
0.0987748
0.108901
0.118964
0.128964
0.138903
0.148782
0.158605
0.168375
0.178097
0.187775
0.197415
0.207022
0.216601
0.226159
0.235702
0.245235
)
;
    }
    right
    {
        type            calculated;
        value           nonuniform List<scalar> 
50
(
-0.245235
-0.235702
-0.226159
-0.216601
-0.207022
-0.197415
-0.187775
-0.178097
-0.168375
-0.158605
-0.148782
-0.138903
-0.128964
-0.118964
-0.108901
-0.0987748
-0.0885853
-0.0783337
-0.0680228
-0.0576578
-0.0472449
-0.0367909
-0.0263037
-0.0157921
-0.00526572
0.00526572
0.0157921
0.0263037
0.0367909
0.0472449
0.0576578
0.0680228
0.0783337
0.0885853
0.0987748
0.108901
0.118964
0.128964
0.138903
0.148782
0.158605
0.168375
0.178097
0.187775
0.197415
0.207022
0.216601
0.226159
0.235702
0.245235
)
;
    }
    up
    {
        type            calculated;
        value           nonuniform List<scalar> 
50
(
0.25
0.25
0.25
0.25
0.25
0.25
0.25
0.25
0.25
0.25
0.25
0.25
0.25
0.25
0.25
0.25
0.25
0.25
0.25
0.25
0.25
0.25
0.25
0.25
0.25
0.25
0.25
0.25
0.25
0.25
0.25
0.25
0.25
0.25
0.25
0.25
0.25
0.25
0.25
0.25
0.25
0.25
0.25
0.25
0.25
0.25
0.25
0.25
0.25
0.25
)
;
    }
    down
    {
        type            calculated;
        value           nonuniform List<scalar> 
50
(
-0.25
-0.25
-0.25
-0.25
-0.25
-0.25
-0.25
-0.25
-0.25
-0.25
-0.25
-0.25
-0.25
-0.25
-0.25
-0.25
-0.25
-0.25
-0.25
-0.25
-0.25
-0.25
-0.25
-0.25
-0.25
-0.25
-0.25
-0.25
-0.25
-0.25
-0.25
-0.25
-0.25
-0.25
-0.25
-0.25
-0.25
-0.25
-0.25
-0.25
-0.25
-0.25
-0.25
-0.25
-0.25
-0.25
-0.25
-0.25
-0.25
-0.25
)
;
    }
    frontAndBack
    {
        type            empty;
    }
}


// ************************************************************************* //
