/*--------------------------------*- C++ -*----------------------------------*\
  =========                 |
  \\      /  F ield         | OpenFOAM: The Open Source CFD Toolbox
   \\    /   O peration     | Website:  https://openfoam.org
    \\  /    A nd           | Version:  6
     \\/     M anipulation  |
\*---------------------------------------------------------------------------*/
FoamFile
{
    version     2.0;
    format      ascii;
    class       faceList;
    location    "constant/polyMesh";
    object      faces;
}
// * * * * * * * * * * * * * * * * * * * * * * * * * * * * * * * * * * * * * //


3422
(
4(1 901 902 2)
4(1 0 900 901)
4(3 903 904 4)
4(1 901 903 3)
4(5 905 906 6)
4(3 903 905 5)
4(7 907 908 8)
4(5 905 907 7)
4(9 909 910 10)
4(7 907 909 9)
4(11 911 912 12)
4(9 909 911 11)
4(13 913 914 14)
4(11 911 913 13)
4(15 915 916 16)
4(13 913 915 15)
4(17 917 918 18)
4(15 915 917 17)
4(19 919 920 20)
4(17 917 919 19)
4(21 921 922 22)
4(19 919 921 21)
4(23 923 924 24)
4(21 921 923 23)
4(25 925 926 26)
4(23 923 925 25)
4(27 927 928 28)
4(25 925 927 27)
4(29 929 930 30)
4(27 927 929 29)
4(31 931 932 32)
4(29 929 931 31)
4(33 933 934 34)
4(31 931 933 33)
4(35 935 936 36)
4(33 933 935 35)
4(37 937 938 38)
4(35 935 937 37)
4(39 939 940 40)
4(37 937 939 39)
4(41 941 942 42)
4(39 939 941 41)
4(43 943 944 44)
4(41 941 943 43)
4(45 945 946 46)
4(43 943 945 45)
4(47 947 948 48)
4(45 945 947 47)
4(49 949 950 50)
4(47 947 949 49)
4(51 951 952 52)
4(49 949 951 51)
4(53 953 954 54)
4(51 951 953 53)
4(55 955 956 56)
4(53 953 955 55)
4(55 955 957 57)
4(1 59 959 901)
4(58 958 959 59)
4(3 60 960 903)
4(59 959 960 60)
4(5 61 961 905)
4(60 960 961 61)
4(7 62 962 907)
4(61 961 962 62)
4(9 63 963 909)
4(62 962 963 63)
4(11 64 964 911)
4(63 963 964 64)
4(13 65 965 913)
4(64 964 965 65)
4(15 66 966 915)
4(65 965 966 66)
4(17 67 967 917)
4(66 966 967 67)
4(19 68 968 919)
4(67 967 968 68)
4(21 69 969 921)
4(68 968 969 69)
4(23 70 970 923)
4(69 969 970 70)
4(25 71 971 925)
4(70 970 971 71)
4(27 72 972 927)
4(71 971 972 72)
4(29 73 973 929)
4(72 972 973 73)
4(31 74 974 931)
4(73 973 974 74)
4(33 75 975 933)
4(74 974 975 75)
4(35 76 976 935)
4(75 975 976 76)
4(37 77 977 937)
4(76 976 977 77)
4(39 78 978 939)
4(77 977 978 78)
4(41 79 979 941)
4(78 978 979 79)
4(43 80 980 943)
4(79 979 980 80)
4(45 81 981 945)
4(80 980 981 81)
4(47 82 982 947)
4(81 981 982 82)
4(49 83 983 949)
4(82 982 983 83)
4(51 84 984 951)
4(83 983 984 84)
4(53 85 985 953)
4(84 984 985 85)
4(55 86 986 955)
4(85 985 986 86)
4(86 986 987 87)
4(59 89 989 959)
4(88 988 989 89)
4(60 90 990 960)
4(89 989 990 90)
4(61 91 991 961)
4(90 990 991 91)
4(62 92 992 962)
4(91 991 992 92)
4(63 93 993 963)
4(92 992 993 93)
4(64 94 994 964)
4(93 993 994 94)
4(65 95 995 965)
4(94 994 995 95)
4(66 96 996 966)
4(95 995 996 96)
4(67 97 997 967)
4(96 996 997 97)
4(68 98 998 968)
4(97 997 998 98)
4(69 99 999 969)
4(98 998 999 99)
4(70 100 1000 970)
4(99 999 1000 100)
4(71 101 1001 971)
4(100 1000 1001 101)
4(72 102 1002 972)
4(101 1001 1002 102)
4(73 103 1003 973)
4(102 1002 1003 103)
4(74 104 1004 974)
4(103 1003 1004 104)
4(75 105 1005 975)
4(104 1004 1005 105)
4(76 106 1006 976)
4(105 1005 1006 106)
4(77 107 1007 977)
4(106 1006 1007 107)
4(78 108 1008 978)
4(107 1007 1008 108)
4(79 109 1009 979)
4(108 1008 1009 109)
4(80 110 1010 980)
4(109 1009 1010 110)
4(81 111 1011 981)
4(110 1010 1011 111)
4(82 112 1012 982)
4(111 1011 1012 112)
4(83 113 1013 983)
4(112 1012 1013 113)
4(84 114 1014 984)
4(113 1013 1014 114)
4(85 115 1015 985)
4(114 1014 1015 115)
4(86 116 1016 986)
4(115 1015 1016 116)
4(116 1016 1017 117)
4(89 119 1019 989)
4(118 1018 1019 119)
4(90 120 1020 990)
4(119 1019 1020 120)
4(91 121 1021 991)
4(120 1020 1021 121)
4(92 122 1022 992)
4(121 1021 1022 122)
4(93 123 1023 993)
4(122 1022 1023 123)
4(94 124 1024 994)
4(123 1023 1024 124)
4(95 125 1025 995)
4(124 1024 1025 125)
4(96 126 1026 996)
4(125 1025 1026 126)
4(97 127 1027 997)
4(126 1026 1027 127)
4(98 128 1028 998)
4(127 1027 1028 128)
4(99 129 1029 999)
4(128 1028 1029 129)
4(100 130 1030 1000)
4(129 1029 1030 130)
4(101 131 1031 1001)
4(130 1030 1031 131)
4(102 132 1032 1002)
4(131 1031 1032 132)
4(103 133 1033 1003)
4(132 1032 1033 133)
4(104 134 1034 1004)
4(133 1033 1034 134)
4(105 135 1035 1005)
4(134 1034 1035 135)
4(106 136 1036 1006)
4(135 1035 1036 136)
4(107 137 1037 1007)
4(136 1036 1037 137)
4(108 138 1038 1008)
4(137 1037 1038 138)
4(109 139 1039 1009)
4(138 1038 1039 139)
4(110 140 1040 1010)
4(139 1039 1040 140)
4(111 141 1041 1011)
4(140 1040 1041 141)
4(112 142 1042 1012)
4(141 1041 1042 142)
4(113 143 1043 1013)
4(142 1042 1043 143)
4(114 144 1044 1014)
4(143 1043 1044 144)
4(115 145 1045 1015)
4(144 1044 1045 145)
4(116 146 1046 1016)
4(145 1045 1046 146)
4(146 1046 1047 147)
4(119 149 1049 1019)
4(148 1048 1049 149)
4(120 150 1050 1020)
4(149 1049 1050 150)
4(121 151 1051 1021)
4(150 1050 1051 151)
4(122 152 1052 1022)
4(151 1051 1052 152)
4(123 153 1053 1023)
4(152 1052 1053 153)
4(124 154 1054 1024)
4(153 1053 1054 154)
4(125 155 1055 1025)
4(154 1054 1055 155)
4(126 156 1056 1026)
4(155 1055 1056 156)
4(127 157 1057 1027)
4(156 1056 1057 157)
4(128 158 1058 1028)
4(157 1057 1058 158)
4(129 159 1059 1029)
4(158 1058 1059 159)
4(130 160 1060 1030)
4(159 1059 1060 160)
4(131 161 1061 1031)
4(160 1060 1061 161)
4(132 162 1062 1032)
4(161 1061 1062 162)
4(133 163 1063 1033)
4(162 1062 1063 163)
4(134 164 1064 1034)
4(163 1063 1064 164)
4(135 165 1065 1035)
4(164 1064 1065 165)
4(136 166 1066 1036)
4(165 1065 1066 166)
4(137 167 1067 1037)
4(166 1066 1067 167)
4(138 168 1068 1038)
4(167 1067 1068 168)
4(139 169 1069 1039)
4(168 1068 1069 169)
4(140 170 1070 1040)
4(169 1069 1070 170)
4(141 171 1071 1041)
4(170 1070 1071 171)
4(142 172 1072 1042)
4(171 1071 1072 172)
4(143 173 1073 1043)
4(172 1072 1073 173)
4(144 174 1074 1044)
4(173 1073 1074 174)
4(145 175 1075 1045)
4(174 1074 1075 175)
4(146 176 1076 1046)
4(175 1075 1076 176)
4(176 1076 1077 177)
4(149 179 1079 1049)
4(178 1078 1079 179)
4(150 180 1080 1050)
4(179 1079 1080 180)
4(151 181 1081 1051)
4(180 1080 1081 181)
4(152 182 1082 1052)
4(181 1081 1082 182)
4(153 183 1083 1053)
4(182 1082 1083 183)
4(154 184 1084 1054)
4(183 1083 1084 184)
4(155 185 1085 1055)
4(184 1084 1085 185)
4(156 186 1086 1056)
4(185 1085 1086 186)
4(157 187 1087 1057)
4(186 1086 1087 187)
4(158 188 1088 1058)
4(187 1087 1088 188)
4(159 189 1089 1059)
4(188 1088 1089 189)
4(160 190 1090 1060)
4(189 1089 1090 190)
4(161 191 1091 1061)
4(190 1090 1091 191)
4(162 192 1092 1062)
4(191 1091 1092 192)
4(163 193 1093 1063)
4(192 1092 1093 193)
4(164 194 1094 1064)
4(193 1093 1094 194)
4(165 195 1095 1065)
4(194 1094 1095 195)
4(166 196 1096 1066)
4(195 1095 1096 196)
4(167 197 1097 1067)
4(196 1096 1097 197)
4(168 198 1098 1068)
4(197 1097 1098 198)
4(169 199 1099 1069)
4(198 1098 1099 199)
4(170 200 1100 1070)
4(199 1099 1100 200)
4(171 201 1101 1071)
4(200 1100 1101 201)
4(172 202 1102 1072)
4(201 1101 1102 202)
4(173 203 1103 1073)
4(202 1102 1103 203)
4(174 204 1104 1074)
4(203 1103 1104 204)
4(175 205 1105 1075)
4(204 1104 1105 205)
4(176 206 1106 1076)
4(205 1105 1106 206)
4(206 1106 1107 207)
4(179 209 1109 1079)
4(208 1108 1109 209)
4(180 210 1110 1080)
4(209 1109 1110 210)
4(181 211 1111 1081)
4(210 1110 1111 211)
4(182 212 1112 1082)
4(211 1111 1112 212)
4(183 213 1113 1083)
4(212 1112 1113 213)
4(184 214 1114 1084)
4(213 1113 1114 214)
4(185 215 1115 1085)
4(214 1114 1115 215)
4(186 216 1116 1086)
4(215 1115 1116 216)
4(187 217 1117 1087)
4(216 1116 1117 217)
4(188 218 1118 1088)
4(217 1117 1118 218)
4(189 219 1119 1089)
4(218 1118 1119 219)
4(190 220 1120 1090)
4(219 1119 1120 220)
4(191 221 1121 1091)
4(220 1120 1121 221)
4(192 222 1122 1092)
4(221 1121 1122 222)
4(193 223 1123 1093)
4(222 1122 1123 223)
4(194 224 1124 1094)
4(223 1123 1124 224)
4(195 225 1125 1095)
4(224 1124 1125 225)
4(196 226 1126 1096)
4(225 1125 1126 226)
4(197 227 1127 1097)
4(226 1126 1127 227)
4(198 228 1128 1098)
4(227 1127 1128 228)
4(199 229 1129 1099)
4(228 1128 1129 229)
4(200 230 1130 1100)
4(229 1129 1130 230)
4(201 231 1131 1101)
4(230 1130 1131 231)
4(202 232 1132 1102)
4(231 1131 1132 232)
4(203 233 1133 1103)
4(232 1132 1133 233)
4(204 234 1134 1104)
4(233 1133 1134 234)
4(205 235 1135 1105)
4(234 1134 1135 235)
4(206 236 1136 1106)
4(235 1135 1136 236)
4(236 1136 1137 237)
4(209 239 1139 1109)
4(238 1138 1139 239)
4(210 240 1140 1110)
4(239 1139 1140 240)
4(211 241 1141 1111)
4(240 1140 1141 241)
4(212 242 1142 1112)
4(241 1141 1142 242)
4(213 243 1143 1113)
4(242 1142 1143 243)
4(214 244 1144 1114)
4(243 1143 1144 244)
4(215 245 1145 1115)
4(244 1144 1145 245)
4(216 246 1146 1116)
4(245 1145 1146 246)
4(217 247 1147 1117)
4(246 1146 1147 247)
4(218 248 1148 1118)
4(247 1147 1148 248)
4(219 249 1149 1119)
4(248 1148 1149 249)
4(220 250 1150 1120)
4(249 1149 1150 250)
4(221 251 1151 1121)
4(250 1150 1151 251)
4(222 252 1152 1122)
4(251 1151 1152 252)
4(223 253 1153 1123)
4(252 1152 1153 253)
4(224 254 1154 1124)
4(253 1153 1154 254)
4(225 255 1155 1125)
4(254 1154 1155 255)
4(226 256 1156 1126)
4(255 1155 1156 256)
4(227 257 1157 1127)
4(256 1156 1157 257)
4(228 258 1158 1128)
4(257 1157 1158 258)
4(229 259 1159 1129)
4(258 1158 1159 259)
4(230 260 1160 1130)
4(259 1159 1160 260)
4(231 261 1161 1131)
4(260 1160 1161 261)
4(232 262 1162 1132)
4(261 1161 1162 262)
4(233 263 1163 1133)
4(262 1162 1163 263)
4(234 264 1164 1134)
4(263 1163 1164 264)
4(235 265 1165 1135)
4(264 1164 1165 265)
4(236 266 1166 1136)
4(265 1165 1166 266)
4(266 1166 1167 267)
4(239 269 1169 1139)
4(268 1168 1169 269)
4(240 270 1170 1140)
4(269 1169 1170 270)
4(241 271 1171 1141)
4(270 1170 1171 271)
4(242 272 1172 1142)
4(271 1171 1172 272)
4(243 273 1173 1143)
4(272 1172 1173 273)
4(244 274 1174 1144)
4(273 1173 1174 274)
4(245 275 1175 1145)
4(274 1174 1175 275)
4(246 276 1176 1146)
4(275 1175 1176 276)
4(247 277 1177 1147)
4(276 1176 1177 277)
4(248 278 1178 1148)
4(277 1177 1178 278)
4(249 279 1179 1149)
4(278 1178 1179 279)
4(250 280 1180 1150)
4(279 1179 1180 280)
4(251 281 1181 1151)
4(280 1180 1181 281)
4(252 282 1182 1152)
4(281 1181 1182 282)
4(253 283 1183 1153)
4(282 1182 1183 283)
4(254 284 1184 1154)
4(283 1183 1184 284)
4(255 285 1185 1155)
4(284 1184 1185 285)
4(256 286 1186 1156)
4(285 1185 1186 286)
4(257 287 1187 1157)
4(286 1186 1187 287)
4(258 288 1188 1158)
4(287 1187 1188 288)
4(259 289 1189 1159)
4(288 1188 1189 289)
4(260 290 1190 1160)
4(289 1189 1190 290)
4(261 291 1191 1161)
4(290 1190 1191 291)
4(262 292 1192 1162)
4(291 1191 1192 292)
4(263 293 1193 1163)
4(292 1192 1193 293)
4(264 294 1194 1164)
4(293 1193 1194 294)
4(265 295 1195 1165)
4(294 1194 1195 295)
4(266 296 1196 1166)
4(295 1195 1196 296)
4(296 1196 1197 297)
4(269 299 1199 1169)
4(298 1198 1199 299)
4(270 300 1200 1170)
4(299 1199 1200 300)
4(271 301 1201 1171)
4(300 1200 1201 301)
4(272 302 1202 1172)
4(301 1201 1202 302)
4(273 303 1203 1173)
4(302 1202 1203 303)
4(274 304 1204 1174)
4(303 1203 1204 304)
4(275 305 1205 1175)
4(304 1204 1205 305)
4(276 306 1206 1176)
4(305 1205 1206 306)
4(277 307 1207 1177)
4(306 1206 1207 307)
4(278 308 1208 1178)
4(307 1207 1208 308)
4(279 309 1209 1179)
4(308 1208 1209 309)
4(280 310 1210 1180)
4(309 1209 1210 310)
4(281 311 1211 1181)
4(310 1210 1211 311)
4(282 312 1212 1182)
4(311 1211 1212 312)
4(283 313 1213 1183)
4(312 1212 1213 313)
4(284 314 1214 1184)
4(313 1213 1214 314)
4(285 315 1215 1185)
4(314 1214 1215 315)
4(286 316 1216 1186)
4(315 1215 1216 316)
4(287 317 1217 1187)
4(316 1216 1217 317)
4(288 318 1218 1188)
4(317 1217 1218 318)
4(289 319 1219 1189)
4(318 1218 1219 319)
4(290 320 1220 1190)
4(319 1219 1220 320)
4(291 321 1221 1191)
4(320 1220 1221 321)
4(292 322 1222 1192)
4(321 1221 1222 322)
4(293 323 1223 1193)
4(322 1222 1223 323)
4(294 324 1224 1194)
4(323 1223 1224 324)
4(295 325 1225 1195)
4(324 1224 1225 325)
4(296 326 1226 1196)
4(325 1225 1226 326)
4(326 1226 1227 327)
4(299 329 1229 1199)
4(328 1228 1229 329)
4(300 330 1230 1200)
4(329 1229 1230 330)
4(301 331 1231 1201)
4(330 1230 1231 331)
4(302 332 1232 1202)
4(331 1231 1232 332)
4(303 333 1233 1203)
4(332 1232 1233 333)
4(304 334 1234 1204)
4(333 1233 1234 334)
4(305 335 1235 1205)
4(334 1234 1235 335)
4(306 336 1236 1206)
4(335 1235 1236 336)
4(307 337 1237 1207)
4(336 1236 1237 337)
4(308 338 1238 1208)
4(337 1237 1238 338)
4(309 339 1239 1209)
4(338 1238 1239 339)
4(310 340 1240 1210)
4(339 1239 1240 340)
4(311 341 1241 1211)
4(340 1240 1241 341)
4(312 342 1242 1212)
4(341 1241 1242 342)
4(313 343 1243 1213)
4(342 1242 1243 343)
4(314 344 1244 1214)
4(343 1243 1244 344)
4(315 345 1245 1215)
4(344 1244 1245 345)
4(316 346 1246 1216)
4(345 1245 1246 346)
4(317 347 1247 1217)
4(346 1246 1247 347)
4(318 348 1248 1218)
4(347 1247 1248 348)
4(319 349 1249 1219)
4(348 1248 1249 349)
4(320 350 1250 1220)
4(349 1249 1250 350)
4(321 351 1251 1221)
4(350 1250 1251 351)
4(322 352 1252 1222)
4(351 1251 1252 352)
4(323 353 1253 1223)
4(352 1252 1253 353)
4(324 354 1254 1224)
4(353 1253 1254 354)
4(325 355 1255 1225)
4(354 1254 1255 355)
4(326 356 1256 1226)
4(355 1255 1256 356)
4(356 1256 1257 357)
4(329 359 1259 1229)
4(358 1258 1259 359)
4(330 360 1260 1230)
4(359 1259 1260 360)
4(331 361 1261 1231)
4(360 1260 1261 361)
4(332 362 1262 1232)
4(361 1261 1262 362)
4(333 363 1263 1233)
4(362 1262 1263 363)
4(334 364 1264 1234)
4(363 1263 1264 364)
4(335 365 1265 1235)
4(364 1264 1265 365)
4(336 366 1266 1236)
4(365 1265 1266 366)
4(337 367 1267 1237)
4(366 1266 1267 367)
4(338 368 1268 1238)
4(367 1267 1268 368)
4(339 369 1269 1239)
4(368 1268 1269 369)
4(340 370 1270 1240)
4(369 1269 1270 370)
4(341 371 1271 1241)
4(370 1270 1271 371)
4(342 372 1272 1242)
4(371 1271 1272 372)
4(343 373 1273 1243)
4(372 1272 1273 373)
4(344 374 1274 1244)
4(373 1273 1274 374)
4(345 375 1275 1245)
4(374 1274 1275 375)
4(346 376 1276 1246)
4(375 1275 1276 376)
4(347 377 1277 1247)
4(376 1276 1277 377)
4(348 378 1278 1248)
4(377 1277 1278 378)
4(349 379 1279 1249)
4(378 1278 1279 379)
4(350 380 1280 1250)
4(379 1279 1280 380)
4(351 381 1281 1251)
4(380 1280 1281 381)
4(352 382 1282 1252)
4(381 1281 1282 382)
4(353 383 1283 1253)
4(382 1282 1283 383)
4(354 384 1284 1254)
4(383 1283 1284 384)
4(355 385 1285 1255)
4(384 1284 1285 385)
4(356 386 1286 1256)
4(385 1285 1286 386)
4(386 1286 1287 387)
4(359 389 1289 1259)
4(388 1288 1289 389)
4(360 390 1290 1260)
4(389 1289 1290 390)
4(361 391 1291 1261)
4(390 1290 1291 391)
4(362 392 1292 1262)
4(391 1291 1292 392)
4(363 393 1293 1263)
4(392 1292 1293 393)
4(364 394 1294 1264)
4(393 1293 1294 394)
4(365 395 1295 1265)
4(394 1294 1295 395)
4(366 396 1296 1266)
4(395 1295 1296 396)
4(367 397 1297 1267)
4(396 1296 1297 397)
4(368 398 1298 1268)
4(397 1297 1298 398)
4(369 399 1299 1269)
4(398 1298 1299 399)
4(370 400 1300 1270)
4(399 1299 1300 400)
4(371 401 1301 1271)
4(400 1300 1301 401)
4(372 402 1302 1272)
4(401 1301 1302 402)
4(373 403 1303 1273)
4(402 1302 1303 403)
4(374 404 1304 1274)
4(403 1303 1304 404)
4(375 405 1305 1275)
4(404 1304 1305 405)
4(376 406 1306 1276)
4(405 1305 1306 406)
4(377 407 1307 1277)
4(406 1306 1307 407)
4(378 408 1308 1278)
4(407 1307 1308 408)
4(379 409 1309 1279)
4(408 1308 1309 409)
4(380 410 1310 1280)
4(409 1309 1310 410)
4(381 411 1311 1281)
4(410 1310 1311 411)
4(382 412 1312 1282)
4(411 1311 1312 412)
4(383 413 1313 1283)
4(412 1312 1313 413)
4(384 414 1314 1284)
4(413 1313 1314 414)
4(385 415 1315 1285)
4(414 1314 1315 415)
4(386 416 1316 1286)
4(415 1315 1316 416)
4(416 1316 1317 417)
4(389 419 1319 1289)
4(418 1318 1319 419)
4(390 420 1320 1290)
4(419 1319 1320 420)
4(391 421 1321 1291)
4(420 1320 1321 421)
4(392 422 1322 1292)
4(421 1321 1322 422)
4(393 423 1323 1293)
4(422 1322 1323 423)
4(394 424 1324 1294)
4(423 1323 1324 424)
4(395 425 1325 1295)
4(424 1324 1325 425)
4(396 426 1326 1296)
4(425 1325 1326 426)
4(397 427 1327 1297)
4(426 1326 1327 427)
4(398 428 1328 1298)
4(427 1327 1328 428)
4(399 429 1329 1299)
4(428 1328 1329 429)
4(400 430 1330 1300)
4(429 1329 1330 430)
4(401 431 1331 1301)
4(430 1330 1331 431)
4(402 432 1332 1302)
4(431 1331 1332 432)
4(403 433 1333 1303)
4(432 1332 1333 433)
4(404 434 1334 1304)
4(433 1333 1334 434)
4(405 435 1335 1305)
4(434 1334 1335 435)
4(406 436 1336 1306)
4(435 1335 1336 436)
4(407 437 1337 1307)
4(436 1336 1337 437)
4(408 438 1338 1308)
4(437 1337 1338 438)
4(409 439 1339 1309)
4(438 1338 1339 439)
4(410 440 1340 1310)
4(439 1339 1340 440)
4(411 441 1341 1311)
4(440 1340 1341 441)
4(412 442 1342 1312)
4(441 1341 1342 442)
4(413 443 1343 1313)
4(442 1342 1343 443)
4(414 444 1344 1314)
4(443 1343 1344 444)
4(415 445 1345 1315)
4(444 1344 1345 445)
4(416 446 1346 1316)
4(445 1345 1346 446)
4(446 1346 1347 447)
4(419 449 1349 1319)
4(448 1348 1349 449)
4(420 450 1350 1320)
4(449 1349 1350 450)
4(421 451 1351 1321)
4(450 1350 1351 451)
4(422 452 1352 1322)
4(451 1351 1352 452)
4(423 453 1353 1323)
4(452 1352 1353 453)
4(424 454 1354 1324)
4(453 1353 1354 454)
4(425 455 1355 1325)
4(454 1354 1355 455)
4(426 456 1356 1326)
4(455 1355 1356 456)
4(427 457 1357 1327)
4(456 1356 1357 457)
4(428 458 1358 1328)
4(457 1357 1358 458)
4(429 459 1359 1329)
4(458 1358 1359 459)
4(430 460 1360 1330)
4(459 1359 1360 460)
4(431 461 1361 1331)
4(460 1360 1361 461)
4(432 462 1362 1332)
4(461 1361 1362 462)
4(433 463 1363 1333)
4(462 1362 1363 463)
4(434 464 1364 1334)
4(463 1363 1364 464)
4(435 465 1365 1335)
4(464 1364 1365 465)
4(436 466 1366 1336)
4(465 1365 1366 466)
4(437 467 1367 1337)
4(466 1366 1367 467)
4(438 468 1368 1338)
4(467 1367 1368 468)
4(439 469 1369 1339)
4(468 1368 1369 469)
4(440 470 1370 1340)
4(469 1369 1370 470)
4(441 471 1371 1341)
4(470 1370 1371 471)
4(442 472 1372 1342)
4(471 1371 1372 472)
4(443 473 1373 1343)
4(472 1372 1373 473)
4(444 474 1374 1344)
4(473 1373 1374 474)
4(445 475 1375 1345)
4(474 1374 1375 475)
4(446 476 1376 1346)
4(475 1375 1376 476)
4(476 1376 1377 477)
4(449 479 1379 1349)
4(478 1378 1379 479)
4(450 480 1380 1350)
4(479 1379 1380 480)
4(451 481 1381 1351)
4(480 1380 1381 481)
4(452 482 1382 1352)
4(481 1381 1382 482)
4(453 483 1383 1353)
4(482 1382 1383 483)
4(454 484 1384 1354)
4(483 1383 1384 484)
4(455 485 1385 1355)
4(484 1384 1385 485)
4(456 486 1386 1356)
4(485 1385 1386 486)
4(457 487 1387 1357)
4(486 1386 1387 487)
4(458 488 1388 1358)
4(487 1387 1388 488)
4(459 489 1389 1359)
4(488 1388 1389 489)
4(460 490 1390 1360)
4(489 1389 1390 490)
4(461 491 1391 1361)
4(490 1390 1391 491)
4(462 492 1392 1362)
4(491 1391 1392 492)
4(463 493 1393 1363)
4(492 1392 1393 493)
4(464 494 1394 1364)
4(493 1393 1394 494)
4(465 495 1395 1365)
4(494 1394 1395 495)
4(466 496 1396 1366)
4(495 1395 1396 496)
4(467 497 1397 1367)
4(496 1396 1397 497)
4(468 498 1398 1368)
4(497 1397 1398 498)
4(469 499 1399 1369)
4(498 1398 1399 499)
4(470 500 1400 1370)
4(499 1399 1400 500)
4(471 501 1401 1371)
4(500 1400 1401 501)
4(472 502 1402 1372)
4(501 1401 1402 502)
4(473 503 1403 1373)
4(502 1402 1403 503)
4(474 504 1404 1374)
4(503 1403 1404 504)
4(475 505 1405 1375)
4(504 1404 1405 505)
4(476 506 1406 1376)
4(505 1405 1406 506)
4(506 1406 1407 507)
4(479 509 1409 1379)
4(508 1408 1409 509)
4(480 510 1410 1380)
4(509 1409 1410 510)
4(481 511 1411 1381)
4(510 1410 1411 511)
4(482 512 1412 1382)
4(511 1411 1412 512)
4(483 513 1413 1383)
4(512 1412 1413 513)
4(484 514 1414 1384)
4(513 1413 1414 514)
4(485 515 1415 1385)
4(514 1414 1415 515)
4(486 516 1416 1386)
4(515 1415 1416 516)
4(487 517 1417 1387)
4(516 1416 1417 517)
4(488 518 1418 1388)
4(517 1417 1418 518)
4(489 519 1419 1389)
4(518 1418 1419 519)
4(490 520 1420 1390)
4(519 1419 1420 520)
4(491 521 1421 1391)
4(520 1420 1421 521)
4(492 522 1422 1392)
4(521 1421 1422 522)
4(493 523 1423 1393)
4(522 1422 1423 523)
4(494 524 1424 1394)
4(523 1423 1424 524)
4(495 525 1425 1395)
4(524 1424 1425 525)
4(496 526 1426 1396)
4(525 1425 1426 526)
4(497 527 1427 1397)
4(526 1426 1427 527)
4(498 528 1428 1398)
4(527 1427 1428 528)
4(499 529 1429 1399)
4(528 1428 1429 529)
4(500 530 1430 1400)
4(529 1429 1430 530)
4(501 531 1431 1401)
4(530 1430 1431 531)
4(502 532 1432 1402)
4(531 1431 1432 532)
4(503 533 1433 1403)
4(532 1432 1433 533)
4(504 534 1434 1404)
4(533 1433 1434 534)
4(505 535 1435 1405)
4(534 1434 1435 535)
4(506 536 1436 1406)
4(535 1435 1436 536)
4(536 1436 1437 537)
4(509 539 1439 1409)
4(538 1438 1439 539)
4(510 540 1440 1410)
4(539 1439 1440 540)
4(511 541 1441 1411)
4(540 1440 1441 541)
4(512 542 1442 1412)
4(541 1441 1442 542)
4(513 543 1443 1413)
4(542 1442 1443 543)
4(514 544 1444 1414)
4(543 1443 1444 544)
4(515 545 1445 1415)
4(544 1444 1445 545)
4(516 546 1446 1416)
4(545 1445 1446 546)
4(517 547 1447 1417)
4(546 1446 1447 547)
4(518 548 1448 1418)
4(547 1447 1448 548)
4(519 549 1449 1419)
4(548 1448 1449 549)
4(520 550 1450 1420)
4(549 1449 1450 550)
4(521 551 1451 1421)
4(550 1450 1451 551)
4(522 552 1452 1422)
4(551 1451 1452 552)
4(523 553 1453 1423)
4(552 1452 1453 553)
4(524 554 1454 1424)
4(553 1453 1454 554)
4(525 555 1455 1425)
4(554 1454 1455 555)
4(526 556 1456 1426)
4(555 1455 1456 556)
4(527 557 1457 1427)
4(556 1456 1457 557)
4(528 558 1458 1428)
4(557 1457 1458 558)
4(529 559 1459 1429)
4(558 1458 1459 559)
4(530 560 1460 1430)
4(559 1459 1460 560)
4(531 561 1461 1431)
4(560 1460 1461 561)
4(532 562 1462 1432)
4(561 1461 1462 562)
4(533 563 1463 1433)
4(562 1462 1463 563)
4(534 564 1464 1434)
4(563 1463 1464 564)
4(535 565 1465 1435)
4(564 1464 1465 565)
4(536 566 1466 1436)
4(565 1465 1466 566)
4(566 1466 1467 567)
4(539 569 1469 1439)
4(568 1468 1469 569)
4(540 570 1470 1440)
4(569 1469 1470 570)
4(541 571 1471 1441)
4(570 1470 1471 571)
4(542 572 1472 1442)
4(571 1471 1472 572)
4(543 573 1473 1443)
4(572 1472 1473 573)
4(544 574 1474 1444)
4(573 1473 1474 574)
4(545 575 1475 1445)
4(574 1474 1475 575)
4(546 576 1476 1446)
4(575 1475 1476 576)
4(547 577 1477 1447)
4(576 1476 1477 577)
4(548 578 1478 1448)
4(577 1477 1478 578)
4(549 579 1479 1449)
4(578 1478 1479 579)
4(550 580 1480 1450)
4(579 1479 1480 580)
4(551 581 1481 1451)
4(580 1480 1481 581)
4(552 582 1482 1452)
4(581 1481 1482 582)
4(553 583 1483 1453)
4(582 1482 1483 583)
4(554 584 1484 1454)
4(583 1483 1484 584)
4(555 585 1485 1455)
4(584 1484 1485 585)
4(556 586 1486 1456)
4(585 1485 1486 586)
4(557 587 1487 1457)
4(586 1486 1487 587)
4(558 588 1488 1458)
4(587 1487 1488 588)
4(559 589 1489 1459)
4(588 1488 1489 589)
4(560 590 1490 1460)
4(589 1489 1490 590)
4(561 591 1491 1461)
4(590 1490 1491 591)
4(562 592 1492 1462)
4(591 1491 1492 592)
4(563 593 1493 1463)
4(592 1492 1493 593)
4(564 594 1494 1464)
4(593 1493 1494 594)
4(565 595 1495 1465)
4(594 1494 1495 595)
4(566 596 1496 1466)
4(595 1495 1496 596)
4(596 1496 1497 597)
4(569 599 1499 1469)
4(598 1498 1499 599)
4(570 600 1500 1470)
4(599 1499 1500 600)
4(571 601 1501 1471)
4(600 1500 1501 601)
4(572 602 1502 1472)
4(601 1501 1502 602)
4(573 603 1503 1473)
4(602 1502 1503 603)
4(574 604 1504 1474)
4(603 1503 1504 604)
4(575 605 1505 1475)
4(604 1504 1505 605)
4(576 606 1506 1476)
4(605 1505 1506 606)
4(577 607 1507 1477)
4(606 1506 1507 607)
4(578 608 1508 1478)
4(607 1507 1508 608)
4(579 609 1509 1479)
4(608 1508 1509 609)
4(580 610 1510 1480)
4(609 1509 1510 610)
4(581 611 1511 1481)
4(610 1510 1511 611)
4(582 612 1512 1482)
4(611 1511 1512 612)
4(583 613 1513 1483)
4(612 1512 1513 613)
4(584 614 1514 1484)
4(613 1513 1514 614)
4(585 615 1515 1485)
4(614 1514 1515 615)
4(586 616 1516 1486)
4(615 1515 1516 616)
4(587 617 1517 1487)
4(616 1516 1517 617)
4(588 618 1518 1488)
4(617 1517 1518 618)
4(589 619 1519 1489)
4(618 1518 1519 619)
4(590 620 1520 1490)
4(619 1519 1520 620)
4(591 621 1521 1491)
4(620 1520 1521 621)
4(592 622 1522 1492)
4(621 1521 1522 622)
4(593 623 1523 1493)
4(622 1522 1523 623)
4(594 624 1524 1494)
4(623 1523 1524 624)
4(595 625 1525 1495)
4(624 1524 1525 625)
4(596 626 1526 1496)
4(625 1525 1526 626)
4(626 1526 1527 627)
4(599 629 1529 1499)
4(628 1528 1529 629)
4(600 630 1530 1500)
4(629 1529 1530 630)
4(601 631 1531 1501)
4(630 1530 1531 631)
4(602 632 1532 1502)
4(631 1531 1532 632)
4(603 633 1533 1503)
4(632 1532 1533 633)
4(604 634 1534 1504)
4(633 1533 1534 634)
4(605 635 1535 1505)
4(634 1534 1535 635)
4(606 636 1536 1506)
4(635 1535 1536 636)
4(607 637 1537 1507)
4(636 1536 1537 637)
4(608 638 1538 1508)
4(637 1537 1538 638)
4(609 639 1539 1509)
4(638 1538 1539 639)
4(610 640 1540 1510)
4(639 1539 1540 640)
4(611 641 1541 1511)
4(640 1540 1541 641)
4(612 642 1542 1512)
4(641 1541 1542 642)
4(613 643 1543 1513)
4(642 1542 1543 643)
4(614 644 1544 1514)
4(643 1543 1544 644)
4(615 645 1545 1515)
4(644 1544 1545 645)
4(616 646 1546 1516)
4(645 1545 1546 646)
4(617 647 1547 1517)
4(646 1546 1547 647)
4(618 648 1548 1518)
4(647 1547 1548 648)
4(619 649 1549 1519)
4(648 1548 1549 649)
4(620 650 1550 1520)
4(649 1549 1550 650)
4(621 651 1551 1521)
4(650 1550 1551 651)
4(622 652 1552 1522)
4(651 1551 1552 652)
4(623 653 1553 1523)
4(652 1552 1553 653)
4(624 654 1554 1524)
4(653 1553 1554 654)
4(625 655 1555 1525)
4(654 1554 1555 655)
4(626 656 1556 1526)
4(655 1555 1556 656)
4(656 1556 1557 657)
4(629 659 1559 1529)
4(658 1558 1559 659)
4(630 660 1560 1530)
4(659 1559 1560 660)
4(631 661 1561 1531)
4(660 1560 1561 661)
4(632 662 1562 1532)
4(661 1561 1562 662)
4(633 663 1563 1533)
4(662 1562 1563 663)
4(634 664 1564 1534)
4(663 1563 1564 664)
4(635 665 1565 1535)
4(664 1564 1565 665)
4(636 666 1566 1536)
4(665 1565 1566 666)
4(637 667 1567 1537)
4(666 1566 1567 667)
4(638 668 1568 1538)
4(667 1567 1568 668)
4(639 669 1569 1539)
4(668 1568 1569 669)
4(640 670 1570 1540)
4(669 1569 1570 670)
4(641 671 1571 1541)
4(670 1570 1571 671)
4(642 672 1572 1542)
4(671 1571 1572 672)
4(643 673 1573 1543)
4(672 1572 1573 673)
4(644 674 1574 1544)
4(673 1573 1574 674)
4(645 675 1575 1545)
4(674 1574 1575 675)
4(646 676 1576 1546)
4(675 1575 1576 676)
4(647 677 1577 1547)
4(676 1576 1577 677)
4(648 678 1578 1548)
4(677 1577 1578 678)
4(649 679 1579 1549)
4(678 1578 1579 679)
4(650 680 1580 1550)
4(679 1579 1580 680)
4(651 681 1581 1551)
4(680 1580 1581 681)
4(652 682 1582 1552)
4(681 1581 1582 682)
4(653 683 1583 1553)
4(682 1582 1583 683)
4(654 684 1584 1554)
4(683 1583 1584 684)
4(655 685 1585 1555)
4(684 1584 1585 685)
4(656 686 1586 1556)
4(685 1585 1586 686)
4(686 1586 1587 687)
4(659 689 1589 1559)
4(688 1588 1589 689)
4(660 690 1590 1560)
4(689 1589 1590 690)
4(661 691 1591 1561)
4(690 1590 1591 691)
4(662 692 1592 1562)
4(691 1591 1592 692)
4(663 693 1593 1563)
4(692 1592 1593 693)
4(664 694 1594 1564)
4(693 1593 1594 694)
4(665 695 1595 1565)
4(694 1594 1595 695)
4(666 696 1596 1566)
4(695 1595 1596 696)
4(667 697 1597 1567)
4(696 1596 1597 697)
4(668 698 1598 1568)
4(697 1597 1598 698)
4(669 699 1599 1569)
4(698 1598 1599 699)
4(670 700 1600 1570)
4(699 1599 1600 700)
4(671 701 1601 1571)
4(700 1600 1601 701)
4(672 702 1602 1572)
4(701 1601 1602 702)
4(673 703 1603 1573)
4(702 1602 1603 703)
4(674 704 1604 1574)
4(703 1603 1604 704)
4(675 705 1605 1575)
4(704 1604 1605 705)
4(676 706 1606 1576)
4(705 1605 1606 706)
4(677 707 1607 1577)
4(706 1606 1607 707)
4(678 708 1608 1578)
4(707 1607 1608 708)
4(679 709 1609 1579)
4(708 1608 1609 709)
4(680 710 1610 1580)
4(709 1609 1610 710)
4(681 711 1611 1581)
4(710 1610 1611 711)
4(682 712 1612 1582)
4(711 1611 1612 712)
4(683 713 1613 1583)
4(712 1612 1613 713)
4(684 714 1614 1584)
4(713 1613 1614 714)
4(685 715 1615 1585)
4(714 1614 1615 715)
4(686 716 1616 1586)
4(715 1615 1616 716)
4(716 1616 1617 717)
4(689 719 1619 1589)
4(718 1618 1619 719)
4(690 720 1620 1590)
4(719 1619 1620 720)
4(691 721 1621 1591)
4(720 1620 1621 721)
4(692 722 1622 1592)
4(721 1621 1622 722)
4(693 723 1623 1593)
4(722 1622 1623 723)
4(694 724 1624 1594)
4(723 1623 1624 724)
4(695 725 1625 1595)
4(724 1624 1625 725)
4(696 726 1626 1596)
4(725 1625 1626 726)
4(697 727 1627 1597)
4(726 1626 1627 727)
4(698 728 1628 1598)
4(727 1627 1628 728)
4(699 729 1629 1599)
4(728 1628 1629 729)
4(700 730 1630 1600)
4(729 1629 1630 730)
4(701 731 1631 1601)
4(730 1630 1631 731)
4(702 732 1632 1602)
4(731 1631 1632 732)
4(703 733 1633 1603)
4(732 1632 1633 733)
4(704 734 1634 1604)
4(733 1633 1634 734)
4(705 735 1635 1605)
4(734 1634 1635 735)
4(706 736 1636 1606)
4(735 1635 1636 736)
4(707 737 1637 1607)
4(736 1636 1637 737)
4(708 738 1638 1608)
4(737 1637 1638 738)
4(709 739 1639 1609)
4(738 1638 1639 739)
4(710 740 1640 1610)
4(739 1639 1640 740)
4(711 741 1641 1611)
4(740 1640 1641 741)
4(712 742 1642 1612)
4(741 1641 1642 742)
4(713 743 1643 1613)
4(742 1642 1643 743)
4(714 744 1644 1614)
4(743 1643 1644 744)
4(715 745 1645 1615)
4(744 1644 1645 745)
4(716 746 1646 1616)
4(745 1645 1646 746)
4(746 1646 1647 747)
4(719 749 1649 1619)
4(748 1648 1649 749)
4(720 750 1650 1620)
4(749 1649 1650 750)
4(721 751 1651 1621)
4(750 1650 1651 751)
4(722 752 1652 1622)
4(751 1651 1652 752)
4(723 753 1653 1623)
4(752 1652 1653 753)
4(724 754 1654 1624)
4(753 1653 1654 754)
4(725 755 1655 1625)
4(754 1654 1655 755)
4(726 756 1656 1626)
4(755 1655 1656 756)
4(727 757 1657 1627)
4(756 1656 1657 757)
4(728 758 1658 1628)
4(757 1657 1658 758)
4(729 759 1659 1629)
4(758 1658 1659 759)
4(730 760 1660 1630)
4(759 1659 1660 760)
4(731 761 1661 1631)
4(760 1660 1661 761)
4(732 762 1662 1632)
4(761 1661 1662 762)
4(733 763 1663 1633)
4(762 1662 1663 763)
4(734 764 1664 1634)
4(763 1663 1664 764)
4(735 765 1665 1635)
4(764 1664 1665 765)
4(736 766 1666 1636)
4(765 1665 1666 766)
4(737 767 1667 1637)
4(766 1666 1667 767)
4(738 768 1668 1638)
4(767 1667 1668 768)
4(739 769 1669 1639)
4(768 1668 1669 769)
4(740 770 1670 1640)
4(769 1669 1670 770)
4(741 771 1671 1641)
4(770 1670 1671 771)
4(742 772 1672 1642)
4(771 1671 1672 772)
4(743 773 1673 1643)
4(772 1672 1673 773)
4(744 774 1674 1644)
4(773 1673 1674 774)
4(745 775 1675 1645)
4(774 1674 1675 775)
4(746 776 1676 1646)
4(775 1675 1676 776)
4(776 1676 1677 777)
4(749 779 1679 1649)
4(778 1678 1679 779)
4(750 780 1680 1650)
4(779 1679 1680 780)
4(751 781 1681 1651)
4(780 1680 1681 781)
4(752 782 1682 1652)
4(781 1681 1682 782)
4(753 783 1683 1653)
4(782 1682 1683 783)
4(754 784 1684 1654)
4(783 1683 1684 784)
4(755 785 1685 1655)
4(784 1684 1685 785)
4(756 786 1686 1656)
4(785 1685 1686 786)
4(757 787 1687 1657)
4(786 1686 1687 787)
4(758 788 1688 1658)
4(787 1687 1688 788)
4(759 789 1689 1659)
4(788 1688 1689 789)
4(760 790 1690 1660)
4(789 1689 1690 790)
4(761 791 1691 1661)
4(790 1690 1691 791)
4(762 792 1692 1662)
4(791 1691 1692 792)
4(763 793 1693 1663)
4(792 1692 1693 793)
4(764 794 1694 1664)
4(793 1693 1694 794)
4(765 795 1695 1665)
4(794 1694 1695 795)
4(766 796 1696 1666)
4(795 1695 1696 796)
4(767 797 1697 1667)
4(796 1696 1697 797)
4(768 798 1698 1668)
4(797 1697 1698 798)
4(769 799 1699 1669)
4(798 1698 1699 799)
4(770 800 1700 1670)
4(799 1699 1700 800)
4(771 801 1701 1671)
4(800 1700 1701 801)
4(772 802 1702 1672)
4(801 1701 1702 802)
4(773 803 1703 1673)
4(802 1702 1703 803)
4(774 804 1704 1674)
4(803 1703 1704 804)
4(775 805 1705 1675)
4(804 1704 1705 805)
4(776 806 1706 1676)
4(805 1705 1706 806)
4(806 1706 1707 807)
4(779 809 1709 1679)
4(808 1708 1709 809)
4(780 810 1710 1680)
4(809 1709 1710 810)
4(781 811 1711 1681)
4(810 1710 1711 811)
4(782 812 1712 1682)
4(811 1711 1712 812)
4(783 813 1713 1683)
4(812 1712 1713 813)
4(784 814 1714 1684)
4(813 1713 1714 814)
4(785 815 1715 1685)
4(814 1714 1715 815)
4(786 816 1716 1686)
4(815 1715 1716 816)
4(787 817 1717 1687)
4(816 1716 1717 817)
4(788 818 1718 1688)
4(817 1717 1718 818)
4(789 819 1719 1689)
4(818 1718 1719 819)
4(790 820 1720 1690)
4(819 1719 1720 820)
4(791 821 1721 1691)
4(820 1720 1721 821)
4(792 822 1722 1692)
4(821 1721 1722 822)
4(793 823 1723 1693)
4(822 1722 1723 823)
4(794 824 1724 1694)
4(823 1723 1724 824)
4(795 825 1725 1695)
4(824 1724 1725 825)
4(796 826 1726 1696)
4(825 1725 1726 826)
4(797 827 1727 1697)
4(826 1726 1727 827)
4(798 828 1728 1698)
4(827 1727 1728 828)
4(799 829 1729 1699)
4(828 1728 1729 829)
4(800 830 1730 1700)
4(829 1729 1730 830)
4(801 831 1731 1701)
4(830 1730 1731 831)
4(802 832 1732 1702)
4(831 1731 1732 832)
4(803 833 1733 1703)
4(832 1732 1733 833)
4(804 834 1734 1704)
4(833 1733 1734 834)
4(805 835 1735 1705)
4(834 1734 1735 835)
4(806 836 1736 1706)
4(835 1735 1736 836)
4(836 1736 1737 837)
4(809 839 1739 1709)
4(838 1738 1739 839)
4(810 840 1740 1710)
4(839 1739 1740 840)
4(811 841 1741 1711)
4(840 1740 1741 841)
4(812 842 1742 1712)
4(841 1741 1742 842)
4(813 843 1743 1713)
4(842 1742 1743 843)
4(814 844 1744 1714)
4(843 1743 1744 844)
4(815 845 1745 1715)
4(844 1744 1745 845)
4(816 846 1746 1716)
4(845 1745 1746 846)
4(817 847 1747 1717)
4(846 1746 1747 847)
4(818 848 1748 1718)
4(847 1747 1748 848)
4(819 849 1749 1719)
4(848 1748 1749 849)
4(820 850 1750 1720)
4(849 1749 1750 850)
4(821 851 1751 1721)
4(850 1750 1751 851)
4(822 852 1752 1722)
4(851 1751 1752 852)
4(823 853 1753 1723)
4(852 1752 1753 853)
4(824 854 1754 1724)
4(853 1753 1754 854)
4(825 855 1755 1725)
4(854 1754 1755 855)
4(826 856 1756 1726)
4(855 1755 1756 856)
4(827 857 1757 1727)
4(856 1756 1757 857)
4(828 858 1758 1728)
4(857 1757 1758 858)
4(829 859 1759 1729)
4(858 1758 1759 859)
4(830 860 1760 1730)
4(859 1759 1760 860)
4(831 861 1761 1731)
4(860 1760 1761 861)
4(832 862 1762 1732)
4(861 1761 1762 862)
4(833 863 1763 1733)
4(862 1762 1763 863)
4(834 864 1764 1734)
4(863 1763 1764 864)
4(835 865 1765 1735)
4(864 1764 1765 865)
4(836 866 1766 1736)
4(865 1765 1766 866)
4(866 1766 1767 867)
4(839 868 1768 1739)
4(840 869 1769 1740)
4(841 870 1770 1741)
4(842 871 1771 1742)
4(843 872 1772 1743)
4(844 873 1773 1744)
4(845 874 1774 1745)
4(846 875 1775 1746)
4(847 876 1776 1747)
4(848 877 1777 1748)
4(849 878 1778 1749)
4(850 879 1779 1750)
4(851 880 1780 1751)
4(852 881 1781 1752)
4(853 882 1782 1753)
4(854 883 1783 1754)
4(855 884 1784 1755)
4(856 885 1785 1756)
4(857 886 1786 1757)
4(858 887 1787 1758)
4(859 888 1788 1759)
4(860 889 1789 1760)
4(861 890 1790 1761)
4(862 891 1791 1762)
4(863 892 1792 1763)
4(864 893 1793 1764)
4(865 894 1794 1765)
4(866 895 1795 1766)
4(0 896 1796 900)
4(0 900 958 58)
4(58 958 988 88)
4(88 988 1018 118)
4(118 1018 1048 148)
4(148 1048 1078 178)
4(178 1078 1108 208)
4(208 1108 1138 238)
4(238 1138 1168 268)
4(268 1168 1198 298)
4(298 1198 1228 328)
4(328 1228 1258 358)
4(358 1258 1288 388)
4(388 1288 1318 418)
4(418 1318 1348 448)
4(448 1348 1378 478)
4(478 1378 1408 508)
4(508 1408 1438 538)
4(538 1438 1468 568)
4(568 1468 1498 598)
4(598 1498 1528 628)
4(628 1528 1558 658)
4(658 1558 1588 688)
4(688 1588 1618 718)
4(718 1618 1648 748)
4(748 1648 1678 778)
4(778 1678 1708 808)
4(808 1708 1738 838)
4(838 1738 1797 897)
4(57 957 1798 898)
4(57 87 987 957)
4(87 117 1017 987)
4(117 147 1047 1017)
4(147 177 1077 1047)
4(177 207 1107 1077)
4(207 237 1137 1107)
4(237 267 1167 1137)
4(267 297 1197 1167)
4(297 327 1227 1197)
4(327 357 1257 1227)
4(357 387 1287 1257)
4(387 417 1317 1287)
4(417 447 1347 1317)
4(447 477 1377 1347)
4(477 507 1407 1377)
4(507 537 1437 1407)
4(537 567 1467 1437)
4(567 597 1497 1467)
4(597 627 1527 1497)
4(627 657 1557 1527)
4(657 687 1587 1557)
4(687 717 1617 1587)
4(717 747 1647 1617)
4(747 777 1677 1647)
4(777 807 1707 1677)
4(807 837 1737 1707)
4(837 867 1767 1737)
4(867 899 1799 1767)
4(2 902 1796 896)
4(2 4 904 902)
4(4 6 906 904)
4(6 8 908 906)
4(8 10 910 908)
4(10 12 912 910)
4(12 14 914 912)
4(14 16 916 914)
4(16 18 918 916)
4(18 20 920 918)
4(20 22 922 920)
4(22 24 924 922)
4(24 26 926 924)
4(26 28 928 926)
4(28 30 930 928)
4(30 32 932 930)
4(32 34 934 932)
4(34 36 936 934)
4(36 38 938 936)
4(38 40 940 938)
4(40 42 942 940)
4(42 44 944 942)
4(44 46 946 944)
4(46 48 948 946)
4(48 50 950 948)
4(50 52 952 950)
4(52 54 954 952)
4(54 56 956 954)
4(56 898 1798 956)
4(897 1797 1768 868)
4(868 1768 1769 869)
4(869 1769 1770 870)
4(870 1770 1771 871)
4(871 1771 1772 872)
4(872 1772 1773 873)
4(873 1773 1774 874)
4(874 1774 1775 875)
4(875 1775 1776 876)
4(876 1776 1777 877)
4(877 1777 1778 878)
4(878 1778 1779 879)
4(879 1779 1780 880)
4(880 1780 1781 881)
4(881 1781 1782 882)
4(882 1782 1783 883)
4(883 1783 1784 884)
4(884 1784 1785 885)
4(885 1785 1786 886)
4(886 1786 1787 887)
4(887 1787 1788 888)
4(888 1788 1789 889)
4(889 1789 1790 890)
4(890 1790 1791 891)
4(891 1791 1792 892)
4(892 1792 1793 893)
4(893 1793 1794 894)
4(894 1794 1795 895)
4(895 1795 1799 899)
4(1 2 896 0)
4(901 900 1796 902)
4(1 3 4 2)
4(901 902 904 903)
4(3 5 6 4)
4(903 904 906 905)
4(5 7 8 6)
4(905 906 908 907)
4(7 9 10 8)
4(907 908 910 909)
4(9 11 12 10)
4(909 910 912 911)
4(11 13 14 12)
4(911 912 914 913)
4(13 15 16 14)
4(913 914 916 915)
4(15 17 18 16)
4(915 916 918 917)
4(17 19 20 18)
4(917 918 920 919)
4(19 21 22 20)
4(919 920 922 921)
4(21 23 24 22)
4(921 922 924 923)
4(23 25 26 24)
4(923 924 926 925)
4(25 27 28 26)
4(925 926 928 927)
4(27 29 30 28)
4(927 928 930 929)
4(29 31 32 30)
4(929 930 932 931)
4(31 33 34 32)
4(931 932 934 933)
4(33 35 36 34)
4(933 934 936 935)
4(35 37 38 36)
4(935 936 938 937)
4(37 39 40 38)
4(937 938 940 939)
4(39 41 42 40)
4(939 940 942 941)
4(41 43 44 42)
4(941 942 944 943)
4(43 45 46 44)
4(943 944 946 945)
4(45 47 48 46)
4(945 946 948 947)
4(47 49 50 48)
4(947 948 950 949)
4(49 51 52 50)
4(949 950 952 951)
4(51 53 54 52)
4(951 952 954 953)
4(53 55 56 54)
4(953 954 956 955)
4(55 57 898 56)
4(955 956 1798 957)
4(0 58 59 1)
4(900 901 959 958)
4(1 59 60 3)
4(901 903 960 959)
4(3 60 61 5)
4(903 905 961 960)
4(5 61 62 7)
4(905 907 962 961)
4(7 62 63 9)
4(907 909 963 962)
4(9 63 64 11)
4(909 911 964 963)
4(11 64 65 13)
4(911 913 965 964)
4(13 65 66 15)
4(913 915 966 965)
4(15 66 67 17)
4(915 917 967 966)
4(17 67 68 19)
4(917 919 968 967)
4(19 68 69 21)
4(919 921 969 968)
4(21 69 70 23)
4(921 923 970 969)
4(23 70 71 25)
4(923 925 971 970)
4(25 71 72 27)
4(925 927 972 971)
4(27 72 73 29)
4(927 929 973 972)
4(29 73 74 31)
4(929 931 974 973)
4(31 74 75 33)
4(931 933 975 974)
4(33 75 76 35)
4(933 935 976 975)
4(35 76 77 37)
4(935 937 977 976)
4(37 77 78 39)
4(937 939 978 977)
4(39 78 79 41)
4(939 941 979 978)
4(41 79 80 43)
4(941 943 980 979)
4(43 80 81 45)
4(943 945 981 980)
4(45 81 82 47)
4(945 947 982 981)
4(47 82 83 49)
4(947 949 983 982)
4(49 83 84 51)
4(949 951 984 983)
4(51 84 85 53)
4(951 953 985 984)
4(53 85 86 55)
4(953 955 986 985)
4(55 86 87 57)
4(955 957 987 986)
4(58 88 89 59)
4(958 959 989 988)
4(59 89 90 60)
4(959 960 990 989)
4(60 90 91 61)
4(960 961 991 990)
4(61 91 92 62)
4(961 962 992 991)
4(62 92 93 63)
4(962 963 993 992)
4(63 93 94 64)
4(963 964 994 993)
4(64 94 95 65)
4(964 965 995 994)
4(65 95 96 66)
4(965 966 996 995)
4(66 96 97 67)
4(966 967 997 996)
4(67 97 98 68)
4(967 968 998 997)
4(68 98 99 69)
4(968 969 999 998)
4(69 99 100 70)
4(969 970 1000 999)
4(70 100 101 71)
4(970 971 1001 1000)
4(71 101 102 72)
4(971 972 1002 1001)
4(72 102 103 73)
4(972 973 1003 1002)
4(73 103 104 74)
4(973 974 1004 1003)
4(74 104 105 75)
4(974 975 1005 1004)
4(75 105 106 76)
4(975 976 1006 1005)
4(76 106 107 77)
4(976 977 1007 1006)
4(77 107 108 78)
4(977 978 1008 1007)
4(78 108 109 79)
4(978 979 1009 1008)
4(79 109 110 80)
4(979 980 1010 1009)
4(80 110 111 81)
4(980 981 1011 1010)
4(81 111 112 82)
4(981 982 1012 1011)
4(82 112 113 83)
4(982 983 1013 1012)
4(83 113 114 84)
4(983 984 1014 1013)
4(84 114 115 85)
4(984 985 1015 1014)
4(85 115 116 86)
4(985 986 1016 1015)
4(86 116 117 87)
4(986 987 1017 1016)
4(88 118 119 89)
4(988 989 1019 1018)
4(89 119 120 90)
4(989 990 1020 1019)
4(90 120 121 91)
4(990 991 1021 1020)
4(91 121 122 92)
4(991 992 1022 1021)
4(92 122 123 93)
4(992 993 1023 1022)
4(93 123 124 94)
4(993 994 1024 1023)
4(94 124 125 95)
4(994 995 1025 1024)
4(95 125 126 96)
4(995 996 1026 1025)
4(96 126 127 97)
4(996 997 1027 1026)
4(97 127 128 98)
4(997 998 1028 1027)
4(98 128 129 99)
4(998 999 1029 1028)
4(99 129 130 100)
4(999 1000 1030 1029)
4(100 130 131 101)
4(1000 1001 1031 1030)
4(101 131 132 102)
4(1001 1002 1032 1031)
4(102 132 133 103)
4(1002 1003 1033 1032)
4(103 133 134 104)
4(1003 1004 1034 1033)
4(104 134 135 105)
4(1004 1005 1035 1034)
4(105 135 136 106)
4(1005 1006 1036 1035)
4(106 136 137 107)
4(1006 1007 1037 1036)
4(107 137 138 108)
4(1007 1008 1038 1037)
4(108 138 139 109)
4(1008 1009 1039 1038)
4(109 139 140 110)
4(1009 1010 1040 1039)
4(110 140 141 111)
4(1010 1011 1041 1040)
4(111 141 142 112)
4(1011 1012 1042 1041)
4(112 142 143 113)
4(1012 1013 1043 1042)
4(113 143 144 114)
4(1013 1014 1044 1043)
4(114 144 145 115)
4(1014 1015 1045 1044)
4(115 145 146 116)
4(1015 1016 1046 1045)
4(116 146 147 117)
4(1016 1017 1047 1046)
4(118 148 149 119)
4(1018 1019 1049 1048)
4(119 149 150 120)
4(1019 1020 1050 1049)
4(120 150 151 121)
4(1020 1021 1051 1050)
4(121 151 152 122)
4(1021 1022 1052 1051)
4(122 152 153 123)
4(1022 1023 1053 1052)
4(123 153 154 124)
4(1023 1024 1054 1053)
4(124 154 155 125)
4(1024 1025 1055 1054)
4(125 155 156 126)
4(1025 1026 1056 1055)
4(126 156 157 127)
4(1026 1027 1057 1056)
4(127 157 158 128)
4(1027 1028 1058 1057)
4(128 158 159 129)
4(1028 1029 1059 1058)
4(129 159 160 130)
4(1029 1030 1060 1059)
4(130 160 161 131)
4(1030 1031 1061 1060)
4(131 161 162 132)
4(1031 1032 1062 1061)
4(132 162 163 133)
4(1032 1033 1063 1062)
4(133 163 164 134)
4(1033 1034 1064 1063)
4(134 164 165 135)
4(1034 1035 1065 1064)
4(135 165 166 136)
4(1035 1036 1066 1065)
4(136 166 167 137)
4(1036 1037 1067 1066)
4(137 167 168 138)
4(1037 1038 1068 1067)
4(138 168 169 139)
4(1038 1039 1069 1068)
4(139 169 170 140)
4(1039 1040 1070 1069)
4(140 170 171 141)
4(1040 1041 1071 1070)
4(141 171 172 142)
4(1041 1042 1072 1071)
4(142 172 173 143)
4(1042 1043 1073 1072)
4(143 173 174 144)
4(1043 1044 1074 1073)
4(144 174 175 145)
4(1044 1045 1075 1074)
4(145 175 176 146)
4(1045 1046 1076 1075)
4(146 176 177 147)
4(1046 1047 1077 1076)
4(148 178 179 149)
4(1048 1049 1079 1078)
4(149 179 180 150)
4(1049 1050 1080 1079)
4(150 180 181 151)
4(1050 1051 1081 1080)
4(151 181 182 152)
4(1051 1052 1082 1081)
4(152 182 183 153)
4(1052 1053 1083 1082)
4(153 183 184 154)
4(1053 1054 1084 1083)
4(154 184 185 155)
4(1054 1055 1085 1084)
4(155 185 186 156)
4(1055 1056 1086 1085)
4(156 186 187 157)
4(1056 1057 1087 1086)
4(157 187 188 158)
4(1057 1058 1088 1087)
4(158 188 189 159)
4(1058 1059 1089 1088)
4(159 189 190 160)
4(1059 1060 1090 1089)
4(160 190 191 161)
4(1060 1061 1091 1090)
4(161 191 192 162)
4(1061 1062 1092 1091)
4(162 192 193 163)
4(1062 1063 1093 1092)
4(163 193 194 164)
4(1063 1064 1094 1093)
4(164 194 195 165)
4(1064 1065 1095 1094)
4(165 195 196 166)
4(1065 1066 1096 1095)
4(166 196 197 167)
4(1066 1067 1097 1096)
4(167 197 198 168)
4(1067 1068 1098 1097)
4(168 198 199 169)
4(1068 1069 1099 1098)
4(169 199 200 170)
4(1069 1070 1100 1099)
4(170 200 201 171)
4(1070 1071 1101 1100)
4(171 201 202 172)
4(1071 1072 1102 1101)
4(172 202 203 173)
4(1072 1073 1103 1102)
4(173 203 204 174)
4(1073 1074 1104 1103)
4(174 204 205 175)
4(1074 1075 1105 1104)
4(175 205 206 176)
4(1075 1076 1106 1105)
4(176 206 207 177)
4(1076 1077 1107 1106)
4(178 208 209 179)
4(1078 1079 1109 1108)
4(179 209 210 180)
4(1079 1080 1110 1109)
4(180 210 211 181)
4(1080 1081 1111 1110)
4(181 211 212 182)
4(1081 1082 1112 1111)
4(182 212 213 183)
4(1082 1083 1113 1112)
4(183 213 214 184)
4(1083 1084 1114 1113)
4(184 214 215 185)
4(1084 1085 1115 1114)
4(185 215 216 186)
4(1085 1086 1116 1115)
4(186 216 217 187)
4(1086 1087 1117 1116)
4(187 217 218 188)
4(1087 1088 1118 1117)
4(188 218 219 189)
4(1088 1089 1119 1118)
4(189 219 220 190)
4(1089 1090 1120 1119)
4(190 220 221 191)
4(1090 1091 1121 1120)
4(191 221 222 192)
4(1091 1092 1122 1121)
4(192 222 223 193)
4(1092 1093 1123 1122)
4(193 223 224 194)
4(1093 1094 1124 1123)
4(194 224 225 195)
4(1094 1095 1125 1124)
4(195 225 226 196)
4(1095 1096 1126 1125)
4(196 226 227 197)
4(1096 1097 1127 1126)
4(197 227 228 198)
4(1097 1098 1128 1127)
4(198 228 229 199)
4(1098 1099 1129 1128)
4(199 229 230 200)
4(1099 1100 1130 1129)
4(200 230 231 201)
4(1100 1101 1131 1130)
4(201 231 232 202)
4(1101 1102 1132 1131)
4(202 232 233 203)
4(1102 1103 1133 1132)
4(203 233 234 204)
4(1103 1104 1134 1133)
4(204 234 235 205)
4(1104 1105 1135 1134)
4(205 235 236 206)
4(1105 1106 1136 1135)
4(206 236 237 207)
4(1106 1107 1137 1136)
4(208 238 239 209)
4(1108 1109 1139 1138)
4(209 239 240 210)
4(1109 1110 1140 1139)
4(210 240 241 211)
4(1110 1111 1141 1140)
4(211 241 242 212)
4(1111 1112 1142 1141)
4(212 242 243 213)
4(1112 1113 1143 1142)
4(213 243 244 214)
4(1113 1114 1144 1143)
4(214 244 245 215)
4(1114 1115 1145 1144)
4(215 245 246 216)
4(1115 1116 1146 1145)
4(216 246 247 217)
4(1116 1117 1147 1146)
4(217 247 248 218)
4(1117 1118 1148 1147)
4(218 248 249 219)
4(1118 1119 1149 1148)
4(219 249 250 220)
4(1119 1120 1150 1149)
4(220 250 251 221)
4(1120 1121 1151 1150)
4(221 251 252 222)
4(1121 1122 1152 1151)
4(222 252 253 223)
4(1122 1123 1153 1152)
4(223 253 254 224)
4(1123 1124 1154 1153)
4(224 254 255 225)
4(1124 1125 1155 1154)
4(225 255 256 226)
4(1125 1126 1156 1155)
4(226 256 257 227)
4(1126 1127 1157 1156)
4(227 257 258 228)
4(1127 1128 1158 1157)
4(228 258 259 229)
4(1128 1129 1159 1158)
4(229 259 260 230)
4(1129 1130 1160 1159)
4(230 260 261 231)
4(1130 1131 1161 1160)
4(231 261 262 232)
4(1131 1132 1162 1161)
4(232 262 263 233)
4(1132 1133 1163 1162)
4(233 263 264 234)
4(1133 1134 1164 1163)
4(234 264 265 235)
4(1134 1135 1165 1164)
4(235 265 266 236)
4(1135 1136 1166 1165)
4(236 266 267 237)
4(1136 1137 1167 1166)
4(238 268 269 239)
4(1138 1139 1169 1168)
4(239 269 270 240)
4(1139 1140 1170 1169)
4(240 270 271 241)
4(1140 1141 1171 1170)
4(241 271 272 242)
4(1141 1142 1172 1171)
4(242 272 273 243)
4(1142 1143 1173 1172)
4(243 273 274 244)
4(1143 1144 1174 1173)
4(244 274 275 245)
4(1144 1145 1175 1174)
4(245 275 276 246)
4(1145 1146 1176 1175)
4(246 276 277 247)
4(1146 1147 1177 1176)
4(247 277 278 248)
4(1147 1148 1178 1177)
4(248 278 279 249)
4(1148 1149 1179 1178)
4(249 279 280 250)
4(1149 1150 1180 1179)
4(250 280 281 251)
4(1150 1151 1181 1180)
4(251 281 282 252)
4(1151 1152 1182 1181)
4(252 282 283 253)
4(1152 1153 1183 1182)
4(253 283 284 254)
4(1153 1154 1184 1183)
4(254 284 285 255)
4(1154 1155 1185 1184)
4(255 285 286 256)
4(1155 1156 1186 1185)
4(256 286 287 257)
4(1156 1157 1187 1186)
4(257 287 288 258)
4(1157 1158 1188 1187)
4(258 288 289 259)
4(1158 1159 1189 1188)
4(259 289 290 260)
4(1159 1160 1190 1189)
4(260 290 291 261)
4(1160 1161 1191 1190)
4(261 291 292 262)
4(1161 1162 1192 1191)
4(262 292 293 263)
4(1162 1163 1193 1192)
4(263 293 294 264)
4(1163 1164 1194 1193)
4(264 294 295 265)
4(1164 1165 1195 1194)
4(265 295 296 266)
4(1165 1166 1196 1195)
4(266 296 297 267)
4(1166 1167 1197 1196)
4(268 298 299 269)
4(1168 1169 1199 1198)
4(269 299 300 270)
4(1169 1170 1200 1199)
4(270 300 301 271)
4(1170 1171 1201 1200)
4(271 301 302 272)
4(1171 1172 1202 1201)
4(272 302 303 273)
4(1172 1173 1203 1202)
4(273 303 304 274)
4(1173 1174 1204 1203)
4(274 304 305 275)
4(1174 1175 1205 1204)
4(275 305 306 276)
4(1175 1176 1206 1205)
4(276 306 307 277)
4(1176 1177 1207 1206)
4(277 307 308 278)
4(1177 1178 1208 1207)
4(278 308 309 279)
4(1178 1179 1209 1208)
4(279 309 310 280)
4(1179 1180 1210 1209)
4(280 310 311 281)
4(1180 1181 1211 1210)
4(281 311 312 282)
4(1181 1182 1212 1211)
4(282 312 313 283)
4(1182 1183 1213 1212)
4(283 313 314 284)
4(1183 1184 1214 1213)
4(284 314 315 285)
4(1184 1185 1215 1214)
4(285 315 316 286)
4(1185 1186 1216 1215)
4(286 316 317 287)
4(1186 1187 1217 1216)
4(287 317 318 288)
4(1187 1188 1218 1217)
4(288 318 319 289)
4(1188 1189 1219 1218)
4(289 319 320 290)
4(1189 1190 1220 1219)
4(290 320 321 291)
4(1190 1191 1221 1220)
4(291 321 322 292)
4(1191 1192 1222 1221)
4(292 322 323 293)
4(1192 1193 1223 1222)
4(293 323 324 294)
4(1193 1194 1224 1223)
4(294 324 325 295)
4(1194 1195 1225 1224)
4(295 325 326 296)
4(1195 1196 1226 1225)
4(296 326 327 297)
4(1196 1197 1227 1226)
4(298 328 329 299)
4(1198 1199 1229 1228)
4(299 329 330 300)
4(1199 1200 1230 1229)
4(300 330 331 301)
4(1200 1201 1231 1230)
4(301 331 332 302)
4(1201 1202 1232 1231)
4(302 332 333 303)
4(1202 1203 1233 1232)
4(303 333 334 304)
4(1203 1204 1234 1233)
4(304 334 335 305)
4(1204 1205 1235 1234)
4(305 335 336 306)
4(1205 1206 1236 1235)
4(306 336 337 307)
4(1206 1207 1237 1236)
4(307 337 338 308)
4(1207 1208 1238 1237)
4(308 338 339 309)
4(1208 1209 1239 1238)
4(309 339 340 310)
4(1209 1210 1240 1239)
4(310 340 341 311)
4(1210 1211 1241 1240)
4(311 341 342 312)
4(1211 1212 1242 1241)
4(312 342 343 313)
4(1212 1213 1243 1242)
4(313 343 344 314)
4(1213 1214 1244 1243)
4(314 344 345 315)
4(1214 1215 1245 1244)
4(315 345 346 316)
4(1215 1216 1246 1245)
4(316 346 347 317)
4(1216 1217 1247 1246)
4(317 347 348 318)
4(1217 1218 1248 1247)
4(318 348 349 319)
4(1218 1219 1249 1248)
4(319 349 350 320)
4(1219 1220 1250 1249)
4(320 350 351 321)
4(1220 1221 1251 1250)
4(321 351 352 322)
4(1221 1222 1252 1251)
4(322 352 353 323)
4(1222 1223 1253 1252)
4(323 353 354 324)
4(1223 1224 1254 1253)
4(324 354 355 325)
4(1224 1225 1255 1254)
4(325 355 356 326)
4(1225 1226 1256 1255)
4(326 356 357 327)
4(1226 1227 1257 1256)
4(328 358 359 329)
4(1228 1229 1259 1258)
4(329 359 360 330)
4(1229 1230 1260 1259)
4(330 360 361 331)
4(1230 1231 1261 1260)
4(331 361 362 332)
4(1231 1232 1262 1261)
4(332 362 363 333)
4(1232 1233 1263 1262)
4(333 363 364 334)
4(1233 1234 1264 1263)
4(334 364 365 335)
4(1234 1235 1265 1264)
4(335 365 366 336)
4(1235 1236 1266 1265)
4(336 366 367 337)
4(1236 1237 1267 1266)
4(337 367 368 338)
4(1237 1238 1268 1267)
4(338 368 369 339)
4(1238 1239 1269 1268)
4(339 369 370 340)
4(1239 1240 1270 1269)
4(340 370 371 341)
4(1240 1241 1271 1270)
4(341 371 372 342)
4(1241 1242 1272 1271)
4(342 372 373 343)
4(1242 1243 1273 1272)
4(343 373 374 344)
4(1243 1244 1274 1273)
4(344 374 375 345)
4(1244 1245 1275 1274)
4(345 375 376 346)
4(1245 1246 1276 1275)
4(346 376 377 347)
4(1246 1247 1277 1276)
4(347 377 378 348)
4(1247 1248 1278 1277)
4(348 378 379 349)
4(1248 1249 1279 1278)
4(349 379 380 350)
4(1249 1250 1280 1279)
4(350 380 381 351)
4(1250 1251 1281 1280)
4(351 381 382 352)
4(1251 1252 1282 1281)
4(352 382 383 353)
4(1252 1253 1283 1282)
4(353 383 384 354)
4(1253 1254 1284 1283)
4(354 384 385 355)
4(1254 1255 1285 1284)
4(355 385 386 356)
4(1255 1256 1286 1285)
4(356 386 387 357)
4(1256 1257 1287 1286)
4(358 388 389 359)
4(1258 1259 1289 1288)
4(359 389 390 360)
4(1259 1260 1290 1289)
4(360 390 391 361)
4(1260 1261 1291 1290)
4(361 391 392 362)
4(1261 1262 1292 1291)
4(362 392 393 363)
4(1262 1263 1293 1292)
4(363 393 394 364)
4(1263 1264 1294 1293)
4(364 394 395 365)
4(1264 1265 1295 1294)
4(365 395 396 366)
4(1265 1266 1296 1295)
4(366 396 397 367)
4(1266 1267 1297 1296)
4(367 397 398 368)
4(1267 1268 1298 1297)
4(368 398 399 369)
4(1268 1269 1299 1298)
4(369 399 400 370)
4(1269 1270 1300 1299)
4(370 400 401 371)
4(1270 1271 1301 1300)
4(371 401 402 372)
4(1271 1272 1302 1301)
4(372 402 403 373)
4(1272 1273 1303 1302)
4(373 403 404 374)
4(1273 1274 1304 1303)
4(374 404 405 375)
4(1274 1275 1305 1304)
4(375 405 406 376)
4(1275 1276 1306 1305)
4(376 406 407 377)
4(1276 1277 1307 1306)
4(377 407 408 378)
4(1277 1278 1308 1307)
4(378 408 409 379)
4(1278 1279 1309 1308)
4(379 409 410 380)
4(1279 1280 1310 1309)
4(380 410 411 381)
4(1280 1281 1311 1310)
4(381 411 412 382)
4(1281 1282 1312 1311)
4(382 412 413 383)
4(1282 1283 1313 1312)
4(383 413 414 384)
4(1283 1284 1314 1313)
4(384 414 415 385)
4(1284 1285 1315 1314)
4(385 415 416 386)
4(1285 1286 1316 1315)
4(386 416 417 387)
4(1286 1287 1317 1316)
4(388 418 419 389)
4(1288 1289 1319 1318)
4(389 419 420 390)
4(1289 1290 1320 1319)
4(390 420 421 391)
4(1290 1291 1321 1320)
4(391 421 422 392)
4(1291 1292 1322 1321)
4(392 422 423 393)
4(1292 1293 1323 1322)
4(393 423 424 394)
4(1293 1294 1324 1323)
4(394 424 425 395)
4(1294 1295 1325 1324)
4(395 425 426 396)
4(1295 1296 1326 1325)
4(396 426 427 397)
4(1296 1297 1327 1326)
4(397 427 428 398)
4(1297 1298 1328 1327)
4(398 428 429 399)
4(1298 1299 1329 1328)
4(399 429 430 400)
4(1299 1300 1330 1329)
4(400 430 431 401)
4(1300 1301 1331 1330)
4(401 431 432 402)
4(1301 1302 1332 1331)
4(402 432 433 403)
4(1302 1303 1333 1332)
4(403 433 434 404)
4(1303 1304 1334 1333)
4(404 434 435 405)
4(1304 1305 1335 1334)
4(405 435 436 406)
4(1305 1306 1336 1335)
4(406 436 437 407)
4(1306 1307 1337 1336)
4(407 437 438 408)
4(1307 1308 1338 1337)
4(408 438 439 409)
4(1308 1309 1339 1338)
4(409 439 440 410)
4(1309 1310 1340 1339)
4(410 440 441 411)
4(1310 1311 1341 1340)
4(411 441 442 412)
4(1311 1312 1342 1341)
4(412 442 443 413)
4(1312 1313 1343 1342)
4(413 443 444 414)
4(1313 1314 1344 1343)
4(414 444 445 415)
4(1314 1315 1345 1344)
4(415 445 446 416)
4(1315 1316 1346 1345)
4(416 446 447 417)
4(1316 1317 1347 1346)
4(418 448 449 419)
4(1318 1319 1349 1348)
4(419 449 450 420)
4(1319 1320 1350 1349)
4(420 450 451 421)
4(1320 1321 1351 1350)
4(421 451 452 422)
4(1321 1322 1352 1351)
4(422 452 453 423)
4(1322 1323 1353 1352)
4(423 453 454 424)
4(1323 1324 1354 1353)
4(424 454 455 425)
4(1324 1325 1355 1354)
4(425 455 456 426)
4(1325 1326 1356 1355)
4(426 456 457 427)
4(1326 1327 1357 1356)
4(427 457 458 428)
4(1327 1328 1358 1357)
4(428 458 459 429)
4(1328 1329 1359 1358)
4(429 459 460 430)
4(1329 1330 1360 1359)
4(430 460 461 431)
4(1330 1331 1361 1360)
4(431 461 462 432)
4(1331 1332 1362 1361)
4(432 462 463 433)
4(1332 1333 1363 1362)
4(433 463 464 434)
4(1333 1334 1364 1363)
4(434 464 465 435)
4(1334 1335 1365 1364)
4(435 465 466 436)
4(1335 1336 1366 1365)
4(436 466 467 437)
4(1336 1337 1367 1366)
4(437 467 468 438)
4(1337 1338 1368 1367)
4(438 468 469 439)
4(1338 1339 1369 1368)
4(439 469 470 440)
4(1339 1340 1370 1369)
4(440 470 471 441)
4(1340 1341 1371 1370)
4(441 471 472 442)
4(1341 1342 1372 1371)
4(442 472 473 443)
4(1342 1343 1373 1372)
4(443 473 474 444)
4(1343 1344 1374 1373)
4(444 474 475 445)
4(1344 1345 1375 1374)
4(445 475 476 446)
4(1345 1346 1376 1375)
4(446 476 477 447)
4(1346 1347 1377 1376)
4(448 478 479 449)
4(1348 1349 1379 1378)
4(449 479 480 450)
4(1349 1350 1380 1379)
4(450 480 481 451)
4(1350 1351 1381 1380)
4(451 481 482 452)
4(1351 1352 1382 1381)
4(452 482 483 453)
4(1352 1353 1383 1382)
4(453 483 484 454)
4(1353 1354 1384 1383)
4(454 484 485 455)
4(1354 1355 1385 1384)
4(455 485 486 456)
4(1355 1356 1386 1385)
4(456 486 487 457)
4(1356 1357 1387 1386)
4(457 487 488 458)
4(1357 1358 1388 1387)
4(458 488 489 459)
4(1358 1359 1389 1388)
4(459 489 490 460)
4(1359 1360 1390 1389)
4(460 490 491 461)
4(1360 1361 1391 1390)
4(461 491 492 462)
4(1361 1362 1392 1391)
4(462 492 493 463)
4(1362 1363 1393 1392)
4(463 493 494 464)
4(1363 1364 1394 1393)
4(464 494 495 465)
4(1364 1365 1395 1394)
4(465 495 496 466)
4(1365 1366 1396 1395)
4(466 496 497 467)
4(1366 1367 1397 1396)
4(467 497 498 468)
4(1367 1368 1398 1397)
4(468 498 499 469)
4(1368 1369 1399 1398)
4(469 499 500 470)
4(1369 1370 1400 1399)
4(470 500 501 471)
4(1370 1371 1401 1400)
4(471 501 502 472)
4(1371 1372 1402 1401)
4(472 502 503 473)
4(1372 1373 1403 1402)
4(473 503 504 474)
4(1373 1374 1404 1403)
4(474 504 505 475)
4(1374 1375 1405 1404)
4(475 505 506 476)
4(1375 1376 1406 1405)
4(476 506 507 477)
4(1376 1377 1407 1406)
4(478 508 509 479)
4(1378 1379 1409 1408)
4(479 509 510 480)
4(1379 1380 1410 1409)
4(480 510 511 481)
4(1380 1381 1411 1410)
4(481 511 512 482)
4(1381 1382 1412 1411)
4(482 512 513 483)
4(1382 1383 1413 1412)
4(483 513 514 484)
4(1383 1384 1414 1413)
4(484 514 515 485)
4(1384 1385 1415 1414)
4(485 515 516 486)
4(1385 1386 1416 1415)
4(486 516 517 487)
4(1386 1387 1417 1416)
4(487 517 518 488)
4(1387 1388 1418 1417)
4(488 518 519 489)
4(1388 1389 1419 1418)
4(489 519 520 490)
4(1389 1390 1420 1419)
4(490 520 521 491)
4(1390 1391 1421 1420)
4(491 521 522 492)
4(1391 1392 1422 1421)
4(492 522 523 493)
4(1392 1393 1423 1422)
4(493 523 524 494)
4(1393 1394 1424 1423)
4(494 524 525 495)
4(1394 1395 1425 1424)
4(495 525 526 496)
4(1395 1396 1426 1425)
4(496 526 527 497)
4(1396 1397 1427 1426)
4(497 527 528 498)
4(1397 1398 1428 1427)
4(498 528 529 499)
4(1398 1399 1429 1428)
4(499 529 530 500)
4(1399 1400 1430 1429)
4(500 530 531 501)
4(1400 1401 1431 1430)
4(501 531 532 502)
4(1401 1402 1432 1431)
4(502 532 533 503)
4(1402 1403 1433 1432)
4(503 533 534 504)
4(1403 1404 1434 1433)
4(504 534 535 505)
4(1404 1405 1435 1434)
4(505 535 536 506)
4(1405 1406 1436 1435)
4(506 536 537 507)
4(1406 1407 1437 1436)
4(508 538 539 509)
4(1408 1409 1439 1438)
4(509 539 540 510)
4(1409 1410 1440 1439)
4(510 540 541 511)
4(1410 1411 1441 1440)
4(511 541 542 512)
4(1411 1412 1442 1441)
4(512 542 543 513)
4(1412 1413 1443 1442)
4(513 543 544 514)
4(1413 1414 1444 1443)
4(514 544 545 515)
4(1414 1415 1445 1444)
4(515 545 546 516)
4(1415 1416 1446 1445)
4(516 546 547 517)
4(1416 1417 1447 1446)
4(517 547 548 518)
4(1417 1418 1448 1447)
4(518 548 549 519)
4(1418 1419 1449 1448)
4(519 549 550 520)
4(1419 1420 1450 1449)
4(520 550 551 521)
4(1420 1421 1451 1450)
4(521 551 552 522)
4(1421 1422 1452 1451)
4(522 552 553 523)
4(1422 1423 1453 1452)
4(523 553 554 524)
4(1423 1424 1454 1453)
4(524 554 555 525)
4(1424 1425 1455 1454)
4(525 555 556 526)
4(1425 1426 1456 1455)
4(526 556 557 527)
4(1426 1427 1457 1456)
4(527 557 558 528)
4(1427 1428 1458 1457)
4(528 558 559 529)
4(1428 1429 1459 1458)
4(529 559 560 530)
4(1429 1430 1460 1459)
4(530 560 561 531)
4(1430 1431 1461 1460)
4(531 561 562 532)
4(1431 1432 1462 1461)
4(532 562 563 533)
4(1432 1433 1463 1462)
4(533 563 564 534)
4(1433 1434 1464 1463)
4(534 564 565 535)
4(1434 1435 1465 1464)
4(535 565 566 536)
4(1435 1436 1466 1465)
4(536 566 567 537)
4(1436 1437 1467 1466)
4(538 568 569 539)
4(1438 1439 1469 1468)
4(539 569 570 540)
4(1439 1440 1470 1469)
4(540 570 571 541)
4(1440 1441 1471 1470)
4(541 571 572 542)
4(1441 1442 1472 1471)
4(542 572 573 543)
4(1442 1443 1473 1472)
4(543 573 574 544)
4(1443 1444 1474 1473)
4(544 574 575 545)
4(1444 1445 1475 1474)
4(545 575 576 546)
4(1445 1446 1476 1475)
4(546 576 577 547)
4(1446 1447 1477 1476)
4(547 577 578 548)
4(1447 1448 1478 1477)
4(548 578 579 549)
4(1448 1449 1479 1478)
4(549 579 580 550)
4(1449 1450 1480 1479)
4(550 580 581 551)
4(1450 1451 1481 1480)
4(551 581 582 552)
4(1451 1452 1482 1481)
4(552 582 583 553)
4(1452 1453 1483 1482)
4(553 583 584 554)
4(1453 1454 1484 1483)
4(554 584 585 555)
4(1454 1455 1485 1484)
4(555 585 586 556)
4(1455 1456 1486 1485)
4(556 586 587 557)
4(1456 1457 1487 1486)
4(557 587 588 558)
4(1457 1458 1488 1487)
4(558 588 589 559)
4(1458 1459 1489 1488)
4(559 589 590 560)
4(1459 1460 1490 1489)
4(560 590 591 561)
4(1460 1461 1491 1490)
4(561 591 592 562)
4(1461 1462 1492 1491)
4(562 592 593 563)
4(1462 1463 1493 1492)
4(563 593 594 564)
4(1463 1464 1494 1493)
4(564 594 595 565)
4(1464 1465 1495 1494)
4(565 595 596 566)
4(1465 1466 1496 1495)
4(566 596 597 567)
4(1466 1467 1497 1496)
4(568 598 599 569)
4(1468 1469 1499 1498)
4(569 599 600 570)
4(1469 1470 1500 1499)
4(570 600 601 571)
4(1470 1471 1501 1500)
4(571 601 602 572)
4(1471 1472 1502 1501)
4(572 602 603 573)
4(1472 1473 1503 1502)
4(573 603 604 574)
4(1473 1474 1504 1503)
4(574 604 605 575)
4(1474 1475 1505 1504)
4(575 605 606 576)
4(1475 1476 1506 1505)
4(576 606 607 577)
4(1476 1477 1507 1506)
4(577 607 608 578)
4(1477 1478 1508 1507)
4(578 608 609 579)
4(1478 1479 1509 1508)
4(579 609 610 580)
4(1479 1480 1510 1509)
4(580 610 611 581)
4(1480 1481 1511 1510)
4(581 611 612 582)
4(1481 1482 1512 1511)
4(582 612 613 583)
4(1482 1483 1513 1512)
4(583 613 614 584)
4(1483 1484 1514 1513)
4(584 614 615 585)
4(1484 1485 1515 1514)
4(585 615 616 586)
4(1485 1486 1516 1515)
4(586 616 617 587)
4(1486 1487 1517 1516)
4(587 617 618 588)
4(1487 1488 1518 1517)
4(588 618 619 589)
4(1488 1489 1519 1518)
4(589 619 620 590)
4(1489 1490 1520 1519)
4(590 620 621 591)
4(1490 1491 1521 1520)
4(591 621 622 592)
4(1491 1492 1522 1521)
4(592 622 623 593)
4(1492 1493 1523 1522)
4(593 623 624 594)
4(1493 1494 1524 1523)
4(594 624 625 595)
4(1494 1495 1525 1524)
4(595 625 626 596)
4(1495 1496 1526 1525)
4(596 626 627 597)
4(1496 1497 1527 1526)
4(598 628 629 599)
4(1498 1499 1529 1528)
4(599 629 630 600)
4(1499 1500 1530 1529)
4(600 630 631 601)
4(1500 1501 1531 1530)
4(601 631 632 602)
4(1501 1502 1532 1531)
4(602 632 633 603)
4(1502 1503 1533 1532)
4(603 633 634 604)
4(1503 1504 1534 1533)
4(604 634 635 605)
4(1504 1505 1535 1534)
4(605 635 636 606)
4(1505 1506 1536 1535)
4(606 636 637 607)
4(1506 1507 1537 1536)
4(607 637 638 608)
4(1507 1508 1538 1537)
4(608 638 639 609)
4(1508 1509 1539 1538)
4(609 639 640 610)
4(1509 1510 1540 1539)
4(610 640 641 611)
4(1510 1511 1541 1540)
4(611 641 642 612)
4(1511 1512 1542 1541)
4(612 642 643 613)
4(1512 1513 1543 1542)
4(613 643 644 614)
4(1513 1514 1544 1543)
4(614 644 645 615)
4(1514 1515 1545 1544)
4(615 645 646 616)
4(1515 1516 1546 1545)
4(616 646 647 617)
4(1516 1517 1547 1546)
4(617 647 648 618)
4(1517 1518 1548 1547)
4(618 648 649 619)
4(1518 1519 1549 1548)
4(619 649 650 620)
4(1519 1520 1550 1549)
4(620 650 651 621)
4(1520 1521 1551 1550)
4(621 651 652 622)
4(1521 1522 1552 1551)
4(622 652 653 623)
4(1522 1523 1553 1552)
4(623 653 654 624)
4(1523 1524 1554 1553)
4(624 654 655 625)
4(1524 1525 1555 1554)
4(625 655 656 626)
4(1525 1526 1556 1555)
4(626 656 657 627)
4(1526 1527 1557 1556)
4(628 658 659 629)
4(1528 1529 1559 1558)
4(629 659 660 630)
4(1529 1530 1560 1559)
4(630 660 661 631)
4(1530 1531 1561 1560)
4(631 661 662 632)
4(1531 1532 1562 1561)
4(632 662 663 633)
4(1532 1533 1563 1562)
4(633 663 664 634)
4(1533 1534 1564 1563)
4(634 664 665 635)
4(1534 1535 1565 1564)
4(635 665 666 636)
4(1535 1536 1566 1565)
4(636 666 667 637)
4(1536 1537 1567 1566)
4(637 667 668 638)
4(1537 1538 1568 1567)
4(638 668 669 639)
4(1538 1539 1569 1568)
4(639 669 670 640)
4(1539 1540 1570 1569)
4(640 670 671 641)
4(1540 1541 1571 1570)
4(641 671 672 642)
4(1541 1542 1572 1571)
4(642 672 673 643)
4(1542 1543 1573 1572)
4(643 673 674 644)
4(1543 1544 1574 1573)
4(644 674 675 645)
4(1544 1545 1575 1574)
4(645 675 676 646)
4(1545 1546 1576 1575)
4(646 676 677 647)
4(1546 1547 1577 1576)
4(647 677 678 648)
4(1547 1548 1578 1577)
4(648 678 679 649)
4(1548 1549 1579 1578)
4(649 679 680 650)
4(1549 1550 1580 1579)
4(650 680 681 651)
4(1550 1551 1581 1580)
4(651 681 682 652)
4(1551 1552 1582 1581)
4(652 682 683 653)
4(1552 1553 1583 1582)
4(653 683 684 654)
4(1553 1554 1584 1583)
4(654 684 685 655)
4(1554 1555 1585 1584)
4(655 685 686 656)
4(1555 1556 1586 1585)
4(656 686 687 657)
4(1556 1557 1587 1586)
4(658 688 689 659)
4(1558 1559 1589 1588)
4(659 689 690 660)
4(1559 1560 1590 1589)
4(660 690 691 661)
4(1560 1561 1591 1590)
4(661 691 692 662)
4(1561 1562 1592 1591)
4(662 692 693 663)
4(1562 1563 1593 1592)
4(663 693 694 664)
4(1563 1564 1594 1593)
4(664 694 695 665)
4(1564 1565 1595 1594)
4(665 695 696 666)
4(1565 1566 1596 1595)
4(666 696 697 667)
4(1566 1567 1597 1596)
4(667 697 698 668)
4(1567 1568 1598 1597)
4(668 698 699 669)
4(1568 1569 1599 1598)
4(669 699 700 670)
4(1569 1570 1600 1599)
4(670 700 701 671)
4(1570 1571 1601 1600)
4(671 701 702 672)
4(1571 1572 1602 1601)
4(672 702 703 673)
4(1572 1573 1603 1602)
4(673 703 704 674)
4(1573 1574 1604 1603)
4(674 704 705 675)
4(1574 1575 1605 1604)
4(675 705 706 676)
4(1575 1576 1606 1605)
4(676 706 707 677)
4(1576 1577 1607 1606)
4(677 707 708 678)
4(1577 1578 1608 1607)
4(678 708 709 679)
4(1578 1579 1609 1608)
4(679 709 710 680)
4(1579 1580 1610 1609)
4(680 710 711 681)
4(1580 1581 1611 1610)
4(681 711 712 682)
4(1581 1582 1612 1611)
4(682 712 713 683)
4(1582 1583 1613 1612)
4(683 713 714 684)
4(1583 1584 1614 1613)
4(684 714 715 685)
4(1584 1585 1615 1614)
4(685 715 716 686)
4(1585 1586 1616 1615)
4(686 716 717 687)
4(1586 1587 1617 1616)
4(688 718 719 689)
4(1588 1589 1619 1618)
4(689 719 720 690)
4(1589 1590 1620 1619)
4(690 720 721 691)
4(1590 1591 1621 1620)
4(691 721 722 692)
4(1591 1592 1622 1621)
4(692 722 723 693)
4(1592 1593 1623 1622)
4(693 723 724 694)
4(1593 1594 1624 1623)
4(694 724 725 695)
4(1594 1595 1625 1624)
4(695 725 726 696)
4(1595 1596 1626 1625)
4(696 726 727 697)
4(1596 1597 1627 1626)
4(697 727 728 698)
4(1597 1598 1628 1627)
4(698 728 729 699)
4(1598 1599 1629 1628)
4(699 729 730 700)
4(1599 1600 1630 1629)
4(700 730 731 701)
4(1600 1601 1631 1630)
4(701 731 732 702)
4(1601 1602 1632 1631)
4(702 732 733 703)
4(1602 1603 1633 1632)
4(703 733 734 704)
4(1603 1604 1634 1633)
4(704 734 735 705)
4(1604 1605 1635 1634)
4(705 735 736 706)
4(1605 1606 1636 1635)
4(706 736 737 707)
4(1606 1607 1637 1636)
4(707 737 738 708)
4(1607 1608 1638 1637)
4(708 738 739 709)
4(1608 1609 1639 1638)
4(709 739 740 710)
4(1609 1610 1640 1639)
4(710 740 741 711)
4(1610 1611 1641 1640)
4(711 741 742 712)
4(1611 1612 1642 1641)
4(712 742 743 713)
4(1612 1613 1643 1642)
4(713 743 744 714)
4(1613 1614 1644 1643)
4(714 744 745 715)
4(1614 1615 1645 1644)
4(715 745 746 716)
4(1615 1616 1646 1645)
4(716 746 747 717)
4(1616 1617 1647 1646)
4(718 748 749 719)
4(1618 1619 1649 1648)
4(719 749 750 720)
4(1619 1620 1650 1649)
4(720 750 751 721)
4(1620 1621 1651 1650)
4(721 751 752 722)
4(1621 1622 1652 1651)
4(722 752 753 723)
4(1622 1623 1653 1652)
4(723 753 754 724)
4(1623 1624 1654 1653)
4(724 754 755 725)
4(1624 1625 1655 1654)
4(725 755 756 726)
4(1625 1626 1656 1655)
4(726 756 757 727)
4(1626 1627 1657 1656)
4(727 757 758 728)
4(1627 1628 1658 1657)
4(728 758 759 729)
4(1628 1629 1659 1658)
4(729 759 760 730)
4(1629 1630 1660 1659)
4(730 760 761 731)
4(1630 1631 1661 1660)
4(731 761 762 732)
4(1631 1632 1662 1661)
4(732 762 763 733)
4(1632 1633 1663 1662)
4(733 763 764 734)
4(1633 1634 1664 1663)
4(734 764 765 735)
4(1634 1635 1665 1664)
4(735 765 766 736)
4(1635 1636 1666 1665)
4(736 766 767 737)
4(1636 1637 1667 1666)
4(737 767 768 738)
4(1637 1638 1668 1667)
4(738 768 769 739)
4(1638 1639 1669 1668)
4(739 769 770 740)
4(1639 1640 1670 1669)
4(740 770 771 741)
4(1640 1641 1671 1670)
4(741 771 772 742)
4(1641 1642 1672 1671)
4(742 772 773 743)
4(1642 1643 1673 1672)
4(743 773 774 744)
4(1643 1644 1674 1673)
4(744 774 775 745)
4(1644 1645 1675 1674)
4(745 775 776 746)
4(1645 1646 1676 1675)
4(746 776 777 747)
4(1646 1647 1677 1676)
4(748 778 779 749)
4(1648 1649 1679 1678)
4(749 779 780 750)
4(1649 1650 1680 1679)
4(750 780 781 751)
4(1650 1651 1681 1680)
4(751 781 782 752)
4(1651 1652 1682 1681)
4(752 782 783 753)
4(1652 1653 1683 1682)
4(753 783 784 754)
4(1653 1654 1684 1683)
4(754 784 785 755)
4(1654 1655 1685 1684)
4(755 785 786 756)
4(1655 1656 1686 1685)
4(756 786 787 757)
4(1656 1657 1687 1686)
4(757 787 788 758)
4(1657 1658 1688 1687)
4(758 788 789 759)
4(1658 1659 1689 1688)
4(759 789 790 760)
4(1659 1660 1690 1689)
4(760 790 791 761)
4(1660 1661 1691 1690)
4(761 791 792 762)
4(1661 1662 1692 1691)
4(762 792 793 763)
4(1662 1663 1693 1692)
4(763 793 794 764)
4(1663 1664 1694 1693)
4(764 794 795 765)
4(1664 1665 1695 1694)
4(765 795 796 766)
4(1665 1666 1696 1695)
4(766 796 797 767)
4(1666 1667 1697 1696)
4(767 797 798 768)
4(1667 1668 1698 1697)
4(768 798 799 769)
4(1668 1669 1699 1698)
4(769 799 800 770)
4(1669 1670 1700 1699)
4(770 800 801 771)
4(1670 1671 1701 1700)
4(771 801 802 772)
4(1671 1672 1702 1701)
4(772 802 803 773)
4(1672 1673 1703 1702)
4(773 803 804 774)
4(1673 1674 1704 1703)
4(774 804 805 775)
4(1674 1675 1705 1704)
4(775 805 806 776)
4(1675 1676 1706 1705)
4(776 806 807 777)
4(1676 1677 1707 1706)
4(778 808 809 779)
4(1678 1679 1709 1708)
4(779 809 810 780)
4(1679 1680 1710 1709)
4(780 810 811 781)
4(1680 1681 1711 1710)
4(781 811 812 782)
4(1681 1682 1712 1711)
4(782 812 813 783)
4(1682 1683 1713 1712)
4(783 813 814 784)
4(1683 1684 1714 1713)
4(784 814 815 785)
4(1684 1685 1715 1714)
4(785 815 816 786)
4(1685 1686 1716 1715)
4(786 816 817 787)
4(1686 1687 1717 1716)
4(787 817 818 788)
4(1687 1688 1718 1717)
4(788 818 819 789)
4(1688 1689 1719 1718)
4(789 819 820 790)
4(1689 1690 1720 1719)
4(790 820 821 791)
4(1690 1691 1721 1720)
4(791 821 822 792)
4(1691 1692 1722 1721)
4(792 822 823 793)
4(1692 1693 1723 1722)
4(793 823 824 794)
4(1693 1694 1724 1723)
4(794 824 825 795)
4(1694 1695 1725 1724)
4(795 825 826 796)
4(1695 1696 1726 1725)
4(796 826 827 797)
4(1696 1697 1727 1726)
4(797 827 828 798)
4(1697 1698 1728 1727)
4(798 828 829 799)
4(1698 1699 1729 1728)
4(799 829 830 800)
4(1699 1700 1730 1729)
4(800 830 831 801)
4(1700 1701 1731 1730)
4(801 831 832 802)
4(1701 1702 1732 1731)
4(802 832 833 803)
4(1702 1703 1733 1732)
4(803 833 834 804)
4(1703 1704 1734 1733)
4(804 834 835 805)
4(1704 1705 1735 1734)
4(805 835 836 806)
4(1705 1706 1736 1735)
4(806 836 837 807)
4(1706 1707 1737 1736)
4(808 838 839 809)
4(1708 1709 1739 1738)
4(809 839 840 810)
4(1709 1710 1740 1739)
4(810 840 841 811)
4(1710 1711 1741 1740)
4(811 841 842 812)
4(1711 1712 1742 1741)
4(812 842 843 813)
4(1712 1713 1743 1742)
4(813 843 844 814)
4(1713 1714 1744 1743)
4(814 844 845 815)
4(1714 1715 1745 1744)
4(815 845 846 816)
4(1715 1716 1746 1745)
4(816 846 847 817)
4(1716 1717 1747 1746)
4(817 847 848 818)
4(1717 1718 1748 1747)
4(818 848 849 819)
4(1718 1719 1749 1748)
4(819 849 850 820)
4(1719 1720 1750 1749)
4(820 850 851 821)
4(1720 1721 1751 1750)
4(821 851 852 822)
4(1721 1722 1752 1751)
4(822 852 853 823)
4(1722 1723 1753 1752)
4(823 853 854 824)
4(1723 1724 1754 1753)
4(824 854 855 825)
4(1724 1725 1755 1754)
4(825 855 856 826)
4(1725 1726 1756 1755)
4(826 856 857 827)
4(1726 1727 1757 1756)
4(827 857 858 828)
4(1727 1728 1758 1757)
4(828 858 859 829)
4(1728 1729 1759 1758)
4(829 859 860 830)
4(1729 1730 1760 1759)
4(830 860 861 831)
4(1730 1731 1761 1760)
4(831 861 862 832)
4(1731 1732 1762 1761)
4(832 862 863 833)
4(1732 1733 1763 1762)
4(833 863 864 834)
4(1733 1734 1764 1763)
4(834 864 865 835)
4(1734 1735 1765 1764)
4(835 865 866 836)
4(1735 1736 1766 1765)
4(836 866 867 837)
4(1736 1737 1767 1766)
4(838 897 868 839)
4(1738 1739 1768 1797)
4(839 868 869 840)
4(1739 1740 1769 1768)
4(840 869 870 841)
4(1740 1741 1770 1769)
4(841 870 871 842)
4(1741 1742 1771 1770)
4(842 871 872 843)
4(1742 1743 1772 1771)
4(843 872 873 844)
4(1743 1744 1773 1772)
4(844 873 874 845)
4(1744 1745 1774 1773)
4(845 874 875 846)
4(1745 1746 1775 1774)
4(846 875 876 847)
4(1746 1747 1776 1775)
4(847 876 877 848)
4(1747 1748 1777 1776)
4(848 877 878 849)
4(1748 1749 1778 1777)
4(849 878 879 850)
4(1749 1750 1779 1778)
4(850 879 880 851)
4(1750 1751 1780 1779)
4(851 880 881 852)
4(1751 1752 1781 1780)
4(852 881 882 853)
4(1752 1753 1782 1781)
4(853 882 883 854)
4(1753 1754 1783 1782)
4(854 883 884 855)
4(1754 1755 1784 1783)
4(855 884 885 856)
4(1755 1756 1785 1784)
4(856 885 886 857)
4(1756 1757 1786 1785)
4(857 886 887 858)
4(1757 1758 1787 1786)
4(858 887 888 859)
4(1758 1759 1788 1787)
4(859 888 889 860)
4(1759 1760 1789 1788)
4(860 889 890 861)
4(1760 1761 1790 1789)
4(861 890 891 862)
4(1761 1762 1791 1790)
4(862 891 892 863)
4(1762 1763 1792 1791)
4(863 892 893 864)
4(1763 1764 1793 1792)
4(864 893 894 865)
4(1764 1765 1794 1793)
4(865 894 895 866)
4(1765 1766 1795 1794)
4(866 895 899 867)
4(1766 1767 1799 1795)
)


// ************************************************************************* //
