/*--------------------------------*- C++ -*----------------------------------*\
  =========                 |
  \\      /  F ield         | OpenFOAM: The Open Source CFD Toolbox
   \\    /   O peration     | Website:  https://openfoam.org
    \\  /    A nd           | Version:  6
     \\/     M anipulation  |
\*---------------------------------------------------------------------------*/
FoamFile
{
    version     2.0;
    format      ascii;
    class       labelList;
    note        "nPoints:1800  nCells:841  nFaces:3422  nInternalFaces:1624";
    location    "constant/polyMesh";
    object      neighbour;
}
// * * * * * * * * * * * * * * * * * * * * * * * * * * * * * * * * * * * * * //


1624
(
1
29
2
30
3
31
4
32
5
33
6
34
7
35
8
36
9
37
10
38
11
39
12
40
13
41
14
42
15
43
16
44
17
45
18
46
19
47
20
48
21
49
22
50
23
51
24
52
25
53
26
54
27
55
28
56
57
30
58
31
59
32
60
33
61
34
62
35
63
36
64
37
65
38
66
39
67
40
68
41
69
42
70
43
71
44
72
45
73
46
74
47
75
48
76
49
77
50
78
51
79
52
80
53
81
54
82
55
83
56
84
57
85
86
59
87
60
88
61
89
62
90
63
91
64
92
65
93
66
94
67
95
68
96
69
97
70
98
71
99
72
100
73
101
74
102
75
103
76
104
77
105
78
106
79
107
80
108
81
109
82
110
83
111
84
112
85
113
86
114
115
88
116
89
117
90
118
91
119
92
120
93
121
94
122
95
123
96
124
97
125
98
126
99
127
100
128
101
129
102
130
103
131
104
132
105
133
106
134
107
135
108
136
109
137
110
138
111
139
112
140
113
141
114
142
115
143
144
117
145
118
146
119
147
120
148
121
149
122
150
123
151
124
152
125
153
126
154
127
155
128
156
129
157
130
158
131
159
132
160
133
161
134
162
135
163
136
164
137
165
138
166
139
167
140
168
141
169
142
170
143
171
144
172
173
146
174
147
175
148
176
149
177
150
178
151
179
152
180
153
181
154
182
155
183
156
184
157
185
158
186
159
187
160
188
161
189
162
190
163
191
164
192
165
193
166
194
167
195
168
196
169
197
170
198
171
199
172
200
173
201
202
175
203
176
204
177
205
178
206
179
207
180
208
181
209
182
210
183
211
184
212
185
213
186
214
187
215
188
216
189
217
190
218
191
219
192
220
193
221
194
222
195
223
196
224
197
225
198
226
199
227
200
228
201
229
202
230
231
204
232
205
233
206
234
207
235
208
236
209
237
210
238
211
239
212
240
213
241
214
242
215
243
216
244
217
245
218
246
219
247
220
248
221
249
222
250
223
251
224
252
225
253
226
254
227
255
228
256
229
257
230
258
231
259
260
233
261
234
262
235
263
236
264
237
265
238
266
239
267
240
268
241
269
242
270
243
271
244
272
245
273
246
274
247
275
248
276
249
277
250
278
251
279
252
280
253
281
254
282
255
283
256
284
257
285
258
286
259
287
260
288
289
262
290
263
291
264
292
265
293
266
294
267
295
268
296
269
297
270
298
271
299
272
300
273
301
274
302
275
303
276
304
277
305
278
306
279
307
280
308
281
309
282
310
283
311
284
312
285
313
286
314
287
315
288
316
289
317
318
291
319
292
320
293
321
294
322
295
323
296
324
297
325
298
326
299
327
300
328
301
329
302
330
303
331
304
332
305
333
306
334
307
335
308
336
309
337
310
338
311
339
312
340
313
341
314
342
315
343
316
344
317
345
318
346
347
320
348
321
349
322
350
323
351
324
352
325
353
326
354
327
355
328
356
329
357
330
358
331
359
332
360
333
361
334
362
335
363
336
364
337
365
338
366
339
367
340
368
341
369
342
370
343
371
344
372
345
373
346
374
347
375
376
349
377
350
378
351
379
352
380
353
381
354
382
355
383
356
384
357
385
358
386
359
387
360
388
361
389
362
390
363
391
364
392
365
393
366
394
367
395
368
396
369
397
370
398
371
399
372
400
373
401
374
402
375
403
376
404
405
378
406
379
407
380
408
381
409
382
410
383
411
384
412
385
413
386
414
387
415
388
416
389
417
390
418
391
419
392
420
393
421
394
422
395
423
396
424
397
425
398
426
399
427
400
428
401
429
402
430
403
431
404
432
405
433
434
407
435
408
436
409
437
410
438
411
439
412
440
413
441
414
442
415
443
416
444
417
445
418
446
419
447
420
448
421
449
422
450
423
451
424
452
425
453
426
454
427
455
428
456
429
457
430
458
431
459
432
460
433
461
434
462
463
436
464
437
465
438
466
439
467
440
468
441
469
442
470
443
471
444
472
445
473
446
474
447
475
448
476
449
477
450
478
451
479
452
480
453
481
454
482
455
483
456
484
457
485
458
486
459
487
460
488
461
489
462
490
463
491
492
465
493
466
494
467
495
468
496
469
497
470
498
471
499
472
500
473
501
474
502
475
503
476
504
477
505
478
506
479
507
480
508
481
509
482
510
483
511
484
512
485
513
486
514
487
515
488
516
489
517
490
518
491
519
492
520
521
494
522
495
523
496
524
497
525
498
526
499
527
500
528
501
529
502
530
503
531
504
532
505
533
506
534
507
535
508
536
509
537
510
538
511
539
512
540
513
541
514
542
515
543
516
544
517
545
518
546
519
547
520
548
521
549
550
523
551
524
552
525
553
526
554
527
555
528
556
529
557
530
558
531
559
532
560
533
561
534
562
535
563
536
564
537
565
538
566
539
567
540
568
541
569
542
570
543
571
544
572
545
573
546
574
547
575
548
576
549
577
550
578
579
552
580
553
581
554
582
555
583
556
584
557
585
558
586
559
587
560
588
561
589
562
590
563
591
564
592
565
593
566
594
567
595
568
596
569
597
570
598
571
599
572
600
573
601
574
602
575
603
576
604
577
605
578
606
579
607
608
581
609
582
610
583
611
584
612
585
613
586
614
587
615
588
616
589
617
590
618
591
619
592
620
593
621
594
622
595
623
596
624
597
625
598
626
599
627
600
628
601
629
602
630
603
631
604
632
605
633
606
634
607
635
608
636
637
610
638
611
639
612
640
613
641
614
642
615
643
616
644
617
645
618
646
619
647
620
648
621
649
622
650
623
651
624
652
625
653
626
654
627
655
628
656
629
657
630
658
631
659
632
660
633
661
634
662
635
663
636
664
637
665
666
639
667
640
668
641
669
642
670
643
671
644
672
645
673
646
674
647
675
648
676
649
677
650
678
651
679
652
680
653
681
654
682
655
683
656
684
657
685
658
686
659
687
660
688
661
689
662
690
663
691
664
692
665
693
666
694
695
668
696
669
697
670
698
671
699
672
700
673
701
674
702
675
703
676
704
677
705
678
706
679
707
680
708
681
709
682
710
683
711
684
712
685
713
686
714
687
715
688
716
689
717
690
718
691
719
692
720
693
721
694
722
695
723
724
697
725
698
726
699
727
700
728
701
729
702
730
703
731
704
732
705
733
706
734
707
735
708
736
709
737
710
738
711
739
712
740
713
741
714
742
715
743
716
744
717
745
718
746
719
747
720
748
721
749
722
750
723
751
724
752
753
726
754
727
755
728
756
729
757
730
758
731
759
732
760
733
761
734
762
735
763
736
764
737
765
738
766
739
767
740
768
741
769
742
770
743
771
744
772
745
773
746
774
747
775
748
776
749
777
750
778
751
779
752
780
753
781
782
755
783
756
784
757
785
758
786
759
787
760
788
761
789
762
790
763
791
764
792
765
793
766
794
767
795
768
796
769
797
770
798
771
799
772
800
773
801
774
802
775
803
776
804
777
805
778
806
779
807
780
808
781
809
782
810
811
784
812
785
813
786
814
787
815
788
816
789
817
790
818
791
819
792
820
793
821
794
822
795
823
796
824
797
825
798
826
799
827
800
828
801
829
802
830
803
831
804
832
805
833
806
834
807
835
808
836
809
837
810
838
811
839
840
813
814
815
816
817
818
819
820
821
822
823
824
825
826
827
828
829
830
831
832
833
834
835
836
837
838
839
840
)


// ************************************************************************* //
