/*--------------------------------*- C++ -*----------------------------------*\
  =========                 |
  \\      /  F ield         | OpenFOAM: The Open Source CFD Toolbox
   \\    /   O peration     | Website:  https://openfoam.org
    \\  /    A nd           | Version:  6
     \\/     M anipulation  |
\*---------------------------------------------------------------------------*/
FoamFile
{
    version     2.0;
    format      ascii;
    class       vectorField;
    location    "constant/polyMesh";
    object      points;
}
// * * * * * * * * * * * * * * * * * * * * * * * * * * * * * * * * * * * * * //


1800
(
(0.0313578025 0.0170613006 0.01453194282)
(0.0574915819 0.0446939729 0.01453194282)
(0.0272312649 0.0271019749 0.01453194282)
(0.0815918595 0.0740315318 0.01453194282)
(0.0525584705 0.0559912771 0.01453194282)
(0.103497751 0.105007827 0.01453194282)
(0.0757593662 0.0866144076 0.01453194282)
(0.123223513 0.137416109 0.01453194282)
(0.0968042016 0.118757442 0.01453194282)
(0.140923947 0.171014339 0.01453194282)
(0.115798377 0.152153254 0.01453194282)
(0.156589985 0.205685809 0.01453194282)
(0.132687405 0.186661497 0.01453194282)
(0.170719683 0.241105512 0.01453194282)
(0.147938371 0.221924335 0.01453194282)
(0.183294266 0.277225882 0.01453194282)
(0.161481857 0.257877558 0.01453194282)
(0.194288433 0.313974261 0.01453194282)
(0.173259556 0.294447243 0.01453194282)
(0.204113096 0.351126909 0.01453194282)
(0.183712915 0.331417322 0.01453194282)
(0.212551668 0.388672501 0.01453194282)
(0.192633718 0.368786782 0.01453194282)
(0.219680756 0.426521599 0.01453194282)
(0.200119853 0.406469882 0.01453194282)
(0.22522822 0.464655519 0.01453194282)
(0.205910593 0.444450498 0.01453194282)
(0.229294658 0.502985954 0.01453194282)
(0.210124761 0.48263818 0.01453194282)
(0.23161827 0.541465819 0.01453194282)
(0.212504551 0.520983934 0.01453194282)
(0.232093915 0.580012441 0.01453194282)
(0.212954521 0.559400797 0.01453194282)
(0.230276391 0.618514538 0.01453194282)
(0.211027041 0.597771943 0.01453194282)
(0.225666255 0.656773448 0.01453194282)
(0.206219837 0.63588953 0.01453194282)
(0.217783079 0.694478154 0.01453194282)
(0.198048726 0.673430026 0.01453194282)
(0.206363633 0.731243849 0.01453194282)
(0.186254352 0.709994435 0.01453194282)
(0.191705972 0.766819775 0.01453194282)
(0.171158105 0.745323658 0.01453194282)
(0.174689084 0.801315904 0.01453194282)
(0.153673336 0.779533803 0.01453194282)
(0.155749574 0.834775269 0.01453194282)
(0.134231001 0.812670827 0.01453194282)
(0.135408372 0.867349744 0.01453194282)
(0.113303885 0.844890714 0.01453194282)
(0.11411415 0.899228573 0.01453194282)
(0.0913098007 0.876391828 0.01453194282)
(0.0923073068 0.930607557 0.01453194282)
(0.0686194077 0.907395184 0.01453194282)
(0.0703888759 0.96167779 0.01453194282)
(0.0455849841 0.93814373 0.01453194282)
(0.0488674231 0.992729127 0.01453194282)
(0.0227051415 0.969007492 0.01453194282)
(0.0277222693 1.02372706 0.01453194282)
(0.0643653795 0.0306590106 0.01453194282)
(0.0895593688 0.0585854985 0.01453194282)
(0.112590417 0.0881344303 0.01453194282)
(0.133358985 0.119227 0.01453194282)
(0.151923344 0.151663646 0.01453194282)
(0.168487713 0.185227424 0.01453194282)
(0.183088422 0.219825208 0.01453194282)
(0.196254507 0.255164891 0.01453194282)
(0.208017856 0.291215539 0.01453194282)
(0.218386158 0.327905715 0.01453194282)
(0.227739781 0.365004063 0.01453194282)
(0.235853806 0.402488887 0.01453194282)
(0.242783502 0.440267086 0.01453194282)
(0.248245358 0.47831741 0.01453194282)
(0.25232172 0.5165537 0.01453194282)
(0.254746854 0.554930866 0.01453194282)
(0.255405843 0.593370259 0.01453194282)
(0.253855944 0.631766438 0.01453194282)
(0.249600574 0.669929743 0.01453194282)
(0.242163017 0.707561731 0.01453194282)
(0.231276214 0.744291842 0.01453194282)
(0.217214823 0.779877603 0.01453194282)
(0.200823531 0.814422786 0.01453194282)
(0.182544529 0.847967625 0.01453194282)
(0.162946969 0.880659819 0.01453194282)
(0.14251034 0.912679434 0.01453194282)
(0.121744782 0.944197178 0.01453194282)
(0.101100095 0.975352228 0.01453194282)
(0.0810948089 1.00635433 0.01453194282)
(0.0616674386 1.03712082 0.01453194282)
(0.0985997319 0.0407788716 0.01453194282)
(0.122899756 0.0686416402 0.01453194282)
(0.14490737 0.0980444252 0.01453194282)
(0.164584398 0.128895745 0.01453194282)
(0.182033107 0.161003202 0.01453194282)
(0.197507128 0.19417499 0.01453194282)
(0.211088225 0.228341565 0.01453194282)
(0.223336399 0.263243675 0.01453194282)
(0.234334171 0.298867047 0.01453194282)
(0.244122282 0.33514148 0.01453194282)
(0.253050566 0.37182796 0.01453194282)
(0.260885715 0.408894449 0.01453194282)
(0.267661721 0.44624421 0.01453194282)
(0.273083687 0.4838534 0.01453194282)
(0.277215689 0.521637976 0.01453194282)
(0.279788077 0.559554756 0.01453194282)
(0.280676186 0.597529411 0.01453194282)
(0.279439658 0.635462046 0.01453194282)
(0.275584847 0.673172235 0.01453194282)
(0.26863873 0.710373938 0.01453194282)
(0.258330435 0.746710837 0.01453194282)
(0.244911194 0.781948805 0.01453194282)
(0.229191393 0.816185594 0.01453194282)
(0.211618856 0.849458277 0.01453194282)
(0.192810878 0.881910682 0.01453194282)
(0.17327784 0.913713455 0.01453194282)
(0.153599665 0.94501251 0.01453194282)
(0.134274915 0.975894749 0.01453194282)
(0.11583209 1.00648999 0.01453194282)
(0.0981688946 1.03666735 0.01453194282)
(0.133624017 0.0476859622 0.01453194282)
(0.156959757 0.075285241 0.01453194282)
(0.177873641 0.104342096 0.01453194282)
(0.196388811 0.134752378 0.01453194282)
(0.212651581 0.166330904 0.01453194282)
(0.22696498 0.198910907 0.01453194282)
(0.239456192 0.232446522 0.01453194282)
(0.25071618 0.266711265 0.01453194282)
(0.260878146 0.301707625 0.01453194282)
(0.270015806 0.337366551 0.01453194282)
(0.278448462 0.373441398 0.01453194282)
(0.285934478 0.409889787 0.01453194282)
(0.292486548 0.446611315 0.01453194282)
(0.297798336 0.483579606 0.01453194282)
(0.301915735 0.520712733 0.01453194282)
(0.304565072 0.557969451 0.01453194282)
(0.305611998 0.595279515 0.01453194282)
(0.304618567 0.632548928 0.01453194282)
(0.301094025 0.669606209 0.01453194282)
(0.294569045 0.706177831 0.01453194282)
(0.284768879 0.741921842 0.01453194282)
(0.271921486 0.776612282 0.01453194282)
(0.256802827 0.810340822 0.01453194282)
(0.239866361 0.843141615 0.01453194282)
(0.221777618 0.875154436 0.01453194282)
(0.203077778 0.906540751 0.01453194282)
(0.184416547 0.937421203 0.01453194282)
(0.166341245 0.967830956 0.01453194282)
(0.149390355 0.997819483 0.01453194282)
(0.13342078 1.02720809 0.01453194282)
(0.169081539 0.0518295392 0.01453194282)
(0.191401824 0.0791479349 0.01453194282)
(0.211170807 0.107841462 0.01453194282)
(0.228472993 0.137793332 0.01453194282)
(0.243498698 0.168825522 0.01453194282)
(0.25660038 0.200796366 0.01453194282)
(0.267950594 0.233683601 0.01453194282)
(0.278171301 0.267293632 0.01453194282)
(0.28744638 0.301645577 0.01453194282)
(0.295882493 0.336671591 0.01453194282)
(0.303768456 0.37211743 0.01453194282)
(0.310854256 0.407930315 0.01453194282)
(0.317131281 0.444006264 0.01453194282)
(0.322281837 0.480316281 0.01453194282)
(0.326333493 0.516780555 0.01453194282)
(0.329008669 0.553359807 0.01453194282)
(0.3301633 0.589988053 0.01453194282)
(0.329361826 0.626576781 0.01453194282)
(0.326116383 0.662963808 0.01453194282)
(0.319961369 0.698888063 0.01453194282)
(0.310618192 0.734021783 0.01453194282)
(0.298291415 0.76814729 0.01453194282)
(0.283722669 0.801350236 0.01453194282)
(0.267371088 0.833661735 0.01453194282)
(0.24995032 0.865217626 0.01453194282)
(0.232032403 0.89617002 0.01453194282)
(0.214336798 0.926614583 0.01453194282)
(0.197459608 0.956534386 0.01453194282)
(0.181949228 0.985898972 0.01453194282)
(0.167621776 1.01448143 0.01453194282)
(0.204716384 0.0539658628 0.01453194282)
(0.226029813 0.0811146498 0.01453194282)
(0.244662479 0.109556131 0.01453194282)
(0.260760278 0.139160857 0.01453194282)
(0.274557531 0.169757977 0.01453194282)
(0.286456078 0.201230943 0.01453194282)
(0.296673954 0.233581081 0.01453194282)
(0.305864006 0.266647667 0.01453194282)
(0.314260811 0.300466478 0.01453194282)
(0.32200402 0.334970891 0.01453194282)
(0.329351932 0.369899005 0.01453194282)
(0.336046129 0.405187696 0.01453194282)
(0.342056721 0.44072932 0.01453194282)
(0.347054631 0.476492345 0.01453194282)
(0.351049185 0.512399077 0.01453194282)
(0.353758812 0.548412144 0.01453194282)
(0.355029732 0.584469795 0.01453194282)
(0.354428828 0.62048924 0.01453194282)
(0.351471096 0.656317234 0.01453194282)
(0.345694631 0.691705346 0.01453194282)
(0.336816996 0.726340055 0.01453194282)
(0.325019419 0.760011971 0.01453194282)
(0.311009198 0.792800605 0.01453194282)
(0.295251042 0.824734151 0.01453194282)
(0.278506786 0.855944395 0.01453194282)
(0.261379361 0.88657403 0.01453194282)
(0.244657919 0.916693985 0.01453194282)
(0.228987321 0.94623518 0.01453194282)
(0.21492593 0.975087047 0.01453194282)
(0.20224905 1.00297463 0.01453194282)
(0.24040851 0.0546555817 0.01453194282)
(0.260766089 0.0819150433 0.01453194282)
(0.278313518 0.110384762 0.01453194282)
(0.293258011 0.139922619 0.01453194282)
(0.305877864 0.170364976 0.01453194282)
(0.316624373 0.20162034 0.01453194282)
(0.325760961 0.233713686 0.01453194282)
(0.333971471 0.266517103 0.01453194282)
(0.341541082 0.300083071 0.01453194282)
(0.348642498 0.334346145 0.01453194282)
(0.35550341 0.369036824 0.01453194282)
(0.361857116 0.404081613 0.01453194282)
(0.367652357 0.439369261 0.01453194282)
(0.372548729 0.474865556 0.01453194282)
(0.376537234 0.510495067 0.01453194282)
(0.379332423 0.54622227 0.01453194282)
(0.380770713 0.581989586 0.01453194282)
(0.38042143 0.617720008 0.01453194282)
(0.377802432 0.653269351 0.01453194282)
(0.372455597 0.688401639 0.01453194282)
(0.364094555 0.722817659 0.01453194282)
(0.3528772 0.756316245 0.01453194282)
(0.339476496 0.788970888 0.01453194282)
(0.324362785 0.820806682 0.01453194282)
(0.308346063 0.85195154 0.01453194282)
(0.292060077 0.882538855 0.01453194282)
(0.27636376 0.912614405 0.01453194282)
(0.261950701 0.942057312 0.01453194282)
(0.249389187 0.97067678 0.01453194282)
(0.238413766 0.998149872 0.01453194282)
(0.276106566 0.0544341877 0.01453194282)
(0.295508176 0.0821713507 0.01453194282)
(0.311970204 0.11103633 0.01453194282)
(0.325761139 0.140874356 0.01453194282)
(0.337203383 0.17152895 0.01453194282)
(0.346797615 0.202933729 0.01453194282)
(0.354852647 0.235137284 0.01453194282)
(0.362083286 0.268044561 0.01453194282)
(0.368825406 0.301724672 0.01453194282)
(0.375284672 0.336113453 0.01453194282)
(0.381658316 0.370933682 0.01453194282)
(0.387671232 0.406101584 0.01453194282)
(0.393250853 0.441502184 0.01453194282)
(0.398045361 0.477098793 0.01453194282)
(0.402027577 0.512817979 0.01453194282)
(0.404908031 0.548626304 0.01453194282)
(0.406513482 0.584470272 0.01453194282)
(0.406415582 0.620278656 0.01453194282)
(0.404135197 0.655916274 0.01453194282)
(0.399217784 0.691159725 0.01453194282)
(0.391373217 0.725723982 0.01453194282)
(0.380735993 0.759416223 0.01453194282)
(0.367944717 0.79230386 0.01453194282)
(0.353475422 0.824409008 0.01453194282)
(0.338186234 0.855855405 0.01453194282)
(0.322741747 0.886767387 0.01453194282)
(0.30807066 0.917165637 0.01453194282)
(0.294915348 0.946877182 0.01453194282)
(0.283854067 0.975631237 0.01453194282)
(0.274580508 1.00305665 0.01453194282)
(0.311801523 0.053914912 0.01453194282)
(0.330209583 0.0823184773 0.01453194282)
(0.34554857 0.111767419 0.01453194282)
(0.358148426 0.142094299 0.01453194282)
(0.36837548 0.173149854 0.01453194282)
(0.376779854 0.204892755 0.01453194282)
(0.383715749 0.237395227 0.01453194282)
(0.389928997 0.270595074 0.01453194282)
(0.395806104 0.304578036 0.01453194282)
(0.401585698 0.339281201 0.01453194282)
(0.407434523 0.374419719 0.01453194282)
(0.413069069 0.409899414 0.01453194282)
(0.418395519 0.445601702 0.01453194282)
(0.423050642 0.481487304 0.01453194282)
(0.426988989 0.517484963 0.01453194282)
(0.429917186 0.553563118 0.01453194282)
(0.431652188 0.589672506 0.01453194282)
(0.431768149 0.625747502 0.01453194282)
(0.429788709 0.661662161 0.01453194282)
(0.425263137 0.697205424 0.01453194282)
(0.417897433 0.732106745 0.01453194282)
(0.407802731 0.76618135 0.01453194282)
(0.395583302 0.799490631 0.01453194282)
(0.381720722 0.832053781 0.01453194282)
(0.367121428 0.863990545 0.01453194282)
(0.352480769 0.895415902 0.01453194282)
(0.338797241 0.9263255 0.01453194282)
(0.326861918 0.956494451 0.01453194282)
(0.317263067 0.985571742 0.01453194282)
(0.30965361 1.01313829 0.01453194282)
(0.347499669 0.0537103452 0.01453194282)
(0.364911854 0.0827765763 0.01453194282)
(0.379125535 0.112805754 0.01453194282)
(0.390531987 0.143617779 0.01453194282)
(0.399541557 0.175070539 0.01453194282)
(0.406753808 0.207147852 0.01453194282)
(0.412568331 0.239945516 0.01453194282)
(0.417761892 0.273434192 0.01453194282)
(0.422771692 0.30771631 0.01453194282)
(0.42786938 0.342730105 0.01453194282)
(0.433191121 0.378183186 0.01453194282)
(0.438445061 0.413970977 0.01453194282)
(0.443516046 0.449971229 0.01453194282)
(0.448029518 0.486142129 0.01453194282)
(0.451921731 0.522414505 0.01453194282)
(0.454895377 0.558758795 0.01453194282)
(0.456757635 0.595129848 0.01453194282)
(0.457085162 0.63146776 0.01453194282)
(0.455404401 0.667655706 0.01453194282)
(0.451268405 0.703495145 0.01453194282)
(0.44437924 0.738729715 0.01453194282)
(0.434824705 0.773182988 0.01453194282)
(0.423174769 0.806910276 0.01453194282)
(0.40991661 0.839927733 0.01453194282)
(0.396004856 0.87235111 0.01453194282)
(0.38216567 0.904286087 0.01453194282)
(0.369467288 0.935703278 0.01453194282)
(0.358749568 0.966325879 0.01453194282)
(0.350610703 0.995722771 0.01453194282)
(0.344662845 1.02342677 0.01453194282)
(0.383196712 0.0540582985 0.01453194282)
(0.399647564 0.0836158171 0.01453194282)
(0.41277048 0.114053838 0.01453194282)
(0.423018128 0.1451796 0.01453194282)
(0.430844814 0.176858202 0.01453194282)
(0.436899513 0.209098518 0.01453194282)
(0.441627264 0.242019981 0.01453194282)
(0.445835799 0.275626123 0.01453194282)
(0.450012922 0.310035974 0.01453194282)
(0.454463273 0.345189095 0.01453194282)
(0.459292531 0.380785316 0.01453194282)
(0.464200437 0.41670981 0.01453194282)
(0.469050616 0.452836663 0.01453194282)
(0.473457009 0.489121467 0.01453194282)
(0.477337718 0.525497198 0.01453194282)
(0.480391353 0.5619362 0.01453194282)
(0.482415497 0.598397553 0.01453194282)
(0.482989132 0.634827077 0.01453194282)
(0.48164165 0.671116948 0.01453194282)
(0.477929741 0.707081139 0.01453194282)
(0.471551687 0.742477655 0.01453194282)
(0.462571859 0.777138233 0.01453194282)
(0.451525956 0.811112046 0.01453194282)
(0.438906789 0.844412446 0.01453194282)
(0.425717056 0.877151012 0.01453194282)
(0.412713826 0.909424245 0.01453194282)
(0.40103507 0.941177726 0.01453194282)
(0.391569406 0.972082615 0.01453194282)
(0.384924948 1.00162768 0.01453194282)
(0.380673051 1.02929783 0.01453194282)
(0.418882102 0.0550341494 0.01453194282)
(0.434388101 0.0848305374 0.01453194282)
(0.446436763 0.115424976 0.01453194282)
(0.455542028 0.146612078 0.01453194282)
(0.462202311 0.178264081 0.01453194282)
(0.467115939 0.210414991 0.01453194282)
(0.470773369 0.243207857 0.01453194282)
(0.474013299 0.276679009 0.01453194282)
(0.477374196 0.310964227 0.01453194282)
(0.481193721 0.346004188 0.01453194282)
(0.485546976 0.381491184 0.01453194282)
(0.490125328 0.417299956 0.01453194282)
(0.494771153 0.453300983 0.01453194282)
(0.499086946 0.489447266 0.01453194282)
(0.502972543 0.525673926 0.01453194282)
(0.506122708 0.561955273 0.01453194282)
(0.508325219 0.598254502 0.01453194282)
(0.509161413 0.634523153 0.01453194282)
(0.508163631 0.670662582 0.01453194282)
(0.50489229 0.706499159 0.01453194282)
(0.499041796 0.741805136 0.01453194282)
(0.490653187 0.776420593 0.01453194282)
(0.480227768 0.810388625 0.01453194282)
(0.468263984 0.843719482 0.01453194282)
(0.455812782 0.876520813 0.01453194282)
(0.443661958 0.908879876 0.01453194282)
(0.43301931 0.94071722 0.01453194282)
(0.424822152 0.971651912 0.01453194282)
(0.419688553 1.00109279 0.01453194282)
(0.417149037 1.0284766 0.01453194282)
(0.454544812 0.0566374175 0.01453194282)
(0.469091237 0.0864797309 0.01453194282)
(0.480050862 0.117037661 0.01453194282)
(0.487999052 0.148093149 0.01453194282)
(0.493478149 0.179525629 0.01453194282)
(0.497235954 0.211394191 0.01453194282)
(0.499808311 0.24386549 0.01453194282)
(0.502064884 0.277008742 0.01453194282)
(0.504594803 0.310976356 0.01453194282)
(0.507768691 0.345710248 0.01453194282)
(0.511631131 0.380895048 0.01453194282)
(0.515865207 0.416395158 0.01453194282)
(0.520291865 0.452077389 0.01453194282)
(0.524502337 0.48789224 0.01453194282)
(0.528378129 0.523776889 0.01453194282)
(0.531610012 0.559707582 0.01453194282)
(0.533976078 0.595651805 0.01453194282)
(0.535060167 0.631566644 0.01453194282)
(0.534397364 0.66736263 0.01453194282)
(0.531551898 0.702878594 0.01453194282)
(0.526214182 0.737901151 0.01453194282)
(0.51840204 0.772278488 0.01453194282)
(0.508582413 0.806047738 0.01453194282)
(0.497259349 0.839216173 0.01453194282)
(0.485531926 0.871887386 0.01453194282)
(0.474218875 0.90413928 0.01453194282)
(0.464597642 0.935867548 0.01453194282)
(0.457654327 0.966639161 0.01453194282)
(0.454016984 0.995782912 0.01453194282)
(0.453175306 1.02268732 0.01453194282)
(0.490173966 0.0588653237 0.01453194282)
(0.503741264 0.0886302069 0.01453194282)
(0.513592362 0.11902827 0.01453194282)
(0.520363927 0.149828792 0.01453194282)
(0.524642348 0.180918396 0.01453194282)
(0.527224839 0.212381244 0.01453194282)
(0.528692603 0.244407639 0.01453194282)
(0.529946268 0.277099639 0.01453194282)
(0.531625688 0.310626268 0.01453194282)
(0.534134448 0.344930738 0.01453194282)
(0.537486613 0.379689991 0.01453194282)
(0.541356802 0.414758056 0.01453194282)
(0.545544803 0.4499982 0.01453194282)
(0.549630404 0.485358238 0.01453194282)
(0.55347687 0.520777464 0.01453194282)
(0.55677098 0.556234241 0.01453194282)
(0.559281111 0.591699958 0.01453194282)
(0.560593486 0.627137661 0.01453194282)
(0.56024617 0.662466884 0.01453194282)
(0.557806969 0.697538912 0.01453194282)
(0.552962661 0.732154608 0.01453194282)
(0.545707464 0.766170502 0.01453194282)
(0.536474109 0.799617648 0.01453194282)
(0.525772214 0.832500219 0.01453194282)
(0.51474911 0.864917994 0.01453194282)
(0.504254341 0.896939456 0.01453194282)
(0.495635033 0.928435206 0.01453194282)
(0.4899261 0.95892036 0.01453194282)
(0.487765491 0.9876436 0.01453194282)
(0.488602221 1.01394534 0.01453194282)
(0.525758982 0.0617128275 0.01453194282)
(0.538339496 0.091343835 0.01453194282)
(0.547074437 0.121525586 0.01453194282)
(0.552661717 0.152014688 0.01453194282)
(0.555731773 0.18270497 0.01453194282)
(0.557131171 0.213705674 0.01453194282)
(0.557486713 0.245230719 0.01453194282)
(0.55772984 0.277415007 0.01453194282)
(0.558551073 0.310444236 0.01453194282)
(0.560387015 0.344262809 0.01453194282)
(0.563221216 0.378540069 0.01453194282)
(0.566719949 0.413119674 0.01453194282)
(0.570661604 0.447861224 0.01453194282)
(0.574614644 0.482710004 0.01453194282)
(0.578424096 0.51760745 0.01453194282)
(0.581772745 0.552533746 0.01453194282)
(0.58441931 0.587464631 0.01453194282)
(0.585952342 0.622368753 0.01453194282)
(0.585912824 0.657174647 0.01453194282)
(0.583872318 0.691746294 0.01453194282)
(0.579513609 0.725898743 0.01453194282)
(0.572807789 0.759496748 0.01453194282)
(0.564153016 0.792565286 0.01453194282)
(0.554064691 0.825105667 0.01453194282)
(0.543738246 0.857213438 0.01453194282)
(0.534053981 0.888947964 0.01453194282)
(0.526428998 0.92015487 0.01453194282)
(0.521946788 0.950297177 0.01453194282)
(0.521255314 0.978543401 0.01453194282)
(0.523762763 1.00418603 0.01453194282)
(0.561289608 0.0651727095 0.01453194282)
(0.572886527 0.0946531743 0.01453194282)
(0.580508351 0.124601945 0.01453194282)
(0.584914446 0.154762968 0.01453194282)
(0.586779237 0.185037255 0.01453194282)
(0.586998761 0.21555914 0.01453194282)
(0.58624506 0.246566162 0.01453194282)
(0.58548075 0.278226078 0.01453194282)
(0.585446894 0.310741246 0.01453194282)
(0.586613119 0.344057262 0.01453194282)
(0.588932455 0.37783587 0.01453194282)
(0.592062771 0.411910355 0.01453194282)
(0.59576124 0.446136653 0.01453194282)
(0.599584818 0.480457515 0.01453194282)
(0.603360295 0.514816463 0.01453194282)
(0.606766641 0.549195647 0.01453194282)
(0.609552681 0.58357501 0.01453194282)
(0.611309469 0.617928863 0.01453194282)
(0.611580908 0.652194858 0.01453194282)
(0.609942079 0.686249435 0.01453194282)
(0.606072187 0.719921947 0.01453194282)
(0.599918723 0.753085434 0.01453194282)
(0.591845691 0.785758734 0.01453194282)
(0.582373977 0.817940176 0.01453194282)
(0.572747231 0.849721313 0.01453194282)
(0.563876688 0.881152272 0.01453194282)
(0.557249069 0.912053585 0.01453194282)
(0.553996623 0.941836357 0.01453194282)
(0.554777384 0.969588935 0.01453194282)
(0.55895865 0.994555831 0.01453194282)
(0.596756399 0.0692356601 0.01453194282)
(0.607382536 0.0985867903 0.01453194282)
(0.613904178 0.128323779 0.01453194282)
(0.617142022 0.158177942 0.01453194282)
(0.617814481 0.188057438 0.01453194282)
(0.616867006 0.218121722 0.01453194282)
(0.615017056 0.248631924 0.01453194282)
(0.613258183 0.279788643 0.01453194282)
(0.612382233 0.31181097 0.01453194282)
(0.612891614 0.344645649 0.01453194282)
(0.61470902 0.377946794 0.01453194282)
(0.617483854 0.411537349 0.01453194282)
(0.62095201 0.445269644 0.01453194282)
(0.624659002 0.479083776 0.01453194282)
(0.628413558 0.512925446 0.01453194282)
(0.631890476 0.546778738 0.01453194282)
(0.634828866 0.580627739 0.01453194282)
(0.636822402 0.614452541 0.01453194282)
(0.637417614 0.648199856 0.01453194282)
(0.636193454 0.681758583 0.01453194282)
(0.632825255 0.714972377 0.01453194282)
(0.627237082 0.747722507 0.01453194282)
(0.619758666 0.780021727 0.01453194282)
(0.610916495 0.811865449 0.01453194282)
(0.602002442 0.843341231 0.01453194282)
(0.593958497 0.874489844 0.01453194282)
(0.588341117 0.905106723 0.01453194282)
(0.586331427 0.93455112 0.01453194282)
(0.588597298 0.961831331 0.01453194282)
(0.594465256 0.986143649 0.01453194282)
(0.632159591 0.073819913 0.01453194282)
(0.641834199 0.103108406 0.01453194282)
(0.647274852 0.132700309 0.01453194282)
(0.649363577 0.162314281 0.01453194282)
(0.648862958 0.191865698 0.01453194282)
(0.646767676 0.22153905 0.01453194282)
(0.64384073 0.25161913 0.01453194282)
(0.641106546 0.282339394 0.01453194282)
(0.639407575 0.313935518 0.01453194282)
(0.639279425 0.346355528 0.01453194282)
(0.640614033 0.379245907 0.01453194282)
(0.643052638 0.41241926 0.01453194282)
(0.646309674 0.445724189 0.01453194282)
(0.649919391 0.47909829 0.01453194282)
(0.653672099 0.512489378 0.01453194282)
(0.657238781 0.545883477 0.01453194282)
(0.660348892 0.579268873 0.01453194282)
(0.662598252 0.612631261 0.01453194282)
(0.663536489 0.645926535 0.01453194282)
(0.662746251 0.679056108 0.01453194282)
(0.659898937 0.711877882 0.01453194282)
(0.654895306 0.744281352 0.01453194282)
(0.648030698 0.776273251 0.01453194282)
(0.639837325 0.80784595 0.01453194282)
(0.631655097 0.839083016 0.01453194282)
(0.624457002 0.87001586 0.01453194282)
(0.619869113 0.900415123 0.01453194282)
(0.619121373 0.929587901 0.01453194282)
(0.622891605 0.956462324 0.01453194282)
(0.630465448 0.98018676 0.01453194282)
(0.667535663 0.0786086991 0.01453194282)
(0.676274896 0.107967332 0.01453194282)
(0.680650651 0.137546942 0.01453194282)
(0.681606472 0.167053521 0.01453194282)
(0.679948807 0.196409613 0.01453194282)
(0.676721871 0.225824848 0.01453194282)
(0.672733963 0.255607575 0.01453194282)
(0.66904062 0.286024123 0.01453194282)
(0.666534781 0.317326874 0.01453194282)
(0.665785193 0.349465042 0.01453194282)
(0.666653156 0.382077426 0.01453194282)
(0.668771565 0.414966345 0.01453194282)
(0.671833634 0.447976708 0.01453194282)
(0.67536217 0.481043547 0.01453194282)
(0.679129183 0.514116824 0.01453194282)
(0.682801783 0.547184527 0.01453194282)
(0.686099589 0.580239058 0.01453194282)
(0.688620985 0.613271832 0.01453194282)
(0.689918399 0.646247923 0.01453194282)
(0.689578176 0.679081082 0.01453194282)
(0.68726784 0.711643577 0.01453194282)
(0.682864845 0.743833184 0.01453194282)
(0.676630199 0.775650561 0.01453194282)
(0.669101715 0.807085037 0.01453194282)
(0.661667526 0.838216126 0.01453194282)
(0.655331314 0.869066119 0.01453194282)
(0.651789069 0.899380445 0.01453194282)
(0.652319431 0.928414345 0.01453194282)
(0.657610118 0.955015838 0.01453194282)
(0.666906059 0.978285193 0.01453194282)
(0.702962756 0.083003588 0.01453194282)
(0.710759759 0.112641893 0.01453194282)
(0.714063883 0.142418742 0.01453194282)
(0.713879943 0.172027454 0.01453194282)
(0.711058438 0.201397792 0.01453194282)
(0.706692994 0.230764404 0.01453194282)
(0.701637387 0.260459334 0.01453194282)
(0.696977913 0.290781736 0.01453194282)
(0.693658471 0.322000623 0.01453194282)
(0.692280591 0.354066461 0.01453194282)
(0.692675114 0.386610419 0.01453194282)
(0.694466531 0.419424415 0.01453194282)
(0.697326779 0.452349722 0.01453194282)
(0.700767279 0.485318869 0.01453194282)
(0.704541802 0.518283844 0.01453194282)
(0.708313525 0.551234663 0.01453194282)
(0.711792231 0.584167898 0.01453194282)
(0.714578807 0.617080629 0.01453194282)
(0.716228485 0.649947047 0.01453194282)
(0.716331482 0.682693362 0.01453194282)
(0.71455133 0.715206146 0.01453194282)
(0.710742176 0.747391403 0.01453194282)
(0.705130696 0.779243708 0.01453194282)
(0.698260248 0.810749471 0.01453194282)
(0.691567183 0.841984212 0.01453194282)
(0.686086118 0.872960806 0.01453194282)
(0.683582723 0.903399825 0.01453194282)
(0.685384274 0.932504356 0.01453194282)
(0.692188621 0.95904243 0.01453194282)
(0.703199863 0.982066214 0.01453194282)
(0.738508224 0.0863082409 0.01453194282)
(0.745311022 0.116499901 0.01453194282)
(0.747491539 0.146747664 0.01453194282)
(0.746115983 0.176732197 0.01453194282)
(0.742078722 0.206390426 0.01453194282)
(0.736522913 0.23598212 0.01453194282)
(0.730347693 0.265862942 0.01453194282)
(0.724670351 0.296364844 0.01453194282)
(0.72048533 0.327773541 0.01453194282)
(0.718427241 0.360040724 0.01453194282)
(0.718296409 0.3927899 0.01453194282)
(0.719708979 0.425802678 0.01453194282)
(0.72231555 0.458916664 0.01453194282)
(0.725616097 0.492061764 0.01453194282)
(0.729346275 0.525192142 0.01453194282)
(0.733165145 0.55829978 0.01453194282)
(0.736772895 0.591385365 0.01453194282)
(0.739772737 0.624451756 0.01453194282)
(0.741722882 0.657482088 0.01453194282)
(0.742217124 0.690415263 0.01453194282)
(0.740915239 0.723151982 0.01453194282)
(0.73764801 0.755606592 0.01453194282)
(0.732607782 0.787767589 0.01453194282)
(0.726343513 0.819618344 0.01453194282)
(0.720339715 0.851230323 0.01453194282)
(0.715661824 0.882607281 0.01453194282)
(0.714145243 0.913444579 0.01453194282)
(0.717166185 0.942893445 0.01453194282)
(0.725432217 0.969641745 0.01453194282)
(0.738106728 0.992693663 0.01453194282)
(0.774168909 0.0879504979 0.01453194282)
(0.779909551 0.118919738 0.01453194282)
(0.780898511 0.149862632 0.01453194282)
(0.778263211 0.180447206 0.01453194282)
(0.772942185 0.210617557 0.01453194282)
(0.766127944 0.240658566 0.01453194282)
(0.758765042 0.270949483 0.01453194282)
(0.752001703 0.301855117 0.01453194282)
(0.746883154 0.333677858 0.01453194282)
(0.744076848 0.366370618 0.01453194282)
(0.743352652 0.399549276 0.01453194282)
(0.744318306 0.432985008 0.01453194282)
(0.746603072 0.466511875 0.01453194282)
(0.749695718 0.500057161 0.01453194282)
(0.753313422 0.533577204 0.01453194282)
(0.75711143 0.567065835 0.01453194282)
(0.760780156 0.600528002 0.01453194282)
(0.763925254 0.633972228 0.01453194282)
(0.766107798 0.667390823 0.01453194282)
(0.766925275 0.700735033 0.01453194282)
(0.76603359 0.733919978 0.01453194282)
(0.763240278 0.766868114 0.01453194282)
(0.758703172 0.799561977 0.01453194282)
(0.752977014 0.831981897 0.01453194282)
(0.747594476 0.864195406 0.01453194282)
(0.743651748 0.896196902 0.01453194282)
(0.743054032 0.92765677 0.01453194282)
(0.747226238 0.957674205 0.01453194282)
(0.756885946 0.984857023 0.01453194282)
(0.771155775 1.00816131 0.01453194282)
(0.809856236 0.0870314166 0.01453194282)
(0.814509571 0.118915588 0.01453194282)
(0.814281702 0.150690988 0.01453194282)
(0.810361505 0.18201296 0.01453194282)
(0.803731561 0.212832779 0.01453194282)
(0.795633674 0.243460447 0.01453194282)
(0.787057936 0.274298817 0.01453194282)
(0.779183447 0.305745542 0.01453194282)
(0.773106098 0.338119686 0.01453194282)
(0.769526362 0.371375382 0.01453194282)
(0.768183649 0.40512085 0.01453194282)
(0.768677175 0.439116925 0.01453194282)
(0.770615101 0.473194003 0.01453194282)
(0.773474574 0.507276893 0.01453194282)
(0.77695471 0.5413239 0.01453194282)
(0.780706644 0.575330913 0.01453194282)
(0.784411252 0.609306991 0.01453194282)
(0.787676394 0.643266439 0.01453194282)
(0.790066123 0.677210569 0.01453194282)
(0.791181684 0.711103201 0.01453194282)
(0.790675163 0.744873643 0.01453194282)
(0.788330495 0.778452754 0.01453194282)
(0.784271479 0.811816812 0.01453194282)
(0.779058278 0.844943345 0.01453194282)
(0.774271786 0.877895713 0.01453194282)
(0.771039009 0.910659075 0.01453194282)
(0.771335006 0.942878842 0.01453194282)
(0.776633382 0.973602176 0.01453194282)
(0.787661612 1.00135684 0.01453194282)
(0.803501546 1.02505076 0.01453194282)
(0.845303595 0.0827994943 0.01453194282)
(0.848896921 0.115674756 0.01453194282)
(0.847479701 0.148358807 0.01453194282)
(0.842302084 0.180494323 0.01453194282)
(0.83439064 0.212039798 0.01453194282)
(0.825036526 0.24333027 0.01453194282)
(0.815275311 0.274792224 0.01453194282)
(0.806317091 0.306856215 0.01453194282)
(0.799308419 0.339857936 0.01453194282)
(0.794982672 0.373752683 0.01453194282)
(0.793048799 0.408141106 0.01453194282)
(0.793097675 0.4427737 0.01453194282)
(0.79471606 0.477477163 0.01453194282)
(0.797369838 0.512173712 0.01453194282)
(0.800739765 0.546823859 0.01453194282)
(0.804473102 0.581425369 0.01453194282)
(0.808240891 0.615991592 0.01453194282)
(0.811653554 0.650542378 0.01453194282)
(0.814278007 0.685088217 0.01453194282)
(0.815719008 0.719605386 0.01453194282)
(0.815625012 0.754037559 0.01453194282)
(0.813756526 0.7883237 0.01453194282)
(0.810202956 0.822434187 0.01453194282)
(0.80553019 0.856343389 0.01453194282)
(0.801367164 0.890110791 0.01453194282)
(0.798871934 0.923712194 0.01453194282)
(0.800089121 0.956768036 0.01453194282)
(0.806541085 0.988273442 0.01453194282)
(0.818965375 1.01667607 0.01453194282)
(0.836402953 1.04083586 0.01453194282)
(0.880056024 0.0746346489 0.01453194282)
(0.882676244 0.10847903 0.01453194282)
(0.880156457 0.14204976 0.01453194282)
(0.873808205 0.17497687 0.01453194282)
(0.864702046 0.207225993 0.01453194282)
(0.854178607 0.239157304 0.01453194282)
(0.84331876 0.271220922 0.01453194282)
(0.833363652 0.303880185 0.01453194282)
(0.825510383 0.337487489 0.01453194282)
(0.820525527 0.371999323 0.01453194282)
(0.81808728 0.407008767 0.01453194282)
(0.817778289 0.442255884 0.01453194282)
(0.819164038 0.477563769 0.01453194282)
(0.821698844 0.512852073 0.01453194282)
(0.825045466 0.548083365 0.01453194282)
(0.828846991 0.583257437 0.01453194282)
(0.832764864 0.618391752 0.01453194282)
(0.836411834 0.653511941 0.01453194282)
(0.839357674 0.688637495 0.01453194282)
(0.841211021 0.723757267 0.01453194282)
(0.841616273 0.758829236 0.01453194282)
(0.840310752 0.793800473 0.01453194282)
(0.837349474 0.828635335 0.01453194282)
(0.833303869 0.863305271 0.01453194282)
(0.829851151 0.897865713 0.01453194282)
(0.828180134 0.932283223 0.01453194282)
(0.830405235 0.966153145 0.01453194282)
(0.838097572 0.998418629 0.01453194282)
(0.852004588 1.02744734 0.01453194282)
(0.871126592 1.05205095 0.01453194282)
(0.913505971 0.0621645115 0.01453194282)
(0.9152565 0.0968209878 0.01453194282)
(0.911737502 0.131121382 0.01453194282)
(0.904322028 0.164683044 0.01453194282)
(0.894124448 0.197478816 0.01453194282)
(0.882534981 0.229893953 0.01453194282)
(0.870679796 0.262402177 0.01453194282)
(0.859831154 0.295499682 0.01453194282)
(0.851236701 0.329555541 0.01453194282)
(0.845695972 0.364527464 0.01453194282)
(0.842856705 0.40000087 0.01453194282)
(0.842293203 0.435705483 0.01453194282)
(0.84354955 0.47146073 0.01453194282)
(0.846068799 0.507183731 0.01453194282)
(0.849495351 0.54283917 0.01453194282)
(0.853468478 0.578428745 0.01453194282)
(0.85763967 0.613974154 0.01453194282)
(0.8616243 0.649506688 0.01453194282)
(0.864995003 0.685054958 0.01453194282)
(0.867364049 0.720620275 0.01453194282)
(0.868372023 0.756174862 0.01453194282)
(0.867732882 0.791674197 0.01453194282)
(0.865467191 0.827076435 0.01453194282)
(0.862152219 0.862350106 0.01453194282)
(0.859513283 0.89754653 0.01453194282)
(0.858769953 0.932623148 0.01453194282)
(0.862106442 0.967150092 0.01453194282)
(0.871142745 1.0000186 0.01453194282)
(0.886636138 1.02951622 0.01453194282)
(0.907546163 1.05440676 0.01453194282)
(0.944941044 0.0452457741 0.01453194282)
(0.945847869 0.0804500356 0.01453194282)
(0.941355765 0.115215763 0.01453194282)
(0.932899058 0.149147674 0.01453194282)
(0.921636224 0.182225764 0.01453194282)
(0.909006774 0.214860409 0.01453194282)
(0.896182477 0.247548923 0.01453194282)
(0.88446629 0.2808204 0.01453194282)
(0.87515676 0.315060496 0.01453194282)
(0.869086325 0.35022822 0.01453194282)
(0.865872145 0.385901272 0.01453194282)
(0.865080237 0.421799064 0.01453194282)
(0.866233349 0.457737416 0.01453194282)
(0.868763149 0.493630797 0.01453194282)
(0.872295797 0.529446065 0.01453194282)
(0.876466513 0.565186918 0.01453194282)
(0.880917251 0.600879073 0.01453194282)
(0.885265589 0.636559665 0.01453194282)
(0.889087141 0.672266364 0.01453194282)
(0.891997933 0.708012938 0.01453194282)
(0.893634617 0.743785918 0.01453194282)
(0.893687844 0.779549003 0.01453194282)
(0.892143905 0.815254331 0.01453194282)
(0.889585495 0.850867391 0.01453194282)
(0.88778621 0.886435568 0.01453194282)
(0.887996554 0.921906888 0.01453194282)
(0.89247036 0.956826627 0.01453194282)
(0.902876377 0.990033925 0.01453194282)
(0.919981956 1.01973629 0.01453194282)
(0.942705631 1.04464924 0.01453194282)
(0.973852038 0.0243040938 0.01453194282)
(0.973852396 0.0598574169 0.01453194282)
(0.968324363 0.0948897749 0.01453194282)
(0.958763659 0.128993213 0.01453194282)
(0.946372747 0.162154913 0.01453194282)
(0.932640612 0.194810346 0.01453194282)
(0.91878432 0.227480441 0.01453194282)
(0.906137884 0.260727137 0.01453194282)
(0.896050453 0.29495278 0.01453194282)
(0.889387488 0.330117524 0.01453194282)
(0.885735631 0.365791529 0.01453194282)
(0.884652555 0.401683807 0.01453194282)
(0.885639608 0.437606514 0.01453194282)
(0.888117135 0.473471582 0.01453194282)
(0.891693056 0.509247959 0.01453194282)
(0.895998657 0.544941306 0.01453194282)
(0.900666058 0.580581546 0.01453194282)
(0.90531534 0.616211474 0.01453194282)
(0.909524977 0.65187788 0.01453194282)
(0.912914693 0.68760699 0.01453194282)
(0.915117383 0.723399639 0.01453194282)
(0.915800154 0.759227812 0.01453194282)
(0.914915085 0.795037508 0.01453194282)
(0.913050532 0.830791235 0.01453194282)
(0.912028193 0.866532385 0.01453194282)
(0.913129389 0.902199745 0.01453194282)
(0.918677807 0.937313437 0.01453194282)
(0.930390775 0.970660865 0.01453194282)
(0.949045777 1.00036919 0.01453194282)
(0.973520458 1.02510595 0.01453194282)
(0.99903965 0.0358265154 0.01453194282)
(0.992421508 0.0710496232 0.01453194282)
(0.981702626 0.105248712 0.01453194282)
(0.968129396 0.138418153 0.01453194282)
(0.953240335 0.171018511 0.01453194282)
(0.938297868 0.203594312 0.01453194282)
(0.924666941 0.236740366 0.01453194282)
(0.91374743 0.270875663 0.01453194282)
(0.906437695 0.305961609 0.01453194282)
(0.90229398 0.341560662 0.01453194282)
(0.900865436 0.37737155 0.01453194282)
(0.901632249 0.413202763 0.01453194282)
(0.904003322 0.448963612 0.01453194282)
(0.907568276 0.48462525 0.01453194282)
(0.911954522 0.520195246 0.01453194282)
(0.916784406 0.555707693 0.01453194282)
(0.92168045 0.591211081 0.01453194282)
(0.926223934 0.626761258 0.01453194282)
(0.930038393 0.662397087 0.01453194282)
(0.932752788 0.698133528 0.01453194282)
(0.934010983 0.733950853 0.01453194282)
(0.933730602 0.76978904 0.01453194282)
(0.932505667 0.805607617 0.01453194282)
(0.932206035 0.841445863 0.01453194282)
(0.934143841 0.877233386 0.01453194282)
(0.940712631 0.912465274 0.01453194282)
(0.95367837 0.945876837 0.01453194282)
(0.973828554 0.975515187 0.01453194282)
(0 0 0.01453194282)
(1 0 0.01453194282)
(-3.22333205e-09 1 0.01453194282)
(1 1 0.01453194282)
(0.0313578025 0.0170613006 -0.01453194282)
(0.0574915819 0.0446939729 -0.01453194282)
(0.0272312649 0.0271019749 -0.01453194282)
(0.0815918595 0.0740315318 -0.01453194282)
(0.0525584705 0.0559912771 -0.01453194282)
(0.103497751 0.105007827 -0.01453194282)
(0.0757593662 0.0866144076 -0.01453194282)
(0.123223513 0.137416109 -0.01453194282)
(0.0968042016 0.118757442 -0.01453194282)
(0.140923947 0.171014339 -0.01453194282)
(0.115798377 0.152153254 -0.01453194282)
(0.156589985 0.205685809 -0.01453194282)
(0.132687405 0.186661497 -0.01453194282)
(0.170719683 0.241105512 -0.01453194282)
(0.147938371 0.221924335 -0.01453194282)
(0.183294266 0.277225882 -0.01453194282)
(0.161481857 0.257877558 -0.01453194282)
(0.194288433 0.313974261 -0.01453194282)
(0.173259556 0.294447243 -0.01453194282)
(0.204113096 0.351126909 -0.01453194282)
(0.183712915 0.331417322 -0.01453194282)
(0.212551668 0.388672501 -0.01453194282)
(0.192633718 0.368786782 -0.01453194282)
(0.219680756 0.426521599 -0.01453194282)
(0.200119853 0.406469882 -0.01453194282)
(0.22522822 0.464655519 -0.01453194282)
(0.205910593 0.444450498 -0.01453194282)
(0.229294658 0.502985954 -0.01453194282)
(0.210124761 0.48263818 -0.01453194282)
(0.23161827 0.541465819 -0.01453194282)
(0.212504551 0.520983934 -0.01453194282)
(0.232093915 0.580012441 -0.01453194282)
(0.212954521 0.559400797 -0.01453194282)
(0.230276391 0.618514538 -0.01453194282)
(0.211027041 0.597771943 -0.01453194282)
(0.225666255 0.656773448 -0.01453194282)
(0.206219837 0.63588953 -0.01453194282)
(0.217783079 0.694478154 -0.01453194282)
(0.198048726 0.673430026 -0.01453194282)
(0.206363633 0.731243849 -0.01453194282)
(0.186254352 0.709994435 -0.01453194282)
(0.191705972 0.766819775 -0.01453194282)
(0.171158105 0.745323658 -0.01453194282)
(0.174689084 0.801315904 -0.01453194282)
(0.153673336 0.779533803 -0.01453194282)
(0.155749574 0.834775269 -0.01453194282)
(0.134231001 0.812670827 -0.01453194282)
(0.135408372 0.867349744 -0.01453194282)
(0.113303885 0.844890714 -0.01453194282)
(0.11411415 0.899228573 -0.01453194282)
(0.0913098007 0.876391828 -0.01453194282)
(0.0923073068 0.930607557 -0.01453194282)
(0.0686194077 0.907395184 -0.01453194282)
(0.0703888759 0.96167779 -0.01453194282)
(0.0455849841 0.93814373 -0.01453194282)
(0.0488674231 0.992729127 -0.01453194282)
(0.0227051415 0.969007492 -0.01453194282)
(0.0277222693 1.02372706 -0.01453194282)
(0.0643653795 0.0306590106 -0.01453194282)
(0.0895593688 0.0585854985 -0.01453194282)
(0.112590417 0.0881344303 -0.01453194282)
(0.133358985 0.119227 -0.01453194282)
(0.151923344 0.151663646 -0.01453194282)
(0.168487713 0.185227424 -0.01453194282)
(0.183088422 0.219825208 -0.01453194282)
(0.196254507 0.255164891 -0.01453194282)
(0.208017856 0.291215539 -0.01453194282)
(0.218386158 0.327905715 -0.01453194282)
(0.227739781 0.365004063 -0.01453194282)
(0.235853806 0.402488887 -0.01453194282)
(0.242783502 0.440267086 -0.01453194282)
(0.248245358 0.47831741 -0.01453194282)
(0.25232172 0.5165537 -0.01453194282)
(0.254746854 0.554930866 -0.01453194282)
(0.255405843 0.593370259 -0.01453194282)
(0.253855944 0.631766438 -0.01453194282)
(0.249600574 0.669929743 -0.01453194282)
(0.242163017 0.707561731 -0.01453194282)
(0.231276214 0.744291842 -0.01453194282)
(0.217214823 0.779877603 -0.01453194282)
(0.200823531 0.814422786 -0.01453194282)
(0.182544529 0.847967625 -0.01453194282)
(0.162946969 0.880659819 -0.01453194282)
(0.14251034 0.912679434 -0.01453194282)
(0.121744782 0.944197178 -0.01453194282)
(0.101100095 0.975352228 -0.01453194282)
(0.0810948089 1.00635433 -0.01453194282)
(0.0616674386 1.03712082 -0.01453194282)
(0.0985997319 0.0407788716 -0.01453194282)
(0.122899756 0.0686416402 -0.01453194282)
(0.14490737 0.0980444252 -0.01453194282)
(0.164584398 0.128895745 -0.01453194282)
(0.182033107 0.161003202 -0.01453194282)
(0.197507128 0.19417499 -0.01453194282)
(0.211088225 0.228341565 -0.01453194282)
(0.223336399 0.263243675 -0.01453194282)
(0.234334171 0.298867047 -0.01453194282)
(0.244122282 0.33514148 -0.01453194282)
(0.253050566 0.37182796 -0.01453194282)
(0.260885715 0.408894449 -0.01453194282)
(0.267661721 0.44624421 -0.01453194282)
(0.273083687 0.4838534 -0.01453194282)
(0.277215689 0.521637976 -0.01453194282)
(0.279788077 0.559554756 -0.01453194282)
(0.280676186 0.597529411 -0.01453194282)
(0.279439658 0.635462046 -0.01453194282)
(0.275584847 0.673172235 -0.01453194282)
(0.26863873 0.710373938 -0.01453194282)
(0.258330435 0.746710837 -0.01453194282)
(0.244911194 0.781948805 -0.01453194282)
(0.229191393 0.816185594 -0.01453194282)
(0.211618856 0.849458277 -0.01453194282)
(0.192810878 0.881910682 -0.01453194282)
(0.17327784 0.913713455 -0.01453194282)
(0.153599665 0.94501251 -0.01453194282)
(0.134274915 0.975894749 -0.01453194282)
(0.11583209 1.00648999 -0.01453194282)
(0.0981688946 1.03666735 -0.01453194282)
(0.133624017 0.0476859622 -0.01453194282)
(0.156959757 0.075285241 -0.01453194282)
(0.177873641 0.104342096 -0.01453194282)
(0.196388811 0.134752378 -0.01453194282)
(0.212651581 0.166330904 -0.01453194282)
(0.22696498 0.198910907 -0.01453194282)
(0.239456192 0.232446522 -0.01453194282)
(0.25071618 0.266711265 -0.01453194282)
(0.260878146 0.301707625 -0.01453194282)
(0.270015806 0.337366551 -0.01453194282)
(0.278448462 0.373441398 -0.01453194282)
(0.285934478 0.409889787 -0.01453194282)
(0.292486548 0.446611315 -0.01453194282)
(0.297798336 0.483579606 -0.01453194282)
(0.301915735 0.520712733 -0.01453194282)
(0.304565072 0.557969451 -0.01453194282)
(0.305611998 0.595279515 -0.01453194282)
(0.304618567 0.632548928 -0.01453194282)
(0.301094025 0.669606209 -0.01453194282)
(0.294569045 0.706177831 -0.01453194282)
(0.284768879 0.741921842 -0.01453194282)
(0.271921486 0.776612282 -0.01453194282)
(0.256802827 0.810340822 -0.01453194282)
(0.239866361 0.843141615 -0.01453194282)
(0.221777618 0.875154436 -0.01453194282)
(0.203077778 0.906540751 -0.01453194282)
(0.184416547 0.937421203 -0.01453194282)
(0.166341245 0.967830956 -0.01453194282)
(0.149390355 0.997819483 -0.01453194282)
(0.13342078 1.02720809 -0.01453194282)
(0.169081539 0.0518295392 -0.01453194282)
(0.191401824 0.0791479349 -0.01453194282)
(0.211170807 0.107841462 -0.01453194282)
(0.228472993 0.137793332 -0.01453194282)
(0.243498698 0.168825522 -0.01453194282)
(0.25660038 0.200796366 -0.01453194282)
(0.267950594 0.233683601 -0.01453194282)
(0.278171301 0.267293632 -0.01453194282)
(0.28744638 0.301645577 -0.01453194282)
(0.295882493 0.336671591 -0.01453194282)
(0.303768456 0.37211743 -0.01453194282)
(0.310854256 0.407930315 -0.01453194282)
(0.317131281 0.444006264 -0.01453194282)
(0.322281837 0.480316281 -0.01453194282)
(0.326333493 0.516780555 -0.01453194282)
(0.329008669 0.553359807 -0.01453194282)
(0.3301633 0.589988053 -0.01453194282)
(0.329361826 0.626576781 -0.01453194282)
(0.326116383 0.662963808 -0.01453194282)
(0.319961369 0.698888063 -0.01453194282)
(0.310618192 0.734021783 -0.01453194282)
(0.298291415 0.76814729 -0.01453194282)
(0.283722669 0.801350236 -0.01453194282)
(0.267371088 0.833661735 -0.01453194282)
(0.24995032 0.865217626 -0.01453194282)
(0.232032403 0.89617002 -0.01453194282)
(0.214336798 0.926614583 -0.01453194282)
(0.197459608 0.956534386 -0.01453194282)
(0.181949228 0.985898972 -0.01453194282)
(0.167621776 1.01448143 -0.01453194282)
(0.204716384 0.0539658628 -0.01453194282)
(0.226029813 0.0811146498 -0.01453194282)
(0.244662479 0.109556131 -0.01453194282)
(0.260760278 0.139160857 -0.01453194282)
(0.274557531 0.169757977 -0.01453194282)
(0.286456078 0.201230943 -0.01453194282)
(0.296673954 0.233581081 -0.01453194282)
(0.305864006 0.266647667 -0.01453194282)
(0.314260811 0.300466478 -0.01453194282)
(0.32200402 0.334970891 -0.01453194282)
(0.329351932 0.369899005 -0.01453194282)
(0.336046129 0.405187696 -0.01453194282)
(0.342056721 0.44072932 -0.01453194282)
(0.347054631 0.476492345 -0.01453194282)
(0.351049185 0.512399077 -0.01453194282)
(0.353758812 0.548412144 -0.01453194282)
(0.355029732 0.584469795 -0.01453194282)
(0.354428828 0.62048924 -0.01453194282)
(0.351471096 0.656317234 -0.01453194282)
(0.345694631 0.691705346 -0.01453194282)
(0.336816996 0.726340055 -0.01453194282)
(0.325019419 0.760011971 -0.01453194282)
(0.311009198 0.792800605 -0.01453194282)
(0.295251042 0.824734151 -0.01453194282)
(0.278506786 0.855944395 -0.01453194282)
(0.261379361 0.88657403 -0.01453194282)
(0.244657919 0.916693985 -0.01453194282)
(0.228987321 0.94623518 -0.01453194282)
(0.21492593 0.975087047 -0.01453194282)
(0.20224905 1.00297463 -0.01453194282)
(0.24040851 0.0546555817 -0.01453194282)
(0.260766089 0.0819150433 -0.01453194282)
(0.278313518 0.110384762 -0.01453194282)
(0.293258011 0.139922619 -0.01453194282)
(0.305877864 0.170364976 -0.01453194282)
(0.316624373 0.20162034 -0.01453194282)
(0.325760961 0.233713686 -0.01453194282)
(0.333971471 0.266517103 -0.01453194282)
(0.341541082 0.300083071 -0.01453194282)
(0.348642498 0.334346145 -0.01453194282)
(0.35550341 0.369036824 -0.01453194282)
(0.361857116 0.404081613 -0.01453194282)
(0.367652357 0.439369261 -0.01453194282)
(0.372548729 0.474865556 -0.01453194282)
(0.376537234 0.510495067 -0.01453194282)
(0.379332423 0.54622227 -0.01453194282)
(0.380770713 0.581989586 -0.01453194282)
(0.38042143 0.617720008 -0.01453194282)
(0.377802432 0.653269351 -0.01453194282)
(0.372455597 0.688401639 -0.01453194282)
(0.364094555 0.722817659 -0.01453194282)
(0.3528772 0.756316245 -0.01453194282)
(0.339476496 0.788970888 -0.01453194282)
(0.324362785 0.820806682 -0.01453194282)
(0.308346063 0.85195154 -0.01453194282)
(0.292060077 0.882538855 -0.01453194282)
(0.27636376 0.912614405 -0.01453194282)
(0.261950701 0.942057312 -0.01453194282)
(0.249389187 0.97067678 -0.01453194282)
(0.238413766 0.998149872 -0.01453194282)
(0.276106566 0.0544341877 -0.01453194282)
(0.295508176 0.0821713507 -0.01453194282)
(0.311970204 0.11103633 -0.01453194282)
(0.325761139 0.140874356 -0.01453194282)
(0.337203383 0.17152895 -0.01453194282)
(0.346797615 0.202933729 -0.01453194282)
(0.354852647 0.235137284 -0.01453194282)
(0.362083286 0.268044561 -0.01453194282)
(0.368825406 0.301724672 -0.01453194282)
(0.375284672 0.336113453 -0.01453194282)
(0.381658316 0.370933682 -0.01453194282)
(0.387671232 0.406101584 -0.01453194282)
(0.393250853 0.441502184 -0.01453194282)
(0.398045361 0.477098793 -0.01453194282)
(0.402027577 0.512817979 -0.01453194282)
(0.404908031 0.548626304 -0.01453194282)
(0.406513482 0.584470272 -0.01453194282)
(0.406415582 0.620278656 -0.01453194282)
(0.404135197 0.655916274 -0.01453194282)
(0.399217784 0.691159725 -0.01453194282)
(0.391373217 0.725723982 -0.01453194282)
(0.380735993 0.759416223 -0.01453194282)
(0.367944717 0.79230386 -0.01453194282)
(0.353475422 0.824409008 -0.01453194282)
(0.338186234 0.855855405 -0.01453194282)
(0.322741747 0.886767387 -0.01453194282)
(0.30807066 0.917165637 -0.01453194282)
(0.294915348 0.946877182 -0.01453194282)
(0.283854067 0.975631237 -0.01453194282)
(0.274580508 1.00305665 -0.01453194282)
(0.311801523 0.053914912 -0.01453194282)
(0.330209583 0.0823184773 -0.01453194282)
(0.34554857 0.111767419 -0.01453194282)
(0.358148426 0.142094299 -0.01453194282)
(0.36837548 0.173149854 -0.01453194282)
(0.376779854 0.204892755 -0.01453194282)
(0.383715749 0.237395227 -0.01453194282)
(0.389928997 0.270595074 -0.01453194282)
(0.395806104 0.304578036 -0.01453194282)
(0.401585698 0.339281201 -0.01453194282)
(0.407434523 0.374419719 -0.01453194282)
(0.413069069 0.409899414 -0.01453194282)
(0.418395519 0.445601702 -0.01453194282)
(0.423050642 0.481487304 -0.01453194282)
(0.426988989 0.517484963 -0.01453194282)
(0.429917186 0.553563118 -0.01453194282)
(0.431652188 0.589672506 -0.01453194282)
(0.431768149 0.625747502 -0.01453194282)
(0.429788709 0.661662161 -0.01453194282)
(0.425263137 0.697205424 -0.01453194282)
(0.417897433 0.732106745 -0.01453194282)
(0.407802731 0.76618135 -0.01453194282)
(0.395583302 0.799490631 -0.01453194282)
(0.381720722 0.832053781 -0.01453194282)
(0.367121428 0.863990545 -0.01453194282)
(0.352480769 0.895415902 -0.01453194282)
(0.338797241 0.9263255 -0.01453194282)
(0.326861918 0.956494451 -0.01453194282)
(0.317263067 0.985571742 -0.01453194282)
(0.30965361 1.01313829 -0.01453194282)
(0.347499669 0.0537103452 -0.01453194282)
(0.364911854 0.0827765763 -0.01453194282)
(0.379125535 0.112805754 -0.01453194282)
(0.390531987 0.143617779 -0.01453194282)
(0.399541557 0.175070539 -0.01453194282)
(0.406753808 0.207147852 -0.01453194282)
(0.412568331 0.239945516 -0.01453194282)
(0.417761892 0.273434192 -0.01453194282)
(0.422771692 0.30771631 -0.01453194282)
(0.42786938 0.342730105 -0.01453194282)
(0.433191121 0.378183186 -0.01453194282)
(0.438445061 0.413970977 -0.01453194282)
(0.443516046 0.449971229 -0.01453194282)
(0.448029518 0.486142129 -0.01453194282)
(0.451921731 0.522414505 -0.01453194282)
(0.454895377 0.558758795 -0.01453194282)
(0.456757635 0.595129848 -0.01453194282)
(0.457085162 0.63146776 -0.01453194282)
(0.455404401 0.667655706 -0.01453194282)
(0.451268405 0.703495145 -0.01453194282)
(0.44437924 0.738729715 -0.01453194282)
(0.434824705 0.773182988 -0.01453194282)
(0.423174769 0.806910276 -0.01453194282)
(0.40991661 0.839927733 -0.01453194282)
(0.396004856 0.87235111 -0.01453194282)
(0.38216567 0.904286087 -0.01453194282)
(0.369467288 0.935703278 -0.01453194282)
(0.358749568 0.966325879 -0.01453194282)
(0.350610703 0.995722771 -0.01453194282)
(0.344662845 1.02342677 -0.01453194282)
(0.383196712 0.0540582985 -0.01453194282)
(0.399647564 0.0836158171 -0.01453194282)
(0.41277048 0.114053838 -0.01453194282)
(0.423018128 0.1451796 -0.01453194282)
(0.430844814 0.176858202 -0.01453194282)
(0.436899513 0.209098518 -0.01453194282)
(0.441627264 0.242019981 -0.01453194282)
(0.445835799 0.275626123 -0.01453194282)
(0.450012922 0.310035974 -0.01453194282)
(0.454463273 0.345189095 -0.01453194282)
(0.459292531 0.380785316 -0.01453194282)
(0.464200437 0.41670981 -0.01453194282)
(0.469050616 0.452836663 -0.01453194282)
(0.473457009 0.489121467 -0.01453194282)
(0.477337718 0.525497198 -0.01453194282)
(0.480391353 0.5619362 -0.01453194282)
(0.482415497 0.598397553 -0.01453194282)
(0.482989132 0.634827077 -0.01453194282)
(0.48164165 0.671116948 -0.01453194282)
(0.477929741 0.707081139 -0.01453194282)
(0.471551687 0.742477655 -0.01453194282)
(0.462571859 0.777138233 -0.01453194282)
(0.451525956 0.811112046 -0.01453194282)
(0.438906789 0.844412446 -0.01453194282)
(0.425717056 0.877151012 -0.01453194282)
(0.412713826 0.909424245 -0.01453194282)
(0.40103507 0.941177726 -0.01453194282)
(0.391569406 0.972082615 -0.01453194282)
(0.384924948 1.00162768 -0.01453194282)
(0.380673051 1.02929783 -0.01453194282)
(0.418882102 0.0550341494 -0.01453194282)
(0.434388101 0.0848305374 -0.01453194282)
(0.446436763 0.115424976 -0.01453194282)
(0.455542028 0.146612078 -0.01453194282)
(0.462202311 0.178264081 -0.01453194282)
(0.467115939 0.210414991 -0.01453194282)
(0.470773369 0.243207857 -0.01453194282)
(0.474013299 0.276679009 -0.01453194282)
(0.477374196 0.310964227 -0.01453194282)
(0.481193721 0.346004188 -0.01453194282)
(0.485546976 0.381491184 -0.01453194282)
(0.490125328 0.417299956 -0.01453194282)
(0.494771153 0.453300983 -0.01453194282)
(0.499086946 0.489447266 -0.01453194282)
(0.502972543 0.525673926 -0.01453194282)
(0.506122708 0.561955273 -0.01453194282)
(0.508325219 0.598254502 -0.01453194282)
(0.509161413 0.634523153 -0.01453194282)
(0.508163631 0.670662582 -0.01453194282)
(0.50489229 0.706499159 -0.01453194282)
(0.499041796 0.741805136 -0.01453194282)
(0.490653187 0.776420593 -0.01453194282)
(0.480227768 0.810388625 -0.01453194282)
(0.468263984 0.843719482 -0.01453194282)
(0.455812782 0.876520813 -0.01453194282)
(0.443661958 0.908879876 -0.01453194282)
(0.43301931 0.94071722 -0.01453194282)
(0.424822152 0.971651912 -0.01453194282)
(0.419688553 1.00109279 -0.01453194282)
(0.417149037 1.0284766 -0.01453194282)
(0.454544812 0.0566374175 -0.01453194282)
(0.469091237 0.0864797309 -0.01453194282)
(0.480050862 0.117037661 -0.01453194282)
(0.487999052 0.148093149 -0.01453194282)
(0.493478149 0.179525629 -0.01453194282)
(0.497235954 0.211394191 -0.01453194282)
(0.499808311 0.24386549 -0.01453194282)
(0.502064884 0.277008742 -0.01453194282)
(0.504594803 0.310976356 -0.01453194282)
(0.507768691 0.345710248 -0.01453194282)
(0.511631131 0.380895048 -0.01453194282)
(0.515865207 0.416395158 -0.01453194282)
(0.520291865 0.452077389 -0.01453194282)
(0.524502337 0.48789224 -0.01453194282)
(0.528378129 0.523776889 -0.01453194282)
(0.531610012 0.559707582 -0.01453194282)
(0.533976078 0.595651805 -0.01453194282)
(0.535060167 0.631566644 -0.01453194282)
(0.534397364 0.66736263 -0.01453194282)
(0.531551898 0.702878594 -0.01453194282)
(0.526214182 0.737901151 -0.01453194282)
(0.51840204 0.772278488 -0.01453194282)
(0.508582413 0.806047738 -0.01453194282)
(0.497259349 0.839216173 -0.01453194282)
(0.485531926 0.871887386 -0.01453194282)
(0.474218875 0.90413928 -0.01453194282)
(0.464597642 0.935867548 -0.01453194282)
(0.457654327 0.966639161 -0.01453194282)
(0.454016984 0.995782912 -0.01453194282)
(0.453175306 1.02268732 -0.01453194282)
(0.490173966 0.0588653237 -0.01453194282)
(0.503741264 0.0886302069 -0.01453194282)
(0.513592362 0.11902827 -0.01453194282)
(0.520363927 0.149828792 -0.01453194282)
(0.524642348 0.180918396 -0.01453194282)
(0.527224839 0.212381244 -0.01453194282)
(0.528692603 0.244407639 -0.01453194282)
(0.529946268 0.277099639 -0.01453194282)
(0.531625688 0.310626268 -0.01453194282)
(0.534134448 0.344930738 -0.01453194282)
(0.537486613 0.379689991 -0.01453194282)
(0.541356802 0.414758056 -0.01453194282)
(0.545544803 0.4499982 -0.01453194282)
(0.549630404 0.485358238 -0.01453194282)
(0.55347687 0.520777464 -0.01453194282)
(0.55677098 0.556234241 -0.01453194282)
(0.559281111 0.591699958 -0.01453194282)
(0.560593486 0.627137661 -0.01453194282)
(0.56024617 0.662466884 -0.01453194282)
(0.557806969 0.697538912 -0.01453194282)
(0.552962661 0.732154608 -0.01453194282)
(0.545707464 0.766170502 -0.01453194282)
(0.536474109 0.799617648 -0.01453194282)
(0.525772214 0.832500219 -0.01453194282)
(0.51474911 0.864917994 -0.01453194282)
(0.504254341 0.896939456 -0.01453194282)
(0.495635033 0.928435206 -0.01453194282)
(0.4899261 0.95892036 -0.01453194282)
(0.487765491 0.9876436 -0.01453194282)
(0.488602221 1.01394534 -0.01453194282)
(0.525758982 0.0617128275 -0.01453194282)
(0.538339496 0.091343835 -0.01453194282)
(0.547074437 0.121525586 -0.01453194282)
(0.552661717 0.152014688 -0.01453194282)
(0.555731773 0.18270497 -0.01453194282)
(0.557131171 0.213705674 -0.01453194282)
(0.557486713 0.245230719 -0.01453194282)
(0.55772984 0.277415007 -0.01453194282)
(0.558551073 0.310444236 -0.01453194282)
(0.560387015 0.344262809 -0.01453194282)
(0.563221216 0.378540069 -0.01453194282)
(0.566719949 0.413119674 -0.01453194282)
(0.570661604 0.447861224 -0.01453194282)
(0.574614644 0.482710004 -0.01453194282)
(0.578424096 0.51760745 -0.01453194282)
(0.581772745 0.552533746 -0.01453194282)
(0.58441931 0.587464631 -0.01453194282)
(0.585952342 0.622368753 -0.01453194282)
(0.585912824 0.657174647 -0.01453194282)
(0.583872318 0.691746294 -0.01453194282)
(0.579513609 0.725898743 -0.01453194282)
(0.572807789 0.759496748 -0.01453194282)
(0.564153016 0.792565286 -0.01453194282)
(0.554064691 0.825105667 -0.01453194282)
(0.543738246 0.857213438 -0.01453194282)
(0.534053981 0.888947964 -0.01453194282)
(0.526428998 0.92015487 -0.01453194282)
(0.521946788 0.950297177 -0.01453194282)
(0.521255314 0.978543401 -0.01453194282)
(0.523762763 1.00418603 -0.01453194282)
(0.561289608 0.0651727095 -0.01453194282)
(0.572886527 0.0946531743 -0.01453194282)
(0.580508351 0.124601945 -0.01453194282)
(0.584914446 0.154762968 -0.01453194282)
(0.586779237 0.185037255 -0.01453194282)
(0.586998761 0.21555914 -0.01453194282)
(0.58624506 0.246566162 -0.01453194282)
(0.58548075 0.278226078 -0.01453194282)
(0.585446894 0.310741246 -0.01453194282)
(0.586613119 0.344057262 -0.01453194282)
(0.588932455 0.37783587 -0.01453194282)
(0.592062771 0.411910355 -0.01453194282)
(0.59576124 0.446136653 -0.01453194282)
(0.599584818 0.480457515 -0.01453194282)
(0.603360295 0.514816463 -0.01453194282)
(0.606766641 0.549195647 -0.01453194282)
(0.609552681 0.58357501 -0.01453194282)
(0.611309469 0.617928863 -0.01453194282)
(0.611580908 0.652194858 -0.01453194282)
(0.609942079 0.686249435 -0.01453194282)
(0.606072187 0.719921947 -0.01453194282)
(0.599918723 0.753085434 -0.01453194282)
(0.591845691 0.785758734 -0.01453194282)
(0.582373977 0.817940176 -0.01453194282)
(0.572747231 0.849721313 -0.01453194282)
(0.563876688 0.881152272 -0.01453194282)
(0.557249069 0.912053585 -0.01453194282)
(0.553996623 0.941836357 -0.01453194282)
(0.554777384 0.969588935 -0.01453194282)
(0.55895865 0.994555831 -0.01453194282)
(0.596756399 0.0692356601 -0.01453194282)
(0.607382536 0.0985867903 -0.01453194282)
(0.613904178 0.128323779 -0.01453194282)
(0.617142022 0.158177942 -0.01453194282)
(0.617814481 0.188057438 -0.01453194282)
(0.616867006 0.218121722 -0.01453194282)
(0.615017056 0.248631924 -0.01453194282)
(0.613258183 0.279788643 -0.01453194282)
(0.612382233 0.31181097 -0.01453194282)
(0.612891614 0.344645649 -0.01453194282)
(0.61470902 0.377946794 -0.01453194282)
(0.617483854 0.411537349 -0.01453194282)
(0.62095201 0.445269644 -0.01453194282)
(0.624659002 0.479083776 -0.01453194282)
(0.628413558 0.512925446 -0.01453194282)
(0.631890476 0.546778738 -0.01453194282)
(0.634828866 0.580627739 -0.01453194282)
(0.636822402 0.614452541 -0.01453194282)
(0.637417614 0.648199856 -0.01453194282)
(0.636193454 0.681758583 -0.01453194282)
(0.632825255 0.714972377 -0.01453194282)
(0.627237082 0.747722507 -0.01453194282)
(0.619758666 0.780021727 -0.01453194282)
(0.610916495 0.811865449 -0.01453194282)
(0.602002442 0.843341231 -0.01453194282)
(0.593958497 0.874489844 -0.01453194282)
(0.588341117 0.905106723 -0.01453194282)
(0.586331427 0.93455112 -0.01453194282)
(0.588597298 0.961831331 -0.01453194282)
(0.594465256 0.986143649 -0.01453194282)
(0.632159591 0.073819913 -0.01453194282)
(0.641834199 0.103108406 -0.01453194282)
(0.647274852 0.132700309 -0.01453194282)
(0.649363577 0.162314281 -0.01453194282)
(0.648862958 0.191865698 -0.01453194282)
(0.646767676 0.22153905 -0.01453194282)
(0.64384073 0.25161913 -0.01453194282)
(0.641106546 0.282339394 -0.01453194282)
(0.639407575 0.313935518 -0.01453194282)
(0.639279425 0.346355528 -0.01453194282)
(0.640614033 0.379245907 -0.01453194282)
(0.643052638 0.41241926 -0.01453194282)
(0.646309674 0.445724189 -0.01453194282)
(0.649919391 0.47909829 -0.01453194282)
(0.653672099 0.512489378 -0.01453194282)
(0.657238781 0.545883477 -0.01453194282)
(0.660348892 0.579268873 -0.01453194282)
(0.662598252 0.612631261 -0.01453194282)
(0.663536489 0.645926535 -0.01453194282)
(0.662746251 0.679056108 -0.01453194282)
(0.659898937 0.711877882 -0.01453194282)
(0.654895306 0.744281352 -0.01453194282)
(0.648030698 0.776273251 -0.01453194282)
(0.639837325 0.80784595 -0.01453194282)
(0.631655097 0.839083016 -0.01453194282)
(0.624457002 0.87001586 -0.01453194282)
(0.619869113 0.900415123 -0.01453194282)
(0.619121373 0.929587901 -0.01453194282)
(0.622891605 0.956462324 -0.01453194282)
(0.630465448 0.98018676 -0.01453194282)
(0.667535663 0.0786086991 -0.01453194282)
(0.676274896 0.107967332 -0.01453194282)
(0.680650651 0.137546942 -0.01453194282)
(0.681606472 0.167053521 -0.01453194282)
(0.679948807 0.196409613 -0.01453194282)
(0.676721871 0.225824848 -0.01453194282)
(0.672733963 0.255607575 -0.01453194282)
(0.66904062 0.286024123 -0.01453194282)
(0.666534781 0.317326874 -0.01453194282)
(0.665785193 0.349465042 -0.01453194282)
(0.666653156 0.382077426 -0.01453194282)
(0.668771565 0.414966345 -0.01453194282)
(0.671833634 0.447976708 -0.01453194282)
(0.67536217 0.481043547 -0.01453194282)
(0.679129183 0.514116824 -0.01453194282)
(0.682801783 0.547184527 -0.01453194282)
(0.686099589 0.580239058 -0.01453194282)
(0.688620985 0.613271832 -0.01453194282)
(0.689918399 0.646247923 -0.01453194282)
(0.689578176 0.679081082 -0.01453194282)
(0.68726784 0.711643577 -0.01453194282)
(0.682864845 0.743833184 -0.01453194282)
(0.676630199 0.775650561 -0.01453194282)
(0.669101715 0.807085037 -0.01453194282)
(0.661667526 0.838216126 -0.01453194282)
(0.655331314 0.869066119 -0.01453194282)
(0.651789069 0.899380445 -0.01453194282)
(0.652319431 0.928414345 -0.01453194282)
(0.657610118 0.955015838 -0.01453194282)
(0.666906059 0.978285193 -0.01453194282)
(0.702962756 0.083003588 -0.01453194282)
(0.710759759 0.112641893 -0.01453194282)
(0.714063883 0.142418742 -0.01453194282)
(0.713879943 0.172027454 -0.01453194282)
(0.711058438 0.201397792 -0.01453194282)
(0.706692994 0.230764404 -0.01453194282)
(0.701637387 0.260459334 -0.01453194282)
(0.696977913 0.290781736 -0.01453194282)
(0.693658471 0.322000623 -0.01453194282)
(0.692280591 0.354066461 -0.01453194282)
(0.692675114 0.386610419 -0.01453194282)
(0.694466531 0.419424415 -0.01453194282)
(0.697326779 0.452349722 -0.01453194282)
(0.700767279 0.485318869 -0.01453194282)
(0.704541802 0.518283844 -0.01453194282)
(0.708313525 0.551234663 -0.01453194282)
(0.711792231 0.584167898 -0.01453194282)
(0.714578807 0.617080629 -0.01453194282)
(0.716228485 0.649947047 -0.01453194282)
(0.716331482 0.682693362 -0.01453194282)
(0.71455133 0.715206146 -0.01453194282)
(0.710742176 0.747391403 -0.01453194282)
(0.705130696 0.779243708 -0.01453194282)
(0.698260248 0.810749471 -0.01453194282)
(0.691567183 0.841984212 -0.01453194282)
(0.686086118 0.872960806 -0.01453194282)
(0.683582723 0.903399825 -0.01453194282)
(0.685384274 0.932504356 -0.01453194282)
(0.692188621 0.95904243 -0.01453194282)
(0.703199863 0.982066214 -0.01453194282)
(0.738508224 0.0863082409 -0.01453194282)
(0.745311022 0.116499901 -0.01453194282)
(0.747491539 0.146747664 -0.01453194282)
(0.746115983 0.176732197 -0.01453194282)
(0.742078722 0.206390426 -0.01453194282)
(0.736522913 0.23598212 -0.01453194282)
(0.730347693 0.265862942 -0.01453194282)
(0.724670351 0.296364844 -0.01453194282)
(0.72048533 0.327773541 -0.01453194282)
(0.718427241 0.360040724 -0.01453194282)
(0.718296409 0.3927899 -0.01453194282)
(0.719708979 0.425802678 -0.01453194282)
(0.72231555 0.458916664 -0.01453194282)
(0.725616097 0.492061764 -0.01453194282)
(0.729346275 0.525192142 -0.01453194282)
(0.733165145 0.55829978 -0.01453194282)
(0.736772895 0.591385365 -0.01453194282)
(0.739772737 0.624451756 -0.01453194282)
(0.741722882 0.657482088 -0.01453194282)
(0.742217124 0.690415263 -0.01453194282)
(0.740915239 0.723151982 -0.01453194282)
(0.73764801 0.755606592 -0.01453194282)
(0.732607782 0.787767589 -0.01453194282)
(0.726343513 0.819618344 -0.01453194282)
(0.720339715 0.851230323 -0.01453194282)
(0.715661824 0.882607281 -0.01453194282)
(0.714145243 0.913444579 -0.01453194282)
(0.717166185 0.942893445 -0.01453194282)
(0.725432217 0.969641745 -0.01453194282)
(0.738106728 0.992693663 -0.01453194282)
(0.774168909 0.0879504979 -0.01453194282)
(0.779909551 0.118919738 -0.01453194282)
(0.780898511 0.149862632 -0.01453194282)
(0.778263211 0.180447206 -0.01453194282)
(0.772942185 0.210617557 -0.01453194282)
(0.766127944 0.240658566 -0.01453194282)
(0.758765042 0.270949483 -0.01453194282)
(0.752001703 0.301855117 -0.01453194282)
(0.746883154 0.333677858 -0.01453194282)
(0.744076848 0.366370618 -0.01453194282)
(0.743352652 0.399549276 -0.01453194282)
(0.744318306 0.432985008 -0.01453194282)
(0.746603072 0.466511875 -0.01453194282)
(0.749695718 0.500057161 -0.01453194282)
(0.753313422 0.533577204 -0.01453194282)
(0.75711143 0.567065835 -0.01453194282)
(0.760780156 0.600528002 -0.01453194282)
(0.763925254 0.633972228 -0.01453194282)
(0.766107798 0.667390823 -0.01453194282)
(0.766925275 0.700735033 -0.01453194282)
(0.76603359 0.733919978 -0.01453194282)
(0.763240278 0.766868114 -0.01453194282)
(0.758703172 0.799561977 -0.01453194282)
(0.752977014 0.831981897 -0.01453194282)
(0.747594476 0.864195406 -0.01453194282)
(0.743651748 0.896196902 -0.01453194282)
(0.743054032 0.92765677 -0.01453194282)
(0.747226238 0.957674205 -0.01453194282)
(0.756885946 0.984857023 -0.01453194282)
(0.771155775 1.00816131 -0.01453194282)
(0.809856236 0.0870314166 -0.01453194282)
(0.814509571 0.118915588 -0.01453194282)
(0.814281702 0.150690988 -0.01453194282)
(0.810361505 0.18201296 -0.01453194282)
(0.803731561 0.212832779 -0.01453194282)
(0.795633674 0.243460447 -0.01453194282)
(0.787057936 0.274298817 -0.01453194282)
(0.779183447 0.305745542 -0.01453194282)
(0.773106098 0.338119686 -0.01453194282)
(0.769526362 0.371375382 -0.01453194282)
(0.768183649 0.40512085 -0.01453194282)
(0.768677175 0.439116925 -0.01453194282)
(0.770615101 0.473194003 -0.01453194282)
(0.773474574 0.507276893 -0.01453194282)
(0.77695471 0.5413239 -0.01453194282)
(0.780706644 0.575330913 -0.01453194282)
(0.784411252 0.609306991 -0.01453194282)
(0.787676394 0.643266439 -0.01453194282)
(0.790066123 0.677210569 -0.01453194282)
(0.791181684 0.711103201 -0.01453194282)
(0.790675163 0.744873643 -0.01453194282)
(0.788330495 0.778452754 -0.01453194282)
(0.784271479 0.811816812 -0.01453194282)
(0.779058278 0.844943345 -0.01453194282)
(0.774271786 0.877895713 -0.01453194282)
(0.771039009 0.910659075 -0.01453194282)
(0.771335006 0.942878842 -0.01453194282)
(0.776633382 0.973602176 -0.01453194282)
(0.787661612 1.00135684 -0.01453194282)
(0.803501546 1.02505076 -0.01453194282)
(0.845303595 0.0827994943 -0.01453194282)
(0.848896921 0.115674756 -0.01453194282)
(0.847479701 0.148358807 -0.01453194282)
(0.842302084 0.180494323 -0.01453194282)
(0.83439064 0.212039798 -0.01453194282)
(0.825036526 0.24333027 -0.01453194282)
(0.815275311 0.274792224 -0.01453194282)
(0.806317091 0.306856215 -0.01453194282)
(0.799308419 0.339857936 -0.01453194282)
(0.794982672 0.373752683 -0.01453194282)
(0.793048799 0.408141106 -0.01453194282)
(0.793097675 0.4427737 -0.01453194282)
(0.79471606 0.477477163 -0.01453194282)
(0.797369838 0.512173712 -0.01453194282)
(0.800739765 0.546823859 -0.01453194282)
(0.804473102 0.581425369 -0.01453194282)
(0.808240891 0.615991592 -0.01453194282)
(0.811653554 0.650542378 -0.01453194282)
(0.814278007 0.685088217 -0.01453194282)
(0.815719008 0.719605386 -0.01453194282)
(0.815625012 0.754037559 -0.01453194282)
(0.813756526 0.7883237 -0.01453194282)
(0.810202956 0.822434187 -0.01453194282)
(0.80553019 0.856343389 -0.01453194282)
(0.801367164 0.890110791 -0.01453194282)
(0.798871934 0.923712194 -0.01453194282)
(0.800089121 0.956768036 -0.01453194282)
(0.806541085 0.988273442 -0.01453194282)
(0.818965375 1.01667607 -0.01453194282)
(0.836402953 1.04083586 -0.01453194282)
(0.880056024 0.0746346489 -0.01453194282)
(0.882676244 0.10847903 -0.01453194282)
(0.880156457 0.14204976 -0.01453194282)
(0.873808205 0.17497687 -0.01453194282)
(0.864702046 0.207225993 -0.01453194282)
(0.854178607 0.239157304 -0.01453194282)
(0.84331876 0.271220922 -0.01453194282)
(0.833363652 0.303880185 -0.01453194282)
(0.825510383 0.337487489 -0.01453194282)
(0.820525527 0.371999323 -0.01453194282)
(0.81808728 0.407008767 -0.01453194282)
(0.817778289 0.442255884 -0.01453194282)
(0.819164038 0.477563769 -0.01453194282)
(0.821698844 0.512852073 -0.01453194282)
(0.825045466 0.548083365 -0.01453194282)
(0.828846991 0.583257437 -0.01453194282)
(0.832764864 0.618391752 -0.01453194282)
(0.836411834 0.653511941 -0.01453194282)
(0.839357674 0.688637495 -0.01453194282)
(0.841211021 0.723757267 -0.01453194282)
(0.841616273 0.758829236 -0.01453194282)
(0.840310752 0.793800473 -0.01453194282)
(0.837349474 0.828635335 -0.01453194282)
(0.833303869 0.863305271 -0.01453194282)
(0.829851151 0.897865713 -0.01453194282)
(0.828180134 0.932283223 -0.01453194282)
(0.830405235 0.966153145 -0.01453194282)
(0.838097572 0.998418629 -0.01453194282)
(0.852004588 1.02744734 -0.01453194282)
(0.871126592 1.05205095 -0.01453194282)
(0.913505971 0.0621645115 -0.01453194282)
(0.9152565 0.0968209878 -0.01453194282)
(0.911737502 0.131121382 -0.01453194282)
(0.904322028 0.164683044 -0.01453194282)
(0.894124448 0.197478816 -0.01453194282)
(0.882534981 0.229893953 -0.01453194282)
(0.870679796 0.262402177 -0.01453194282)
(0.859831154 0.295499682 -0.01453194282)
(0.851236701 0.329555541 -0.01453194282)
(0.845695972 0.364527464 -0.01453194282)
(0.842856705 0.40000087 -0.01453194282)
(0.842293203 0.435705483 -0.01453194282)
(0.84354955 0.47146073 -0.01453194282)
(0.846068799 0.507183731 -0.01453194282)
(0.849495351 0.54283917 -0.01453194282)
(0.853468478 0.578428745 -0.01453194282)
(0.85763967 0.613974154 -0.01453194282)
(0.8616243 0.649506688 -0.01453194282)
(0.864995003 0.685054958 -0.01453194282)
(0.867364049 0.720620275 -0.01453194282)
(0.868372023 0.756174862 -0.01453194282)
(0.867732882 0.791674197 -0.01453194282)
(0.865467191 0.827076435 -0.01453194282)
(0.862152219 0.862350106 -0.01453194282)
(0.859513283 0.89754653 -0.01453194282)
(0.858769953 0.932623148 -0.01453194282)
(0.862106442 0.967150092 -0.01453194282)
(0.871142745 1.0000186 -0.01453194282)
(0.886636138 1.02951622 -0.01453194282)
(0.907546163 1.05440676 -0.01453194282)
(0.944941044 0.0452457741 -0.01453194282)
(0.945847869 0.0804500356 -0.01453194282)
(0.941355765 0.115215763 -0.01453194282)
(0.932899058 0.149147674 -0.01453194282)
(0.921636224 0.182225764 -0.01453194282)
(0.909006774 0.214860409 -0.01453194282)
(0.896182477 0.247548923 -0.01453194282)
(0.88446629 0.2808204 -0.01453194282)
(0.87515676 0.315060496 -0.01453194282)
(0.869086325 0.35022822 -0.01453194282)
(0.865872145 0.385901272 -0.01453194282)
(0.865080237 0.421799064 -0.01453194282)
(0.866233349 0.457737416 -0.01453194282)
(0.868763149 0.493630797 -0.01453194282)
(0.872295797 0.529446065 -0.01453194282)
(0.876466513 0.565186918 -0.01453194282)
(0.880917251 0.600879073 -0.01453194282)
(0.885265589 0.636559665 -0.01453194282)
(0.889087141 0.672266364 -0.01453194282)
(0.891997933 0.708012938 -0.01453194282)
(0.893634617 0.743785918 -0.01453194282)
(0.893687844 0.779549003 -0.01453194282)
(0.892143905 0.815254331 -0.01453194282)
(0.889585495 0.850867391 -0.01453194282)
(0.88778621 0.886435568 -0.01453194282)
(0.887996554 0.921906888 -0.01453194282)
(0.89247036 0.956826627 -0.01453194282)
(0.902876377 0.990033925 -0.01453194282)
(0.919981956 1.01973629 -0.01453194282)
(0.942705631 1.04464924 -0.01453194282)
(0.973852038 0.0243040938 -0.01453194282)
(0.973852396 0.0598574169 -0.01453194282)
(0.968324363 0.0948897749 -0.01453194282)
(0.958763659 0.128993213 -0.01453194282)
(0.946372747 0.162154913 -0.01453194282)
(0.932640612 0.194810346 -0.01453194282)
(0.91878432 0.227480441 -0.01453194282)
(0.906137884 0.260727137 -0.01453194282)
(0.896050453 0.29495278 -0.01453194282)
(0.889387488 0.330117524 -0.01453194282)
(0.885735631 0.365791529 -0.01453194282)
(0.884652555 0.401683807 -0.01453194282)
(0.885639608 0.437606514 -0.01453194282)
(0.888117135 0.473471582 -0.01453194282)
(0.891693056 0.509247959 -0.01453194282)
(0.895998657 0.544941306 -0.01453194282)
(0.900666058 0.580581546 -0.01453194282)
(0.90531534 0.616211474 -0.01453194282)
(0.909524977 0.65187788 -0.01453194282)
(0.912914693 0.68760699 -0.01453194282)
(0.915117383 0.723399639 -0.01453194282)
(0.915800154 0.759227812 -0.01453194282)
(0.914915085 0.795037508 -0.01453194282)
(0.913050532 0.830791235 -0.01453194282)
(0.912028193 0.866532385 -0.01453194282)
(0.913129389 0.902199745 -0.01453194282)
(0.918677807 0.937313437 -0.01453194282)
(0.930390775 0.970660865 -0.01453194282)
(0.949045777 1.00036919 -0.01453194282)
(0.973520458 1.02510595 -0.01453194282)
(0.99903965 0.0358265154 -0.01453194282)
(0.992421508 0.0710496232 -0.01453194282)
(0.981702626 0.105248712 -0.01453194282)
(0.968129396 0.138418153 -0.01453194282)
(0.953240335 0.171018511 -0.01453194282)
(0.938297868 0.203594312 -0.01453194282)
(0.924666941 0.236740366 -0.01453194282)
(0.91374743 0.270875663 -0.01453194282)
(0.906437695 0.305961609 -0.01453194282)
(0.90229398 0.341560662 -0.01453194282)
(0.900865436 0.37737155 -0.01453194282)
(0.901632249 0.413202763 -0.01453194282)
(0.904003322 0.448963612 -0.01453194282)
(0.907568276 0.48462525 -0.01453194282)
(0.911954522 0.520195246 -0.01453194282)
(0.916784406 0.555707693 -0.01453194282)
(0.92168045 0.591211081 -0.01453194282)
(0.926223934 0.626761258 -0.01453194282)
(0.930038393 0.662397087 -0.01453194282)
(0.932752788 0.698133528 -0.01453194282)
(0.934010983 0.733950853 -0.01453194282)
(0.933730602 0.76978904 -0.01453194282)
(0.932505667 0.805607617 -0.01453194282)
(0.932206035 0.841445863 -0.01453194282)
(0.934143841 0.877233386 -0.01453194282)
(0.940712631 0.912465274 -0.01453194282)
(0.95367837 0.945876837 -0.01453194282)
(0.973828554 0.975515187 -0.01453194282)
(0 0 -0.01453194282)
(1 0 -0.01453194282)
(-3.22333205e-09 1 -0.01453194282)
(1 1 -0.01453194282)
)


// ************************************************************************* //
