/*--------------------------------*- C++ -*----------------------------------*\
  =========                 |
  \\      /  F ield         | OpenFOAM: The Open Source CFD Toolbox
   \\    /   O peration     | Website:  https://openfoam.org
    \\  /    A nd           | Version:  6
     \\/     M anipulation  |
\*---------------------------------------------------------------------------*/
FoamFile
{
    version     2.0;
    format      ascii;
    class       volVectorField;
    location    "0";
    object      C;
}
// * * * * * * * * * * * * * * * * * * * * * * * * * * * * * * * * * * * * * //

dimensions      [0 1 0 0 0 0 0];

internalField   nonuniform List<vector> 
2500
(
(-0.489236 -0.245033 0.005)
(-0.469267 -0.245033 0.005)
(-0.449298 -0.245033 0.005)
(-0.429329 -0.245033 0.005)
(-0.409361 -0.245033 0.005)
(-0.389392 -0.245033 0.005)
(-0.369423 -0.245033 0.005)
(-0.349454 -0.245033 0.005)
(-0.329485 -0.245033 0.005)
(-0.309517 -0.245033 0.005)
(-0.289548 -0.245033 0.005)
(-0.269579 -0.245033 0.005)
(-0.24961 -0.245033 0.005)
(-0.229641 -0.245033 0.005)
(-0.209673 -0.245033 0.005)
(-0.189704 -0.245033 0.005)
(-0.169735 -0.245033 0.005)
(-0.149766 -0.245033 0.005)
(-0.129797 -0.245033 0.005)
(-0.109828 -0.245033 0.005)
(-0.0898596 -0.245033 0.005)
(-0.0698908 -0.245033 0.005)
(-0.049922 -0.245033 0.005)
(-0.0299532 -0.245033 0.005)
(-0.00998441 -0.245033 0.005)
(0.00998441 -0.245033 0.005)
(0.0299532 -0.245033 0.005)
(0.049922 -0.245033 0.005)
(0.0698908 -0.245033 0.005)
(0.0898596 -0.245033 0.005)
(0.109828 -0.245033 0.005)
(0.129797 -0.245033 0.005)
(0.149766 -0.245033 0.005)
(0.169735 -0.245033 0.005)
(0.189704 -0.245033 0.005)
(0.209673 -0.245033 0.005)
(0.229641 -0.245033 0.005)
(0.24961 -0.245033 0.005)
(0.269579 -0.245033 0.005)
(0.289548 -0.245033 0.005)
(0.309517 -0.245033 0.005)
(0.329485 -0.245033 0.005)
(0.349454 -0.245033 0.005)
(0.369423 -0.245033 0.005)
(0.389392 -0.245033 0.005)
(0.409361 -0.245033 0.005)
(0.429329 -0.245033 0.005)
(0.449298 -0.245033 0.005)
(0.469267 -0.245033 0.005)
(0.489236 -0.245033 0.005)
(-0.48771 -0.235093 0.005)
(-0.467803 -0.235093 0.005)
(-0.447897 -0.235093 0.005)
(-0.42799 -0.235093 0.005)
(-0.408084 -0.235093 0.005)
(-0.388177 -0.235093 0.005)
(-0.368271 -0.235093 0.005)
(-0.348364 -0.235093 0.005)
(-0.328458 -0.235093 0.005)
(-0.308551 -0.235093 0.005)
(-0.288645 -0.235093 0.005)
(-0.268738 -0.235093 0.005)
(-0.248831 -0.235093 0.005)
(-0.228925 -0.235093 0.005)
(-0.209018 -0.235093 0.005)
(-0.189112 -0.235093 0.005)
(-0.169205 -0.235093 0.005)
(-0.149299 -0.235093 0.005)
(-0.129392 -0.235093 0.005)
(-0.109486 -0.235093 0.005)
(-0.0895793 -0.235093 0.005)
(-0.0696728 -0.235093 0.005)
(-0.0497663 -0.235093 0.005)
(-0.0298598 -0.235093 0.005)
(-0.00995326 -0.235093 0.005)
(0.00995326 -0.235093 0.005)
(0.0298598 -0.235093 0.005)
(0.0497663 -0.235093 0.005)
(0.0696728 -0.235093 0.005)
(0.0895793 -0.235093 0.005)
(0.109486 -0.235093 0.005)
(0.129392 -0.235093 0.005)
(0.149299 -0.235093 0.005)
(0.169205 -0.235093 0.005)
(0.189112 -0.235093 0.005)
(0.209018 -0.235093 0.005)
(0.228925 -0.235093 0.005)
(0.248831 -0.235093 0.005)
(0.268738 -0.235093 0.005)
(0.288645 -0.235093 0.005)
(0.308551 -0.235093 0.005)
(0.328458 -0.235093 0.005)
(0.348364 -0.235093 0.005)
(0.368271 -0.235093 0.005)
(0.388177 -0.235093 0.005)
(0.408084 -0.235093 0.005)
(0.42799 -0.235093 0.005)
(0.447897 -0.235093 0.005)
(0.467803 -0.235093 0.005)
(0.48771 -0.235093 0.005)
(-0.486192 -0.225151 0.005)
(-0.466348 -0.225151 0.005)
(-0.446503 -0.225151 0.005)
(-0.426658 -0.225151 0.005)
(-0.406814 -0.225151 0.005)
(-0.386969 -0.225151 0.005)
(-0.367125 -0.225151 0.005)
(-0.34728 -0.225151 0.005)
(-0.327436 -0.225151 0.005)
(-0.307591 -0.225151 0.005)
(-0.287746 -0.225151 0.005)
(-0.267902 -0.225151 0.005)
(-0.248057 -0.225151 0.005)
(-0.228213 -0.225151 0.005)
(-0.208368 -0.225151 0.005)
(-0.188524 -0.225151 0.005)
(-0.168679 -0.225151 0.005)
(-0.148834 -0.225151 0.005)
(-0.12899 -0.225151 0.005)
(-0.109145 -0.225151 0.005)
(-0.0893006 -0.225151 0.005)
(-0.069456 -0.225151 0.005)
(-0.0496115 -0.225151 0.005)
(-0.0297669 -0.225151 0.005)
(-0.00992229 -0.225151 0.005)
(0.00992229 -0.225151 0.005)
(0.0297669 -0.225151 0.005)
(0.0496115 -0.225151 0.005)
(0.069456 -0.225151 0.005)
(0.0893006 -0.225151 0.005)
(0.109145 -0.225151 0.005)
(0.12899 -0.225151 0.005)
(0.148834 -0.225151 0.005)
(0.168679 -0.225151 0.005)
(0.188524 -0.225151 0.005)
(0.208368 -0.225151 0.005)
(0.228213 -0.225151 0.005)
(0.248057 -0.225151 0.005)
(0.267902 -0.225151 0.005)
(0.287746 -0.225151 0.005)
(0.307591 -0.225151 0.005)
(0.327436 -0.225151 0.005)
(0.34728 -0.225151 0.005)
(0.367125 -0.225151 0.005)
(0.386969 -0.225151 0.005)
(0.406814 -0.225151 0.005)
(0.426658 -0.225151 0.005)
(0.446503 -0.225151 0.005)
(0.466348 -0.225151 0.005)
(0.486192 -0.225151 0.005)
(-0.484689 -0.215207 0.005)
(-0.464906 -0.215207 0.005)
(-0.445123 -0.215207 0.005)
(-0.42534 -0.215207 0.005)
(-0.405556 -0.215207 0.005)
(-0.385773 -0.215207 0.005)
(-0.36599 -0.215207 0.005)
(-0.346207 -0.215207 0.005)
(-0.326423 -0.215207 0.005)
(-0.30664 -0.215207 0.005)
(-0.286857 -0.215207 0.005)
(-0.267074 -0.215207 0.005)
(-0.24729 -0.215207 0.005)
(-0.227507 -0.215207 0.005)
(-0.207724 -0.215207 0.005)
(-0.187941 -0.215207 0.005)
(-0.168157 -0.215207 0.005)
(-0.148374 -0.215207 0.005)
(-0.128591 -0.215207 0.005)
(-0.108808 -0.215207 0.005)
(-0.0890246 -0.215207 0.005)
(-0.0692413 -0.215207 0.005)
(-0.0494581 -0.215207 0.005)
(-0.0296749 -0.215207 0.005)
(-0.00989162 -0.215207 0.005)
(0.00989162 -0.215207 0.005)
(0.0296749 -0.215207 0.005)
(0.0494581 -0.215207 0.005)
(0.0692413 -0.215207 0.005)
(0.0890246 -0.215207 0.005)
(0.108808 -0.215207 0.005)
(0.128591 -0.215207 0.005)
(0.148374 -0.215207 0.005)
(0.168157 -0.215207 0.005)
(0.187941 -0.215207 0.005)
(0.207724 -0.215207 0.005)
(0.227507 -0.215207 0.005)
(0.24729 -0.215207 0.005)
(0.267074 -0.215207 0.005)
(0.286857 -0.215207 0.005)
(0.30664 -0.215207 0.005)
(0.326423 -0.215207 0.005)
(0.346207 -0.215207 0.005)
(0.36599 -0.215207 0.005)
(0.385773 -0.215207 0.005)
(0.405556 -0.215207 0.005)
(0.42534 -0.215207 0.005)
(0.445123 -0.215207 0.005)
(0.464906 -0.215207 0.005)
(0.484689 -0.215207 0.005)
(-0.483207 -0.20526 0.005)
(-0.463484 -0.20526 0.005)
(-0.443761 -0.20526 0.005)
(-0.424038 -0.20526 0.005)
(-0.404316 -0.20526 0.005)
(-0.384593 -0.20526 0.005)
(-0.36487 -0.20526 0.005)
(-0.345148 -0.20526 0.005)
(-0.325425 -0.20526 0.005)
(-0.305702 -0.20526 0.005)
(-0.285979 -0.20526 0.005)
(-0.266257 -0.20526 0.005)
(-0.246534 -0.20526 0.005)
(-0.226811 -0.20526 0.005)
(-0.207089 -0.20526 0.005)
(-0.187366 -0.20526 0.005)
(-0.167643 -0.20526 0.005)
(-0.14792 -0.20526 0.005)
(-0.128198 -0.20526 0.005)
(-0.108475 -0.20526 0.005)
(-0.0887522 -0.20526 0.005)
(-0.0690295 -0.20526 0.005)
(-0.0493068 -0.20526 0.005)
(-0.0295841 -0.20526 0.005)
(-0.00986136 -0.20526 0.005)
(0.00986136 -0.20526 0.005)
(0.0295841 -0.20526 0.005)
(0.0493068 -0.20526 0.005)
(0.0690295 -0.20526 0.005)
(0.0887522 -0.20526 0.005)
(0.108475 -0.20526 0.005)
(0.128198 -0.20526 0.005)
(0.14792 -0.20526 0.005)
(0.167643 -0.20526 0.005)
(0.187366 -0.20526 0.005)
(0.207089 -0.20526 0.005)
(0.226811 -0.20526 0.005)
(0.246534 -0.20526 0.005)
(0.266257 -0.20526 0.005)
(0.285979 -0.20526 0.005)
(0.305702 -0.20526 0.005)
(0.325425 -0.20526 0.005)
(0.345148 -0.20526 0.005)
(0.36487 -0.20526 0.005)
(0.384593 -0.20526 0.005)
(0.404316 -0.20526 0.005)
(0.424038 -0.20526 0.005)
(0.443761 -0.20526 0.005)
(0.463484 -0.20526 0.005)
(0.483207 -0.20526 0.005)
(-0.48175 -0.195309 0.005)
(-0.462087 -0.195309 0.005)
(-0.442423 -0.195309 0.005)
(-0.42276 -0.195309 0.005)
(-0.403097 -0.195309 0.005)
(-0.383434 -0.195309 0.005)
(-0.36377 -0.195309 0.005)
(-0.344107 -0.195309 0.005)
(-0.324444 -0.195309 0.005)
(-0.30478 -0.195309 0.005)
(-0.285117 -0.195309 0.005)
(-0.265454 -0.195309 0.005)
(-0.245791 -0.195309 0.005)
(-0.226127 -0.195309 0.005)
(-0.206464 -0.195309 0.005)
(-0.186801 -0.195309 0.005)
(-0.167138 -0.195309 0.005)
(-0.147474 -0.195309 0.005)
(-0.127811 -0.195309 0.005)
(-0.108148 -0.195309 0.005)
(-0.0884847 -0.195309 0.005)
(-0.0688214 -0.195309 0.005)
(-0.0491581 -0.195309 0.005)
(-0.0294949 -0.195309 0.005)
(-0.00983163 -0.195309 0.005)
(0.00983163 -0.195309 0.005)
(0.0294949 -0.195309 0.005)
(0.0491581 -0.195309 0.005)
(0.0688214 -0.195309 0.005)
(0.0884847 -0.195309 0.005)
(0.108148 -0.195309 0.005)
(0.127811 -0.195309 0.005)
(0.147474 -0.195309 0.005)
(0.167138 -0.195309 0.005)
(0.186801 -0.195309 0.005)
(0.206464 -0.195309 0.005)
(0.226127 -0.195309 0.005)
(0.245791 -0.195309 0.005)
(0.265454 -0.195309 0.005)
(0.285117 -0.195309 0.005)
(0.30478 -0.195309 0.005)
(0.324444 -0.195309 0.005)
(0.344107 -0.195309 0.005)
(0.36377 -0.195309 0.005)
(0.383434 -0.195309 0.005)
(0.403097 -0.195309 0.005)
(0.42276 -0.195309 0.005)
(0.442423 -0.195309 0.005)
(0.462087 -0.195309 0.005)
(0.48175 -0.195309 0.005)
(-0.480325 -0.185353 0.005)
(-0.46072 -0.185353 0.005)
(-0.441114 -0.185353 0.005)
(-0.421509 -0.185353 0.005)
(-0.401904 -0.185353 0.005)
(-0.382299 -0.185353 0.005)
(-0.362694 -0.185353 0.005)
(-0.343089 -0.185353 0.005)
(-0.323484 -0.185353 0.005)
(-0.303879 -0.185353 0.005)
(-0.284274 -0.185353 0.005)
(-0.264669 -0.185353 0.005)
(-0.245064 -0.185353 0.005)
(-0.225458 -0.185353 0.005)
(-0.205853 -0.185353 0.005)
(-0.186248 -0.185353 0.005)
(-0.166643 -0.185353 0.005)
(-0.147038 -0.185353 0.005)
(-0.127433 -0.185353 0.005)
(-0.107828 -0.185353 0.005)
(-0.0882229 -0.185353 0.005)
(-0.0686178 -0.185353 0.005)
(-0.0490127 -0.185353 0.005)
(-0.0294076 -0.185353 0.005)
(-0.00980254 -0.185353 0.005)
(0.00980254 -0.185353 0.005)
(0.0294076 -0.185353 0.005)
(0.0490127 -0.185353 0.005)
(0.0686178 -0.185353 0.005)
(0.0882229 -0.185353 0.005)
(0.107828 -0.185353 0.005)
(0.127433 -0.185353 0.005)
(0.147038 -0.185353 0.005)
(0.166643 -0.185353 0.005)
(0.186248 -0.185353 0.005)
(0.205853 -0.185353 0.005)
(0.225458 -0.185353 0.005)
(0.245064 -0.185353 0.005)
(0.264669 -0.185353 0.005)
(0.284274 -0.185353 0.005)
(0.303879 -0.185353 0.005)
(0.323484 -0.185353 0.005)
(0.343089 -0.185353 0.005)
(0.362694 -0.185353 0.005)
(0.382299 -0.185353 0.005)
(0.401904 -0.185353 0.005)
(0.421509 -0.185353 0.005)
(0.441114 -0.185353 0.005)
(0.46072 -0.185353 0.005)
(0.480325 -0.185353 0.005)
(-0.478937 -0.175392 0.005)
(-0.459388 -0.175392 0.005)
(-0.43984 -0.175392 0.005)
(-0.420291 -0.175392 0.005)
(-0.400743 -0.175392 0.005)
(-0.381194 -0.175392 0.005)
(-0.361646 -0.175392 0.005)
(-0.342098 -0.175392 0.005)
(-0.322549 -0.175392 0.005)
(-0.303001 -0.175392 0.005)
(-0.283452 -0.175392 0.005)
(-0.263904 -0.175392 0.005)
(-0.244355 -0.175392 0.005)
(-0.224807 -0.175392 0.005)
(-0.205259 -0.175392 0.005)
(-0.18571 -0.175392 0.005)
(-0.166162 -0.175392 0.005)
(-0.146613 -0.175392 0.005)
(-0.127065 -0.175392 0.005)
(-0.107516 -0.175392 0.005)
(-0.0879679 -0.175392 0.005)
(-0.0684195 -0.175392 0.005)
(-0.0488711 -0.175392 0.005)
(-0.0293226 -0.175392 0.005)
(-0.00977421 -0.175392 0.005)
(0.00977421 -0.175392 0.005)
(0.0293226 -0.175392 0.005)
(0.0488711 -0.175392 0.005)
(0.0684195 -0.175392 0.005)
(0.0879679 -0.175392 0.005)
(0.107516 -0.175392 0.005)
(0.127065 -0.175392 0.005)
(0.146613 -0.175392 0.005)
(0.166162 -0.175392 0.005)
(0.18571 -0.175392 0.005)
(0.205259 -0.175392 0.005)
(0.224807 -0.175392 0.005)
(0.244355 -0.175392 0.005)
(0.263904 -0.175392 0.005)
(0.283452 -0.175392 0.005)
(0.303001 -0.175392 0.005)
(0.322549 -0.175392 0.005)
(0.342098 -0.175392 0.005)
(0.361646 -0.175392 0.005)
(0.381194 -0.175392 0.005)
(0.400743 -0.175392 0.005)
(0.420291 -0.175392 0.005)
(0.43984 -0.175392 0.005)
(0.459388 -0.175392 0.005)
(0.478937 -0.175392 0.005)
(-0.477591 -0.165425 0.005)
(-0.458097 -0.165425 0.005)
(-0.438604 -0.165425 0.005)
(-0.41911 -0.165425 0.005)
(-0.399617 -0.165425 0.005)
(-0.380123 -0.165425 0.005)
(-0.36063 -0.165425 0.005)
(-0.341136 -0.165425 0.005)
(-0.321643 -0.165425 0.005)
(-0.302149 -0.165425 0.005)
(-0.282656 -0.165425 0.005)
(-0.263162 -0.165425 0.005)
(-0.243669 -0.165425 0.005)
(-0.224175 -0.165425 0.005)
(-0.204682 -0.165425 0.005)
(-0.185188 -0.165425 0.005)
(-0.165695 -0.165425 0.005)
(-0.146201 -0.165425 0.005)
(-0.126708 -0.165425 0.005)
(-0.107214 -0.165425 0.005)
(-0.0877208 -0.165425 0.005)
(-0.0682273 -0.165425 0.005)
(-0.0487338 -0.165425 0.005)
(-0.0292403 -0.165425 0.005)
(-0.00974675 -0.165425 0.005)
(0.00974675 -0.165425 0.005)
(0.0292403 -0.165425 0.005)
(0.0487338 -0.165425 0.005)
(0.0682273 -0.165425 0.005)
(0.0877208 -0.165425 0.005)
(0.107214 -0.165425 0.005)
(0.126708 -0.165425 0.005)
(0.146201 -0.165425 0.005)
(0.165695 -0.165425 0.005)
(0.185188 -0.165425 0.005)
(0.204682 -0.165425 0.005)
(0.224175 -0.165425 0.005)
(0.243669 -0.165425 0.005)
(0.263162 -0.165425 0.005)
(0.282656 -0.165425 0.005)
(0.302149 -0.165425 0.005)
(0.321643 -0.165425 0.005)
(0.341136 -0.165425 0.005)
(0.36063 -0.165425 0.005)
(0.380123 -0.165425 0.005)
(0.399617 -0.165425 0.005)
(0.41911 -0.165425 0.005)
(0.438604 -0.165425 0.005)
(0.458097 -0.165425 0.005)
(0.477591 -0.165425 0.005)
(-0.476293 -0.155451 0.005)
(-0.456853 -0.155451 0.005)
(-0.437412 -0.155451 0.005)
(-0.417972 -0.155451 0.005)
(-0.398531 -0.155451 0.005)
(-0.379091 -0.155451 0.005)
(-0.35965 -0.155451 0.005)
(-0.340209 -0.155451 0.005)
(-0.320769 -0.155451 0.005)
(-0.301328 -0.155451 0.005)
(-0.281888 -0.155451 0.005)
(-0.262447 -0.155451 0.005)
(-0.243007 -0.155451 0.005)
(-0.223566 -0.155451 0.005)
(-0.204126 -0.155451 0.005)
(-0.184685 -0.155451 0.005)
(-0.165245 -0.155451 0.005)
(-0.145804 -0.155451 0.005)
(-0.126364 -0.155451 0.005)
(-0.106923 -0.155451 0.005)
(-0.0874824 -0.155451 0.005)
(-0.0680419 -0.155451 0.005)
(-0.0486013 -0.155451 0.005)
(-0.0291608 -0.155451 0.005)
(-0.00972027 -0.155451 0.005)
(0.00972027 -0.155451 0.005)
(0.0291608 -0.155451 0.005)
(0.0486013 -0.155451 0.005)
(0.0680419 -0.155451 0.005)
(0.0874824 -0.155451 0.005)
(0.106923 -0.155451 0.005)
(0.126364 -0.155451 0.005)
(0.145804 -0.155451 0.005)
(0.165245 -0.155451 0.005)
(0.184685 -0.155451 0.005)
(0.204126 -0.155451 0.005)
(0.223566 -0.155451 0.005)
(0.243007 -0.155451 0.005)
(0.262447 -0.155451 0.005)
(0.281888 -0.155451 0.005)
(0.301328 -0.155451 0.005)
(0.320769 -0.155451 0.005)
(0.340209 -0.155451 0.005)
(0.35965 -0.155451 0.005)
(0.379091 -0.155451 0.005)
(0.398531 -0.155451 0.005)
(0.417972 -0.155451 0.005)
(0.437412 -0.155451 0.005)
(0.456853 -0.155451 0.005)
(0.476293 -0.155451 0.005)
(-0.475048 -0.14547 0.005)
(-0.455659 -0.14547 0.005)
(-0.436269 -0.14547 0.005)
(-0.416879 -0.14547 0.005)
(-0.397489 -0.14547 0.005)
(-0.3781 -0.14547 0.005)
(-0.35871 -0.14547 0.005)
(-0.33932 -0.14547 0.005)
(-0.319931 -0.14547 0.005)
(-0.300541 -0.14547 0.005)
(-0.281151 -0.14547 0.005)
(-0.261761 -0.14547 0.005)
(-0.242372 -0.14547 0.005)
(-0.222982 -0.14547 0.005)
(-0.203592 -0.14547 0.005)
(-0.184202 -0.14547 0.005)
(-0.164813 -0.14547 0.005)
(-0.145423 -0.14547 0.005)
(-0.126033 -0.14547 0.005)
(-0.106644 -0.14547 0.005)
(-0.0872538 -0.14547 0.005)
(-0.0678641 -0.14547 0.005)
(-0.0484743 -0.14547 0.005)
(-0.0290846 -0.14547 0.005)
(-0.00969487 -0.14547 0.005)
(0.00969487 -0.14547 0.005)
(0.0290846 -0.14547 0.005)
(0.0484743 -0.14547 0.005)
(0.0678641 -0.14547 0.005)
(0.0872538 -0.14547 0.005)
(0.106644 -0.14547 0.005)
(0.126033 -0.14547 0.005)
(0.145423 -0.14547 0.005)
(0.164813 -0.14547 0.005)
(0.184202 -0.14547 0.005)
(0.203592 -0.14547 0.005)
(0.222982 -0.14547 0.005)
(0.242372 -0.14547 0.005)
(0.261761 -0.14547 0.005)
(0.281151 -0.14547 0.005)
(0.300541 -0.14547 0.005)
(0.319931 -0.14547 0.005)
(0.33932 -0.14547 0.005)
(0.35871 -0.14547 0.005)
(0.3781 -0.14547 0.005)
(0.397489 -0.14547 0.005)
(0.416879 -0.14547 0.005)
(0.436269 -0.14547 0.005)
(0.455659 -0.14547 0.005)
(0.475048 -0.14547 0.005)
(-0.473862 -0.135481 0.005)
(-0.45452 -0.135481 0.005)
(-0.435179 -0.135481 0.005)
(-0.415838 -0.135481 0.005)
(-0.396496 -0.135481 0.005)
(-0.377155 -0.135481 0.005)
(-0.357814 -0.135481 0.005)
(-0.338473 -0.135481 0.005)
(-0.319131 -0.135481 0.005)
(-0.29979 -0.135481 0.005)
(-0.280449 -0.135481 0.005)
(-0.261107 -0.135481 0.005)
(-0.241766 -0.135481 0.005)
(-0.222425 -0.135481 0.005)
(-0.203084 -0.135481 0.005)
(-0.183742 -0.135481 0.005)
(-0.164401 -0.135481 0.005)
(-0.14506 -0.135481 0.005)
(-0.125718 -0.135481 0.005)
(-0.106377 -0.135481 0.005)
(-0.0870358 -0.135481 0.005)
(-0.0676945 -0.135481 0.005)
(-0.0483532 -0.135481 0.005)
(-0.0290119 -0.135481 0.005)
(-0.00967064 -0.135481 0.005)
(0.00967064 -0.135481 0.005)
(0.0290119 -0.135481 0.005)
(0.0483532 -0.135481 0.005)
(0.0676945 -0.135481 0.005)
(0.0870358 -0.135481 0.005)
(0.106377 -0.135481 0.005)
(0.125718 -0.135481 0.005)
(0.14506 -0.135481 0.005)
(0.164401 -0.135481 0.005)
(0.183742 -0.135481 0.005)
(0.203084 -0.135481 0.005)
(0.222425 -0.135481 0.005)
(0.241766 -0.135481 0.005)
(0.261107 -0.135481 0.005)
(0.280449 -0.135481 0.005)
(0.29979 -0.135481 0.005)
(0.319131 -0.135481 0.005)
(0.338473 -0.135481 0.005)
(0.357814 -0.135481 0.005)
(0.377155 -0.135481 0.005)
(0.396496 -0.135481 0.005)
(0.415838 -0.135481 0.005)
(0.435179 -0.135481 0.005)
(0.45452 -0.135481 0.005)
(0.473862 -0.135481 0.005)
(-0.472737 -0.125485 0.005)
(-0.453442 -0.125485 0.005)
(-0.434147 -0.125485 0.005)
(-0.414851 -0.125485 0.005)
(-0.395556 -0.125485 0.005)
(-0.37626 -0.125485 0.005)
(-0.356965 -0.125485 0.005)
(-0.33767 -0.125485 0.005)
(-0.318374 -0.125485 0.005)
(-0.299079 -0.125485 0.005)
(-0.279783 -0.125485 0.005)
(-0.260488 -0.125485 0.005)
(-0.241193 -0.125485 0.005)
(-0.221897 -0.125485 0.005)
(-0.202602 -0.125485 0.005)
(-0.183306 -0.125485 0.005)
(-0.164011 -0.125485 0.005)
(-0.144716 -0.125485 0.005)
(-0.12542 -0.125485 0.005)
(-0.106125 -0.125485 0.005)
(-0.0868293 -0.125485 0.005)
(-0.0675339 -0.125485 0.005)
(-0.0482385 -0.125485 0.005)
(-0.0289431 -0.125485 0.005)
(-0.0096477 -0.125485 0.005)
(0.0096477 -0.125485 0.005)
(0.0289431 -0.125485 0.005)
(0.0482385 -0.125485 0.005)
(0.0675339 -0.125485 0.005)
(0.0868293 -0.125485 0.005)
(0.106125 -0.125485 0.005)
(0.12542 -0.125485 0.005)
(0.144716 -0.125485 0.005)
(0.164011 -0.125485 0.005)
(0.183306 -0.125485 0.005)
(0.202602 -0.125485 0.005)
(0.221897 -0.125485 0.005)
(0.241193 -0.125485 0.005)
(0.260488 -0.125485 0.005)
(0.279783 -0.125485 0.005)
(0.299079 -0.125485 0.005)
(0.318374 -0.125485 0.005)
(0.33767 -0.125485 0.005)
(0.356965 -0.125485 0.005)
(0.37626 -0.125485 0.005)
(0.395556 -0.125485 0.005)
(0.414851 -0.125485 0.005)
(0.434147 -0.125485 0.005)
(0.453442 -0.125485 0.005)
(0.472737 -0.125485 0.005)
(-0.471681 -0.115482 0.005)
(-0.452428 -0.115482 0.005)
(-0.433176 -0.115482 0.005)
(-0.413924 -0.115482 0.005)
(-0.394671 -0.115482 0.005)
(-0.375419 -0.115482 0.005)
(-0.356167 -0.115482 0.005)
(-0.336915 -0.115482 0.005)
(-0.317662 -0.115482 0.005)
(-0.29841 -0.115482 0.005)
(-0.279158 -0.115482 0.005)
(-0.259906 -0.115482 0.005)
(-0.240653 -0.115482 0.005)
(-0.221401 -0.115482 0.005)
(-0.202149 -0.115482 0.005)
(-0.182897 -0.115482 0.005)
(-0.163644 -0.115482 0.005)
(-0.144392 -0.115482 0.005)
(-0.12514 -0.115482 0.005)
(-0.105887 -0.115482 0.005)
(-0.0866352 -0.115482 0.005)
(-0.0673829 -0.115482 0.005)
(-0.0481307 -0.115482 0.005)
(-0.0288784 -0.115482 0.005)
(-0.00962613 -0.115482 0.005)
(0.00962613 -0.115482 0.005)
(0.0288784 -0.115482 0.005)
(0.0481307 -0.115482 0.005)
(0.0673829 -0.115482 0.005)
(0.0866352 -0.115482 0.005)
(0.105887 -0.115482 0.005)
(0.12514 -0.115482 0.005)
(0.144392 -0.115482 0.005)
(0.163644 -0.115482 0.005)
(0.182897 -0.115482 0.005)
(0.202149 -0.115482 0.005)
(0.221401 -0.115482 0.005)
(0.240653 -0.115482 0.005)
(0.259906 -0.115482 0.005)
(0.279158 -0.115482 0.005)
(0.29841 -0.115482 0.005)
(0.317662 -0.115482 0.005)
(0.336915 -0.115482 0.005)
(0.356167 -0.115482 0.005)
(0.375419 -0.115482 0.005)
(0.394671 -0.115482 0.005)
(0.413924 -0.115482 0.005)
(0.433176 -0.115482 0.005)
(0.452428 -0.115482 0.005)
(0.471681 -0.115482 0.005)
(-0.470695 -0.105471 0.005)
(-0.451483 -0.105471 0.005)
(-0.432271 -0.105471 0.005)
(-0.413059 -0.105471 0.005)
(-0.393847 -0.105471 0.005)
(-0.374635 -0.105471 0.005)
(-0.355423 -0.105471 0.005)
(-0.336211 -0.105471 0.005)
(-0.316999 -0.105471 0.005)
(-0.297787 -0.105471 0.005)
(-0.278575 -0.105471 0.005)
(-0.259363 -0.105471 0.005)
(-0.240151 -0.105471 0.005)
(-0.220939 -0.105471 0.005)
(-0.201727 -0.105471 0.005)
(-0.182515 -0.105471 0.005)
(-0.163302 -0.105471 0.005)
(-0.14409 -0.105471 0.005)
(-0.124878 -0.105471 0.005)
(-0.105666 -0.105471 0.005)
(-0.0864542 -0.105471 0.005)
(-0.0672422 -0.105471 0.005)
(-0.0480301 -0.105471 0.005)
(-0.0288181 -0.105471 0.005)
(-0.00960603 -0.105471 0.005)
(0.00960603 -0.105471 0.005)
(0.0288181 -0.105471 0.005)
(0.0480301 -0.105471 0.005)
(0.0672422 -0.105471 0.005)
(0.0864542 -0.105471 0.005)
(0.105666 -0.105471 0.005)
(0.124878 -0.105471 0.005)
(0.14409 -0.105471 0.005)
(0.163302 -0.105471 0.005)
(0.182515 -0.105471 0.005)
(0.201727 -0.105471 0.005)
(0.220939 -0.105471 0.005)
(0.240151 -0.105471 0.005)
(0.259363 -0.105471 0.005)
(0.278575 -0.105471 0.005)
(0.297787 -0.105471 0.005)
(0.316999 -0.105471 0.005)
(0.336211 -0.105471 0.005)
(0.355423 -0.105471 0.005)
(0.374635 -0.105471 0.005)
(0.393847 -0.105471 0.005)
(0.413059 -0.105471 0.005)
(0.432271 -0.105471 0.005)
(0.451483 -0.105471 0.005)
(0.470695 -0.105471 0.005)
(-0.469786 -0.0954522 0.005)
(-0.450611 -0.0954522 0.005)
(-0.431436 -0.0954522 0.005)
(-0.412261 -0.0954522 0.005)
(-0.393086 -0.0954522 0.005)
(-0.373911 -0.0954522 0.005)
(-0.354736 -0.0954522 0.005)
(-0.335561 -0.0954522 0.005)
(-0.316386 -0.0954522 0.005)
(-0.297211 -0.0954522 0.005)
(-0.278037 -0.0954522 0.005)
(-0.258862 -0.0954522 0.005)
(-0.239687 -0.0954522 0.005)
(-0.220512 -0.0954522 0.005)
(-0.201337 -0.0954522 0.005)
(-0.182162 -0.0954522 0.005)
(-0.162987 -0.0954522 0.005)
(-0.143812 -0.0954522 0.005)
(-0.124637 -0.0954522 0.005)
(-0.105462 -0.0954522 0.005)
(-0.0862872 -0.0954522 0.005)
(-0.0671123 -0.0954522 0.005)
(-0.0479373 -0.0954522 0.005)
(-0.0287624 -0.0954522 0.005)
(-0.00958747 -0.0954522 0.005)
(0.00958747 -0.0954522 0.005)
(0.0287624 -0.0954522 0.005)
(0.0479373 -0.0954522 0.005)
(0.0671123 -0.0954522 0.005)
(0.0862872 -0.0954522 0.005)
(0.105462 -0.0954522 0.005)
(0.124637 -0.0954522 0.005)
(0.143812 -0.0954522 0.005)
(0.162987 -0.0954522 0.005)
(0.182162 -0.0954522 0.005)
(0.201337 -0.0954522 0.005)
(0.220512 -0.0954522 0.005)
(0.239687 -0.0954522 0.005)
(0.258862 -0.0954522 0.005)
(0.278037 -0.0954522 0.005)
(0.297211 -0.0954522 0.005)
(0.316386 -0.0954522 0.005)
(0.335561 -0.0954522 0.005)
(0.354736 -0.0954522 0.005)
(0.373911 -0.0954522 0.005)
(0.393086 -0.0954522 0.005)
(0.412261 -0.0954522 0.005)
(0.431436 -0.0954522 0.005)
(0.450611 -0.0954522 0.005)
(0.469786 -0.0954522 0.005)
(-0.468956 -0.0854265 0.005)
(-0.449815 -0.0854265 0.005)
(-0.430674 -0.0854265 0.005)
(-0.411533 -0.0854265 0.005)
(-0.392392 -0.0854265 0.005)
(-0.373251 -0.0854265 0.005)
(-0.354109 -0.0854265 0.005)
(-0.334968 -0.0854265 0.005)
(-0.315827 -0.0854265 0.005)
(-0.296686 -0.0854265 0.005)
(-0.277545 -0.0854265 0.005)
(-0.258404 -0.0854265 0.005)
(-0.239263 -0.0854265 0.005)
(-0.220122 -0.0854265 0.005)
(-0.200981 -0.0854265 0.005)
(-0.18184 -0.0854265 0.005)
(-0.162699 -0.0854265 0.005)
(-0.143558 -0.0854265 0.005)
(-0.124417 -0.0854265 0.005)
(-0.105276 -0.0854265 0.005)
(-0.0861347 -0.0854265 0.005)
(-0.0669937 -0.0854265 0.005)
(-0.0478526 -0.0854265 0.005)
(-0.0287116 -0.0854265 0.005)
(-0.00957053 -0.0854265 0.005)
(0.00957053 -0.0854265 0.005)
(0.0287116 -0.0854265 0.005)
(0.0478526 -0.0854265 0.005)
(0.0669937 -0.0854265 0.005)
(0.0861347 -0.0854265 0.005)
(0.105276 -0.0854265 0.005)
(0.124417 -0.0854265 0.005)
(0.143558 -0.0854265 0.005)
(0.162699 -0.0854265 0.005)
(0.18184 -0.0854265 0.005)
(0.200981 -0.0854265 0.005)
(0.220122 -0.0854265 0.005)
(0.239263 -0.0854265 0.005)
(0.258404 -0.0854265 0.005)
(0.277545 -0.0854265 0.005)
(0.296686 -0.0854265 0.005)
(0.315827 -0.0854265 0.005)
(0.334968 -0.0854265 0.005)
(0.354109 -0.0854265 0.005)
(0.373251 -0.0854265 0.005)
(0.392392 -0.0854265 0.005)
(0.411533 -0.0854265 0.005)
(0.430674 -0.0854265 0.005)
(0.449815 -0.0854265 0.005)
(0.468956 -0.0854265 0.005)
(-0.468209 -0.075394 0.005)
(-0.449098 -0.075394 0.005)
(-0.429988 -0.075394 0.005)
(-0.410877 -0.075394 0.005)
(-0.391767 -0.075394 0.005)
(-0.372656 -0.075394 0.005)
(-0.353545 -0.075394 0.005)
(-0.334435 -0.075394 0.005)
(-0.315324 -0.075394 0.005)
(-0.296214 -0.075394 0.005)
(-0.277103 -0.075394 0.005)
(-0.257993 -0.075394 0.005)
(-0.238882 -0.075394 0.005)
(-0.219771 -0.075394 0.005)
(-0.200661 -0.075394 0.005)
(-0.18155 -0.075394 0.005)
(-0.16244 -0.075394 0.005)
(-0.143329 -0.075394 0.005)
(-0.124219 -0.075394 0.005)
(-0.105108 -0.075394 0.005)
(-0.0859975 -0.075394 0.005)
(-0.066887 -0.075394 0.005)
(-0.0477764 -0.075394 0.005)
(-0.0286658 -0.075394 0.005)
(-0.00955528 -0.075394 0.005)
(0.00955528 -0.075394 0.005)
(0.0286658 -0.075394 0.005)
(0.0477764 -0.075394 0.005)
(0.066887 -0.075394 0.005)
(0.0859975 -0.075394 0.005)
(0.105108 -0.075394 0.005)
(0.124219 -0.075394 0.005)
(0.143329 -0.075394 0.005)
(0.16244 -0.075394 0.005)
(0.18155 -0.075394 0.005)
(0.200661 -0.075394 0.005)
(0.219771 -0.075394 0.005)
(0.238882 -0.075394 0.005)
(0.257993 -0.075394 0.005)
(0.277103 -0.075394 0.005)
(0.296214 -0.075394 0.005)
(0.315324 -0.075394 0.005)
(0.334435 -0.075394 0.005)
(0.353545 -0.075394 0.005)
(0.372656 -0.075394 0.005)
(0.391767 -0.075394 0.005)
(0.410877 -0.075394 0.005)
(0.429988 -0.075394 0.005)
(0.449098 -0.075394 0.005)
(0.468209 -0.075394 0.005)
(-0.467548 -0.0653552 0.005)
(-0.448464 -0.0653552 0.005)
(-0.429381 -0.0653552 0.005)
(-0.410297 -0.0653552 0.005)
(-0.391214 -0.0653552 0.005)
(-0.37213 -0.0653552 0.005)
(-0.353046 -0.0653552 0.005)
(-0.333963 -0.0653552 0.005)
(-0.314879 -0.0653552 0.005)
(-0.295796 -0.0653552 0.005)
(-0.276712 -0.0653552 0.005)
(-0.257628 -0.0653552 0.005)
(-0.238545 -0.0653552 0.005)
(-0.219461 -0.0653552 0.005)
(-0.200378 -0.0653552 0.005)
(-0.181294 -0.0653552 0.005)
(-0.162211 -0.0653552 0.005)
(-0.143127 -0.0653552 0.005)
(-0.124043 -0.0653552 0.005)
(-0.10496 -0.0653552 0.005)
(-0.0858762 -0.0653552 0.005)
(-0.0667926 -0.0653552 0.005)
(-0.047709 -0.0653552 0.005)
(-0.0286254 -0.0653552 0.005)
(-0.0095418 -0.0653552 0.005)
(0.0095418 -0.0653552 0.005)
(0.0286254 -0.0653552 0.005)
(0.047709 -0.0653552 0.005)
(0.0667926 -0.0653552 0.005)
(0.0858762 -0.0653552 0.005)
(0.10496 -0.0653552 0.005)
(0.124043 -0.0653552 0.005)
(0.143127 -0.0653552 0.005)
(0.162211 -0.0653552 0.005)
(0.181294 -0.0653552 0.005)
(0.200378 -0.0653552 0.005)
(0.219461 -0.0653552 0.005)
(0.238545 -0.0653552 0.005)
(0.257628 -0.0653552 0.005)
(0.276712 -0.0653552 0.005)
(0.295796 -0.0653552 0.005)
(0.314879 -0.0653552 0.005)
(0.333963 -0.0653552 0.005)
(0.353046 -0.0653552 0.005)
(0.37213 -0.0653552 0.005)
(0.391214 -0.0653552 0.005)
(0.410297 -0.0653552 0.005)
(0.429381 -0.0653552 0.005)
(0.448464 -0.0653552 0.005)
(0.467548 -0.0653552 0.005)
(-0.466976 -0.0553108 0.005)
(-0.447916 -0.0553108 0.005)
(-0.428856 -0.0553108 0.005)
(-0.409795 -0.0553108 0.005)
(-0.390735 -0.0553108 0.005)
(-0.371675 -0.0553108 0.005)
(-0.352615 -0.0553108 0.005)
(-0.333554 -0.0553108 0.005)
(-0.314494 -0.0553108 0.005)
(-0.295434 -0.0553108 0.005)
(-0.276374 -0.0553108 0.005)
(-0.257313 -0.0553108 0.005)
(-0.238253 -0.0553108 0.005)
(-0.219193 -0.0553108 0.005)
(-0.200133 -0.0553108 0.005)
(-0.181072 -0.0553108 0.005)
(-0.162012 -0.0553108 0.005)
(-0.142952 -0.0553108 0.005)
(-0.123892 -0.0553108 0.005)
(-0.104831 -0.0553108 0.005)
(-0.0857711 -0.0553108 0.005)
(-0.0667109 -0.0553108 0.005)
(-0.0476506 -0.0553108 0.005)
(-0.0285904 -0.0553108 0.005)
(-0.00953013 -0.0553108 0.005)
(0.00953013 -0.0553108 0.005)
(0.0285904 -0.0553108 0.005)
(0.0476506 -0.0553108 0.005)
(0.0667109 -0.0553108 0.005)
(0.0857711 -0.0553108 0.005)
(0.104831 -0.0553108 0.005)
(0.123892 -0.0553108 0.005)
(0.142952 -0.0553108 0.005)
(0.162012 -0.0553108 0.005)
(0.181072 -0.0553108 0.005)
(0.200133 -0.0553108 0.005)
(0.219193 -0.0553108 0.005)
(0.238253 -0.0553108 0.005)
(0.257313 -0.0553108 0.005)
(0.276374 -0.0553108 0.005)
(0.295434 -0.0553108 0.005)
(0.314494 -0.0553108 0.005)
(0.333554 -0.0553108 0.005)
(0.352615 -0.0553108 0.005)
(0.371675 -0.0553108 0.005)
(0.390735 -0.0553108 0.005)
(0.409795 -0.0553108 0.005)
(0.428856 -0.0553108 0.005)
(0.447916 -0.0553108 0.005)
(0.466976 -0.0553108 0.005)
(-0.466496 -0.0452614 0.005)
(-0.447455 -0.0452614 0.005)
(-0.428415 -0.0452614 0.005)
(-0.409374 -0.0452614 0.005)
(-0.390333 -0.0452614 0.005)
(-0.371293 -0.0452614 0.005)
(-0.352252 -0.0452614 0.005)
(-0.333211 -0.0452614 0.005)
(-0.314171 -0.0452614 0.005)
(-0.29513 -0.0452614 0.005)
(-0.276089 -0.0452614 0.005)
(-0.257049 -0.0452614 0.005)
(-0.238008 -0.0452614 0.005)
(-0.218967 -0.0452614 0.005)
(-0.199927 -0.0452614 0.005)
(-0.180886 -0.0452614 0.005)
(-0.161845 -0.0452614 0.005)
(-0.142805 -0.0452614 0.005)
(-0.123764 -0.0452614 0.005)
(-0.104724 -0.0452614 0.005)
(-0.0856829 -0.0452614 0.005)
(-0.0666423 -0.0452614 0.005)
(-0.0476016 -0.0452614 0.005)
(-0.028561 -0.0452614 0.005)
(-0.00952032 -0.0452614 0.005)
(0.00952032 -0.0452614 0.005)
(0.028561 -0.0452614 0.005)
(0.0476016 -0.0452614 0.005)
(0.0666423 -0.0452614 0.005)
(0.0856829 -0.0452614 0.005)
(0.104724 -0.0452614 0.005)
(0.123764 -0.0452614 0.005)
(0.142805 -0.0452614 0.005)
(0.161845 -0.0452614 0.005)
(0.180886 -0.0452614 0.005)
(0.199927 -0.0452614 0.005)
(0.218967 -0.0452614 0.005)
(0.238008 -0.0452614 0.005)
(0.257049 -0.0452614 0.005)
(0.276089 -0.0452614 0.005)
(0.29513 -0.0452614 0.005)
(0.314171 -0.0452614 0.005)
(0.333211 -0.0452614 0.005)
(0.352252 -0.0452614 0.005)
(0.371293 -0.0452614 0.005)
(0.390333 -0.0452614 0.005)
(0.409374 -0.0452614 0.005)
(0.428415 -0.0452614 0.005)
(0.447455 -0.0452614 0.005)
(0.466496 -0.0452614 0.005)
(-0.466109 -0.0352078 0.005)
(-0.447084 -0.0352078 0.005)
(-0.428059 -0.0352078 0.005)
(-0.409034 -0.0352078 0.005)
(-0.39001 -0.0352078 0.005)
(-0.370985 -0.0352078 0.005)
(-0.35196 -0.0352078 0.005)
(-0.332935 -0.0352078 0.005)
(-0.31391 -0.0352078 0.005)
(-0.294885 -0.0352078 0.005)
(-0.27586 -0.0352078 0.005)
(-0.256836 -0.0352078 0.005)
(-0.237811 -0.0352078 0.005)
(-0.218786 -0.0352078 0.005)
(-0.199761 -0.0352078 0.005)
(-0.180736 -0.0352078 0.005)
(-0.161711 -0.0352078 0.005)
(-0.142686 -0.0352078 0.005)
(-0.123662 -0.0352078 0.005)
(-0.104637 -0.0352078 0.005)
(-0.0856119 -0.0352078 0.005)
(-0.066587 -0.0352078 0.005)
(-0.0475621 -0.0352078 0.005)
(-0.0285373 -0.0352078 0.005)
(-0.00951243 -0.0352078 0.005)
(0.00951243 -0.0352078 0.005)
(0.0285373 -0.0352078 0.005)
(0.0475621 -0.0352078 0.005)
(0.066587 -0.0352078 0.005)
(0.0856119 -0.0352078 0.005)
(0.104637 -0.0352078 0.005)
(0.123662 -0.0352078 0.005)
(0.142686 -0.0352078 0.005)
(0.161711 -0.0352078 0.005)
(0.180736 -0.0352078 0.005)
(0.199761 -0.0352078 0.005)
(0.218786 -0.0352078 0.005)
(0.237811 -0.0352078 0.005)
(0.256836 -0.0352078 0.005)
(0.27586 -0.0352078 0.005)
(0.294885 -0.0352078 0.005)
(0.31391 -0.0352078 0.005)
(0.332935 -0.0352078 0.005)
(0.35196 -0.0352078 0.005)
(0.370985 -0.0352078 0.005)
(0.39001 -0.0352078 0.005)
(0.409034 -0.0352078 0.005)
(0.428059 -0.0352078 0.005)
(0.447084 -0.0352078 0.005)
(0.466109 -0.0352078 0.005)
(-0.465817 -0.0251508 0.005)
(-0.446804 -0.0251508 0.005)
(-0.427791 -0.0251508 0.005)
(-0.408779 -0.0251508 0.005)
(-0.389766 -0.0251508 0.005)
(-0.370753 -0.0251508 0.005)
(-0.35174 -0.0251508 0.005)
(-0.332727 -0.0251508 0.005)
(-0.313714 -0.0251508 0.005)
(-0.294701 -0.0251508 0.005)
(-0.275688 -0.0251508 0.005)
(-0.256675 -0.0251508 0.005)
(-0.237662 -0.0251508 0.005)
(-0.218649 -0.0251508 0.005)
(-0.199636 -0.0251508 0.005)
(-0.180623 -0.0251508 0.005)
(-0.16161 -0.0251508 0.005)
(-0.142597 -0.0251508 0.005)
(-0.123584 -0.0251508 0.005)
(-0.104571 -0.0251508 0.005)
(-0.0855583 -0.0251508 0.005)
(-0.0665453 -0.0251508 0.005)
(-0.0475324 -0.0251508 0.005)
(-0.0285194 -0.0251508 0.005)
(-0.00950648 -0.0251508 0.005)
(0.00950648 -0.0251508 0.005)
(0.0285194 -0.0251508 0.005)
(0.0475324 -0.0251508 0.005)
(0.0665453 -0.0251508 0.005)
(0.0855583 -0.0251508 0.005)
(0.104571 -0.0251508 0.005)
(0.123584 -0.0251508 0.005)
(0.142597 -0.0251508 0.005)
(0.16161 -0.0251508 0.005)
(0.180623 -0.0251508 0.005)
(0.199636 -0.0251508 0.005)
(0.218649 -0.0251508 0.005)
(0.237662 -0.0251508 0.005)
(0.256675 -0.0251508 0.005)
(0.275688 -0.0251508 0.005)
(0.294701 -0.0251508 0.005)
(0.313714 -0.0251508 0.005)
(0.332727 -0.0251508 0.005)
(0.35174 -0.0251508 0.005)
(0.370753 -0.0251508 0.005)
(0.389766 -0.0251508 0.005)
(0.408779 -0.0251508 0.005)
(0.427791 -0.0251508 0.005)
(0.446804 -0.0251508 0.005)
(0.465817 -0.0251508 0.005)
(-0.465622 -0.0150915 0.005)
(-0.446617 -0.0150915 0.005)
(-0.427612 -0.0150915 0.005)
(-0.408607 -0.0150915 0.005)
(-0.389602 -0.0150915 0.005)
(-0.370597 -0.0150915 0.005)
(-0.351592 -0.0150915 0.005)
(-0.332587 -0.0150915 0.005)
(-0.313582 -0.0150915 0.005)
(-0.294577 -0.0150915 0.005)
(-0.275572 -0.0150915 0.005)
(-0.256567 -0.0150915 0.005)
(-0.237562 -0.0150915 0.005)
(-0.218557 -0.0150915 0.005)
(-0.199552 -0.0150915 0.005)
(-0.180547 -0.0150915 0.005)
(-0.161542 -0.0150915 0.005)
(-0.142537 -0.0150915 0.005)
(-0.123532 -0.0150915 0.005)
(-0.104527 -0.0150915 0.005)
(-0.0855225 -0.0150915 0.005)
(-0.0665175 -0.0150915 0.005)
(-0.0475125 -0.0150915 0.005)
(-0.0285075 -0.0150915 0.005)
(-0.00950249 -0.0150915 0.005)
(0.00950249 -0.0150915 0.005)
(0.0285075 -0.0150915 0.005)
(0.0475125 -0.0150915 0.005)
(0.0665175 -0.0150915 0.005)
(0.0855225 -0.0150915 0.005)
(0.104527 -0.0150915 0.005)
(0.123532 -0.0150915 0.005)
(0.142537 -0.0150915 0.005)
(0.161542 -0.0150915 0.005)
(0.180547 -0.0150915 0.005)
(0.199552 -0.0150915 0.005)
(0.218557 -0.0150915 0.005)
(0.237562 -0.0150915 0.005)
(0.256567 -0.0150915 0.005)
(0.275572 -0.0150915 0.005)
(0.294577 -0.0150915 0.005)
(0.313582 -0.0150915 0.005)
(0.332587 -0.0150915 0.005)
(0.351592 -0.0150915 0.005)
(0.370597 -0.0150915 0.005)
(0.389602 -0.0150915 0.005)
(0.408607 -0.0150915 0.005)
(0.427612 -0.0150915 0.005)
(0.446617 -0.0150915 0.005)
(0.465622 -0.0150915 0.005)
(-0.465524 -0.00503066 0.005)
(-0.446523 -0.00503066 0.005)
(-0.427522 -0.00503066 0.005)
(-0.408521 -0.00503066 0.005)
(-0.38952 -0.00503066 0.005)
(-0.370519 -0.00503066 0.005)
(-0.351518 -0.00503066 0.005)
(-0.332517 -0.00503066 0.005)
(-0.313516 -0.00503066 0.005)
(-0.294515 -0.00503066 0.005)
(-0.275514 -0.00503066 0.005)
(-0.256513 -0.00503066 0.005)
(-0.237512 -0.00503066 0.005)
(-0.218511 -0.00503066 0.005)
(-0.19951 -0.00503066 0.005)
(-0.180509 -0.00503066 0.005)
(-0.161508 -0.00503066 0.005)
(-0.142507 -0.00503066 0.005)
(-0.123506 -0.00503066 0.005)
(-0.104505 -0.00503066 0.005)
(-0.0855045 -0.00503066 0.005)
(-0.0665035 -0.00503066 0.005)
(-0.0475025 -0.00503066 0.005)
(-0.0285015 -0.00503066 0.005)
(-0.0095005 -0.00503066 0.005)
(0.0095005 -0.00503066 0.005)
(0.0285015 -0.00503066 0.005)
(0.0475025 -0.00503066 0.005)
(0.0665035 -0.00503066 0.005)
(0.0855045 -0.00503066 0.005)
(0.104505 -0.00503066 0.005)
(0.123506 -0.00503066 0.005)
(0.142507 -0.00503066 0.005)
(0.161508 -0.00503066 0.005)
(0.180509 -0.00503066 0.005)
(0.19951 -0.00503066 0.005)
(0.218511 -0.00503066 0.005)
(0.237512 -0.00503066 0.005)
(0.256513 -0.00503066 0.005)
(0.275514 -0.00503066 0.005)
(0.294515 -0.00503066 0.005)
(0.313516 -0.00503066 0.005)
(0.332517 -0.00503066 0.005)
(0.351518 -0.00503066 0.005)
(0.370519 -0.00503066 0.005)
(0.38952 -0.00503066 0.005)
(0.408521 -0.00503066 0.005)
(0.427522 -0.00503066 0.005)
(0.446523 -0.00503066 0.005)
(0.465524 -0.00503066 0.005)
(-0.465524 0.00503066 0.005)
(-0.446523 0.00503066 0.005)
(-0.427522 0.00503066 0.005)
(-0.408521 0.00503066 0.005)
(-0.38952 0.00503066 0.005)
(-0.370519 0.00503066 0.005)
(-0.351518 0.00503066 0.005)
(-0.332517 0.00503066 0.005)
(-0.313516 0.00503066 0.005)
(-0.294515 0.00503066 0.005)
(-0.275514 0.00503066 0.005)
(-0.256513 0.00503066 0.005)
(-0.237512 0.00503066 0.005)
(-0.218511 0.00503066 0.005)
(-0.19951 0.00503066 0.005)
(-0.180509 0.00503066 0.005)
(-0.161508 0.00503066 0.005)
(-0.142507 0.00503066 0.005)
(-0.123506 0.00503066 0.005)
(-0.104505 0.00503066 0.005)
(-0.0855045 0.00503066 0.005)
(-0.0665035 0.00503066 0.005)
(-0.0475025 0.00503066 0.005)
(-0.0285015 0.00503066 0.005)
(-0.0095005 0.00503066 0.005)
(0.0095005 0.00503066 0.005)
(0.0285015 0.00503066 0.005)
(0.0475025 0.00503066 0.005)
(0.0665035 0.00503066 0.005)
(0.0855045 0.00503066 0.005)
(0.104505 0.00503066 0.005)
(0.123506 0.00503066 0.005)
(0.142507 0.00503066 0.005)
(0.161508 0.00503066 0.005)
(0.180509 0.00503066 0.005)
(0.19951 0.00503066 0.005)
(0.218511 0.00503066 0.005)
(0.237512 0.00503066 0.005)
(0.256513 0.00503066 0.005)
(0.275514 0.00503066 0.005)
(0.294515 0.00503066 0.005)
(0.313516 0.00503066 0.005)
(0.332517 0.00503066 0.005)
(0.351518 0.00503066 0.005)
(0.370519 0.00503066 0.005)
(0.38952 0.00503066 0.005)
(0.408521 0.00503066 0.005)
(0.427522 0.00503066 0.005)
(0.446523 0.00503066 0.005)
(0.465524 0.00503066 0.005)
(-0.465622 0.0150915 0.005)
(-0.446617 0.0150915 0.005)
(-0.427612 0.0150915 0.005)
(-0.408607 0.0150915 0.005)
(-0.389602 0.0150915 0.005)
(-0.370597 0.0150915 0.005)
(-0.351592 0.0150915 0.005)
(-0.332587 0.0150915 0.005)
(-0.313582 0.0150915 0.005)
(-0.294577 0.0150915 0.005)
(-0.275572 0.0150915 0.005)
(-0.256567 0.0150915 0.005)
(-0.237562 0.0150915 0.005)
(-0.218557 0.0150915 0.005)
(-0.199552 0.0150915 0.005)
(-0.180547 0.0150915 0.005)
(-0.161542 0.0150915 0.005)
(-0.142537 0.0150915 0.005)
(-0.123532 0.0150915 0.005)
(-0.104527 0.0150915 0.005)
(-0.0855225 0.0150915 0.005)
(-0.0665175 0.0150915 0.005)
(-0.0475125 0.0150915 0.005)
(-0.0285075 0.0150915 0.005)
(-0.00950249 0.0150915 0.005)
(0.00950249 0.0150915 0.005)
(0.0285075 0.0150915 0.005)
(0.0475125 0.0150915 0.005)
(0.0665175 0.0150915 0.005)
(0.0855225 0.0150915 0.005)
(0.104527 0.0150915 0.005)
(0.123532 0.0150915 0.005)
(0.142537 0.0150915 0.005)
(0.161542 0.0150915 0.005)
(0.180547 0.0150915 0.005)
(0.199552 0.0150915 0.005)
(0.218557 0.0150915 0.005)
(0.237562 0.0150915 0.005)
(0.256567 0.0150915 0.005)
(0.275572 0.0150915 0.005)
(0.294577 0.0150915 0.005)
(0.313582 0.0150915 0.005)
(0.332587 0.0150915 0.005)
(0.351592 0.0150915 0.005)
(0.370597 0.0150915 0.005)
(0.389602 0.0150915 0.005)
(0.408607 0.0150915 0.005)
(0.427612 0.0150915 0.005)
(0.446617 0.0150915 0.005)
(0.465622 0.0150915 0.005)
(-0.465817 0.0251508 0.005)
(-0.446804 0.0251508 0.005)
(-0.427791 0.0251508 0.005)
(-0.408779 0.0251508 0.005)
(-0.389766 0.0251508 0.005)
(-0.370753 0.0251508 0.005)
(-0.35174 0.0251508 0.005)
(-0.332727 0.0251508 0.005)
(-0.313714 0.0251508 0.005)
(-0.294701 0.0251508 0.005)
(-0.275688 0.0251508 0.005)
(-0.256675 0.0251508 0.005)
(-0.237662 0.0251508 0.005)
(-0.218649 0.0251508 0.005)
(-0.199636 0.0251508 0.005)
(-0.180623 0.0251508 0.005)
(-0.16161 0.0251508 0.005)
(-0.142597 0.0251508 0.005)
(-0.123584 0.0251508 0.005)
(-0.104571 0.0251508 0.005)
(-0.0855583 0.0251508 0.005)
(-0.0665453 0.0251508 0.005)
(-0.0475324 0.0251508 0.005)
(-0.0285194 0.0251508 0.005)
(-0.00950648 0.0251508 0.005)
(0.00950648 0.0251508 0.005)
(0.0285194 0.0251508 0.005)
(0.0475324 0.0251508 0.005)
(0.0665453 0.0251508 0.005)
(0.0855583 0.0251508 0.005)
(0.104571 0.0251508 0.005)
(0.123584 0.0251508 0.005)
(0.142597 0.0251508 0.005)
(0.16161 0.0251508 0.005)
(0.180623 0.0251508 0.005)
(0.199636 0.0251508 0.005)
(0.218649 0.0251508 0.005)
(0.237662 0.0251508 0.005)
(0.256675 0.0251508 0.005)
(0.275688 0.0251508 0.005)
(0.294701 0.0251508 0.005)
(0.313714 0.0251508 0.005)
(0.332727 0.0251508 0.005)
(0.35174 0.0251508 0.005)
(0.370753 0.0251508 0.005)
(0.389766 0.0251508 0.005)
(0.408779 0.0251508 0.005)
(0.427791 0.0251508 0.005)
(0.446804 0.0251508 0.005)
(0.465817 0.0251508 0.005)
(-0.466109 0.0352078 0.005)
(-0.447084 0.0352078 0.005)
(-0.428059 0.0352078 0.005)
(-0.409034 0.0352078 0.005)
(-0.39001 0.0352078 0.005)
(-0.370985 0.0352078 0.005)
(-0.35196 0.0352078 0.005)
(-0.332935 0.0352078 0.005)
(-0.31391 0.0352078 0.005)
(-0.294885 0.0352078 0.005)
(-0.27586 0.0352078 0.005)
(-0.256836 0.0352078 0.005)
(-0.237811 0.0352078 0.005)
(-0.218786 0.0352078 0.005)
(-0.199761 0.0352078 0.005)
(-0.180736 0.0352078 0.005)
(-0.161711 0.0352078 0.005)
(-0.142686 0.0352078 0.005)
(-0.123662 0.0352078 0.005)
(-0.104637 0.0352078 0.005)
(-0.0856119 0.0352078 0.005)
(-0.066587 0.0352078 0.005)
(-0.0475621 0.0352078 0.005)
(-0.0285373 0.0352078 0.005)
(-0.00951243 0.0352078 0.005)
(0.00951243 0.0352078 0.005)
(0.0285373 0.0352078 0.005)
(0.0475621 0.0352078 0.005)
(0.066587 0.0352078 0.005)
(0.0856119 0.0352078 0.005)
(0.104637 0.0352078 0.005)
(0.123662 0.0352078 0.005)
(0.142686 0.0352078 0.005)
(0.161711 0.0352078 0.005)
(0.180736 0.0352078 0.005)
(0.199761 0.0352078 0.005)
(0.218786 0.0352078 0.005)
(0.237811 0.0352078 0.005)
(0.256836 0.0352078 0.005)
(0.27586 0.0352078 0.005)
(0.294885 0.0352078 0.005)
(0.31391 0.0352078 0.005)
(0.332935 0.0352078 0.005)
(0.35196 0.0352078 0.005)
(0.370985 0.0352078 0.005)
(0.39001 0.0352078 0.005)
(0.409034 0.0352078 0.005)
(0.428059 0.0352078 0.005)
(0.447084 0.0352078 0.005)
(0.466109 0.0352078 0.005)
(-0.466496 0.0452614 0.005)
(-0.447455 0.0452614 0.005)
(-0.428415 0.0452614 0.005)
(-0.409374 0.0452614 0.005)
(-0.390333 0.0452614 0.005)
(-0.371293 0.0452614 0.005)
(-0.352252 0.0452614 0.005)
(-0.333211 0.0452614 0.005)
(-0.314171 0.0452614 0.005)
(-0.29513 0.0452614 0.005)
(-0.276089 0.0452614 0.005)
(-0.257049 0.0452614 0.005)
(-0.238008 0.0452614 0.005)
(-0.218967 0.0452614 0.005)
(-0.199927 0.0452614 0.005)
(-0.180886 0.0452614 0.005)
(-0.161845 0.0452614 0.005)
(-0.142805 0.0452614 0.005)
(-0.123764 0.0452614 0.005)
(-0.104724 0.0452614 0.005)
(-0.0856829 0.0452614 0.005)
(-0.0666423 0.0452614 0.005)
(-0.0476016 0.0452614 0.005)
(-0.028561 0.0452614 0.005)
(-0.00952032 0.0452614 0.005)
(0.00952032 0.0452614 0.005)
(0.028561 0.0452614 0.005)
(0.0476016 0.0452614 0.005)
(0.0666423 0.0452614 0.005)
(0.0856829 0.0452614 0.005)
(0.104724 0.0452614 0.005)
(0.123764 0.0452614 0.005)
(0.142805 0.0452614 0.005)
(0.161845 0.0452614 0.005)
(0.180886 0.0452614 0.005)
(0.199927 0.0452614 0.005)
(0.218967 0.0452614 0.005)
(0.238008 0.0452614 0.005)
(0.257049 0.0452614 0.005)
(0.276089 0.0452614 0.005)
(0.29513 0.0452614 0.005)
(0.314171 0.0452614 0.005)
(0.333211 0.0452614 0.005)
(0.352252 0.0452614 0.005)
(0.371293 0.0452614 0.005)
(0.390333 0.0452614 0.005)
(0.409374 0.0452614 0.005)
(0.428415 0.0452614 0.005)
(0.447455 0.0452614 0.005)
(0.466496 0.0452614 0.005)
(-0.466976 0.0553108 0.005)
(-0.447916 0.0553108 0.005)
(-0.428856 0.0553108 0.005)
(-0.409795 0.0553108 0.005)
(-0.390735 0.0553108 0.005)
(-0.371675 0.0553108 0.005)
(-0.352615 0.0553108 0.005)
(-0.333554 0.0553108 0.005)
(-0.314494 0.0553108 0.005)
(-0.295434 0.0553108 0.005)
(-0.276374 0.0553108 0.005)
(-0.257313 0.0553108 0.005)
(-0.238253 0.0553108 0.005)
(-0.219193 0.0553108 0.005)
(-0.200133 0.0553108 0.005)
(-0.181072 0.0553108 0.005)
(-0.162012 0.0553108 0.005)
(-0.142952 0.0553108 0.005)
(-0.123892 0.0553108 0.005)
(-0.104831 0.0553108 0.005)
(-0.0857711 0.0553108 0.005)
(-0.0667109 0.0553108 0.005)
(-0.0476506 0.0553108 0.005)
(-0.0285904 0.0553108 0.005)
(-0.00953013 0.0553108 0.005)
(0.00953013 0.0553108 0.005)
(0.0285904 0.0553108 0.005)
(0.0476506 0.0553108 0.005)
(0.0667109 0.0553108 0.005)
(0.0857711 0.0553108 0.005)
(0.104831 0.0553108 0.005)
(0.123892 0.0553108 0.005)
(0.142952 0.0553108 0.005)
(0.162012 0.0553108 0.005)
(0.181072 0.0553108 0.005)
(0.200133 0.0553108 0.005)
(0.219193 0.0553108 0.005)
(0.238253 0.0553108 0.005)
(0.257313 0.0553108 0.005)
(0.276374 0.0553108 0.005)
(0.295434 0.0553108 0.005)
(0.314494 0.0553108 0.005)
(0.333554 0.0553108 0.005)
(0.352615 0.0553108 0.005)
(0.371675 0.0553108 0.005)
(0.390735 0.0553108 0.005)
(0.409795 0.0553108 0.005)
(0.428856 0.0553108 0.005)
(0.447916 0.0553108 0.005)
(0.466976 0.0553108 0.005)
(-0.467548 0.0653552 0.005)
(-0.448464 0.0653552 0.005)
(-0.429381 0.0653552 0.005)
(-0.410297 0.0653552 0.005)
(-0.391214 0.0653552 0.005)
(-0.37213 0.0653552 0.005)
(-0.353046 0.0653552 0.005)
(-0.333963 0.0653552 0.005)
(-0.314879 0.0653552 0.005)
(-0.295796 0.0653552 0.005)
(-0.276712 0.0653552 0.005)
(-0.257628 0.0653552 0.005)
(-0.238545 0.0653552 0.005)
(-0.219461 0.0653552 0.005)
(-0.200378 0.0653552 0.005)
(-0.181294 0.0653552 0.005)
(-0.162211 0.0653552 0.005)
(-0.143127 0.0653552 0.005)
(-0.124043 0.0653552 0.005)
(-0.10496 0.0653552 0.005)
(-0.0858762 0.0653552 0.005)
(-0.0667926 0.0653552 0.005)
(-0.047709 0.0653552 0.005)
(-0.0286254 0.0653552 0.005)
(-0.0095418 0.0653552 0.005)
(0.0095418 0.0653552 0.005)
(0.0286254 0.0653552 0.005)
(0.047709 0.0653552 0.005)
(0.0667926 0.0653552 0.005)
(0.0858762 0.0653552 0.005)
(0.10496 0.0653552 0.005)
(0.124043 0.0653552 0.005)
(0.143127 0.0653552 0.005)
(0.162211 0.0653552 0.005)
(0.181294 0.0653552 0.005)
(0.200378 0.0653552 0.005)
(0.219461 0.0653552 0.005)
(0.238545 0.0653552 0.005)
(0.257628 0.0653552 0.005)
(0.276712 0.0653552 0.005)
(0.295796 0.0653552 0.005)
(0.314879 0.0653552 0.005)
(0.333963 0.0653552 0.005)
(0.353046 0.0653552 0.005)
(0.37213 0.0653552 0.005)
(0.391214 0.0653552 0.005)
(0.410297 0.0653552 0.005)
(0.429381 0.0653552 0.005)
(0.448464 0.0653552 0.005)
(0.467548 0.0653552 0.005)
(-0.468209 0.075394 0.005)
(-0.449098 0.075394 0.005)
(-0.429988 0.075394 0.005)
(-0.410877 0.075394 0.005)
(-0.391767 0.075394 0.005)
(-0.372656 0.075394 0.005)
(-0.353545 0.075394 0.005)
(-0.334435 0.075394 0.005)
(-0.315324 0.075394 0.005)
(-0.296214 0.075394 0.005)
(-0.277103 0.075394 0.005)
(-0.257993 0.075394 0.005)
(-0.238882 0.075394 0.005)
(-0.219771 0.075394 0.005)
(-0.200661 0.075394 0.005)
(-0.18155 0.075394 0.005)
(-0.16244 0.075394 0.005)
(-0.143329 0.075394 0.005)
(-0.124219 0.075394 0.005)
(-0.105108 0.075394 0.005)
(-0.0859975 0.075394 0.005)
(-0.066887 0.075394 0.005)
(-0.0477764 0.075394 0.005)
(-0.0286658 0.075394 0.005)
(-0.00955528 0.075394 0.005)
(0.00955528 0.075394 0.005)
(0.0286658 0.075394 0.005)
(0.0477764 0.075394 0.005)
(0.066887 0.075394 0.005)
(0.0859975 0.075394 0.005)
(0.105108 0.075394 0.005)
(0.124219 0.075394 0.005)
(0.143329 0.075394 0.005)
(0.16244 0.075394 0.005)
(0.18155 0.075394 0.005)
(0.200661 0.075394 0.005)
(0.219771 0.075394 0.005)
(0.238882 0.075394 0.005)
(0.257993 0.075394 0.005)
(0.277103 0.075394 0.005)
(0.296214 0.075394 0.005)
(0.315324 0.075394 0.005)
(0.334435 0.075394 0.005)
(0.353545 0.075394 0.005)
(0.372656 0.075394 0.005)
(0.391767 0.075394 0.005)
(0.410877 0.075394 0.005)
(0.429988 0.075394 0.005)
(0.449098 0.075394 0.005)
(0.468209 0.075394 0.005)
(-0.468956 0.0854265 0.005)
(-0.449815 0.0854265 0.005)
(-0.430674 0.0854265 0.005)
(-0.411533 0.0854265 0.005)
(-0.392392 0.0854265 0.005)
(-0.373251 0.0854265 0.005)
(-0.354109 0.0854265 0.005)
(-0.334968 0.0854265 0.005)
(-0.315827 0.0854265 0.005)
(-0.296686 0.0854265 0.005)
(-0.277545 0.0854265 0.005)
(-0.258404 0.0854265 0.005)
(-0.239263 0.0854265 0.005)
(-0.220122 0.0854265 0.005)
(-0.200981 0.0854265 0.005)
(-0.18184 0.0854265 0.005)
(-0.162699 0.0854265 0.005)
(-0.143558 0.0854265 0.005)
(-0.124417 0.0854265 0.005)
(-0.105276 0.0854265 0.005)
(-0.0861347 0.0854265 0.005)
(-0.0669937 0.0854265 0.005)
(-0.0478526 0.0854265 0.005)
(-0.0287116 0.0854265 0.005)
(-0.00957053 0.0854265 0.005)
(0.00957053 0.0854265 0.005)
(0.0287116 0.0854265 0.005)
(0.0478526 0.0854265 0.005)
(0.0669937 0.0854265 0.005)
(0.0861347 0.0854265 0.005)
(0.105276 0.0854265 0.005)
(0.124417 0.0854265 0.005)
(0.143558 0.0854265 0.005)
(0.162699 0.0854265 0.005)
(0.18184 0.0854265 0.005)
(0.200981 0.0854265 0.005)
(0.220122 0.0854265 0.005)
(0.239263 0.0854265 0.005)
(0.258404 0.0854265 0.005)
(0.277545 0.0854265 0.005)
(0.296686 0.0854265 0.005)
(0.315827 0.0854265 0.005)
(0.334968 0.0854265 0.005)
(0.354109 0.0854265 0.005)
(0.373251 0.0854265 0.005)
(0.392392 0.0854265 0.005)
(0.411533 0.0854265 0.005)
(0.430674 0.0854265 0.005)
(0.449815 0.0854265 0.005)
(0.468956 0.0854265 0.005)
(-0.469786 0.0954522 0.005)
(-0.450611 0.0954522 0.005)
(-0.431436 0.0954522 0.005)
(-0.412261 0.0954522 0.005)
(-0.393086 0.0954522 0.005)
(-0.373911 0.0954522 0.005)
(-0.354736 0.0954522 0.005)
(-0.335561 0.0954522 0.005)
(-0.316386 0.0954522 0.005)
(-0.297211 0.0954522 0.005)
(-0.278037 0.0954522 0.005)
(-0.258862 0.0954522 0.005)
(-0.239687 0.0954522 0.005)
(-0.220512 0.0954522 0.005)
(-0.201337 0.0954522 0.005)
(-0.182162 0.0954522 0.005)
(-0.162987 0.0954522 0.005)
(-0.143812 0.0954522 0.005)
(-0.124637 0.0954522 0.005)
(-0.105462 0.0954522 0.005)
(-0.0862872 0.0954522 0.005)
(-0.0671123 0.0954522 0.005)
(-0.0479373 0.0954522 0.005)
(-0.0287624 0.0954522 0.005)
(-0.00958747 0.0954522 0.005)
(0.00958747 0.0954522 0.005)
(0.0287624 0.0954522 0.005)
(0.0479373 0.0954522 0.005)
(0.0671123 0.0954522 0.005)
(0.0862872 0.0954522 0.005)
(0.105462 0.0954522 0.005)
(0.124637 0.0954522 0.005)
(0.143812 0.0954522 0.005)
(0.162987 0.0954522 0.005)
(0.182162 0.0954522 0.005)
(0.201337 0.0954522 0.005)
(0.220512 0.0954522 0.005)
(0.239687 0.0954522 0.005)
(0.258862 0.0954522 0.005)
(0.278037 0.0954522 0.005)
(0.297211 0.0954522 0.005)
(0.316386 0.0954522 0.005)
(0.335561 0.0954522 0.005)
(0.354736 0.0954522 0.005)
(0.373911 0.0954522 0.005)
(0.393086 0.0954522 0.005)
(0.412261 0.0954522 0.005)
(0.431436 0.0954522 0.005)
(0.450611 0.0954522 0.005)
(0.469786 0.0954522 0.005)
(-0.470695 0.105471 0.005)
(-0.451483 0.105471 0.005)
(-0.432271 0.105471 0.005)
(-0.413059 0.105471 0.005)
(-0.393847 0.105471 0.005)
(-0.374635 0.105471 0.005)
(-0.355423 0.105471 0.005)
(-0.336211 0.105471 0.005)
(-0.316999 0.105471 0.005)
(-0.297787 0.105471 0.005)
(-0.278575 0.105471 0.005)
(-0.259363 0.105471 0.005)
(-0.240151 0.105471 0.005)
(-0.220939 0.105471 0.005)
(-0.201727 0.105471 0.005)
(-0.182515 0.105471 0.005)
(-0.163302 0.105471 0.005)
(-0.14409 0.105471 0.005)
(-0.124878 0.105471 0.005)
(-0.105666 0.105471 0.005)
(-0.0864542 0.105471 0.005)
(-0.0672422 0.105471 0.005)
(-0.0480301 0.105471 0.005)
(-0.0288181 0.105471 0.005)
(-0.00960603 0.105471 0.005)
(0.00960603 0.105471 0.005)
(0.0288181 0.105471 0.005)
(0.0480301 0.105471 0.005)
(0.0672422 0.105471 0.005)
(0.0864542 0.105471 0.005)
(0.105666 0.105471 0.005)
(0.124878 0.105471 0.005)
(0.14409 0.105471 0.005)
(0.163302 0.105471 0.005)
(0.182515 0.105471 0.005)
(0.201727 0.105471 0.005)
(0.220939 0.105471 0.005)
(0.240151 0.105471 0.005)
(0.259363 0.105471 0.005)
(0.278575 0.105471 0.005)
(0.297787 0.105471 0.005)
(0.316999 0.105471 0.005)
(0.336211 0.105471 0.005)
(0.355423 0.105471 0.005)
(0.374635 0.105471 0.005)
(0.393847 0.105471 0.005)
(0.413059 0.105471 0.005)
(0.432271 0.105471 0.005)
(0.451483 0.105471 0.005)
(0.470695 0.105471 0.005)
(-0.471681 0.115482 0.005)
(-0.452428 0.115482 0.005)
(-0.433176 0.115482 0.005)
(-0.413924 0.115482 0.005)
(-0.394671 0.115482 0.005)
(-0.375419 0.115482 0.005)
(-0.356167 0.115482 0.005)
(-0.336915 0.115482 0.005)
(-0.317662 0.115482 0.005)
(-0.29841 0.115482 0.005)
(-0.279158 0.115482 0.005)
(-0.259906 0.115482 0.005)
(-0.240653 0.115482 0.005)
(-0.221401 0.115482 0.005)
(-0.202149 0.115482 0.005)
(-0.182897 0.115482 0.005)
(-0.163644 0.115482 0.005)
(-0.144392 0.115482 0.005)
(-0.12514 0.115482 0.005)
(-0.105887 0.115482 0.005)
(-0.0866352 0.115482 0.005)
(-0.0673829 0.115482 0.005)
(-0.0481307 0.115482 0.005)
(-0.0288784 0.115482 0.005)
(-0.00962613 0.115482 0.005)
(0.00962613 0.115482 0.005)
(0.0288784 0.115482 0.005)
(0.0481307 0.115482 0.005)
(0.0673829 0.115482 0.005)
(0.0866352 0.115482 0.005)
(0.105887 0.115482 0.005)
(0.12514 0.115482 0.005)
(0.144392 0.115482 0.005)
(0.163644 0.115482 0.005)
(0.182897 0.115482 0.005)
(0.202149 0.115482 0.005)
(0.221401 0.115482 0.005)
(0.240653 0.115482 0.005)
(0.259906 0.115482 0.005)
(0.279158 0.115482 0.005)
(0.29841 0.115482 0.005)
(0.317662 0.115482 0.005)
(0.336915 0.115482 0.005)
(0.356167 0.115482 0.005)
(0.375419 0.115482 0.005)
(0.394671 0.115482 0.005)
(0.413924 0.115482 0.005)
(0.433176 0.115482 0.005)
(0.452428 0.115482 0.005)
(0.471681 0.115482 0.005)
(-0.472737 0.125485 0.005)
(-0.453442 0.125485 0.005)
(-0.434147 0.125485 0.005)
(-0.414851 0.125485 0.005)
(-0.395556 0.125485 0.005)
(-0.37626 0.125485 0.005)
(-0.356965 0.125485 0.005)
(-0.33767 0.125485 0.005)
(-0.318374 0.125485 0.005)
(-0.299079 0.125485 0.005)
(-0.279783 0.125485 0.005)
(-0.260488 0.125485 0.005)
(-0.241193 0.125485 0.005)
(-0.221897 0.125485 0.005)
(-0.202602 0.125485 0.005)
(-0.183306 0.125485 0.005)
(-0.164011 0.125485 0.005)
(-0.144716 0.125485 0.005)
(-0.12542 0.125485 0.005)
(-0.106125 0.125485 0.005)
(-0.0868293 0.125485 0.005)
(-0.0675339 0.125485 0.005)
(-0.0482385 0.125485 0.005)
(-0.0289431 0.125485 0.005)
(-0.0096477 0.125485 0.005)
(0.0096477 0.125485 0.005)
(0.0289431 0.125485 0.005)
(0.0482385 0.125485 0.005)
(0.0675339 0.125485 0.005)
(0.0868293 0.125485 0.005)
(0.106125 0.125485 0.005)
(0.12542 0.125485 0.005)
(0.144716 0.125485 0.005)
(0.164011 0.125485 0.005)
(0.183306 0.125485 0.005)
(0.202602 0.125485 0.005)
(0.221897 0.125485 0.005)
(0.241193 0.125485 0.005)
(0.260488 0.125485 0.005)
(0.279783 0.125485 0.005)
(0.299079 0.125485 0.005)
(0.318374 0.125485 0.005)
(0.33767 0.125485 0.005)
(0.356965 0.125485 0.005)
(0.37626 0.125485 0.005)
(0.395556 0.125485 0.005)
(0.414851 0.125485 0.005)
(0.434147 0.125485 0.005)
(0.453442 0.125485 0.005)
(0.472737 0.125485 0.005)
(-0.473862 0.135481 0.005)
(-0.45452 0.135481 0.005)
(-0.435179 0.135481 0.005)
(-0.415838 0.135481 0.005)
(-0.396496 0.135481 0.005)
(-0.377155 0.135481 0.005)
(-0.357814 0.135481 0.005)
(-0.338473 0.135481 0.005)
(-0.319131 0.135481 0.005)
(-0.29979 0.135481 0.005)
(-0.280449 0.135481 0.005)
(-0.261107 0.135481 0.005)
(-0.241766 0.135481 0.005)
(-0.222425 0.135481 0.005)
(-0.203084 0.135481 0.005)
(-0.183742 0.135481 0.005)
(-0.164401 0.135481 0.005)
(-0.14506 0.135481 0.005)
(-0.125718 0.135481 0.005)
(-0.106377 0.135481 0.005)
(-0.0870358 0.135481 0.005)
(-0.0676945 0.135481 0.005)
(-0.0483532 0.135481 0.005)
(-0.0290119 0.135481 0.005)
(-0.00967064 0.135481 0.005)
(0.00967064 0.135481 0.005)
(0.0290119 0.135481 0.005)
(0.0483532 0.135481 0.005)
(0.0676945 0.135481 0.005)
(0.0870358 0.135481 0.005)
(0.106377 0.135481 0.005)
(0.125718 0.135481 0.005)
(0.14506 0.135481 0.005)
(0.164401 0.135481 0.005)
(0.183742 0.135481 0.005)
(0.203084 0.135481 0.005)
(0.222425 0.135481 0.005)
(0.241766 0.135481 0.005)
(0.261107 0.135481 0.005)
(0.280449 0.135481 0.005)
(0.29979 0.135481 0.005)
(0.319131 0.135481 0.005)
(0.338473 0.135481 0.005)
(0.357814 0.135481 0.005)
(0.377155 0.135481 0.005)
(0.396496 0.135481 0.005)
(0.415838 0.135481 0.005)
(0.435179 0.135481 0.005)
(0.45452 0.135481 0.005)
(0.473862 0.135481 0.005)
(-0.475048 0.14547 0.005)
(-0.455659 0.14547 0.005)
(-0.436269 0.14547 0.005)
(-0.416879 0.14547 0.005)
(-0.397489 0.14547 0.005)
(-0.3781 0.14547 0.005)
(-0.35871 0.14547 0.005)
(-0.33932 0.14547 0.005)
(-0.319931 0.14547 0.005)
(-0.300541 0.14547 0.005)
(-0.281151 0.14547 0.005)
(-0.261761 0.14547 0.005)
(-0.242372 0.14547 0.005)
(-0.222982 0.14547 0.005)
(-0.203592 0.14547 0.005)
(-0.184202 0.14547 0.005)
(-0.164813 0.14547 0.005)
(-0.145423 0.14547 0.005)
(-0.126033 0.14547 0.005)
(-0.106644 0.14547 0.005)
(-0.0872538 0.14547 0.005)
(-0.0678641 0.14547 0.005)
(-0.0484743 0.14547 0.005)
(-0.0290846 0.14547 0.005)
(-0.00969487 0.14547 0.005)
(0.00969487 0.14547 0.005)
(0.0290846 0.14547 0.005)
(0.0484743 0.14547 0.005)
(0.0678641 0.14547 0.005)
(0.0872538 0.14547 0.005)
(0.106644 0.14547 0.005)
(0.126033 0.14547 0.005)
(0.145423 0.14547 0.005)
(0.164813 0.14547 0.005)
(0.184202 0.14547 0.005)
(0.203592 0.14547 0.005)
(0.222982 0.14547 0.005)
(0.242372 0.14547 0.005)
(0.261761 0.14547 0.005)
(0.281151 0.14547 0.005)
(0.300541 0.14547 0.005)
(0.319931 0.14547 0.005)
(0.33932 0.14547 0.005)
(0.35871 0.14547 0.005)
(0.3781 0.14547 0.005)
(0.397489 0.14547 0.005)
(0.416879 0.14547 0.005)
(0.436269 0.14547 0.005)
(0.455659 0.14547 0.005)
(0.475048 0.14547 0.005)
(-0.476293 0.155451 0.005)
(-0.456853 0.155451 0.005)
(-0.437412 0.155451 0.005)
(-0.417972 0.155451 0.005)
(-0.398531 0.155451 0.005)
(-0.379091 0.155451 0.005)
(-0.35965 0.155451 0.005)
(-0.340209 0.155451 0.005)
(-0.320769 0.155451 0.005)
(-0.301328 0.155451 0.005)
(-0.281888 0.155451 0.005)
(-0.262447 0.155451 0.005)
(-0.243007 0.155451 0.005)
(-0.223566 0.155451 0.005)
(-0.204126 0.155451 0.005)
(-0.184685 0.155451 0.005)
(-0.165245 0.155451 0.005)
(-0.145804 0.155451 0.005)
(-0.126364 0.155451 0.005)
(-0.106923 0.155451 0.005)
(-0.0874824 0.155451 0.005)
(-0.0680419 0.155451 0.005)
(-0.0486013 0.155451 0.005)
(-0.0291608 0.155451 0.005)
(-0.00972027 0.155451 0.005)
(0.00972027 0.155451 0.005)
(0.0291608 0.155451 0.005)
(0.0486013 0.155451 0.005)
(0.0680419 0.155451 0.005)
(0.0874824 0.155451 0.005)
(0.106923 0.155451 0.005)
(0.126364 0.155451 0.005)
(0.145804 0.155451 0.005)
(0.165245 0.155451 0.005)
(0.184685 0.155451 0.005)
(0.204126 0.155451 0.005)
(0.223566 0.155451 0.005)
(0.243007 0.155451 0.005)
(0.262447 0.155451 0.005)
(0.281888 0.155451 0.005)
(0.301328 0.155451 0.005)
(0.320769 0.155451 0.005)
(0.340209 0.155451 0.005)
(0.35965 0.155451 0.005)
(0.379091 0.155451 0.005)
(0.398531 0.155451 0.005)
(0.417972 0.155451 0.005)
(0.437412 0.155451 0.005)
(0.456853 0.155451 0.005)
(0.476293 0.155451 0.005)
(-0.477591 0.165425 0.005)
(-0.458097 0.165425 0.005)
(-0.438604 0.165425 0.005)
(-0.41911 0.165425 0.005)
(-0.399617 0.165425 0.005)
(-0.380123 0.165425 0.005)
(-0.36063 0.165425 0.005)
(-0.341136 0.165425 0.005)
(-0.321643 0.165425 0.005)
(-0.302149 0.165425 0.005)
(-0.282656 0.165425 0.005)
(-0.263162 0.165425 0.005)
(-0.243669 0.165425 0.005)
(-0.224175 0.165425 0.005)
(-0.204682 0.165425 0.005)
(-0.185188 0.165425 0.005)
(-0.165695 0.165425 0.005)
(-0.146201 0.165425 0.005)
(-0.126708 0.165425 0.005)
(-0.107214 0.165425 0.005)
(-0.0877208 0.165425 0.005)
(-0.0682273 0.165425 0.005)
(-0.0487338 0.165425 0.005)
(-0.0292403 0.165425 0.005)
(-0.00974675 0.165425 0.005)
(0.00974675 0.165425 0.005)
(0.0292403 0.165425 0.005)
(0.0487338 0.165425 0.005)
(0.0682273 0.165425 0.005)
(0.0877208 0.165425 0.005)
(0.107214 0.165425 0.005)
(0.126708 0.165425 0.005)
(0.146201 0.165425 0.005)
(0.165695 0.165425 0.005)
(0.185188 0.165425 0.005)
(0.204682 0.165425 0.005)
(0.224175 0.165425 0.005)
(0.243669 0.165425 0.005)
(0.263162 0.165425 0.005)
(0.282656 0.165425 0.005)
(0.302149 0.165425 0.005)
(0.321643 0.165425 0.005)
(0.341136 0.165425 0.005)
(0.36063 0.165425 0.005)
(0.380123 0.165425 0.005)
(0.399617 0.165425 0.005)
(0.41911 0.165425 0.005)
(0.438604 0.165425 0.005)
(0.458097 0.165425 0.005)
(0.477591 0.165425 0.005)
(-0.478937 0.175392 0.005)
(-0.459388 0.175392 0.005)
(-0.43984 0.175392 0.005)
(-0.420291 0.175392 0.005)
(-0.400743 0.175392 0.005)
(-0.381194 0.175392 0.005)
(-0.361646 0.175392 0.005)
(-0.342098 0.175392 0.005)
(-0.322549 0.175392 0.005)
(-0.303001 0.175392 0.005)
(-0.283452 0.175392 0.005)
(-0.263904 0.175392 0.005)
(-0.244355 0.175392 0.005)
(-0.224807 0.175392 0.005)
(-0.205259 0.175392 0.005)
(-0.18571 0.175392 0.005)
(-0.166162 0.175392 0.005)
(-0.146613 0.175392 0.005)
(-0.127065 0.175392 0.005)
(-0.107516 0.175392 0.005)
(-0.0879679 0.175392 0.005)
(-0.0684195 0.175392 0.005)
(-0.0488711 0.175392 0.005)
(-0.0293226 0.175392 0.005)
(-0.00977421 0.175392 0.005)
(0.00977421 0.175392 0.005)
(0.0293226 0.175392 0.005)
(0.0488711 0.175392 0.005)
(0.0684195 0.175392 0.005)
(0.0879679 0.175392 0.005)
(0.107516 0.175392 0.005)
(0.127065 0.175392 0.005)
(0.146613 0.175392 0.005)
(0.166162 0.175392 0.005)
(0.18571 0.175392 0.005)
(0.205259 0.175392 0.005)
(0.224807 0.175392 0.005)
(0.244355 0.175392 0.005)
(0.263904 0.175392 0.005)
(0.283452 0.175392 0.005)
(0.303001 0.175392 0.005)
(0.322549 0.175392 0.005)
(0.342098 0.175392 0.005)
(0.361646 0.175392 0.005)
(0.381194 0.175392 0.005)
(0.400743 0.175392 0.005)
(0.420291 0.175392 0.005)
(0.43984 0.175392 0.005)
(0.459388 0.175392 0.005)
(0.478937 0.175392 0.005)
(-0.480325 0.185353 0.005)
(-0.46072 0.185353 0.005)
(-0.441114 0.185353 0.005)
(-0.421509 0.185353 0.005)
(-0.401904 0.185353 0.005)
(-0.382299 0.185353 0.005)
(-0.362694 0.185353 0.005)
(-0.343089 0.185353 0.005)
(-0.323484 0.185353 0.005)
(-0.303879 0.185353 0.005)
(-0.284274 0.185353 0.005)
(-0.264669 0.185353 0.005)
(-0.245064 0.185353 0.005)
(-0.225458 0.185353 0.005)
(-0.205853 0.185353 0.005)
(-0.186248 0.185353 0.005)
(-0.166643 0.185353 0.005)
(-0.147038 0.185353 0.005)
(-0.127433 0.185353 0.005)
(-0.107828 0.185353 0.005)
(-0.0882229 0.185353 0.005)
(-0.0686178 0.185353 0.005)
(-0.0490127 0.185353 0.005)
(-0.0294076 0.185353 0.005)
(-0.00980254 0.185353 0.005)
(0.00980254 0.185353 0.005)
(0.0294076 0.185353 0.005)
(0.0490127 0.185353 0.005)
(0.0686178 0.185353 0.005)
(0.0882229 0.185353 0.005)
(0.107828 0.185353 0.005)
(0.127433 0.185353 0.005)
(0.147038 0.185353 0.005)
(0.166643 0.185353 0.005)
(0.186248 0.185353 0.005)
(0.205853 0.185353 0.005)
(0.225458 0.185353 0.005)
(0.245064 0.185353 0.005)
(0.264669 0.185353 0.005)
(0.284274 0.185353 0.005)
(0.303879 0.185353 0.005)
(0.323484 0.185353 0.005)
(0.343089 0.185353 0.005)
(0.362694 0.185353 0.005)
(0.382299 0.185353 0.005)
(0.401904 0.185353 0.005)
(0.421509 0.185353 0.005)
(0.441114 0.185353 0.005)
(0.46072 0.185353 0.005)
(0.480325 0.185353 0.005)
(-0.48175 0.195309 0.005)
(-0.462087 0.195309 0.005)
(-0.442423 0.195309 0.005)
(-0.42276 0.195309 0.005)
(-0.403097 0.195309 0.005)
(-0.383434 0.195309 0.005)
(-0.36377 0.195309 0.005)
(-0.344107 0.195309 0.005)
(-0.324444 0.195309 0.005)
(-0.30478 0.195309 0.005)
(-0.285117 0.195309 0.005)
(-0.265454 0.195309 0.005)
(-0.245791 0.195309 0.005)
(-0.226127 0.195309 0.005)
(-0.206464 0.195309 0.005)
(-0.186801 0.195309 0.005)
(-0.167138 0.195309 0.005)
(-0.147474 0.195309 0.005)
(-0.127811 0.195309 0.005)
(-0.108148 0.195309 0.005)
(-0.0884847 0.195309 0.005)
(-0.0688214 0.195309 0.005)
(-0.0491581 0.195309 0.005)
(-0.0294949 0.195309 0.005)
(-0.00983163 0.195309 0.005)
(0.00983163 0.195309 0.005)
(0.0294949 0.195309 0.005)
(0.0491581 0.195309 0.005)
(0.0688214 0.195309 0.005)
(0.0884847 0.195309 0.005)
(0.108148 0.195309 0.005)
(0.127811 0.195309 0.005)
(0.147474 0.195309 0.005)
(0.167138 0.195309 0.005)
(0.186801 0.195309 0.005)
(0.206464 0.195309 0.005)
(0.226127 0.195309 0.005)
(0.245791 0.195309 0.005)
(0.265454 0.195309 0.005)
(0.285117 0.195309 0.005)
(0.30478 0.195309 0.005)
(0.324444 0.195309 0.005)
(0.344107 0.195309 0.005)
(0.36377 0.195309 0.005)
(0.383434 0.195309 0.005)
(0.403097 0.195309 0.005)
(0.42276 0.195309 0.005)
(0.442423 0.195309 0.005)
(0.462087 0.195309 0.005)
(0.48175 0.195309 0.005)
(-0.483207 0.20526 0.005)
(-0.463484 0.20526 0.005)
(-0.443761 0.20526 0.005)
(-0.424038 0.20526 0.005)
(-0.404316 0.20526 0.005)
(-0.384593 0.20526 0.005)
(-0.36487 0.20526 0.005)
(-0.345148 0.20526 0.005)
(-0.325425 0.20526 0.005)
(-0.305702 0.20526 0.005)
(-0.285979 0.20526 0.005)
(-0.266257 0.20526 0.005)
(-0.246534 0.20526 0.005)
(-0.226811 0.20526 0.005)
(-0.207089 0.20526 0.005)
(-0.187366 0.20526 0.005)
(-0.167643 0.20526 0.005)
(-0.14792 0.20526 0.005)
(-0.128198 0.20526 0.005)
(-0.108475 0.20526 0.005)
(-0.0887522 0.20526 0.005)
(-0.0690295 0.20526 0.005)
(-0.0493068 0.20526 0.005)
(-0.0295841 0.20526 0.005)
(-0.00986136 0.20526 0.005)
(0.00986136 0.20526 0.005)
(0.0295841 0.20526 0.005)
(0.0493068 0.20526 0.005)
(0.0690295 0.20526 0.005)
(0.0887522 0.20526 0.005)
(0.108475 0.20526 0.005)
(0.128198 0.20526 0.005)
(0.14792 0.20526 0.005)
(0.167643 0.20526 0.005)
(0.187366 0.20526 0.005)
(0.207089 0.20526 0.005)
(0.226811 0.20526 0.005)
(0.246534 0.20526 0.005)
(0.266257 0.20526 0.005)
(0.285979 0.20526 0.005)
(0.305702 0.20526 0.005)
(0.325425 0.20526 0.005)
(0.345148 0.20526 0.005)
(0.36487 0.20526 0.005)
(0.384593 0.20526 0.005)
(0.404316 0.20526 0.005)
(0.424038 0.20526 0.005)
(0.443761 0.20526 0.005)
(0.463484 0.20526 0.005)
(0.483207 0.20526 0.005)
(-0.484689 0.215207 0.005)
(-0.464906 0.215207 0.005)
(-0.445123 0.215207 0.005)
(-0.42534 0.215207 0.005)
(-0.405556 0.215207 0.005)
(-0.385773 0.215207 0.005)
(-0.36599 0.215207 0.005)
(-0.346207 0.215207 0.005)
(-0.326423 0.215207 0.005)
(-0.30664 0.215207 0.005)
(-0.286857 0.215207 0.005)
(-0.267074 0.215207 0.005)
(-0.24729 0.215207 0.005)
(-0.227507 0.215207 0.005)
(-0.207724 0.215207 0.005)
(-0.187941 0.215207 0.005)
(-0.168157 0.215207 0.005)
(-0.148374 0.215207 0.005)
(-0.128591 0.215207 0.005)
(-0.108808 0.215207 0.005)
(-0.0890246 0.215207 0.005)
(-0.0692413 0.215207 0.005)
(-0.0494581 0.215207 0.005)
(-0.0296749 0.215207 0.005)
(-0.00989162 0.215207 0.005)
(0.00989162 0.215207 0.005)
(0.0296749 0.215207 0.005)
(0.0494581 0.215207 0.005)
(0.0692413 0.215207 0.005)
(0.0890246 0.215207 0.005)
(0.108808 0.215207 0.005)
(0.128591 0.215207 0.005)
(0.148374 0.215207 0.005)
(0.168157 0.215207 0.005)
(0.187941 0.215207 0.005)
(0.207724 0.215207 0.005)
(0.227507 0.215207 0.005)
(0.24729 0.215207 0.005)
(0.267074 0.215207 0.005)
(0.286857 0.215207 0.005)
(0.30664 0.215207 0.005)
(0.326423 0.215207 0.005)
(0.346207 0.215207 0.005)
(0.36599 0.215207 0.005)
(0.385773 0.215207 0.005)
(0.405556 0.215207 0.005)
(0.42534 0.215207 0.005)
(0.445123 0.215207 0.005)
(0.464906 0.215207 0.005)
(0.484689 0.215207 0.005)
(-0.486192 0.225151 0.005)
(-0.466348 0.225151 0.005)
(-0.446503 0.225151 0.005)
(-0.426658 0.225151 0.005)
(-0.406814 0.225151 0.005)
(-0.386969 0.225151 0.005)
(-0.367125 0.225151 0.005)
(-0.34728 0.225151 0.005)
(-0.327436 0.225151 0.005)
(-0.307591 0.225151 0.005)
(-0.287746 0.225151 0.005)
(-0.267902 0.225151 0.005)
(-0.248057 0.225151 0.005)
(-0.228213 0.225151 0.005)
(-0.208368 0.225151 0.005)
(-0.188524 0.225151 0.005)
(-0.168679 0.225151 0.005)
(-0.148834 0.225151 0.005)
(-0.12899 0.225151 0.005)
(-0.109145 0.225151 0.005)
(-0.0893006 0.225151 0.005)
(-0.069456 0.225151 0.005)
(-0.0496115 0.225151 0.005)
(-0.0297669 0.225151 0.005)
(-0.00992229 0.225151 0.005)
(0.00992229 0.225151 0.005)
(0.0297669 0.225151 0.005)
(0.0496115 0.225151 0.005)
(0.069456 0.225151 0.005)
(0.0893006 0.225151 0.005)
(0.109145 0.225151 0.005)
(0.12899 0.225151 0.005)
(0.148834 0.225151 0.005)
(0.168679 0.225151 0.005)
(0.188524 0.225151 0.005)
(0.208368 0.225151 0.005)
(0.228213 0.225151 0.005)
(0.248057 0.225151 0.005)
(0.267902 0.225151 0.005)
(0.287746 0.225151 0.005)
(0.307591 0.225151 0.005)
(0.327436 0.225151 0.005)
(0.34728 0.225151 0.005)
(0.367125 0.225151 0.005)
(0.386969 0.225151 0.005)
(0.406814 0.225151 0.005)
(0.426658 0.225151 0.005)
(0.446503 0.225151 0.005)
(0.466348 0.225151 0.005)
(0.486192 0.225151 0.005)
(-0.48771 0.235093 0.005)
(-0.467803 0.235093 0.005)
(-0.447897 0.235093 0.005)
(-0.42799 0.235093 0.005)
(-0.408084 0.235093 0.005)
(-0.388177 0.235093 0.005)
(-0.368271 0.235093 0.005)
(-0.348364 0.235093 0.005)
(-0.328458 0.235093 0.005)
(-0.308551 0.235093 0.005)
(-0.288645 0.235093 0.005)
(-0.268738 0.235093 0.005)
(-0.248831 0.235093 0.005)
(-0.228925 0.235093 0.005)
(-0.209018 0.235093 0.005)
(-0.189112 0.235093 0.005)
(-0.169205 0.235093 0.005)
(-0.149299 0.235093 0.005)
(-0.129392 0.235093 0.005)
(-0.109486 0.235093 0.005)
(-0.0895793 0.235093 0.005)
(-0.0696728 0.235093 0.005)
(-0.0497663 0.235093 0.005)
(-0.0298598 0.235093 0.005)
(-0.00995326 0.235093 0.005)
(0.00995326 0.235093 0.005)
(0.0298598 0.235093 0.005)
(0.0497663 0.235093 0.005)
(0.0696728 0.235093 0.005)
(0.0895793 0.235093 0.005)
(0.109486 0.235093 0.005)
(0.129392 0.235093 0.005)
(0.149299 0.235093 0.005)
(0.169205 0.235093 0.005)
(0.189112 0.235093 0.005)
(0.209018 0.235093 0.005)
(0.228925 0.235093 0.005)
(0.248831 0.235093 0.005)
(0.268738 0.235093 0.005)
(0.288645 0.235093 0.005)
(0.308551 0.235093 0.005)
(0.328458 0.235093 0.005)
(0.348364 0.235093 0.005)
(0.368271 0.235093 0.005)
(0.388177 0.235093 0.005)
(0.408084 0.235093 0.005)
(0.42799 0.235093 0.005)
(0.447897 0.235093 0.005)
(0.467803 0.235093 0.005)
(0.48771 0.235093 0.005)
(-0.489236 0.245033 0.005)
(-0.469267 0.245033 0.005)
(-0.449298 0.245033 0.005)
(-0.429329 0.245033 0.005)
(-0.409361 0.245033 0.005)
(-0.389392 0.245033 0.005)
(-0.369423 0.245033 0.005)
(-0.349454 0.245033 0.005)
(-0.329485 0.245033 0.005)
(-0.309517 0.245033 0.005)
(-0.289548 0.245033 0.005)
(-0.269579 0.245033 0.005)
(-0.24961 0.245033 0.005)
(-0.229641 0.245033 0.005)
(-0.209673 0.245033 0.005)
(-0.189704 0.245033 0.005)
(-0.169735 0.245033 0.005)
(-0.149766 0.245033 0.005)
(-0.129797 0.245033 0.005)
(-0.109828 0.245033 0.005)
(-0.0898596 0.245033 0.005)
(-0.0698908 0.245033 0.005)
(-0.049922 0.245033 0.005)
(-0.0299532 0.245033 0.005)
(-0.00998441 0.245033 0.005)
(0.00998441 0.245033 0.005)
(0.0299532 0.245033 0.005)
(0.049922 0.245033 0.005)
(0.0698908 0.245033 0.005)
(0.0898596 0.245033 0.005)
(0.109828 0.245033 0.005)
(0.129797 0.245033 0.005)
(0.149766 0.245033 0.005)
(0.169735 0.245033 0.005)
(0.189704 0.245033 0.005)
(0.209673 0.245033 0.005)
(0.229641 0.245033 0.005)
(0.24961 0.245033 0.005)
(0.269579 0.245033 0.005)
(0.289548 0.245033 0.005)
(0.309517 0.245033 0.005)
(0.329485 0.245033 0.005)
(0.349454 0.245033 0.005)
(0.369423 0.245033 0.005)
(0.389392 0.245033 0.005)
(0.409361 0.245033 0.005)
(0.429329 0.245033 0.005)
(0.449298 0.245033 0.005)
(0.469267 0.245033 0.005)
(0.489236 0.245033 0.005)
)
;

boundaryField
{
    left
    {
        type            calculated;
        value           nonuniform List<vector> 
50
(
(-0.49922 -0.24503 0.005)
(-0.497663 -0.23509 0.005)
(-0.496114 -0.225148 0.005)
(-0.49458 -0.215205 0.005)
(-0.493068 -0.205258 0.005)
(-0.491581 -0.195307 0.005)
(-0.490127 -0.185351 0.005)
(-0.48871 -0.17539 0.005)
(-0.487337 -0.165422 0.005)
(-0.486013 -0.155448 0.005)
(-0.484743 -0.145468 0.005)
(-0.483532 -0.135479 0.005)
(-0.482385 -0.125483 0.005)
(-0.481306 -0.11548 0.005)
(-0.480301 -0.105469 0.005)
(-0.479373 -0.0954507 0.005)
(-0.478526 -0.0854251 0.005)
(-0.477764 -0.0753928 0.005)
(-0.47709 -0.0653541 0.005)
(-0.476506 -0.0553098 0.005)
(-0.476016 -0.0452606 0.005)
(-0.475621 -0.0352072 0.005)
(-0.475324 -0.0251504 0.005)
(-0.475125 -0.0150912 0.005)
(-0.475025 -0.00503057 0.005)
(-0.475025 0.00503057 0.005)
(-0.475125 0.0150912 0.005)
(-0.475324 0.0251504 0.005)
(-0.475621 0.0352072 0.005)
(-0.476016 0.0452606 0.005)
(-0.476506 0.0553098 0.005)
(-0.47709 0.0653541 0.005)
(-0.477764 0.0753928 0.005)
(-0.478526 0.0854251 0.005)
(-0.479373 0.0954507 0.005)
(-0.480301 0.105469 0.005)
(-0.481306 0.11548 0.005)
(-0.482385 0.125483 0.005)
(-0.483532 0.135479 0.005)
(-0.484743 0.145468 0.005)
(-0.486013 0.155448 0.005)
(-0.487337 0.165422 0.005)
(-0.48871 0.17539 0.005)
(-0.490127 0.185351 0.005)
(-0.491581 0.195307 0.005)
(-0.493068 0.205258 0.005)
(-0.49458 0.215205 0.005)
(-0.496114 0.225148 0.005)
(-0.497663 0.23509 0.005)
(-0.49922 0.24503 0.005)
)
;
    }
    right
    {
        type            calculated;
        value           nonuniform List<vector> 
50
(
(0.49922 -0.24503 0.005)
(0.497663 -0.23509 0.005)
(0.496114 -0.225148 0.005)
(0.49458 -0.215205 0.005)
(0.493068 -0.205258 0.005)
(0.491581 -0.195307 0.005)
(0.490127 -0.185351 0.005)
(0.48871 -0.17539 0.005)
(0.487337 -0.165422 0.005)
(0.486013 -0.155448 0.005)
(0.484743 -0.145468 0.005)
(0.483532 -0.135479 0.005)
(0.482385 -0.125483 0.005)
(0.481306 -0.11548 0.005)
(0.480301 -0.105469 0.005)
(0.479373 -0.0954507 0.005)
(0.478526 -0.0854251 0.005)
(0.477764 -0.0753928 0.005)
(0.47709 -0.0653541 0.005)
(0.476506 -0.0553098 0.005)
(0.476016 -0.0452606 0.005)
(0.475621 -0.0352072 0.005)
(0.475324 -0.0251504 0.005)
(0.475125 -0.0150912 0.005)
(0.475025 -0.00503057 0.005)
(0.475025 0.00503057 0.005)
(0.475125 0.0150912 0.005)
(0.475324 0.0251504 0.005)
(0.475621 0.0352072 0.005)
(0.476016 0.0452606 0.005)
(0.476506 0.0553098 0.005)
(0.47709 0.0653541 0.005)
(0.477764 0.0753928 0.005)
(0.478526 0.0854251 0.005)
(0.479373 0.0954507 0.005)
(0.480301 0.105469 0.005)
(0.481306 0.11548 0.005)
(0.482385 0.125483 0.005)
(0.483532 0.135479 0.005)
(0.484743 0.145468 0.005)
(0.486013 0.155448 0.005)
(0.487337 0.165422 0.005)
(0.48871 0.17539 0.005)
(0.490127 0.185351 0.005)
(0.491581 0.195307 0.005)
(0.493068 0.205258 0.005)
(0.49458 0.215205 0.005)
(0.496114 0.225148 0.005)
(0.497663 0.23509 0.005)
(0.49922 0.24503 0.005)
)
;
    }
    up
    {
        type            calculated;
        value           nonuniform List<vector> 
50
(
(-0.49 0.25 0.005)
(-0.47 0.25 0.005)
(-0.45 0.25 0.005)
(-0.43 0.25 0.005)
(-0.41 0.25 0.005)
(-0.39 0.25 0.005)
(-0.37 0.25 0.005)
(-0.35 0.25 0.005)
(-0.33 0.25 0.005)
(-0.31 0.25 0.005)
(-0.29 0.25 0.005)
(-0.27 0.25 0.005)
(-0.25 0.25 0.005)
(-0.23 0.25 0.005)
(-0.21 0.25 0.005)
(-0.19 0.25 0.005)
(-0.17 0.25 0.005)
(-0.15 0.25 0.005)
(-0.13 0.25 0.005)
(-0.11 0.25 0.005)
(-0.09 0.25 0.005)
(-0.07 0.25 0.005)
(-0.05 0.25 0.005)
(-0.03 0.25 0.005)
(-0.01 0.25 0.005)
(0.01 0.25 0.005)
(0.03 0.25 0.005)
(0.05 0.25 0.005)
(0.07 0.25 0.005)
(0.09 0.25 0.005)
(0.11 0.25 0.005)
(0.13 0.25 0.005)
(0.15 0.25 0.005)
(0.17 0.25 0.005)
(0.19 0.25 0.005)
(0.21 0.25 0.005)
(0.23 0.25 0.005)
(0.25 0.25 0.005)
(0.27 0.25 0.005)
(0.29 0.25 0.005)
(0.31 0.25 0.005)
(0.33 0.25 0.005)
(0.35 0.25 0.005)
(0.37 0.25 0.005)
(0.39 0.25 0.005)
(0.41 0.25 0.005)
(0.43 0.25 0.005)
(0.45 0.25 0.005)
(0.47 0.25 0.005)
(0.49 0.25 0.005)
)
;
    }
    down
    {
        type            calculated;
        value           nonuniform List<vector> 
50
(
(-0.49 -0.25 0.005)
(-0.47 -0.25 0.005)
(-0.45 -0.25 0.005)
(-0.43 -0.25 0.005)
(-0.41 -0.25 0.005)
(-0.39 -0.25 0.005)
(-0.37 -0.25 0.005)
(-0.35 -0.25 0.005)
(-0.33 -0.25 0.005)
(-0.31 -0.25 0.005)
(-0.29 -0.25 0.005)
(-0.27 -0.25 0.005)
(-0.25 -0.25 0.005)
(-0.23 -0.25 0.005)
(-0.21 -0.25 0.005)
(-0.19 -0.25 0.005)
(-0.17 -0.25 0.005)
(-0.15 -0.25 0.005)
(-0.13 -0.25 0.005)
(-0.11 -0.25 0.005)
(-0.09 -0.25 0.005)
(-0.07 -0.25 0.005)
(-0.05 -0.25 0.005)
(-0.03 -0.25 0.005)
(-0.01 -0.25 0.005)
(0.01 -0.25 0.005)
(0.03 -0.25 0.005)
(0.05 -0.25 0.005)
(0.07 -0.25 0.005)
(0.09 -0.25 0.005)
(0.11 -0.25 0.005)
(0.13 -0.25 0.005)
(0.15 -0.25 0.005)
(0.17 -0.25 0.005)
(0.19 -0.25 0.005)
(0.21 -0.25 0.005)
(0.23 -0.25 0.005)
(0.25 -0.25 0.005)
(0.27 -0.25 0.005)
(0.29 -0.25 0.005)
(0.31 -0.25 0.005)
(0.33 -0.25 0.005)
(0.35 -0.25 0.005)
(0.37 -0.25 0.005)
(0.39 -0.25 0.005)
(0.41 -0.25 0.005)
(0.43 -0.25 0.005)
(0.45 -0.25 0.005)
(0.47 -0.25 0.005)
(0.49 -0.25 0.005)
)
;
    }
    frontAndBack
    {
        type            empty;
    }
}


// ************************************************************************* //
