/*--------------------------------*- C++ -*----------------------------------*\
  =========                 |
  \\      /  F ield         | OpenFOAM: The Open Source CFD Toolbox
   \\    /   O peration     | Website:  https://openfoam.org
    \\  /    A nd           | Version:  6
     \\/     M anipulation  |
\*---------------------------------------------------------------------------*/
FoamFile
{
    version     2.0;
    format      ascii;
    class       volScalarField;
    location    "0";
    object      Cy;
}
// * * * * * * * * * * * * * * * * * * * * * * * * * * * * * * * * * * * * * //

dimensions      [0 1 0 0 0 0 0];

internalField   nonuniform List<scalar> 
2500
(
-0.245033
-0.245033
-0.245033
-0.245033
-0.245033
-0.245033
-0.245033
-0.245033
-0.245033
-0.245033
-0.245033
-0.245033
-0.245033
-0.245033
-0.245033
-0.245033
-0.245033
-0.245033
-0.245033
-0.245033
-0.245033
-0.245033
-0.245033
-0.245033
-0.245033
-0.245033
-0.245033
-0.245033
-0.245033
-0.245033
-0.245033
-0.245033
-0.245033
-0.245033
-0.245033
-0.245033
-0.245033
-0.245033
-0.245033
-0.245033
-0.245033
-0.245033
-0.245033
-0.245033
-0.245033
-0.245033
-0.245033
-0.245033
-0.245033
-0.245033
-0.235093
-0.235093
-0.235093
-0.235093
-0.235093
-0.235093
-0.235093
-0.235093
-0.235093
-0.235093
-0.235093
-0.235093
-0.235093
-0.235093
-0.235093
-0.235093
-0.235093
-0.235093
-0.235093
-0.235093
-0.235093
-0.235093
-0.235093
-0.235093
-0.235093
-0.235093
-0.235093
-0.235093
-0.235093
-0.235093
-0.235093
-0.235093
-0.235093
-0.235093
-0.235093
-0.235093
-0.235093
-0.235093
-0.235093
-0.235093
-0.235093
-0.235093
-0.235093
-0.235093
-0.235093
-0.235093
-0.235093
-0.235093
-0.235093
-0.235093
-0.225151
-0.225151
-0.225151
-0.225151
-0.225151
-0.225151
-0.225151
-0.225151
-0.225151
-0.225151
-0.225151
-0.225151
-0.225151
-0.225151
-0.225151
-0.225151
-0.225151
-0.225151
-0.225151
-0.225151
-0.225151
-0.225151
-0.225151
-0.225151
-0.225151
-0.225151
-0.225151
-0.225151
-0.225151
-0.225151
-0.225151
-0.225151
-0.225151
-0.225151
-0.225151
-0.225151
-0.225151
-0.225151
-0.225151
-0.225151
-0.225151
-0.225151
-0.225151
-0.225151
-0.225151
-0.225151
-0.225151
-0.225151
-0.225151
-0.225151
-0.215207
-0.215207
-0.215207
-0.215207
-0.215207
-0.215207
-0.215207
-0.215207
-0.215207
-0.215207
-0.215207
-0.215207
-0.215207
-0.215207
-0.215207
-0.215207
-0.215207
-0.215207
-0.215207
-0.215207
-0.215207
-0.215207
-0.215207
-0.215207
-0.215207
-0.215207
-0.215207
-0.215207
-0.215207
-0.215207
-0.215207
-0.215207
-0.215207
-0.215207
-0.215207
-0.215207
-0.215207
-0.215207
-0.215207
-0.215207
-0.215207
-0.215207
-0.215207
-0.215207
-0.215207
-0.215207
-0.215207
-0.215207
-0.215207
-0.215207
-0.20526
-0.20526
-0.20526
-0.20526
-0.20526
-0.20526
-0.20526
-0.20526
-0.20526
-0.20526
-0.20526
-0.20526
-0.20526
-0.20526
-0.20526
-0.20526
-0.20526
-0.20526
-0.20526
-0.20526
-0.20526
-0.20526
-0.20526
-0.20526
-0.20526
-0.20526
-0.20526
-0.20526
-0.20526
-0.20526
-0.20526
-0.20526
-0.20526
-0.20526
-0.20526
-0.20526
-0.20526
-0.20526
-0.20526
-0.20526
-0.20526
-0.20526
-0.20526
-0.20526
-0.20526
-0.20526
-0.20526
-0.20526
-0.20526
-0.20526
-0.195309
-0.195309
-0.195309
-0.195309
-0.195309
-0.195309
-0.195309
-0.195309
-0.195309
-0.195309
-0.195309
-0.195309
-0.195309
-0.195309
-0.195309
-0.195309
-0.195309
-0.195309
-0.195309
-0.195309
-0.195309
-0.195309
-0.195309
-0.195309
-0.195309
-0.195309
-0.195309
-0.195309
-0.195309
-0.195309
-0.195309
-0.195309
-0.195309
-0.195309
-0.195309
-0.195309
-0.195309
-0.195309
-0.195309
-0.195309
-0.195309
-0.195309
-0.195309
-0.195309
-0.195309
-0.195309
-0.195309
-0.195309
-0.195309
-0.195309
-0.185353
-0.185353
-0.185353
-0.185353
-0.185353
-0.185353
-0.185353
-0.185353
-0.185353
-0.185353
-0.185353
-0.185353
-0.185353
-0.185353
-0.185353
-0.185353
-0.185353
-0.185353
-0.185353
-0.185353
-0.185353
-0.185353
-0.185353
-0.185353
-0.185353
-0.185353
-0.185353
-0.185353
-0.185353
-0.185353
-0.185353
-0.185353
-0.185353
-0.185353
-0.185353
-0.185353
-0.185353
-0.185353
-0.185353
-0.185353
-0.185353
-0.185353
-0.185353
-0.185353
-0.185353
-0.185353
-0.185353
-0.185353
-0.185353
-0.185353
-0.175392
-0.175392
-0.175392
-0.175392
-0.175392
-0.175392
-0.175392
-0.175392
-0.175392
-0.175392
-0.175392
-0.175392
-0.175392
-0.175392
-0.175392
-0.175392
-0.175392
-0.175392
-0.175392
-0.175392
-0.175392
-0.175392
-0.175392
-0.175392
-0.175392
-0.175392
-0.175392
-0.175392
-0.175392
-0.175392
-0.175392
-0.175392
-0.175392
-0.175392
-0.175392
-0.175392
-0.175392
-0.175392
-0.175392
-0.175392
-0.175392
-0.175392
-0.175392
-0.175392
-0.175392
-0.175392
-0.175392
-0.175392
-0.175392
-0.175392
-0.165425
-0.165425
-0.165425
-0.165425
-0.165425
-0.165425
-0.165425
-0.165425
-0.165425
-0.165425
-0.165425
-0.165425
-0.165425
-0.165425
-0.165425
-0.165425
-0.165425
-0.165425
-0.165425
-0.165425
-0.165425
-0.165425
-0.165425
-0.165425
-0.165425
-0.165425
-0.165425
-0.165425
-0.165425
-0.165425
-0.165425
-0.165425
-0.165425
-0.165425
-0.165425
-0.165425
-0.165425
-0.165425
-0.165425
-0.165425
-0.165425
-0.165425
-0.165425
-0.165425
-0.165425
-0.165425
-0.165425
-0.165425
-0.165425
-0.165425
-0.155451
-0.155451
-0.155451
-0.155451
-0.155451
-0.155451
-0.155451
-0.155451
-0.155451
-0.155451
-0.155451
-0.155451
-0.155451
-0.155451
-0.155451
-0.155451
-0.155451
-0.155451
-0.155451
-0.155451
-0.155451
-0.155451
-0.155451
-0.155451
-0.155451
-0.155451
-0.155451
-0.155451
-0.155451
-0.155451
-0.155451
-0.155451
-0.155451
-0.155451
-0.155451
-0.155451
-0.155451
-0.155451
-0.155451
-0.155451
-0.155451
-0.155451
-0.155451
-0.155451
-0.155451
-0.155451
-0.155451
-0.155451
-0.155451
-0.155451
-0.14547
-0.14547
-0.14547
-0.14547
-0.14547
-0.14547
-0.14547
-0.14547
-0.14547
-0.14547
-0.14547
-0.14547
-0.14547
-0.14547
-0.14547
-0.14547
-0.14547
-0.14547
-0.14547
-0.14547
-0.14547
-0.14547
-0.14547
-0.14547
-0.14547
-0.14547
-0.14547
-0.14547
-0.14547
-0.14547
-0.14547
-0.14547
-0.14547
-0.14547
-0.14547
-0.14547
-0.14547
-0.14547
-0.14547
-0.14547
-0.14547
-0.14547
-0.14547
-0.14547
-0.14547
-0.14547
-0.14547
-0.14547
-0.14547
-0.14547
-0.135481
-0.135481
-0.135481
-0.135481
-0.135481
-0.135481
-0.135481
-0.135481
-0.135481
-0.135481
-0.135481
-0.135481
-0.135481
-0.135481
-0.135481
-0.135481
-0.135481
-0.135481
-0.135481
-0.135481
-0.135481
-0.135481
-0.135481
-0.135481
-0.135481
-0.135481
-0.135481
-0.135481
-0.135481
-0.135481
-0.135481
-0.135481
-0.135481
-0.135481
-0.135481
-0.135481
-0.135481
-0.135481
-0.135481
-0.135481
-0.135481
-0.135481
-0.135481
-0.135481
-0.135481
-0.135481
-0.135481
-0.135481
-0.135481
-0.135481
-0.125485
-0.125485
-0.125485
-0.125485
-0.125485
-0.125485
-0.125485
-0.125485
-0.125485
-0.125485
-0.125485
-0.125485
-0.125485
-0.125485
-0.125485
-0.125485
-0.125485
-0.125485
-0.125485
-0.125485
-0.125485
-0.125485
-0.125485
-0.125485
-0.125485
-0.125485
-0.125485
-0.125485
-0.125485
-0.125485
-0.125485
-0.125485
-0.125485
-0.125485
-0.125485
-0.125485
-0.125485
-0.125485
-0.125485
-0.125485
-0.125485
-0.125485
-0.125485
-0.125485
-0.125485
-0.125485
-0.125485
-0.125485
-0.125485
-0.125485
-0.115482
-0.115482
-0.115482
-0.115482
-0.115482
-0.115482
-0.115482
-0.115482
-0.115482
-0.115482
-0.115482
-0.115482
-0.115482
-0.115482
-0.115482
-0.115482
-0.115482
-0.115482
-0.115482
-0.115482
-0.115482
-0.115482
-0.115482
-0.115482
-0.115482
-0.115482
-0.115482
-0.115482
-0.115482
-0.115482
-0.115482
-0.115482
-0.115482
-0.115482
-0.115482
-0.115482
-0.115482
-0.115482
-0.115482
-0.115482
-0.115482
-0.115482
-0.115482
-0.115482
-0.115482
-0.115482
-0.115482
-0.115482
-0.115482
-0.115482
-0.105471
-0.105471
-0.105471
-0.105471
-0.105471
-0.105471
-0.105471
-0.105471
-0.105471
-0.105471
-0.105471
-0.105471
-0.105471
-0.105471
-0.105471
-0.105471
-0.105471
-0.105471
-0.105471
-0.105471
-0.105471
-0.105471
-0.105471
-0.105471
-0.105471
-0.105471
-0.105471
-0.105471
-0.105471
-0.105471
-0.105471
-0.105471
-0.105471
-0.105471
-0.105471
-0.105471
-0.105471
-0.105471
-0.105471
-0.105471
-0.105471
-0.105471
-0.105471
-0.105471
-0.105471
-0.105471
-0.105471
-0.105471
-0.105471
-0.105471
-0.0954522
-0.0954522
-0.0954522
-0.0954522
-0.0954522
-0.0954522
-0.0954522
-0.0954522
-0.0954522
-0.0954522
-0.0954522
-0.0954522
-0.0954522
-0.0954522
-0.0954522
-0.0954522
-0.0954522
-0.0954522
-0.0954522
-0.0954522
-0.0954522
-0.0954522
-0.0954522
-0.0954522
-0.0954522
-0.0954522
-0.0954522
-0.0954522
-0.0954522
-0.0954522
-0.0954522
-0.0954522
-0.0954522
-0.0954522
-0.0954522
-0.0954522
-0.0954522
-0.0954522
-0.0954522
-0.0954522
-0.0954522
-0.0954522
-0.0954522
-0.0954522
-0.0954522
-0.0954522
-0.0954522
-0.0954522
-0.0954522
-0.0954522
-0.0854265
-0.0854265
-0.0854265
-0.0854265
-0.0854265
-0.0854265
-0.0854265
-0.0854265
-0.0854265
-0.0854265
-0.0854265
-0.0854265
-0.0854265
-0.0854265
-0.0854265
-0.0854265
-0.0854265
-0.0854265
-0.0854265
-0.0854265
-0.0854265
-0.0854265
-0.0854265
-0.0854265
-0.0854265
-0.0854265
-0.0854265
-0.0854265
-0.0854265
-0.0854265
-0.0854265
-0.0854265
-0.0854265
-0.0854265
-0.0854265
-0.0854265
-0.0854265
-0.0854265
-0.0854265
-0.0854265
-0.0854265
-0.0854265
-0.0854265
-0.0854265
-0.0854265
-0.0854265
-0.0854265
-0.0854265
-0.0854265
-0.0854265
-0.075394
-0.075394
-0.075394
-0.075394
-0.075394
-0.075394
-0.075394
-0.075394
-0.075394
-0.075394
-0.075394
-0.075394
-0.075394
-0.075394
-0.075394
-0.075394
-0.075394
-0.075394
-0.075394
-0.075394
-0.075394
-0.075394
-0.075394
-0.075394
-0.075394
-0.075394
-0.075394
-0.075394
-0.075394
-0.075394
-0.075394
-0.075394
-0.075394
-0.075394
-0.075394
-0.075394
-0.075394
-0.075394
-0.075394
-0.075394
-0.075394
-0.075394
-0.075394
-0.075394
-0.075394
-0.075394
-0.075394
-0.075394
-0.075394
-0.075394
-0.0653552
-0.0653552
-0.0653552
-0.0653552
-0.0653552
-0.0653552
-0.0653552
-0.0653552
-0.0653552
-0.0653552
-0.0653552
-0.0653552
-0.0653552
-0.0653552
-0.0653552
-0.0653552
-0.0653552
-0.0653552
-0.0653552
-0.0653552
-0.0653552
-0.0653552
-0.0653552
-0.0653552
-0.0653552
-0.0653552
-0.0653552
-0.0653552
-0.0653552
-0.0653552
-0.0653552
-0.0653552
-0.0653552
-0.0653552
-0.0653552
-0.0653552
-0.0653552
-0.0653552
-0.0653552
-0.0653552
-0.0653552
-0.0653552
-0.0653552
-0.0653552
-0.0653552
-0.0653552
-0.0653552
-0.0653552
-0.0653552
-0.0653552
-0.0553108
-0.0553108
-0.0553108
-0.0553108
-0.0553108
-0.0553108
-0.0553108
-0.0553108
-0.0553108
-0.0553108
-0.0553108
-0.0553108
-0.0553108
-0.0553108
-0.0553108
-0.0553108
-0.0553108
-0.0553108
-0.0553108
-0.0553108
-0.0553108
-0.0553108
-0.0553108
-0.0553108
-0.0553108
-0.0553108
-0.0553108
-0.0553108
-0.0553108
-0.0553108
-0.0553108
-0.0553108
-0.0553108
-0.0553108
-0.0553108
-0.0553108
-0.0553108
-0.0553108
-0.0553108
-0.0553108
-0.0553108
-0.0553108
-0.0553108
-0.0553108
-0.0553108
-0.0553108
-0.0553108
-0.0553108
-0.0553108
-0.0553108
-0.0452614
-0.0452614
-0.0452614
-0.0452614
-0.0452614
-0.0452614
-0.0452614
-0.0452614
-0.0452614
-0.0452614
-0.0452614
-0.0452614
-0.0452614
-0.0452614
-0.0452614
-0.0452614
-0.0452614
-0.0452614
-0.0452614
-0.0452614
-0.0452614
-0.0452614
-0.0452614
-0.0452614
-0.0452614
-0.0452614
-0.0452614
-0.0452614
-0.0452614
-0.0452614
-0.0452614
-0.0452614
-0.0452614
-0.0452614
-0.0452614
-0.0452614
-0.0452614
-0.0452614
-0.0452614
-0.0452614
-0.0452614
-0.0452614
-0.0452614
-0.0452614
-0.0452614
-0.0452614
-0.0452614
-0.0452614
-0.0452614
-0.0452614
-0.0352078
-0.0352078
-0.0352078
-0.0352078
-0.0352078
-0.0352078
-0.0352078
-0.0352078
-0.0352078
-0.0352078
-0.0352078
-0.0352078
-0.0352078
-0.0352078
-0.0352078
-0.0352078
-0.0352078
-0.0352078
-0.0352078
-0.0352078
-0.0352078
-0.0352078
-0.0352078
-0.0352078
-0.0352078
-0.0352078
-0.0352078
-0.0352078
-0.0352078
-0.0352078
-0.0352078
-0.0352078
-0.0352078
-0.0352078
-0.0352078
-0.0352078
-0.0352078
-0.0352078
-0.0352078
-0.0352078
-0.0352078
-0.0352078
-0.0352078
-0.0352078
-0.0352078
-0.0352078
-0.0352078
-0.0352078
-0.0352078
-0.0352078
-0.0251508
-0.0251508
-0.0251508
-0.0251508
-0.0251508
-0.0251508
-0.0251508
-0.0251508
-0.0251508
-0.0251508
-0.0251508
-0.0251508
-0.0251508
-0.0251508
-0.0251508
-0.0251508
-0.0251508
-0.0251508
-0.0251508
-0.0251508
-0.0251508
-0.0251508
-0.0251508
-0.0251508
-0.0251508
-0.0251508
-0.0251508
-0.0251508
-0.0251508
-0.0251508
-0.0251508
-0.0251508
-0.0251508
-0.0251508
-0.0251508
-0.0251508
-0.0251508
-0.0251508
-0.0251508
-0.0251508
-0.0251508
-0.0251508
-0.0251508
-0.0251508
-0.0251508
-0.0251508
-0.0251508
-0.0251508
-0.0251508
-0.0251508
-0.0150915
-0.0150915
-0.0150915
-0.0150915
-0.0150915
-0.0150915
-0.0150915
-0.0150915
-0.0150915
-0.0150915
-0.0150915
-0.0150915
-0.0150915
-0.0150915
-0.0150915
-0.0150915
-0.0150915
-0.0150915
-0.0150915
-0.0150915
-0.0150915
-0.0150915
-0.0150915
-0.0150915
-0.0150915
-0.0150915
-0.0150915
-0.0150915
-0.0150915
-0.0150915
-0.0150915
-0.0150915
-0.0150915
-0.0150915
-0.0150915
-0.0150915
-0.0150915
-0.0150915
-0.0150915
-0.0150915
-0.0150915
-0.0150915
-0.0150915
-0.0150915
-0.0150915
-0.0150915
-0.0150915
-0.0150915
-0.0150915
-0.0150915
-0.00503066
-0.00503066
-0.00503066
-0.00503066
-0.00503066
-0.00503066
-0.00503066
-0.00503066
-0.00503066
-0.00503066
-0.00503066
-0.00503066
-0.00503066
-0.00503066
-0.00503066
-0.00503066
-0.00503066
-0.00503066
-0.00503066
-0.00503066
-0.00503066
-0.00503066
-0.00503066
-0.00503066
-0.00503066
-0.00503066
-0.00503066
-0.00503066
-0.00503066
-0.00503066
-0.00503066
-0.00503066
-0.00503066
-0.00503066
-0.00503066
-0.00503066
-0.00503066
-0.00503066
-0.00503066
-0.00503066
-0.00503066
-0.00503066
-0.00503066
-0.00503066
-0.00503066
-0.00503066
-0.00503066
-0.00503066
-0.00503066
-0.00503066
0.00503066
0.00503066
0.00503066
0.00503066
0.00503066
0.00503066
0.00503066
0.00503066
0.00503066
0.00503066
0.00503066
0.00503066
0.00503066
0.00503066
0.00503066
0.00503066
0.00503066
0.00503066
0.00503066
0.00503066
0.00503066
0.00503066
0.00503066
0.00503066
0.00503066
0.00503066
0.00503066
0.00503066
0.00503066
0.00503066
0.00503066
0.00503066
0.00503066
0.00503066
0.00503066
0.00503066
0.00503066
0.00503066
0.00503066
0.00503066
0.00503066
0.00503066
0.00503066
0.00503066
0.00503066
0.00503066
0.00503066
0.00503066
0.00503066
0.00503066
0.0150915
0.0150915
0.0150915
0.0150915
0.0150915
0.0150915
0.0150915
0.0150915
0.0150915
0.0150915
0.0150915
0.0150915
0.0150915
0.0150915
0.0150915
0.0150915
0.0150915
0.0150915
0.0150915
0.0150915
0.0150915
0.0150915
0.0150915
0.0150915
0.0150915
0.0150915
0.0150915
0.0150915
0.0150915
0.0150915
0.0150915
0.0150915
0.0150915
0.0150915
0.0150915
0.0150915
0.0150915
0.0150915
0.0150915
0.0150915
0.0150915
0.0150915
0.0150915
0.0150915
0.0150915
0.0150915
0.0150915
0.0150915
0.0150915
0.0150915
0.0251508
0.0251508
0.0251508
0.0251508
0.0251508
0.0251508
0.0251508
0.0251508
0.0251508
0.0251508
0.0251508
0.0251508
0.0251508
0.0251508
0.0251508
0.0251508
0.0251508
0.0251508
0.0251508
0.0251508
0.0251508
0.0251508
0.0251508
0.0251508
0.0251508
0.0251508
0.0251508
0.0251508
0.0251508
0.0251508
0.0251508
0.0251508
0.0251508
0.0251508
0.0251508
0.0251508
0.0251508
0.0251508
0.0251508
0.0251508
0.0251508
0.0251508
0.0251508
0.0251508
0.0251508
0.0251508
0.0251508
0.0251508
0.0251508
0.0251508
0.0352078
0.0352078
0.0352078
0.0352078
0.0352078
0.0352078
0.0352078
0.0352078
0.0352078
0.0352078
0.0352078
0.0352078
0.0352078
0.0352078
0.0352078
0.0352078
0.0352078
0.0352078
0.0352078
0.0352078
0.0352078
0.0352078
0.0352078
0.0352078
0.0352078
0.0352078
0.0352078
0.0352078
0.0352078
0.0352078
0.0352078
0.0352078
0.0352078
0.0352078
0.0352078
0.0352078
0.0352078
0.0352078
0.0352078
0.0352078
0.0352078
0.0352078
0.0352078
0.0352078
0.0352078
0.0352078
0.0352078
0.0352078
0.0352078
0.0352078
0.0452614
0.0452614
0.0452614
0.0452614
0.0452614
0.0452614
0.0452614
0.0452614
0.0452614
0.0452614
0.0452614
0.0452614
0.0452614
0.0452614
0.0452614
0.0452614
0.0452614
0.0452614
0.0452614
0.0452614
0.0452614
0.0452614
0.0452614
0.0452614
0.0452614
0.0452614
0.0452614
0.0452614
0.0452614
0.0452614
0.0452614
0.0452614
0.0452614
0.0452614
0.0452614
0.0452614
0.0452614
0.0452614
0.0452614
0.0452614
0.0452614
0.0452614
0.0452614
0.0452614
0.0452614
0.0452614
0.0452614
0.0452614
0.0452614
0.0452614
0.0553108
0.0553108
0.0553108
0.0553108
0.0553108
0.0553108
0.0553108
0.0553108
0.0553108
0.0553108
0.0553108
0.0553108
0.0553108
0.0553108
0.0553108
0.0553108
0.0553108
0.0553108
0.0553108
0.0553108
0.0553108
0.0553108
0.0553108
0.0553108
0.0553108
0.0553108
0.0553108
0.0553108
0.0553108
0.0553108
0.0553108
0.0553108
0.0553108
0.0553108
0.0553108
0.0553108
0.0553108
0.0553108
0.0553108
0.0553108
0.0553108
0.0553108
0.0553108
0.0553108
0.0553108
0.0553108
0.0553108
0.0553108
0.0553108
0.0553108
0.0653552
0.0653552
0.0653552
0.0653552
0.0653552
0.0653552
0.0653552
0.0653552
0.0653552
0.0653552
0.0653552
0.0653552
0.0653552
0.0653552
0.0653552
0.0653552
0.0653552
0.0653552
0.0653552
0.0653552
0.0653552
0.0653552
0.0653552
0.0653552
0.0653552
0.0653552
0.0653552
0.0653552
0.0653552
0.0653552
0.0653552
0.0653552
0.0653552
0.0653552
0.0653552
0.0653552
0.0653552
0.0653552
0.0653552
0.0653552
0.0653552
0.0653552
0.0653552
0.0653552
0.0653552
0.0653552
0.0653552
0.0653552
0.0653552
0.0653552
0.075394
0.075394
0.075394
0.075394
0.075394
0.075394
0.075394
0.075394
0.075394
0.075394
0.075394
0.075394
0.075394
0.075394
0.075394
0.075394
0.075394
0.075394
0.075394
0.075394
0.075394
0.075394
0.075394
0.075394
0.075394
0.075394
0.075394
0.075394
0.075394
0.075394
0.075394
0.075394
0.075394
0.075394
0.075394
0.075394
0.075394
0.075394
0.075394
0.075394
0.075394
0.075394
0.075394
0.075394
0.075394
0.075394
0.075394
0.075394
0.075394
0.075394
0.0854265
0.0854265
0.0854265
0.0854265
0.0854265
0.0854265
0.0854265
0.0854265
0.0854265
0.0854265
0.0854265
0.0854265
0.0854265
0.0854265
0.0854265
0.0854265
0.0854265
0.0854265
0.0854265
0.0854265
0.0854265
0.0854265
0.0854265
0.0854265
0.0854265
0.0854265
0.0854265
0.0854265
0.0854265
0.0854265
0.0854265
0.0854265
0.0854265
0.0854265
0.0854265
0.0854265
0.0854265
0.0854265
0.0854265
0.0854265
0.0854265
0.0854265
0.0854265
0.0854265
0.0854265
0.0854265
0.0854265
0.0854265
0.0854265
0.0854265
0.0954522
0.0954522
0.0954522
0.0954522
0.0954522
0.0954522
0.0954522
0.0954522
0.0954522
0.0954522
0.0954522
0.0954522
0.0954522
0.0954522
0.0954522
0.0954522
0.0954522
0.0954522
0.0954522
0.0954522
0.0954522
0.0954522
0.0954522
0.0954522
0.0954522
0.0954522
0.0954522
0.0954522
0.0954522
0.0954522
0.0954522
0.0954522
0.0954522
0.0954522
0.0954522
0.0954522
0.0954522
0.0954522
0.0954522
0.0954522
0.0954522
0.0954522
0.0954522
0.0954522
0.0954522
0.0954522
0.0954522
0.0954522
0.0954522
0.0954522
0.105471
0.105471
0.105471
0.105471
0.105471
0.105471
0.105471
0.105471
0.105471
0.105471
0.105471
0.105471
0.105471
0.105471
0.105471
0.105471
0.105471
0.105471
0.105471
0.105471
0.105471
0.105471
0.105471
0.105471
0.105471
0.105471
0.105471
0.105471
0.105471
0.105471
0.105471
0.105471
0.105471
0.105471
0.105471
0.105471
0.105471
0.105471
0.105471
0.105471
0.105471
0.105471
0.105471
0.105471
0.105471
0.105471
0.105471
0.105471
0.105471
0.105471
0.115482
0.115482
0.115482
0.115482
0.115482
0.115482
0.115482
0.115482
0.115482
0.115482
0.115482
0.115482
0.115482
0.115482
0.115482
0.115482
0.115482
0.115482
0.115482
0.115482
0.115482
0.115482
0.115482
0.115482
0.115482
0.115482
0.115482
0.115482
0.115482
0.115482
0.115482
0.115482
0.115482
0.115482
0.115482
0.115482
0.115482
0.115482
0.115482
0.115482
0.115482
0.115482
0.115482
0.115482
0.115482
0.115482
0.115482
0.115482
0.115482
0.115482
0.125485
0.125485
0.125485
0.125485
0.125485
0.125485
0.125485
0.125485
0.125485
0.125485
0.125485
0.125485
0.125485
0.125485
0.125485
0.125485
0.125485
0.125485
0.125485
0.125485
0.125485
0.125485
0.125485
0.125485
0.125485
0.125485
0.125485
0.125485
0.125485
0.125485
0.125485
0.125485
0.125485
0.125485
0.125485
0.125485
0.125485
0.125485
0.125485
0.125485
0.125485
0.125485
0.125485
0.125485
0.125485
0.125485
0.125485
0.125485
0.125485
0.125485
0.135481
0.135481
0.135481
0.135481
0.135481
0.135481
0.135481
0.135481
0.135481
0.135481
0.135481
0.135481
0.135481
0.135481
0.135481
0.135481
0.135481
0.135481
0.135481
0.135481
0.135481
0.135481
0.135481
0.135481
0.135481
0.135481
0.135481
0.135481
0.135481
0.135481
0.135481
0.135481
0.135481
0.135481
0.135481
0.135481
0.135481
0.135481
0.135481
0.135481
0.135481
0.135481
0.135481
0.135481
0.135481
0.135481
0.135481
0.135481
0.135481
0.135481
0.14547
0.14547
0.14547
0.14547
0.14547
0.14547
0.14547
0.14547
0.14547
0.14547
0.14547
0.14547
0.14547
0.14547
0.14547
0.14547
0.14547
0.14547
0.14547
0.14547
0.14547
0.14547
0.14547
0.14547
0.14547
0.14547
0.14547
0.14547
0.14547
0.14547
0.14547
0.14547
0.14547
0.14547
0.14547
0.14547
0.14547
0.14547
0.14547
0.14547
0.14547
0.14547
0.14547
0.14547
0.14547
0.14547
0.14547
0.14547
0.14547
0.14547
0.155451
0.155451
0.155451
0.155451
0.155451
0.155451
0.155451
0.155451
0.155451
0.155451
0.155451
0.155451
0.155451
0.155451
0.155451
0.155451
0.155451
0.155451
0.155451
0.155451
0.155451
0.155451
0.155451
0.155451
0.155451
0.155451
0.155451
0.155451
0.155451
0.155451
0.155451
0.155451
0.155451
0.155451
0.155451
0.155451
0.155451
0.155451
0.155451
0.155451
0.155451
0.155451
0.155451
0.155451
0.155451
0.155451
0.155451
0.155451
0.155451
0.155451
0.165425
0.165425
0.165425
0.165425
0.165425
0.165425
0.165425
0.165425
0.165425
0.165425
0.165425
0.165425
0.165425
0.165425
0.165425
0.165425
0.165425
0.165425
0.165425
0.165425
0.165425
0.165425
0.165425
0.165425
0.165425
0.165425
0.165425
0.165425
0.165425
0.165425
0.165425
0.165425
0.165425
0.165425
0.165425
0.165425
0.165425
0.165425
0.165425
0.165425
0.165425
0.165425
0.165425
0.165425
0.165425
0.165425
0.165425
0.165425
0.165425
0.165425
0.175392
0.175392
0.175392
0.175392
0.175392
0.175392
0.175392
0.175392
0.175392
0.175392
0.175392
0.175392
0.175392
0.175392
0.175392
0.175392
0.175392
0.175392
0.175392
0.175392
0.175392
0.175392
0.175392
0.175392
0.175392
0.175392
0.175392
0.175392
0.175392
0.175392
0.175392
0.175392
0.175392
0.175392
0.175392
0.175392
0.175392
0.175392
0.175392
0.175392
0.175392
0.175392
0.175392
0.175392
0.175392
0.175392
0.175392
0.175392
0.175392
0.175392
0.185353
0.185353
0.185353
0.185353
0.185353
0.185353
0.185353
0.185353
0.185353
0.185353
0.185353
0.185353
0.185353
0.185353
0.185353
0.185353
0.185353
0.185353
0.185353
0.185353
0.185353
0.185353
0.185353
0.185353
0.185353
0.185353
0.185353
0.185353
0.185353
0.185353
0.185353
0.185353
0.185353
0.185353
0.185353
0.185353
0.185353
0.185353
0.185353
0.185353
0.185353
0.185353
0.185353
0.185353
0.185353
0.185353
0.185353
0.185353
0.185353
0.185353
0.195309
0.195309
0.195309
0.195309
0.195309
0.195309
0.195309
0.195309
0.195309
0.195309
0.195309
0.195309
0.195309
0.195309
0.195309
0.195309
0.195309
0.195309
0.195309
0.195309
0.195309
0.195309
0.195309
0.195309
0.195309
0.195309
0.195309
0.195309
0.195309
0.195309
0.195309
0.195309
0.195309
0.195309
0.195309
0.195309
0.195309
0.195309
0.195309
0.195309
0.195309
0.195309
0.195309
0.195309
0.195309
0.195309
0.195309
0.195309
0.195309
0.195309
0.20526
0.20526
0.20526
0.20526
0.20526
0.20526
0.20526
0.20526
0.20526
0.20526
0.20526
0.20526
0.20526
0.20526
0.20526
0.20526
0.20526
0.20526
0.20526
0.20526
0.20526
0.20526
0.20526
0.20526
0.20526
0.20526
0.20526
0.20526
0.20526
0.20526
0.20526
0.20526
0.20526
0.20526
0.20526
0.20526
0.20526
0.20526
0.20526
0.20526
0.20526
0.20526
0.20526
0.20526
0.20526
0.20526
0.20526
0.20526
0.20526
0.20526
0.215207
0.215207
0.215207
0.215207
0.215207
0.215207
0.215207
0.215207
0.215207
0.215207
0.215207
0.215207
0.215207
0.215207
0.215207
0.215207
0.215207
0.215207
0.215207
0.215207
0.215207
0.215207
0.215207
0.215207
0.215207
0.215207
0.215207
0.215207
0.215207
0.215207
0.215207
0.215207
0.215207
0.215207
0.215207
0.215207
0.215207
0.215207
0.215207
0.215207
0.215207
0.215207
0.215207
0.215207
0.215207
0.215207
0.215207
0.215207
0.215207
0.215207
0.225151
0.225151
0.225151
0.225151
0.225151
0.225151
0.225151
0.225151
0.225151
0.225151
0.225151
0.225151
0.225151
0.225151
0.225151
0.225151
0.225151
0.225151
0.225151
0.225151
0.225151
0.225151
0.225151
0.225151
0.225151
0.225151
0.225151
0.225151
0.225151
0.225151
0.225151
0.225151
0.225151
0.225151
0.225151
0.225151
0.225151
0.225151
0.225151
0.225151
0.225151
0.225151
0.225151
0.225151
0.225151
0.225151
0.225151
0.225151
0.225151
0.225151
0.235093
0.235093
0.235093
0.235093
0.235093
0.235093
0.235093
0.235093
0.235093
0.235093
0.235093
0.235093
0.235093
0.235093
0.235093
0.235093
0.235093
0.235093
0.235093
0.235093
0.235093
0.235093
0.235093
0.235093
0.235093
0.235093
0.235093
0.235093
0.235093
0.235093
0.235093
0.235093
0.235093
0.235093
0.235093
0.235093
0.235093
0.235093
0.235093
0.235093
0.235093
0.235093
0.235093
0.235093
0.235093
0.235093
0.235093
0.235093
0.235093
0.235093
0.245033
0.245033
0.245033
0.245033
0.245033
0.245033
0.245033
0.245033
0.245033
0.245033
0.245033
0.245033
0.245033
0.245033
0.245033
0.245033
0.245033
0.245033
0.245033
0.245033
0.245033
0.245033
0.245033
0.245033
0.245033
0.245033
0.245033
0.245033
0.245033
0.245033
0.245033
0.245033
0.245033
0.245033
0.245033
0.245033
0.245033
0.245033
0.245033
0.245033
0.245033
0.245033
0.245033
0.245033
0.245033
0.245033
0.245033
0.245033
0.245033
0.245033
)
;

boundaryField
{
    left
    {
        type            calculated;
        value           nonuniform List<scalar> 
50
(
-0.24503
-0.23509
-0.225148
-0.215205
-0.205258
-0.195307
-0.185351
-0.17539
-0.165422
-0.155448
-0.145468
-0.135479
-0.125483
-0.11548
-0.105469
-0.0954507
-0.0854251
-0.0753928
-0.0653541
-0.0553098
-0.0452606
-0.0352072
-0.0251504
-0.0150912
-0.00503057
0.00503057
0.0150912
0.0251504
0.0352072
0.0452606
0.0553098
0.0653541
0.0753928
0.0854251
0.0954507
0.105469
0.11548
0.125483
0.135479
0.145468
0.155448
0.165422
0.17539
0.185351
0.195307
0.205258
0.215205
0.225148
0.23509
0.24503
)
;
    }
    right
    {
        type            calculated;
        value           nonuniform List<scalar> 
50
(
-0.24503
-0.23509
-0.225148
-0.215205
-0.205258
-0.195307
-0.185351
-0.17539
-0.165422
-0.155448
-0.145468
-0.135479
-0.125483
-0.11548
-0.105469
-0.0954507
-0.0854251
-0.0753928
-0.0653541
-0.0553098
-0.0452606
-0.0352072
-0.0251504
-0.0150912
-0.00503057
0.00503057
0.0150912
0.0251504
0.0352072
0.0452606
0.0553098
0.0653541
0.0753928
0.0854251
0.0954507
0.105469
0.11548
0.125483
0.135479
0.145468
0.155448
0.165422
0.17539
0.185351
0.195307
0.205258
0.215205
0.225148
0.23509
0.24503
)
;
    }
    up
    {
        type            calculated;
        value           nonuniform List<scalar> 
50
(
0.25
0.25
0.25
0.25
0.25
0.25
0.25
0.25
0.25
0.25
0.25
0.25
0.25
0.25
0.25
0.25
0.25
0.25
0.25
0.25
0.25
0.25
0.25
0.25
0.25
0.25
0.25
0.25
0.25
0.25
0.25
0.25
0.25
0.25
0.25
0.25
0.25
0.25
0.25
0.25
0.25
0.25
0.25
0.25
0.25
0.25
0.25
0.25
0.25
0.25
)
;
    }
    down
    {
        type            calculated;
        value           nonuniform List<scalar> 
50
(
-0.25
-0.25
-0.25
-0.25
-0.25
-0.25
-0.25
-0.25
-0.25
-0.25
-0.25
-0.25
-0.25
-0.25
-0.25
-0.25
-0.25
-0.25
-0.25
-0.25
-0.25
-0.25
-0.25
-0.25
-0.25
-0.25
-0.25
-0.25
-0.25
-0.25
-0.25
-0.25
-0.25
-0.25
-0.25
-0.25
-0.25
-0.25
-0.25
-0.25
-0.25
-0.25
-0.25
-0.25
-0.25
-0.25
-0.25
-0.25
-0.25
-0.25
)
;
    }
    frontAndBack
    {
        type            empty;
    }
}


// ************************************************************************* //
