/*--------------------------------*- C++ -*----------------------------------*\
  =========                 |
  \\      /  F ield         | OpenFOAM: The Open Source CFD Toolbox
   \\    /   O peration     | Website:  https://openfoam.org
    \\  /    A nd           | Version:  6
     \\/     M anipulation  |
\*---------------------------------------------------------------------------*/
FoamFile
{
    version     2.0;
    format      ascii;
    class       volScalarField;
    location    "0";
    object      Cy;
}
// * * * * * * * * * * * * * * * * * * * * * * * * * * * * * * * * * * * * * //

dimensions      [0 1 0 0 0 0 0];

internalField   nonuniform List<scalar> 
2500
(
-0.245119
-0.245119
-0.245119
-0.245119
-0.245119
-0.245119
-0.245119
-0.245119
-0.245119
-0.245119
-0.245119
-0.245119
-0.245119
-0.245119
-0.245119
-0.245119
-0.245119
-0.245119
-0.245119
-0.245119
-0.245119
-0.245119
-0.245119
-0.245119
-0.245119
-0.245119
-0.245119
-0.245119
-0.245119
-0.245119
-0.245119
-0.245119
-0.245119
-0.245119
-0.245119
-0.245119
-0.245119
-0.245119
-0.245119
-0.245119
-0.245119
-0.245119
-0.245119
-0.245119
-0.245119
-0.245119
-0.245119
-0.245119
-0.245119
-0.245119
-0.235345
-0.235345
-0.235345
-0.235345
-0.235345
-0.235345
-0.235345
-0.235345
-0.235345
-0.235345
-0.235345
-0.235345
-0.235345
-0.235345
-0.235345
-0.235345
-0.235345
-0.235345
-0.235345
-0.235345
-0.235345
-0.235345
-0.235345
-0.235345
-0.235345
-0.235345
-0.235345
-0.235345
-0.235345
-0.235345
-0.235345
-0.235345
-0.235345
-0.235345
-0.235345
-0.235345
-0.235345
-0.235345
-0.235345
-0.235345
-0.235345
-0.235345
-0.235345
-0.235345
-0.235345
-0.235345
-0.235345
-0.235345
-0.235345
-0.235345
-0.225567
-0.225567
-0.225567
-0.225567
-0.225567
-0.225567
-0.225567
-0.225567
-0.225567
-0.225567
-0.225567
-0.225567
-0.225567
-0.225567
-0.225567
-0.225567
-0.225567
-0.225567
-0.225567
-0.225567
-0.225567
-0.225567
-0.225567
-0.225567
-0.225567
-0.225567
-0.225567
-0.225567
-0.225567
-0.225567
-0.225567
-0.225567
-0.225567
-0.225567
-0.225567
-0.225567
-0.225567
-0.225567
-0.225567
-0.225567
-0.225567
-0.225567
-0.225567
-0.225567
-0.225567
-0.225567
-0.225567
-0.225567
-0.225567
-0.225567
-0.21578
-0.21578
-0.21578
-0.21578
-0.21578
-0.21578
-0.21578
-0.21578
-0.21578
-0.21578
-0.21578
-0.21578
-0.21578
-0.21578
-0.21578
-0.21578
-0.21578
-0.21578
-0.21578
-0.21578
-0.21578
-0.21578
-0.21578
-0.21578
-0.21578
-0.21578
-0.21578
-0.21578
-0.21578
-0.21578
-0.21578
-0.21578
-0.21578
-0.21578
-0.21578
-0.21578
-0.21578
-0.21578
-0.21578
-0.21578
-0.21578
-0.21578
-0.21578
-0.21578
-0.21578
-0.21578
-0.21578
-0.21578
-0.21578
-0.21578
-0.205982
-0.205982
-0.205982
-0.205982
-0.205982
-0.205982
-0.205982
-0.205982
-0.205982
-0.205982
-0.205982
-0.205982
-0.205982
-0.205982
-0.205982
-0.205982
-0.205982
-0.205982
-0.205982
-0.205982
-0.205982
-0.205982
-0.205982
-0.205982
-0.205982
-0.205982
-0.205982
-0.205982
-0.205982
-0.205982
-0.205982
-0.205982
-0.205982
-0.205982
-0.205982
-0.205982
-0.205982
-0.205982
-0.205982
-0.205982
-0.205982
-0.205982
-0.205982
-0.205982
-0.205982
-0.205982
-0.205982
-0.205982
-0.205982
-0.205982
-0.19617
-0.19617
-0.19617
-0.19617
-0.19617
-0.19617
-0.19617
-0.19617
-0.19617
-0.19617
-0.19617
-0.19617
-0.19617
-0.19617
-0.19617
-0.19617
-0.19617
-0.19617
-0.19617
-0.19617
-0.19617
-0.19617
-0.19617
-0.19617
-0.19617
-0.19617
-0.19617
-0.19617
-0.19617
-0.19617
-0.19617
-0.19617
-0.19617
-0.19617
-0.19617
-0.19617
-0.19617
-0.19617
-0.19617
-0.19617
-0.19617
-0.19617
-0.19617
-0.19617
-0.19617
-0.19617
-0.19617
-0.19617
-0.19617
-0.19617
-0.18634
-0.18634
-0.18634
-0.18634
-0.18634
-0.18634
-0.18634
-0.18634
-0.18634
-0.18634
-0.18634
-0.18634
-0.18634
-0.18634
-0.18634
-0.18634
-0.18634
-0.18634
-0.18634
-0.18634
-0.18634
-0.18634
-0.18634
-0.18634
-0.18634
-0.18634
-0.18634
-0.18634
-0.18634
-0.18634
-0.18634
-0.18634
-0.18634
-0.18634
-0.18634
-0.18634
-0.18634
-0.18634
-0.18634
-0.18634
-0.18634
-0.18634
-0.18634
-0.18634
-0.18634
-0.18634
-0.18634
-0.18634
-0.18634
-0.18634
-0.176491
-0.176491
-0.176491
-0.176491
-0.176491
-0.176491
-0.176491
-0.176491
-0.176491
-0.176491
-0.176491
-0.176491
-0.176491
-0.176491
-0.176491
-0.176491
-0.176491
-0.176491
-0.176491
-0.176491
-0.176491
-0.176491
-0.176491
-0.176491
-0.176491
-0.176491
-0.176491
-0.176491
-0.176491
-0.176491
-0.176491
-0.176491
-0.176491
-0.176491
-0.176491
-0.176491
-0.176491
-0.176491
-0.176491
-0.176491
-0.176491
-0.176491
-0.176491
-0.176491
-0.176491
-0.176491
-0.176491
-0.176491
-0.176491
-0.176491
-0.166619
-0.166619
-0.166619
-0.166619
-0.166619
-0.166619
-0.166619
-0.166619
-0.166619
-0.166619
-0.166619
-0.166619
-0.166619
-0.166619
-0.166619
-0.166619
-0.166619
-0.166619
-0.166619
-0.166619
-0.166619
-0.166619
-0.166619
-0.166619
-0.166619
-0.166619
-0.166619
-0.166619
-0.166619
-0.166619
-0.166619
-0.166619
-0.166619
-0.166619
-0.166619
-0.166619
-0.166619
-0.166619
-0.166619
-0.166619
-0.166619
-0.166619
-0.166619
-0.166619
-0.166619
-0.166619
-0.166619
-0.166619
-0.166619
-0.166619
-0.156723
-0.156723
-0.156723
-0.156723
-0.156723
-0.156723
-0.156723
-0.156723
-0.156723
-0.156723
-0.156723
-0.156723
-0.156723
-0.156723
-0.156723
-0.156723
-0.156723
-0.156723
-0.156723
-0.156723
-0.156723
-0.156723
-0.156723
-0.156723
-0.156723
-0.156723
-0.156723
-0.156723
-0.156723
-0.156723
-0.156723
-0.156723
-0.156723
-0.156723
-0.156723
-0.156723
-0.156723
-0.156723
-0.156723
-0.156723
-0.156723
-0.156723
-0.156723
-0.156723
-0.156723
-0.156723
-0.156723
-0.156723
-0.156723
-0.156723
-0.1468
-0.1468
-0.1468
-0.1468
-0.1468
-0.1468
-0.1468
-0.1468
-0.1468
-0.1468
-0.1468
-0.1468
-0.1468
-0.1468
-0.1468
-0.1468
-0.1468
-0.1468
-0.1468
-0.1468
-0.1468
-0.1468
-0.1468
-0.1468
-0.1468
-0.1468
-0.1468
-0.1468
-0.1468
-0.1468
-0.1468
-0.1468
-0.1468
-0.1468
-0.1468
-0.1468
-0.1468
-0.1468
-0.1468
-0.1468
-0.1468
-0.1468
-0.1468
-0.1468
-0.1468
-0.1468
-0.1468
-0.1468
-0.1468
-0.1468
-0.13685
-0.13685
-0.13685
-0.13685
-0.13685
-0.13685
-0.13685
-0.13685
-0.13685
-0.13685
-0.13685
-0.13685
-0.13685
-0.13685
-0.13685
-0.13685
-0.13685
-0.13685
-0.13685
-0.13685
-0.13685
-0.13685
-0.13685
-0.13685
-0.13685
-0.13685
-0.13685
-0.13685
-0.13685
-0.13685
-0.13685
-0.13685
-0.13685
-0.13685
-0.13685
-0.13685
-0.13685
-0.13685
-0.13685
-0.13685
-0.13685
-0.13685
-0.13685
-0.13685
-0.13685
-0.13685
-0.13685
-0.13685
-0.13685
-0.13685
-0.126871
-0.126871
-0.126871
-0.126871
-0.126871
-0.126871
-0.126871
-0.126871
-0.126871
-0.126871
-0.126871
-0.126871
-0.126871
-0.126871
-0.126871
-0.126871
-0.126871
-0.126871
-0.126871
-0.126871
-0.126871
-0.126871
-0.126871
-0.126871
-0.126871
-0.126871
-0.126871
-0.126871
-0.126871
-0.126871
-0.126871
-0.126871
-0.126871
-0.126871
-0.126871
-0.126871
-0.126871
-0.126871
-0.126871
-0.126871
-0.126871
-0.126871
-0.126871
-0.126871
-0.126871
-0.126871
-0.126871
-0.126871
-0.126871
-0.126871
-0.116863
-0.116863
-0.116863
-0.116863
-0.116863
-0.116863
-0.116863
-0.116863
-0.116863
-0.116863
-0.116863
-0.116863
-0.116863
-0.116863
-0.116863
-0.116863
-0.116863
-0.116863
-0.116863
-0.116863
-0.116863
-0.116863
-0.116863
-0.116863
-0.116863
-0.116863
-0.116863
-0.116863
-0.116863
-0.116863
-0.116863
-0.116863
-0.116863
-0.116863
-0.116863
-0.116863
-0.116863
-0.116863
-0.116863
-0.116863
-0.116863
-0.116863
-0.116863
-0.116863
-0.116863
-0.116863
-0.116863
-0.116863
-0.116863
-0.116863
-0.106825
-0.106825
-0.106825
-0.106825
-0.106825
-0.106825
-0.106825
-0.106825
-0.106825
-0.106825
-0.106825
-0.106825
-0.106825
-0.106825
-0.106825
-0.106825
-0.106825
-0.106825
-0.106825
-0.106825
-0.106825
-0.106825
-0.106825
-0.106825
-0.106825
-0.106825
-0.106825
-0.106825
-0.106825
-0.106825
-0.106825
-0.106825
-0.106825
-0.106825
-0.106825
-0.106825
-0.106825
-0.106825
-0.106825
-0.106825
-0.106825
-0.106825
-0.106825
-0.106825
-0.106825
-0.106825
-0.106825
-0.106825
-0.106825
-0.106825
-0.0967575
-0.0967575
-0.0967575
-0.0967575
-0.0967575
-0.0967575
-0.0967575
-0.0967575
-0.0967575
-0.0967575
-0.0967575
-0.0967575
-0.0967575
-0.0967575
-0.0967575
-0.0967575
-0.0967575
-0.0967575
-0.0967575
-0.0967575
-0.0967575
-0.0967575
-0.0967575
-0.0967575
-0.0967575
-0.0967575
-0.0967575
-0.0967575
-0.0967575
-0.0967575
-0.0967575
-0.0967575
-0.0967575
-0.0967575
-0.0967575
-0.0967575
-0.0967575
-0.0967575
-0.0967575
-0.0967575
-0.0967575
-0.0967575
-0.0967575
-0.0967575
-0.0967575
-0.0967575
-0.0967575
-0.0967575
-0.0967575
-0.0967575
-0.0866618
-0.0866618
-0.0866618
-0.0866618
-0.0866618
-0.0866618
-0.0866618
-0.0866618
-0.0866618
-0.0866618
-0.0866618
-0.0866618
-0.0866618
-0.0866618
-0.0866618
-0.0866618
-0.0866618
-0.0866618
-0.0866618
-0.0866618
-0.0866618
-0.0866618
-0.0866618
-0.0866618
-0.0866618
-0.0866618
-0.0866618
-0.0866618
-0.0866618
-0.0866618
-0.0866618
-0.0866618
-0.0866618
-0.0866618
-0.0866618
-0.0866618
-0.0866618
-0.0866618
-0.0866618
-0.0866618
-0.0866618
-0.0866618
-0.0866618
-0.0866618
-0.0866618
-0.0866618
-0.0866618
-0.0866618
-0.0866618
-0.0866618
-0.0765387
-0.0765387
-0.0765387
-0.0765387
-0.0765387
-0.0765387
-0.0765387
-0.0765387
-0.0765387
-0.0765387
-0.0765387
-0.0765387
-0.0765387
-0.0765387
-0.0765387
-0.0765387
-0.0765387
-0.0765387
-0.0765387
-0.0765387
-0.0765387
-0.0765387
-0.0765387
-0.0765387
-0.0765387
-0.0765387
-0.0765387
-0.0765387
-0.0765387
-0.0765387
-0.0765387
-0.0765387
-0.0765387
-0.0765387
-0.0765387
-0.0765387
-0.0765387
-0.0765387
-0.0765387
-0.0765387
-0.0765387
-0.0765387
-0.0765387
-0.0765387
-0.0765387
-0.0765387
-0.0765387
-0.0765387
-0.0765387
-0.0765387
-0.0663903
-0.0663903
-0.0663903
-0.0663903
-0.0663903
-0.0663903
-0.0663903
-0.0663903
-0.0663903
-0.0663903
-0.0663903
-0.0663903
-0.0663903
-0.0663903
-0.0663903
-0.0663903
-0.0663903
-0.0663903
-0.0663903
-0.0663903
-0.0663903
-0.0663903
-0.0663903
-0.0663903
-0.0663903
-0.0663903
-0.0663903
-0.0663903
-0.0663903
-0.0663903
-0.0663903
-0.0663903
-0.0663903
-0.0663903
-0.0663903
-0.0663903
-0.0663903
-0.0663903
-0.0663903
-0.0663903
-0.0663903
-0.0663903
-0.0663903
-0.0663903
-0.0663903
-0.0663903
-0.0663903
-0.0663903
-0.0663903
-0.0663903
-0.0562187
-0.0562187
-0.0562187
-0.0562187
-0.0562187
-0.0562187
-0.0562187
-0.0562187
-0.0562187
-0.0562187
-0.0562187
-0.0562187
-0.0562187
-0.0562187
-0.0562187
-0.0562187
-0.0562187
-0.0562187
-0.0562187
-0.0562187
-0.0562187
-0.0562187
-0.0562187
-0.0562187
-0.0562187
-0.0562187
-0.0562187
-0.0562187
-0.0562187
-0.0562187
-0.0562187
-0.0562187
-0.0562187
-0.0562187
-0.0562187
-0.0562187
-0.0562187
-0.0562187
-0.0562187
-0.0562187
-0.0562187
-0.0562187
-0.0562187
-0.0562187
-0.0562187
-0.0562187
-0.0562187
-0.0562187
-0.0562187
-0.0562187
-0.0460266
-0.0460266
-0.0460266
-0.0460266
-0.0460266
-0.0460266
-0.0460266
-0.0460266
-0.0460266
-0.0460266
-0.0460266
-0.0460266
-0.0460266
-0.0460266
-0.0460266
-0.0460266
-0.0460266
-0.0460266
-0.0460266
-0.0460266
-0.0460266
-0.0460266
-0.0460266
-0.0460266
-0.0460266
-0.0460266
-0.0460266
-0.0460266
-0.0460266
-0.0460266
-0.0460266
-0.0460266
-0.0460266
-0.0460266
-0.0460266
-0.0460266
-0.0460266
-0.0460266
-0.0460266
-0.0460266
-0.0460266
-0.0460266
-0.0460266
-0.0460266
-0.0460266
-0.0460266
-0.0460266
-0.0460266
-0.0460266
-0.0460266
-0.0358172
-0.0358172
-0.0358172
-0.0358172
-0.0358172
-0.0358172
-0.0358172
-0.0358172
-0.0358172
-0.0358172
-0.0358172
-0.0358172
-0.0358172
-0.0358172
-0.0358172
-0.0358172
-0.0358172
-0.0358172
-0.0358172
-0.0358172
-0.0358172
-0.0358172
-0.0358172
-0.0358172
-0.0358172
-0.0358172
-0.0358172
-0.0358172
-0.0358172
-0.0358172
-0.0358172
-0.0358172
-0.0358172
-0.0358172
-0.0358172
-0.0358172
-0.0358172
-0.0358172
-0.0358172
-0.0358172
-0.0358172
-0.0358172
-0.0358172
-0.0358172
-0.0358172
-0.0358172
-0.0358172
-0.0358172
-0.0358172
-0.0358172
-0.0255939
-0.0255939
-0.0255939
-0.0255939
-0.0255939
-0.0255939
-0.0255939
-0.0255939
-0.0255939
-0.0255939
-0.0255939
-0.0255939
-0.0255939
-0.0255939
-0.0255939
-0.0255939
-0.0255939
-0.0255939
-0.0255939
-0.0255939
-0.0255939
-0.0255939
-0.0255939
-0.0255939
-0.0255939
-0.0255939
-0.0255939
-0.0255939
-0.0255939
-0.0255939
-0.0255939
-0.0255939
-0.0255939
-0.0255939
-0.0255939
-0.0255939
-0.0255939
-0.0255939
-0.0255939
-0.0255939
-0.0255939
-0.0255939
-0.0255939
-0.0255939
-0.0255939
-0.0255939
-0.0255939
-0.0255939
-0.0255939
-0.0255939
-0.0153604
-0.0153604
-0.0153604
-0.0153604
-0.0153604
-0.0153604
-0.0153604
-0.0153604
-0.0153604
-0.0153604
-0.0153604
-0.0153604
-0.0153604
-0.0153604
-0.0153604
-0.0153604
-0.0153604
-0.0153604
-0.0153604
-0.0153604
-0.0153604
-0.0153604
-0.0153604
-0.0153604
-0.0153604
-0.0153604
-0.0153604
-0.0153604
-0.0153604
-0.0153604
-0.0153604
-0.0153604
-0.0153604
-0.0153604
-0.0153604
-0.0153604
-0.0153604
-0.0153604
-0.0153604
-0.0153604
-0.0153604
-0.0153604
-0.0153604
-0.0153604
-0.0153604
-0.0153604
-0.0153604
-0.0153604
-0.0153604
-0.0153604
-0.00512084
-0.00512084
-0.00512084
-0.00512084
-0.00512084
-0.00512084
-0.00512084
-0.00512084
-0.00512084
-0.00512084
-0.00512084
-0.00512084
-0.00512084
-0.00512084
-0.00512084
-0.00512084
-0.00512084
-0.00512084
-0.00512084
-0.00512084
-0.00512084
-0.00512084
-0.00512084
-0.00512084
-0.00512084
-0.00512084
-0.00512084
-0.00512084
-0.00512084
-0.00512084
-0.00512084
-0.00512084
-0.00512084
-0.00512084
-0.00512084
-0.00512084
-0.00512084
-0.00512084
-0.00512084
-0.00512084
-0.00512084
-0.00512084
-0.00512084
-0.00512084
-0.00512084
-0.00512084
-0.00512084
-0.00512084
-0.00512084
-0.00512084
0.00512084
0.00512084
0.00512084
0.00512084
0.00512084
0.00512084
0.00512084
0.00512084
0.00512084
0.00512084
0.00512084
0.00512084
0.00512084
0.00512084
0.00512084
0.00512084
0.00512084
0.00512084
0.00512084
0.00512084
0.00512084
0.00512084
0.00512084
0.00512084
0.00512084
0.00512084
0.00512084
0.00512084
0.00512084
0.00512084
0.00512084
0.00512084
0.00512084
0.00512084
0.00512084
0.00512084
0.00512084
0.00512084
0.00512084
0.00512084
0.00512084
0.00512084
0.00512084
0.00512084
0.00512084
0.00512084
0.00512084
0.00512084
0.00512084
0.00512084
0.0153604
0.0153604
0.0153604
0.0153604
0.0153604
0.0153604
0.0153604
0.0153604
0.0153604
0.0153604
0.0153604
0.0153604
0.0153604
0.0153604
0.0153604
0.0153604
0.0153604
0.0153604
0.0153604
0.0153604
0.0153604
0.0153604
0.0153604
0.0153604
0.0153604
0.0153604
0.0153604
0.0153604
0.0153604
0.0153604
0.0153604
0.0153604
0.0153604
0.0153604
0.0153604
0.0153604
0.0153604
0.0153604
0.0153604
0.0153604
0.0153604
0.0153604
0.0153604
0.0153604
0.0153604
0.0153604
0.0153604
0.0153604
0.0153604
0.0153604
0.0255939
0.0255939
0.0255939
0.0255939
0.0255939
0.0255939
0.0255939
0.0255939
0.0255939
0.0255939
0.0255939
0.0255939
0.0255939
0.0255939
0.0255939
0.0255939
0.0255939
0.0255939
0.0255939
0.0255939
0.0255939
0.0255939
0.0255939
0.0255939
0.0255939
0.0255939
0.0255939
0.0255939
0.0255939
0.0255939
0.0255939
0.0255939
0.0255939
0.0255939
0.0255939
0.0255939
0.0255939
0.0255939
0.0255939
0.0255939
0.0255939
0.0255939
0.0255939
0.0255939
0.0255939
0.0255939
0.0255939
0.0255939
0.0255939
0.0255939
0.0358172
0.0358172
0.0358172
0.0358172
0.0358172
0.0358172
0.0358172
0.0358172
0.0358172
0.0358172
0.0358172
0.0358172
0.0358172
0.0358172
0.0358172
0.0358172
0.0358172
0.0358172
0.0358172
0.0358172
0.0358172
0.0358172
0.0358172
0.0358172
0.0358172
0.0358172
0.0358172
0.0358172
0.0358172
0.0358172
0.0358172
0.0358172
0.0358172
0.0358172
0.0358172
0.0358172
0.0358172
0.0358172
0.0358172
0.0358172
0.0358172
0.0358172
0.0358172
0.0358172
0.0358172
0.0358172
0.0358172
0.0358172
0.0358172
0.0358172
0.0460266
0.0460266
0.0460266
0.0460266
0.0460266
0.0460266
0.0460266
0.0460266
0.0460266
0.0460266
0.0460266
0.0460266
0.0460266
0.0460266
0.0460266
0.0460266
0.0460266
0.0460266
0.0460266
0.0460266
0.0460266
0.0460266
0.0460266
0.0460266
0.0460266
0.0460266
0.0460266
0.0460266
0.0460266
0.0460266
0.0460266
0.0460266
0.0460266
0.0460266
0.0460266
0.0460266
0.0460266
0.0460266
0.0460266
0.0460266
0.0460266
0.0460266
0.0460266
0.0460266
0.0460266
0.0460266
0.0460266
0.0460266
0.0460266
0.0460266
0.0562187
0.0562187
0.0562187
0.0562187
0.0562187
0.0562187
0.0562187
0.0562187
0.0562187
0.0562187
0.0562187
0.0562187
0.0562187
0.0562187
0.0562187
0.0562187
0.0562187
0.0562187
0.0562187
0.0562187
0.0562187
0.0562187
0.0562187
0.0562187
0.0562187
0.0562187
0.0562187
0.0562187
0.0562187
0.0562187
0.0562187
0.0562187
0.0562187
0.0562187
0.0562187
0.0562187
0.0562187
0.0562187
0.0562187
0.0562187
0.0562187
0.0562187
0.0562187
0.0562187
0.0562187
0.0562187
0.0562187
0.0562187
0.0562187
0.0562187
0.0663903
0.0663903
0.0663903
0.0663903
0.0663903
0.0663903
0.0663903
0.0663903
0.0663903
0.0663903
0.0663903
0.0663903
0.0663903
0.0663903
0.0663903
0.0663903
0.0663903
0.0663903
0.0663903
0.0663903
0.0663903
0.0663903
0.0663903
0.0663903
0.0663903
0.0663903
0.0663903
0.0663903
0.0663903
0.0663903
0.0663903
0.0663903
0.0663903
0.0663903
0.0663903
0.0663903
0.0663903
0.0663903
0.0663903
0.0663903
0.0663903
0.0663903
0.0663903
0.0663903
0.0663903
0.0663903
0.0663903
0.0663903
0.0663903
0.0663903
0.0765387
0.0765387
0.0765387
0.0765387
0.0765387
0.0765387
0.0765387
0.0765387
0.0765387
0.0765387
0.0765387
0.0765387
0.0765387
0.0765387
0.0765387
0.0765387
0.0765387
0.0765387
0.0765387
0.0765387
0.0765387
0.0765387
0.0765387
0.0765387
0.0765387
0.0765387
0.0765387
0.0765387
0.0765387
0.0765387
0.0765387
0.0765387
0.0765387
0.0765387
0.0765387
0.0765387
0.0765387
0.0765387
0.0765387
0.0765387
0.0765387
0.0765387
0.0765387
0.0765387
0.0765387
0.0765387
0.0765387
0.0765387
0.0765387
0.0765387
0.0866618
0.0866618
0.0866618
0.0866618
0.0866618
0.0866618
0.0866618
0.0866618
0.0866618
0.0866618
0.0866618
0.0866618
0.0866618
0.0866618
0.0866618
0.0866618
0.0866618
0.0866618
0.0866618
0.0866618
0.0866618
0.0866618
0.0866618
0.0866618
0.0866618
0.0866618
0.0866618
0.0866618
0.0866618
0.0866618
0.0866618
0.0866618
0.0866618
0.0866618
0.0866618
0.0866618
0.0866618
0.0866618
0.0866618
0.0866618
0.0866618
0.0866618
0.0866618
0.0866618
0.0866618
0.0866618
0.0866618
0.0866618
0.0866618
0.0866618
0.0967575
0.0967575
0.0967575
0.0967575
0.0967575
0.0967575
0.0967575
0.0967575
0.0967575
0.0967575
0.0967575
0.0967575
0.0967575
0.0967575
0.0967575
0.0967575
0.0967575
0.0967575
0.0967575
0.0967575
0.0967575
0.0967575
0.0967575
0.0967575
0.0967575
0.0967575
0.0967575
0.0967575
0.0967575
0.0967575
0.0967575
0.0967575
0.0967575
0.0967575
0.0967575
0.0967575
0.0967575
0.0967575
0.0967575
0.0967575
0.0967575
0.0967575
0.0967575
0.0967575
0.0967575
0.0967575
0.0967575
0.0967575
0.0967575
0.0967575
0.106825
0.106825
0.106825
0.106825
0.106825
0.106825
0.106825
0.106825
0.106825
0.106825
0.106825
0.106825
0.106825
0.106825
0.106825
0.106825
0.106825
0.106825
0.106825
0.106825
0.106825
0.106825
0.106825
0.106825
0.106825
0.106825
0.106825
0.106825
0.106825
0.106825
0.106825
0.106825
0.106825
0.106825
0.106825
0.106825
0.106825
0.106825
0.106825
0.106825
0.106825
0.106825
0.106825
0.106825
0.106825
0.106825
0.106825
0.106825
0.106825
0.106825
0.116863
0.116863
0.116863
0.116863
0.116863
0.116863
0.116863
0.116863
0.116863
0.116863
0.116863
0.116863
0.116863
0.116863
0.116863
0.116863
0.116863
0.116863
0.116863
0.116863
0.116863
0.116863
0.116863
0.116863
0.116863
0.116863
0.116863
0.116863
0.116863
0.116863
0.116863
0.116863
0.116863
0.116863
0.116863
0.116863
0.116863
0.116863
0.116863
0.116863
0.116863
0.116863
0.116863
0.116863
0.116863
0.116863
0.116863
0.116863
0.116863
0.116863
0.126871
0.126871
0.126871
0.126871
0.126871
0.126871
0.126871
0.126871
0.126871
0.126871
0.126871
0.126871
0.126871
0.126871
0.126871
0.126871
0.126871
0.126871
0.126871
0.126871
0.126871
0.126871
0.126871
0.126871
0.126871
0.126871
0.126871
0.126871
0.126871
0.126871
0.126871
0.126871
0.126871
0.126871
0.126871
0.126871
0.126871
0.126871
0.126871
0.126871
0.126871
0.126871
0.126871
0.126871
0.126871
0.126871
0.126871
0.126871
0.126871
0.126871
0.13685
0.13685
0.13685
0.13685
0.13685
0.13685
0.13685
0.13685
0.13685
0.13685
0.13685
0.13685
0.13685
0.13685
0.13685
0.13685
0.13685
0.13685
0.13685
0.13685
0.13685
0.13685
0.13685
0.13685
0.13685
0.13685
0.13685
0.13685
0.13685
0.13685
0.13685
0.13685
0.13685
0.13685
0.13685
0.13685
0.13685
0.13685
0.13685
0.13685
0.13685
0.13685
0.13685
0.13685
0.13685
0.13685
0.13685
0.13685
0.13685
0.13685
0.1468
0.1468
0.1468
0.1468
0.1468
0.1468
0.1468
0.1468
0.1468
0.1468
0.1468
0.1468
0.1468
0.1468
0.1468
0.1468
0.1468
0.1468
0.1468
0.1468
0.1468
0.1468
0.1468
0.1468
0.1468
0.1468
0.1468
0.1468
0.1468
0.1468
0.1468
0.1468
0.1468
0.1468
0.1468
0.1468
0.1468
0.1468
0.1468
0.1468
0.1468
0.1468
0.1468
0.1468
0.1468
0.1468
0.1468
0.1468
0.1468
0.1468
0.156723
0.156723
0.156723
0.156723
0.156723
0.156723
0.156723
0.156723
0.156723
0.156723
0.156723
0.156723
0.156723
0.156723
0.156723
0.156723
0.156723
0.156723
0.156723
0.156723
0.156723
0.156723
0.156723
0.156723
0.156723
0.156723
0.156723
0.156723
0.156723
0.156723
0.156723
0.156723
0.156723
0.156723
0.156723
0.156723
0.156723
0.156723
0.156723
0.156723
0.156723
0.156723
0.156723
0.156723
0.156723
0.156723
0.156723
0.156723
0.156723
0.156723
0.166619
0.166619
0.166619
0.166619
0.166619
0.166619
0.166619
0.166619
0.166619
0.166619
0.166619
0.166619
0.166619
0.166619
0.166619
0.166619
0.166619
0.166619
0.166619
0.166619
0.166619
0.166619
0.166619
0.166619
0.166619
0.166619
0.166619
0.166619
0.166619
0.166619
0.166619
0.166619
0.166619
0.166619
0.166619
0.166619
0.166619
0.166619
0.166619
0.166619
0.166619
0.166619
0.166619
0.166619
0.166619
0.166619
0.166619
0.166619
0.166619
0.166619
0.176491
0.176491
0.176491
0.176491
0.176491
0.176491
0.176491
0.176491
0.176491
0.176491
0.176491
0.176491
0.176491
0.176491
0.176491
0.176491
0.176491
0.176491
0.176491
0.176491
0.176491
0.176491
0.176491
0.176491
0.176491
0.176491
0.176491
0.176491
0.176491
0.176491
0.176491
0.176491
0.176491
0.176491
0.176491
0.176491
0.176491
0.176491
0.176491
0.176491
0.176491
0.176491
0.176491
0.176491
0.176491
0.176491
0.176491
0.176491
0.176491
0.176491
0.18634
0.18634
0.18634
0.18634
0.18634
0.18634
0.18634
0.18634
0.18634
0.18634
0.18634
0.18634
0.18634
0.18634
0.18634
0.18634
0.18634
0.18634
0.18634
0.18634
0.18634
0.18634
0.18634
0.18634
0.18634
0.18634
0.18634
0.18634
0.18634
0.18634
0.18634
0.18634
0.18634
0.18634
0.18634
0.18634
0.18634
0.18634
0.18634
0.18634
0.18634
0.18634
0.18634
0.18634
0.18634
0.18634
0.18634
0.18634
0.18634
0.18634
0.19617
0.19617
0.19617
0.19617
0.19617
0.19617
0.19617
0.19617
0.19617
0.19617
0.19617
0.19617
0.19617
0.19617
0.19617
0.19617
0.19617
0.19617
0.19617
0.19617
0.19617
0.19617
0.19617
0.19617
0.19617
0.19617
0.19617
0.19617
0.19617
0.19617
0.19617
0.19617
0.19617
0.19617
0.19617
0.19617
0.19617
0.19617
0.19617
0.19617
0.19617
0.19617
0.19617
0.19617
0.19617
0.19617
0.19617
0.19617
0.19617
0.19617
0.205982
0.205982
0.205982
0.205982
0.205982
0.205982
0.205982
0.205982
0.205982
0.205982
0.205982
0.205982
0.205982
0.205982
0.205982
0.205982
0.205982
0.205982
0.205982
0.205982
0.205982
0.205982
0.205982
0.205982
0.205982
0.205982
0.205982
0.205982
0.205982
0.205982
0.205982
0.205982
0.205982
0.205982
0.205982
0.205982
0.205982
0.205982
0.205982
0.205982
0.205982
0.205982
0.205982
0.205982
0.205982
0.205982
0.205982
0.205982
0.205982
0.205982
0.21578
0.21578
0.21578
0.21578
0.21578
0.21578
0.21578
0.21578
0.21578
0.21578
0.21578
0.21578
0.21578
0.21578
0.21578
0.21578
0.21578
0.21578
0.21578
0.21578
0.21578
0.21578
0.21578
0.21578
0.21578
0.21578
0.21578
0.21578
0.21578
0.21578
0.21578
0.21578
0.21578
0.21578
0.21578
0.21578
0.21578
0.21578
0.21578
0.21578
0.21578
0.21578
0.21578
0.21578
0.21578
0.21578
0.21578
0.21578
0.21578
0.21578
0.225567
0.225567
0.225567
0.225567
0.225567
0.225567
0.225567
0.225567
0.225567
0.225567
0.225567
0.225567
0.225567
0.225567
0.225567
0.225567
0.225567
0.225567
0.225567
0.225567
0.225567
0.225567
0.225567
0.225567
0.225567
0.225567
0.225567
0.225567
0.225567
0.225567
0.225567
0.225567
0.225567
0.225567
0.225567
0.225567
0.225567
0.225567
0.225567
0.225567
0.225567
0.225567
0.225567
0.225567
0.225567
0.225567
0.225567
0.225567
0.225567
0.225567
0.235345
0.235345
0.235345
0.235345
0.235345
0.235345
0.235345
0.235345
0.235345
0.235345
0.235345
0.235345
0.235345
0.235345
0.235345
0.235345
0.235345
0.235345
0.235345
0.235345
0.235345
0.235345
0.235345
0.235345
0.235345
0.235345
0.235345
0.235345
0.235345
0.235345
0.235345
0.235345
0.235345
0.235345
0.235345
0.235345
0.235345
0.235345
0.235345
0.235345
0.235345
0.235345
0.235345
0.235345
0.235345
0.235345
0.235345
0.235345
0.235345
0.235345
0.245119
0.245119
0.245119
0.245119
0.245119
0.245119
0.245119
0.245119
0.245119
0.245119
0.245119
0.245119
0.245119
0.245119
0.245119
0.245119
0.245119
0.245119
0.245119
0.245119
0.245119
0.245119
0.245119
0.245119
0.245119
0.245119
0.245119
0.245119
0.245119
0.245119
0.245119
0.245119
0.245119
0.245119
0.245119
0.245119
0.245119
0.245119
0.245119
0.245119
0.245119
0.245119
0.245119
0.245119
0.245119
0.245119
0.245119
0.245119
0.245119
0.245119
)
;

boundaryField
{
    left
    {
        type            calculated;
        value           nonuniform List<scalar> 
50
(
-0.245114
-0.23534
-0.225562
-0.215775
-0.205977
-0.196165
-0.186335
-0.176486
-0.166614
-0.156718
-0.146796
-0.136846
-0.126867
-0.116859
-0.106821
-0.0967542
-0.0866587
-0.076536
-0.0663879
-0.0562166
-0.0460249
-0.0358158
-0.0255929
-0.0153599
-0.00512064
0.00512064
0.0153599
0.0255929
0.0358158
0.0460249
0.0562166
0.0663879
0.076536
0.0866587
0.0967542
0.106821
0.116859
0.126867
0.136846
0.146796
0.156718
0.166614
0.176486
0.186335
0.196165
0.205977
0.215775
0.225562
0.23534
0.245114
)
;
    }
    right
    {
        type            calculated;
        value           nonuniform List<scalar> 
50
(
-0.245114
-0.23534
-0.225562
-0.215775
-0.205977
-0.196165
-0.186335
-0.176486
-0.166614
-0.156718
-0.146796
-0.136846
-0.126867
-0.116859
-0.106821
-0.0967542
-0.0866587
-0.076536
-0.0663879
-0.0562166
-0.0460249
-0.0358158
-0.0255929
-0.0153599
-0.00512064
0.00512064
0.0153599
0.0255929
0.0358158
0.0460249
0.0562166
0.0663879
0.076536
0.0866587
0.0967542
0.106821
0.116859
0.126867
0.136846
0.146796
0.156718
0.166614
0.176486
0.186335
0.196165
0.205977
0.215775
0.225562
0.23534
0.245114
)
;
    }
    up
    {
        type            calculated;
        value           nonuniform List<scalar> 
50
(
0.25
0.25
0.25
0.25
0.25
0.25
0.25
0.25
0.25
0.25
0.25
0.25
0.25
0.25
0.25
0.25
0.25
0.25
0.25
0.25
0.25
0.25
0.25
0.25
0.25
0.25
0.25
0.25
0.25
0.25
0.25
0.25
0.25
0.25
0.25
0.25
0.25
0.25
0.25
0.25
0.25
0.25
0.25
0.25
0.25
0.25
0.25
0.25
0.25
0.25
)
;
    }
    down
    {
        type            calculated;
        value           nonuniform List<scalar> 
50
(
-0.25
-0.25
-0.25
-0.25
-0.25
-0.25
-0.25
-0.25
-0.25
-0.25
-0.25
-0.25
-0.25
-0.25
-0.25
-0.25
-0.25
-0.25
-0.25
-0.25
-0.25
-0.25
-0.25
-0.25
-0.25
-0.25
-0.25
-0.25
-0.25
-0.25
-0.25
-0.25
-0.25
-0.25
-0.25
-0.25
-0.25
-0.25
-0.25
-0.25
-0.25
-0.25
-0.25
-0.25
-0.25
-0.25
-0.25
-0.25
-0.25
-0.25
)
;
    }
    frontAndBack
    {
        type            empty;
    }
}


// ************************************************************************* //
