/*--------------------------------*- C++ -*----------------------------------*\
  =========                 |
  \\      /  F ield         | OpenFOAM: The Open Source CFD Toolbox
   \\    /   O peration     | Website:  https://openfoam.org
    \\  /    A nd           | Version:  6
     \\/     M anipulation  |
\*---------------------------------------------------------------------------*/
FoamFile
{
    version     2.0;
    format      ascii;
    class       volScalarField;
    location    "3200";
    object      Cy;
}
// * * * * * * * * * * * * * * * * * * * * * * * * * * * * * * * * * * * * * //

dimensions      [0 1 0 0 0 0 0];

internalField   nonuniform List<scalar> 
2500
(
-0.245109
-0.245109
-0.245109
-0.245109
-0.245109
-0.245109
-0.245109
-0.245109
-0.245109
-0.245109
-0.245109
-0.245109
-0.245109
-0.245109
-0.245109
-0.245109
-0.245109
-0.245109
-0.245109
-0.245109
-0.245109
-0.245109
-0.245109
-0.245109
-0.245109
-0.245109
-0.245109
-0.245109
-0.245109
-0.245109
-0.245109
-0.245109
-0.245109
-0.245109
-0.245109
-0.245109
-0.245109
-0.245109
-0.245109
-0.245109
-0.245109
-0.245109
-0.245109
-0.245109
-0.245109
-0.245109
-0.245109
-0.245109
-0.245109
-0.245109
-0.235335
-0.235335
-0.235335
-0.235335
-0.235335
-0.235335
-0.235335
-0.235335
-0.235335
-0.235335
-0.235335
-0.235335
-0.235335
-0.235335
-0.235335
-0.235335
-0.235335
-0.235335
-0.235335
-0.235335
-0.235335
-0.235335
-0.235335
-0.235335
-0.235335
-0.235335
-0.235335
-0.235335
-0.235335
-0.235335
-0.235335
-0.235335
-0.235335
-0.235335
-0.235335
-0.235335
-0.235335
-0.235335
-0.235335
-0.235335
-0.235335
-0.235335
-0.235335
-0.235335
-0.235335
-0.235335
-0.235335
-0.235335
-0.235335
-0.235335
-0.225557
-0.225557
-0.225557
-0.225557
-0.225557
-0.225557
-0.225557
-0.225557
-0.225557
-0.225557
-0.225557
-0.225557
-0.225557
-0.225557
-0.225557
-0.225557
-0.225557
-0.225557
-0.225557
-0.225557
-0.225557
-0.225557
-0.225557
-0.225557
-0.225557
-0.225557
-0.225557
-0.225557
-0.225557
-0.225557
-0.225557
-0.225557
-0.225557
-0.225557
-0.225557
-0.225557
-0.225557
-0.225557
-0.225557
-0.225557
-0.225557
-0.225557
-0.225557
-0.225557
-0.225557
-0.225557
-0.225557
-0.225557
-0.225557
-0.225557
-0.21577
-0.21577
-0.21577
-0.21577
-0.21577
-0.21577
-0.21577
-0.21577
-0.21577
-0.21577
-0.21577
-0.21577
-0.21577
-0.21577
-0.21577
-0.21577
-0.21577
-0.21577
-0.21577
-0.21577
-0.21577
-0.21577
-0.21577
-0.21577
-0.21577
-0.21577
-0.21577
-0.21577
-0.21577
-0.21577
-0.21577
-0.21577
-0.21577
-0.21577
-0.21577
-0.21577
-0.21577
-0.21577
-0.21577
-0.21577
-0.21577
-0.21577
-0.21577
-0.21577
-0.21577
-0.21577
-0.21577
-0.21577
-0.21577
-0.21577
-0.205972
-0.205972
-0.205972
-0.205972
-0.205972
-0.205972
-0.205972
-0.205972
-0.205972
-0.205972
-0.205972
-0.205972
-0.205972
-0.205972
-0.205972
-0.205972
-0.205972
-0.205972
-0.205972
-0.205972
-0.205972
-0.205972
-0.205972
-0.205972
-0.205972
-0.205972
-0.205972
-0.205972
-0.205972
-0.205972
-0.205972
-0.205972
-0.205972
-0.205972
-0.205972
-0.205972
-0.205972
-0.205972
-0.205972
-0.205972
-0.205972
-0.205972
-0.205972
-0.205972
-0.205972
-0.205972
-0.205972
-0.205972
-0.205972
-0.205972
-0.19616
-0.19616
-0.19616
-0.19616
-0.19616
-0.19616
-0.19616
-0.19616
-0.19616
-0.19616
-0.19616
-0.19616
-0.19616
-0.19616
-0.19616
-0.19616
-0.19616
-0.19616
-0.19616
-0.19616
-0.19616
-0.19616
-0.19616
-0.19616
-0.19616
-0.19616
-0.19616
-0.19616
-0.19616
-0.19616
-0.19616
-0.19616
-0.19616
-0.19616
-0.19616
-0.19616
-0.19616
-0.19616
-0.19616
-0.19616
-0.19616
-0.19616
-0.19616
-0.19616
-0.19616
-0.19616
-0.19616
-0.19616
-0.19616
-0.19616
-0.186331
-0.186331
-0.186331
-0.186331
-0.186331
-0.186331
-0.186331
-0.186331
-0.186331
-0.186331
-0.186331
-0.186331
-0.186331
-0.186331
-0.186331
-0.186331
-0.186331
-0.186331
-0.186331
-0.186331
-0.186331
-0.186331
-0.186331
-0.186331
-0.186331
-0.186331
-0.186331
-0.186331
-0.186331
-0.186331
-0.186331
-0.186331
-0.186331
-0.186331
-0.186331
-0.186331
-0.186331
-0.186331
-0.186331
-0.186331
-0.186331
-0.186331
-0.186331
-0.186331
-0.186331
-0.186331
-0.186331
-0.186331
-0.186331
-0.186331
-0.176482
-0.176482
-0.176482
-0.176482
-0.176482
-0.176482
-0.176482
-0.176482
-0.176482
-0.176482
-0.176482
-0.176482
-0.176482
-0.176482
-0.176482
-0.176482
-0.176482
-0.176482
-0.176482
-0.176482
-0.176482
-0.176482
-0.176482
-0.176482
-0.176482
-0.176482
-0.176482
-0.176482
-0.176482
-0.176482
-0.176482
-0.176482
-0.176482
-0.176482
-0.176482
-0.176482
-0.176482
-0.176482
-0.176482
-0.176482
-0.176482
-0.176482
-0.176482
-0.176482
-0.176482
-0.176482
-0.176482
-0.176482
-0.176482
-0.176482
-0.16661
-0.16661
-0.16661
-0.16661
-0.16661
-0.16661
-0.16661
-0.16661
-0.16661
-0.16661
-0.16661
-0.16661
-0.16661
-0.16661
-0.16661
-0.16661
-0.16661
-0.16661
-0.16661
-0.16661
-0.16661
-0.16661
-0.16661
-0.16661
-0.16661
-0.16661
-0.16661
-0.16661
-0.16661
-0.16661
-0.16661
-0.16661
-0.16661
-0.16661
-0.16661
-0.16661
-0.16661
-0.16661
-0.16661
-0.16661
-0.16661
-0.16661
-0.16661
-0.16661
-0.16661
-0.16661
-0.16661
-0.16661
-0.16661
-0.16661
-0.156714
-0.156714
-0.156714
-0.156714
-0.156714
-0.156714
-0.156714
-0.156714
-0.156714
-0.156714
-0.156714
-0.156714
-0.156714
-0.156714
-0.156714
-0.156714
-0.156714
-0.156714
-0.156714
-0.156714
-0.156714
-0.156714
-0.156714
-0.156714
-0.156714
-0.156714
-0.156714
-0.156714
-0.156714
-0.156714
-0.156714
-0.156714
-0.156714
-0.156714
-0.156714
-0.156714
-0.156714
-0.156714
-0.156714
-0.156714
-0.156714
-0.156714
-0.156714
-0.156714
-0.156714
-0.156714
-0.156714
-0.156714
-0.156714
-0.156714
-0.146792
-0.146792
-0.146792
-0.146792
-0.146792
-0.146792
-0.146792
-0.146792
-0.146792
-0.146792
-0.146792
-0.146792
-0.146792
-0.146792
-0.146792
-0.146792
-0.146792
-0.146792
-0.146792
-0.146792
-0.146792
-0.146792
-0.146792
-0.146792
-0.146792
-0.146792
-0.146792
-0.146792
-0.146792
-0.146792
-0.146792
-0.146792
-0.146792
-0.146792
-0.146792
-0.146792
-0.146792
-0.146792
-0.146792
-0.146792
-0.146792
-0.146792
-0.146792
-0.146792
-0.146792
-0.146792
-0.146792
-0.146792
-0.146792
-0.146792
-0.136842
-0.136842
-0.136842
-0.136842
-0.136842
-0.136842
-0.136842
-0.136842
-0.136842
-0.136842
-0.136842
-0.136842
-0.136842
-0.136842
-0.136842
-0.136842
-0.136842
-0.136842
-0.136842
-0.136842
-0.136842
-0.136842
-0.136842
-0.136842
-0.136842
-0.136842
-0.136842
-0.136842
-0.136842
-0.136842
-0.136842
-0.136842
-0.136842
-0.136842
-0.136842
-0.136842
-0.136842
-0.136842
-0.136842
-0.136842
-0.136842
-0.136842
-0.136842
-0.136842
-0.136842
-0.136842
-0.136842
-0.136842
-0.136842
-0.136842
-0.126864
-0.126864
-0.126864
-0.126864
-0.126864
-0.126864
-0.126864
-0.126864
-0.126864
-0.126864
-0.126864
-0.126864
-0.126864
-0.126864
-0.126864
-0.126864
-0.126864
-0.126864
-0.126864
-0.126864
-0.126864
-0.126864
-0.126864
-0.126864
-0.126864
-0.126864
-0.126864
-0.126864
-0.126864
-0.126864
-0.126864
-0.126864
-0.126864
-0.126864
-0.126864
-0.126864
-0.126864
-0.126864
-0.126864
-0.126864
-0.126864
-0.126864
-0.126864
-0.126864
-0.126864
-0.126864
-0.126864
-0.126864
-0.126864
-0.126864
-0.116856
-0.116856
-0.116856
-0.116856
-0.116856
-0.116856
-0.116856
-0.116856
-0.116856
-0.116856
-0.116856
-0.116856
-0.116856
-0.116856
-0.116856
-0.116856
-0.116856
-0.116856
-0.116856
-0.116856
-0.116856
-0.116856
-0.116856
-0.116856
-0.116856
-0.116856
-0.116856
-0.116856
-0.116856
-0.116856
-0.116856
-0.116856
-0.116856
-0.116856
-0.116856
-0.116856
-0.116856
-0.116856
-0.116856
-0.116856
-0.116856
-0.116856
-0.116856
-0.116856
-0.116856
-0.116856
-0.116856
-0.116856
-0.116856
-0.116856
-0.106818
-0.106818
-0.106818
-0.106818
-0.106818
-0.106818
-0.106818
-0.106818
-0.106818
-0.106818
-0.106818
-0.106818
-0.106818
-0.106818
-0.106818
-0.106818
-0.106818
-0.106818
-0.106818
-0.106818
-0.106818
-0.106818
-0.106818
-0.106818
-0.106818
-0.106818
-0.106818
-0.106818
-0.106818
-0.106818
-0.106818
-0.106818
-0.106818
-0.106818
-0.106818
-0.106818
-0.106818
-0.106818
-0.106818
-0.106818
-0.106818
-0.106818
-0.106818
-0.106818
-0.106818
-0.106818
-0.106818
-0.106818
-0.106818
-0.106818
-0.0967514
-0.0967514
-0.0967514
-0.0967514
-0.0967514
-0.0967514
-0.0967514
-0.0967514
-0.0967514
-0.0967514
-0.0967514
-0.0967514
-0.0967514
-0.0967514
-0.0967514
-0.0967514
-0.0967514
-0.0967514
-0.0967514
-0.0967514
-0.0967514
-0.0967514
-0.0967514
-0.0967514
-0.0967514
-0.0967514
-0.0967514
-0.0967514
-0.0967514
-0.0967514
-0.0967514
-0.0967514
-0.0967514
-0.0967514
-0.0967514
-0.0967514
-0.0967514
-0.0967514
-0.0967514
-0.0967514
-0.0967514
-0.0967514
-0.0967514
-0.0967514
-0.0967514
-0.0967514
-0.0967514
-0.0967514
-0.0967514
-0.0967514
-0.0866562
-0.0866562
-0.0866562
-0.0866562
-0.0866562
-0.0866562
-0.0866562
-0.0866562
-0.0866562
-0.0866562
-0.0866562
-0.0866562
-0.0866562
-0.0866562
-0.0866562
-0.0866562
-0.0866562
-0.0866562
-0.0866562
-0.0866562
-0.0866562
-0.0866562
-0.0866562
-0.0866562
-0.0866562
-0.0866562
-0.0866562
-0.0866562
-0.0866562
-0.0866562
-0.0866562
-0.0866562
-0.0866562
-0.0866562
-0.0866562
-0.0866562
-0.0866562
-0.0866562
-0.0866562
-0.0866562
-0.0866562
-0.0866562
-0.0866562
-0.0866562
-0.0866562
-0.0866562
-0.0866562
-0.0866562
-0.0866562
-0.0866562
-0.0765337
-0.0765337
-0.0765337
-0.0765337
-0.0765337
-0.0765337
-0.0765337
-0.0765337
-0.0765337
-0.0765337
-0.0765337
-0.0765337
-0.0765337
-0.0765337
-0.0765337
-0.0765337
-0.0765337
-0.0765337
-0.0765337
-0.0765337
-0.0765337
-0.0765337
-0.0765337
-0.0765337
-0.0765337
-0.0765337
-0.0765337
-0.0765337
-0.0765337
-0.0765337
-0.0765337
-0.0765337
-0.0765337
-0.0765337
-0.0765337
-0.0765337
-0.0765337
-0.0765337
-0.0765337
-0.0765337
-0.0765337
-0.0765337
-0.0765337
-0.0765337
-0.0765337
-0.0765337
-0.0765337
-0.0765337
-0.0765337
-0.0765337
-0.0663859
-0.0663859
-0.0663859
-0.0663859
-0.0663859
-0.0663859
-0.0663859
-0.0663859
-0.0663859
-0.0663859
-0.0663859
-0.0663859
-0.0663859
-0.0663859
-0.0663859
-0.0663859
-0.0663859
-0.0663859
-0.0663859
-0.0663859
-0.0663859
-0.0663859
-0.0663859
-0.0663859
-0.0663859
-0.0663859
-0.0663859
-0.0663859
-0.0663859
-0.0663859
-0.0663859
-0.0663859
-0.0663859
-0.0663859
-0.0663859
-0.0663859
-0.0663859
-0.0663859
-0.0663859
-0.0663859
-0.0663859
-0.0663859
-0.0663859
-0.0663859
-0.0663859
-0.0663859
-0.0663859
-0.0663859
-0.0663859
-0.0663859
-0.0562149
-0.0562149
-0.0562149
-0.0562149
-0.0562149
-0.0562149
-0.0562149
-0.0562149
-0.0562149
-0.0562149
-0.0562149
-0.0562149
-0.0562149
-0.0562149
-0.0562149
-0.0562149
-0.0562149
-0.0562149
-0.0562149
-0.0562149
-0.0562149
-0.0562149
-0.0562149
-0.0562149
-0.0562149
-0.0562149
-0.0562149
-0.0562149
-0.0562149
-0.0562149
-0.0562149
-0.0562149
-0.0562149
-0.0562149
-0.0562149
-0.0562149
-0.0562149
-0.0562149
-0.0562149
-0.0562149
-0.0562149
-0.0562149
-0.0562149
-0.0562149
-0.0562149
-0.0562149
-0.0562149
-0.0562149
-0.0562149
-0.0562149
-0.0460235
-0.0460235
-0.0460235
-0.0460235
-0.0460235
-0.0460235
-0.0460235
-0.0460235
-0.0460235
-0.0460235
-0.0460235
-0.0460235
-0.0460235
-0.0460235
-0.0460235
-0.0460235
-0.0460235
-0.0460235
-0.0460235
-0.0460235
-0.0460235
-0.0460235
-0.0460235
-0.0460235
-0.0460235
-0.0460235
-0.0460235
-0.0460235
-0.0460235
-0.0460235
-0.0460235
-0.0460235
-0.0460235
-0.0460235
-0.0460235
-0.0460235
-0.0460235
-0.0460235
-0.0460235
-0.0460235
-0.0460235
-0.0460235
-0.0460235
-0.0460235
-0.0460235
-0.0460235
-0.0460235
-0.0460235
-0.0460235
-0.0460235
-0.0358147
-0.0358147
-0.0358147
-0.0358147
-0.0358147
-0.0358147
-0.0358147
-0.0358147
-0.0358147
-0.0358147
-0.0358147
-0.0358147
-0.0358147
-0.0358147
-0.0358147
-0.0358147
-0.0358147
-0.0358147
-0.0358147
-0.0358147
-0.0358147
-0.0358147
-0.0358147
-0.0358147
-0.0358147
-0.0358147
-0.0358147
-0.0358147
-0.0358147
-0.0358147
-0.0358147
-0.0358147
-0.0358147
-0.0358147
-0.0358147
-0.0358147
-0.0358147
-0.0358147
-0.0358147
-0.0358147
-0.0358147
-0.0358147
-0.0358147
-0.0358147
-0.0358147
-0.0358147
-0.0358147
-0.0358147
-0.0358147
-0.0358147
-0.0255921
-0.0255921
-0.0255921
-0.0255921
-0.0255921
-0.0255921
-0.0255921
-0.0255921
-0.0255921
-0.0255921
-0.0255921
-0.0255921
-0.0255921
-0.0255921
-0.0255921
-0.0255921
-0.0255921
-0.0255921
-0.0255921
-0.0255921
-0.0255921
-0.0255921
-0.0255921
-0.0255921
-0.0255921
-0.0255921
-0.0255921
-0.0255921
-0.0255921
-0.0255921
-0.0255921
-0.0255921
-0.0255921
-0.0255921
-0.0255921
-0.0255921
-0.0255921
-0.0255921
-0.0255921
-0.0255921
-0.0255921
-0.0255921
-0.0255921
-0.0255921
-0.0255921
-0.0255921
-0.0255921
-0.0255921
-0.0255921
-0.0255921
-0.0153594
-0.0153594
-0.0153594
-0.0153594
-0.0153594
-0.0153594
-0.0153594
-0.0153594
-0.0153594
-0.0153594
-0.0153594
-0.0153594
-0.0153594
-0.0153594
-0.0153594
-0.0153594
-0.0153594
-0.0153594
-0.0153594
-0.0153594
-0.0153594
-0.0153594
-0.0153594
-0.0153594
-0.0153594
-0.0153594
-0.0153594
-0.0153594
-0.0153594
-0.0153594
-0.0153594
-0.0153594
-0.0153594
-0.0153594
-0.0153594
-0.0153594
-0.0153594
-0.0153594
-0.0153594
-0.0153594
-0.0153594
-0.0153594
-0.0153594
-0.0153594
-0.0153594
-0.0153594
-0.0153594
-0.0153594
-0.0153594
-0.0153594
-0.00512048
-0.00512048
-0.00512048
-0.00512048
-0.00512048
-0.00512048
-0.00512048
-0.00512048
-0.00512048
-0.00512048
-0.00512048
-0.00512048
-0.00512048
-0.00512048
-0.00512048
-0.00512048
-0.00512048
-0.00512048
-0.00512048
-0.00512048
-0.00512048
-0.00512048
-0.00512048
-0.00512048
-0.00512048
-0.00512048
-0.00512048
-0.00512048
-0.00512048
-0.00512048
-0.00512048
-0.00512048
-0.00512048
-0.00512048
-0.00512048
-0.00512048
-0.00512048
-0.00512048
-0.00512048
-0.00512048
-0.00512048
-0.00512048
-0.00512048
-0.00512048
-0.00512048
-0.00512048
-0.00512048
-0.00512048
-0.00512048
-0.00512048
0.00512048
0.00512048
0.00512048
0.00512048
0.00512048
0.00512048
0.00512048
0.00512048
0.00512048
0.00512048
0.00512048
0.00512048
0.00512048
0.00512048
0.00512048
0.00512048
0.00512048
0.00512048
0.00512048
0.00512048
0.00512048
0.00512048
0.00512048
0.00512048
0.00512048
0.00512048
0.00512048
0.00512048
0.00512048
0.00512048
0.00512048
0.00512048
0.00512048
0.00512048
0.00512048
0.00512048
0.00512048
0.00512048
0.00512048
0.00512048
0.00512048
0.00512048
0.00512048
0.00512048
0.00512048
0.00512048
0.00512048
0.00512048
0.00512048
0.00512048
0.0153594
0.0153594
0.0153594
0.0153594
0.0153594
0.0153594
0.0153594
0.0153594
0.0153594
0.0153594
0.0153594
0.0153594
0.0153594
0.0153594
0.0153594
0.0153594
0.0153594
0.0153594
0.0153594
0.0153594
0.0153594
0.0153594
0.0153594
0.0153594
0.0153594
0.0153594
0.0153594
0.0153594
0.0153594
0.0153594
0.0153594
0.0153594
0.0153594
0.0153594
0.0153594
0.0153594
0.0153594
0.0153594
0.0153594
0.0153594
0.0153594
0.0153594
0.0153594
0.0153594
0.0153594
0.0153594
0.0153594
0.0153594
0.0153594
0.0153594
0.0255921
0.0255921
0.0255921
0.0255921
0.0255921
0.0255921
0.0255921
0.0255921
0.0255921
0.0255921
0.0255921
0.0255921
0.0255921
0.0255921
0.0255921
0.0255921
0.0255921
0.0255921
0.0255921
0.0255921
0.0255921
0.0255921
0.0255921
0.0255921
0.0255921
0.0255921
0.0255921
0.0255921
0.0255921
0.0255921
0.0255921
0.0255921
0.0255921
0.0255921
0.0255921
0.0255921
0.0255921
0.0255921
0.0255921
0.0255921
0.0255921
0.0255921
0.0255921
0.0255921
0.0255921
0.0255921
0.0255921
0.0255921
0.0255921
0.0255921
0.0358147
0.0358147
0.0358147
0.0358147
0.0358147
0.0358147
0.0358147
0.0358147
0.0358147
0.0358147
0.0358147
0.0358147
0.0358147
0.0358147
0.0358147
0.0358147
0.0358147
0.0358147
0.0358147
0.0358147
0.0358147
0.0358147
0.0358147
0.0358147
0.0358147
0.0358147
0.0358147
0.0358147
0.0358147
0.0358147
0.0358147
0.0358147
0.0358147
0.0358147
0.0358147
0.0358147
0.0358147
0.0358147
0.0358147
0.0358147
0.0358147
0.0358147
0.0358147
0.0358147
0.0358147
0.0358147
0.0358147
0.0358147
0.0358147
0.0358147
0.0460235
0.0460235
0.0460235
0.0460235
0.0460235
0.0460235
0.0460235
0.0460235
0.0460235
0.0460235
0.0460235
0.0460235
0.0460235
0.0460235
0.0460235
0.0460235
0.0460235
0.0460235
0.0460235
0.0460235
0.0460235
0.0460235
0.0460235
0.0460235
0.0460235
0.0460235
0.0460235
0.0460235
0.0460235
0.0460235
0.0460235
0.0460235
0.0460235
0.0460235
0.0460235
0.0460235
0.0460235
0.0460235
0.0460235
0.0460235
0.0460235
0.0460235
0.0460235
0.0460235
0.0460235
0.0460235
0.0460235
0.0460235
0.0460235
0.0460235
0.0562149
0.0562149
0.0562149
0.0562149
0.0562149
0.0562149
0.0562149
0.0562149
0.0562149
0.0562149
0.0562149
0.0562149
0.0562149
0.0562149
0.0562149
0.0562149
0.0562149
0.0562149
0.0562149
0.0562149
0.0562149
0.0562149
0.0562149
0.0562149
0.0562149
0.0562149
0.0562149
0.0562149
0.0562149
0.0562149
0.0562149
0.0562149
0.0562149
0.0562149
0.0562149
0.0562149
0.0562149
0.0562149
0.0562149
0.0562149
0.0562149
0.0562149
0.0562149
0.0562149
0.0562149
0.0562149
0.0562149
0.0562149
0.0562149
0.0562149
0.0663859
0.0663859
0.0663859
0.0663859
0.0663859
0.0663859
0.0663859
0.0663859
0.0663859
0.0663859
0.0663859
0.0663859
0.0663859
0.0663859
0.0663859
0.0663859
0.0663859
0.0663859
0.0663859
0.0663859
0.0663859
0.0663859
0.0663859
0.0663859
0.0663859
0.0663859
0.0663859
0.0663859
0.0663859
0.0663859
0.0663859
0.0663859
0.0663859
0.0663859
0.0663859
0.0663859
0.0663859
0.0663859
0.0663859
0.0663859
0.0663859
0.0663859
0.0663859
0.0663859
0.0663859
0.0663859
0.0663859
0.0663859
0.0663859
0.0663859
0.0765337
0.0765337
0.0765337
0.0765337
0.0765337
0.0765337
0.0765337
0.0765337
0.0765337
0.0765337
0.0765337
0.0765337
0.0765337
0.0765337
0.0765337
0.0765337
0.0765337
0.0765337
0.0765337
0.0765337
0.0765337
0.0765337
0.0765337
0.0765337
0.0765337
0.0765337
0.0765337
0.0765337
0.0765337
0.0765337
0.0765337
0.0765337
0.0765337
0.0765337
0.0765337
0.0765337
0.0765337
0.0765337
0.0765337
0.0765337
0.0765337
0.0765337
0.0765337
0.0765337
0.0765337
0.0765337
0.0765337
0.0765337
0.0765337
0.0765337
0.0866562
0.0866562
0.0866562
0.0866562
0.0866562
0.0866562
0.0866562
0.0866562
0.0866562
0.0866562
0.0866562
0.0866562
0.0866562
0.0866562
0.0866562
0.0866562
0.0866562
0.0866562
0.0866562
0.0866562
0.0866562
0.0866562
0.0866562
0.0866562
0.0866562
0.0866562
0.0866562
0.0866562
0.0866562
0.0866562
0.0866562
0.0866562
0.0866562
0.0866562
0.0866562
0.0866562
0.0866562
0.0866562
0.0866562
0.0866562
0.0866562
0.0866562
0.0866562
0.0866562
0.0866562
0.0866562
0.0866562
0.0866562
0.0866562
0.0866562
0.0967514
0.0967514
0.0967514
0.0967514
0.0967514
0.0967514
0.0967514
0.0967514
0.0967514
0.0967514
0.0967514
0.0967514
0.0967514
0.0967514
0.0967514
0.0967514
0.0967514
0.0967514
0.0967514
0.0967514
0.0967514
0.0967514
0.0967514
0.0967514
0.0967514
0.0967514
0.0967514
0.0967514
0.0967514
0.0967514
0.0967514
0.0967514
0.0967514
0.0967514
0.0967514
0.0967514
0.0967514
0.0967514
0.0967514
0.0967514
0.0967514
0.0967514
0.0967514
0.0967514
0.0967514
0.0967514
0.0967514
0.0967514
0.0967514
0.0967514
0.106818
0.106818
0.106818
0.106818
0.106818
0.106818
0.106818
0.106818
0.106818
0.106818
0.106818
0.106818
0.106818
0.106818
0.106818
0.106818
0.106818
0.106818
0.106818
0.106818
0.106818
0.106818
0.106818
0.106818
0.106818
0.106818
0.106818
0.106818
0.106818
0.106818
0.106818
0.106818
0.106818
0.106818
0.106818
0.106818
0.106818
0.106818
0.106818
0.106818
0.106818
0.106818
0.106818
0.106818
0.106818
0.106818
0.106818
0.106818
0.106818
0.106818
0.116856
0.116856
0.116856
0.116856
0.116856
0.116856
0.116856
0.116856
0.116856
0.116856
0.116856
0.116856
0.116856
0.116856
0.116856
0.116856
0.116856
0.116856
0.116856
0.116856
0.116856
0.116856
0.116856
0.116856
0.116856
0.116856
0.116856
0.116856
0.116856
0.116856
0.116856
0.116856
0.116856
0.116856
0.116856
0.116856
0.116856
0.116856
0.116856
0.116856
0.116856
0.116856
0.116856
0.116856
0.116856
0.116856
0.116856
0.116856
0.116856
0.116856
0.126864
0.126864
0.126864
0.126864
0.126864
0.126864
0.126864
0.126864
0.126864
0.126864
0.126864
0.126864
0.126864
0.126864
0.126864
0.126864
0.126864
0.126864
0.126864
0.126864
0.126864
0.126864
0.126864
0.126864
0.126864
0.126864
0.126864
0.126864
0.126864
0.126864
0.126864
0.126864
0.126864
0.126864
0.126864
0.126864
0.126864
0.126864
0.126864
0.126864
0.126864
0.126864
0.126864
0.126864
0.126864
0.126864
0.126864
0.126864
0.126864
0.126864
0.136842
0.136842
0.136842
0.136842
0.136842
0.136842
0.136842
0.136842
0.136842
0.136842
0.136842
0.136842
0.136842
0.136842
0.136842
0.136842
0.136842
0.136842
0.136842
0.136842
0.136842
0.136842
0.136842
0.136842
0.136842
0.136842
0.136842
0.136842
0.136842
0.136842
0.136842
0.136842
0.136842
0.136842
0.136842
0.136842
0.136842
0.136842
0.136842
0.136842
0.136842
0.136842
0.136842
0.136842
0.136842
0.136842
0.136842
0.136842
0.136842
0.136842
0.146792
0.146792
0.146792
0.146792
0.146792
0.146792
0.146792
0.146792
0.146792
0.146792
0.146792
0.146792
0.146792
0.146792
0.146792
0.146792
0.146792
0.146792
0.146792
0.146792
0.146792
0.146792
0.146792
0.146792
0.146792
0.146792
0.146792
0.146792
0.146792
0.146792
0.146792
0.146792
0.146792
0.146792
0.146792
0.146792
0.146792
0.146792
0.146792
0.146792
0.146792
0.146792
0.146792
0.146792
0.146792
0.146792
0.146792
0.146792
0.146792
0.146792
0.156714
0.156714
0.156714
0.156714
0.156714
0.156714
0.156714
0.156714
0.156714
0.156714
0.156714
0.156714
0.156714
0.156714
0.156714
0.156714
0.156714
0.156714
0.156714
0.156714
0.156714
0.156714
0.156714
0.156714
0.156714
0.156714
0.156714
0.156714
0.156714
0.156714
0.156714
0.156714
0.156714
0.156714
0.156714
0.156714
0.156714
0.156714
0.156714
0.156714
0.156714
0.156714
0.156714
0.156714
0.156714
0.156714
0.156714
0.156714
0.156714
0.156714
0.16661
0.16661
0.16661
0.16661
0.16661
0.16661
0.16661
0.16661
0.16661
0.16661
0.16661
0.16661
0.16661
0.16661
0.16661
0.16661
0.16661
0.16661
0.16661
0.16661
0.16661
0.16661
0.16661
0.16661
0.16661
0.16661
0.16661
0.16661
0.16661
0.16661
0.16661
0.16661
0.16661
0.16661
0.16661
0.16661
0.16661
0.16661
0.16661
0.16661
0.16661
0.16661
0.16661
0.16661
0.16661
0.16661
0.16661
0.16661
0.16661
0.16661
0.176482
0.176482
0.176482
0.176482
0.176482
0.176482
0.176482
0.176482
0.176482
0.176482
0.176482
0.176482
0.176482
0.176482
0.176482
0.176482
0.176482
0.176482
0.176482
0.176482
0.176482
0.176482
0.176482
0.176482
0.176482
0.176482
0.176482
0.176482
0.176482
0.176482
0.176482
0.176482
0.176482
0.176482
0.176482
0.176482
0.176482
0.176482
0.176482
0.176482
0.176482
0.176482
0.176482
0.176482
0.176482
0.176482
0.176482
0.176482
0.176482
0.176482
0.186331
0.186331
0.186331
0.186331
0.186331
0.186331
0.186331
0.186331
0.186331
0.186331
0.186331
0.186331
0.186331
0.186331
0.186331
0.186331
0.186331
0.186331
0.186331
0.186331
0.186331
0.186331
0.186331
0.186331
0.186331
0.186331
0.186331
0.186331
0.186331
0.186331
0.186331
0.186331
0.186331
0.186331
0.186331
0.186331
0.186331
0.186331
0.186331
0.186331
0.186331
0.186331
0.186331
0.186331
0.186331
0.186331
0.186331
0.186331
0.186331
0.186331
0.19616
0.19616
0.19616
0.19616
0.19616
0.19616
0.19616
0.19616
0.19616
0.19616
0.19616
0.19616
0.19616
0.19616
0.19616
0.19616
0.19616
0.19616
0.19616
0.19616
0.19616
0.19616
0.19616
0.19616
0.19616
0.19616
0.19616
0.19616
0.19616
0.19616
0.19616
0.19616
0.19616
0.19616
0.19616
0.19616
0.19616
0.19616
0.19616
0.19616
0.19616
0.19616
0.19616
0.19616
0.19616
0.19616
0.19616
0.19616
0.19616
0.19616
0.205972
0.205972
0.205972
0.205972
0.205972
0.205972
0.205972
0.205972
0.205972
0.205972
0.205972
0.205972
0.205972
0.205972
0.205972
0.205972
0.205972
0.205972
0.205972
0.205972
0.205972
0.205972
0.205972
0.205972
0.205972
0.205972
0.205972
0.205972
0.205972
0.205972
0.205972
0.205972
0.205972
0.205972
0.205972
0.205972
0.205972
0.205972
0.205972
0.205972
0.205972
0.205972
0.205972
0.205972
0.205972
0.205972
0.205972
0.205972
0.205972
0.205972
0.21577
0.21577
0.21577
0.21577
0.21577
0.21577
0.21577
0.21577
0.21577
0.21577
0.21577
0.21577
0.21577
0.21577
0.21577
0.21577
0.21577
0.21577
0.21577
0.21577
0.21577
0.21577
0.21577
0.21577
0.21577
0.21577
0.21577
0.21577
0.21577
0.21577
0.21577
0.21577
0.21577
0.21577
0.21577
0.21577
0.21577
0.21577
0.21577
0.21577
0.21577
0.21577
0.21577
0.21577
0.21577
0.21577
0.21577
0.21577
0.21577
0.21577
0.225557
0.225557
0.225557
0.225557
0.225557
0.225557
0.225557
0.225557
0.225557
0.225557
0.225557
0.225557
0.225557
0.225557
0.225557
0.225557
0.225557
0.225557
0.225557
0.225557
0.225557
0.225557
0.225557
0.225557
0.225557
0.225557
0.225557
0.225557
0.225557
0.225557
0.225557
0.225557
0.225557
0.225557
0.225557
0.225557
0.225557
0.225557
0.225557
0.225557
0.225557
0.225557
0.225557
0.225557
0.225557
0.225557
0.225557
0.225557
0.225557
0.225557
0.235335
0.235335
0.235335
0.235335
0.235335
0.235335
0.235335
0.235335
0.235335
0.235335
0.235335
0.235335
0.235335
0.235335
0.235335
0.235335
0.235335
0.235335
0.235335
0.235335
0.235335
0.235335
0.235335
0.235335
0.235335
0.235335
0.235335
0.235335
0.235335
0.235335
0.235335
0.235335
0.235335
0.235335
0.235335
0.235335
0.235335
0.235335
0.235335
0.235335
0.235335
0.235335
0.235335
0.235335
0.235335
0.235335
0.235335
0.235335
0.235335
0.235335
0.245109
0.245109
0.245109
0.245109
0.245109
0.245109
0.245109
0.245109
0.245109
0.245109
0.245109
0.245109
0.245109
0.245109
0.245109
0.245109
0.245109
0.245109
0.245109
0.245109
0.245109
0.245109
0.245109
0.245109
0.245109
0.245109
0.245109
0.245109
0.245109
0.245109
0.245109
0.245109
0.245109
0.245109
0.245109
0.245109
0.245109
0.245109
0.245109
0.245109
0.245109
0.245109
0.245109
0.245109
0.245109
0.245109
0.245109
0.245109
0.245109
0.245109
)
;

boundaryField
{
    left
    {
        type            calculated;
        value           nonuniform List<scalar> 
50
(
-0.245114
-0.23534
-0.225562
-0.215775
-0.205977
-0.196165
-0.186335
-0.176486
-0.166614
-0.156718
-0.146796
-0.136846
-0.126867
-0.116859
-0.106821
-0.0967542
-0.0866587
-0.076536
-0.0663879
-0.0562166
-0.0460249
-0.0358158
-0.0255929
-0.0153599
-0.00512064
0.00512064
0.0153599
0.0255929
0.0358158
0.0460249
0.0562166
0.0663879
0.076536
0.0866587
0.0967542
0.106821
0.116859
0.126867
0.136846
0.146796
0.156718
0.166614
0.176486
0.186335
0.196165
0.205977
0.215775
0.225562
0.23534
0.245114
)
;
    }
    right
    {
        type            calculated;
        value           nonuniform List<scalar> 
50
(
-0.245114
-0.23534
-0.225562
-0.215775
-0.205977
-0.196165
-0.186335
-0.176486
-0.166614
-0.156718
-0.146796
-0.136846
-0.126867
-0.116859
-0.106821
-0.0967542
-0.0866587
-0.076536
-0.0663879
-0.0562166
-0.0460249
-0.0358158
-0.0255929
-0.0153599
-0.00512064
0.00512064
0.0153599
0.0255929
0.0358158
0.0460249
0.0562166
0.0663879
0.076536
0.0866587
0.0967542
0.106821
0.116859
0.126867
0.136846
0.146796
0.156718
0.166614
0.176486
0.186335
0.196165
0.205977
0.215775
0.225562
0.23534
0.245114
)
;
    }
    up
    {
        type            calculated;
        value           nonuniform List<scalar> 
50
(
0.25
0.25
0.25
0.25
0.25
0.25
0.25
0.25
0.25
0.25
0.25
0.25
0.25
0.25
0.25
0.25
0.25
0.25
0.25
0.25
0.25
0.25
0.25
0.25
0.25
0.25
0.25
0.25
0.25
0.25
0.25
0.25
0.25
0.25
0.25
0.25
0.25
0.25
0.25
0.25
0.25
0.25
0.25
0.25
0.25
0.25
0.25
0.25
0.25
0.25
)
;
    }
    down
    {
        type            calculated;
        value           nonuniform List<scalar> 
50
(
-0.25
-0.25
-0.25
-0.25
-0.25
-0.25
-0.25
-0.25
-0.25
-0.25
-0.25
-0.25
-0.25
-0.25
-0.25
-0.25
-0.25
-0.25
-0.25
-0.25
-0.25
-0.25
-0.25
-0.25
-0.25
-0.25
-0.25
-0.25
-0.25
-0.25
-0.25
-0.25
-0.25
-0.25
-0.25
-0.25
-0.25
-0.25
-0.25
-0.25
-0.25
-0.25
-0.25
-0.25
-0.25
-0.25
-0.25
-0.25
-0.25
-0.25
)
;
    }
    frontAndBack
    {
        type            empty;
    }
}


// ************************************************************************* //
