/*--------------------------------*- C++ -*----------------------------------*\
  =========                 |
  \\      /  F ield         | OpenFOAM: The Open Source CFD Toolbox
   \\    /   O peration     | Website:  https://openfoam.org
    \\  /    A nd           | Version:  6
     \\/     M anipulation  |
\*---------------------------------------------------------------------------*/
FoamFile
{
    version     2.0;
    format      ascii;
    class       surfaceScalarField;
    location    "3200";
    object      phi;
}
// * * * * * * * * * * * * * * * * * * * * * * * * * * * * * * * * * * * * * //

dimensions      [0 3 -1 0 0 0 0];

internalField   nonuniform List<scalar> 
4900
(
1.39417e-05
6.60583e-05
1.30652e-05
8.08764e-05
1.19711e-05
8.10941e-05
1.10853e-05
8.08858e-05
1.03605e-05
8.07248e-05
9.72947e-06
8.0631e-05
9.14871e-06
8.05808e-05
8.59663e-06
8.05521e-05
8.06194e-06
8.05347e-05
7.5383e-06
8.05236e-05
7.02193e-06
8.05164e-05
6.51053e-06
8.05114e-05
6.00263e-06
8.05079e-05
5.49724e-06
8.05054e-05
4.99371e-06
8.05035e-05
4.49157e-06
8.05021e-05
3.9905e-06
8.05011e-05
3.49025e-06
8.05002e-05
2.99065e-06
8.04996e-05
2.49154e-06
8.04991e-05
1.99281e-06
8.04987e-05
1.49437e-06
8.04984e-05
9.96139e-07
8.04982e-05
4.98037e-07
8.04981e-05
2.21985e-16
8.0498e-05
-4.98037e-07
8.0498e-05
-9.96139e-07
8.04981e-05
-1.49437e-06
8.04982e-05
-1.99281e-06
8.04984e-05
-2.49154e-06
8.04987e-05
-2.99065e-06
8.04991e-05
-3.49025e-06
8.04996e-05
-3.9905e-06
8.05002e-05
-4.49157e-06
8.05011e-05
-4.99371e-06
8.05021e-05
-5.49724e-06
8.05035e-05
-6.00263e-06
8.05054e-05
-6.51053e-06
8.05079e-05
-7.02193e-06
8.05114e-05
-7.5383e-06
8.05164e-05
-8.06194e-06
8.05236e-05
-8.59663e-06
8.05347e-05
-9.14871e-06
8.05521e-05
-9.72947e-06
8.05808e-05
-1.03605e-05
8.0631e-05
-1.10853e-05
8.07248e-05
-1.19711e-05
8.08858e-05
-1.30652e-05
8.10941e-05
-1.39417e-05
8.08764e-05
6.60583e-05
1.31319e-05
5.29264e-05
1.52117e-05
7.87967e-05
1.39936e-05
8.23122e-05
1.26014e-05
8.22781e-05
1.14724e-05
8.18538e-05
1.0561e-05
8.15424e-05
9.78962e-06
8.13522e-05
9.10522e-06
8.12365e-05
8.47571e-06
8.11642e-05
7.88176e-06
8.11176e-05
7.31148e-06
8.10866e-05
6.75742e-06
8.10655e-05
6.21475e-06
8.10506e-05
5.68026e-06
8.10399e-05
5.15178e-06
8.1032e-05
4.6278e-06
8.10261e-05
4.10724e-06
8.10216e-05
3.5893e-06
8.10182e-05
3.0734e-06
8.10155e-05
2.55907e-06
8.10134e-05
2.04594e-06
8.10119e-05
1.53371e-06
8.10107e-05
1.02213e-06
8.10098e-05
5.10965e-07
8.10093e-05
5.78103e-16
8.1009e-05
-5.10965e-07
8.1009e-05
-1.02213e-06
8.10093e-05
-1.53371e-06
8.10098e-05
-2.04594e-06
8.10107e-05
-2.55907e-06
8.10119e-05
-3.0734e-06
8.10134e-05
-3.5893e-06
8.10155e-05
-4.10724e-06
8.10182e-05
-4.6278e-06
8.10216e-05
-5.15178e-06
8.10261e-05
-5.68026e-06
8.1032e-05
-6.21475e-06
8.10399e-05
-6.75742e-06
8.10506e-05
-7.31148e-06
8.10655e-05
-7.88176e-06
8.10866e-05
-8.47571e-06
8.11176e-05
-9.10522e-06
8.11642e-05
-9.78962e-06
8.12365e-05
-1.0561e-05
8.13522e-05
-1.14724e-05
8.15424e-05
-1.26014e-05
8.18538e-05
-1.39936e-05
8.22781e-05
-1.52117e-05
8.23122e-05
-1.31319e-05
7.87967e-05
5.29264e-05
1.07998e-05
4.21265e-05
1.53462e-05
7.42504e-05
1.51838e-05
8.24746e-05
1.38508e-05
8.3611e-05
1.25124e-05
8.31923e-05
1.13793e-05
8.26754e-05
1.04309e-05
8.23006e-05
9.6143e-06
8.20531e-05
8.88682e-06
8.18917e-05
8.21934e-06
8.17851e-05
7.59273e-06
8.17133e-05
6.99444e-06
8.16638e-05
6.41616e-06
8.16289e-05
5.85231e-06
8.16037e-05
5.29907e-06
8.15853e-05
4.75374e-06
8.15714e-05
4.21443e-06
8.15609e-05
3.67972e-06
8.15529e-05
3.14856e-06
8.15467e-05
2.62015e-06
8.15419e-05
2.09384e-06
8.15382e-05
1.56909e-06
8.15354e-05
1.04547e-06
8.15334e-05
5.22558e-07
8.15322e-05
8.38166e-16
8.15316e-05
-5.22558e-07
8.15316e-05
-1.04547e-06
8.15322e-05
-1.56909e-06
8.15334e-05
-2.09384e-06
8.15354e-05
-2.62015e-06
8.15382e-05
-3.14856e-06
8.15419e-05
-3.67972e-06
8.15467e-05
-4.21443e-06
8.15529e-05
-4.75374e-06
8.15609e-05
-5.29907e-06
8.15714e-05
-5.85231e-06
8.15853e-05
-6.41616e-06
8.16037e-05
-6.99444e-06
8.16289e-05
-7.59273e-06
8.16638e-05
-8.21934e-06
8.17133e-05
-8.88682e-06
8.17851e-05
-9.6143e-06
8.18917e-05
-1.04309e-05
8.20531e-05
-1.13793e-05
8.23006e-05
-1.25124e-05
8.26754e-05
-1.38508e-05
8.31923e-05
-1.51838e-05
8.3611e-05
-1.53462e-05
8.24746e-05
-1.07998e-05
7.42504e-05
4.21265e-05
8.42657e-06
3.37e-05
1.42131e-05
6.84638e-05
1.54383e-05
8.12494e-05
1.46429e-05
8.44065e-05
1.33578e-05
8.44774e-05
1.21182e-05
8.3915e-05
1.10381e-05
8.33806e-05
1.01057e-05
8.29855e-05
9.28547e-06
8.27119e-05
8.54559e-06
8.2525e-05
7.8625e-06
8.23963e-05
7.21966e-06
8.23066e-05
6.60566e-06
8.22429e-05
6.01261e-06
8.21968e-05
5.43503e-06
8.21628e-05
4.86902e-06
8.21374e-05
4.3118e-06
8.21182e-05
3.7613e-06
8.21034e-05
3.216e-06
8.2092e-05
2.67469e-06
8.20832e-05
2.13644e-06
8.20764e-05
1.60046e-06
8.20714e-05
1.06611e-06
8.20678e-05
5.328e-07
8.20655e-05
1.00739e-15
8.20644e-05
-5.328e-07
8.20644e-05
-1.06611e-06
8.20655e-05
-1.60046e-06
8.20678e-05
-2.13644e-06
8.20714e-05
-2.67469e-06
8.20764e-05
-3.216e-06
8.20832e-05
-3.7613e-06
8.2092e-05
-4.3118e-06
8.21034e-05
-4.86902e-06
8.21182e-05
-5.43503e-06
8.21374e-05
-6.01261e-06
8.21628e-05
-6.60566e-06
8.21968e-05
-7.21966e-06
8.22429e-05
-7.8625e-06
8.23066e-05
-8.54559e-06
8.23963e-05
-9.28547e-06
8.2525e-05
-1.01057e-05
8.27119e-05
-1.10381e-05
8.29855e-05
-1.21182e-05
8.33806e-05
-1.33578e-05
8.3915e-05
-1.46429e-05
8.44774e-05
-1.54383e-05
8.44065e-05
-1.42131e-05
8.12494e-05
-8.42657e-06
6.84638e-05
3.37e-05
6.41661e-06
2.72833e-05
1.25264e-05
6.2354e-05
1.49459e-05
7.88298e-05
1.4924e-05
8.44284e-05
1.39263e-05
8.54752e-05
1.27184e-05
8.51229e-05
1.15755e-05
8.45235e-05
1.05589e-05
8.40021e-05
9.65988e-06
8.3611e-05
8.85364e-06
8.33312e-05
8.1167e-06
8.31333e-05
7.43058e-06
8.29927e-05
6.78165e-06
8.28918e-05
6.16011e-06
8.28183e-05
5.55895e-06
8.2764e-05
4.97314e-06
8.27233e-05
4.39899e-06
8.26923e-05
3.8338e-06
8.26686e-05
3.2755e-06
8.26503e-05
2.72253e-06
8.26361e-05
2.17362e-06
8.26253e-05
1.62774e-06
8.26173e-05
1.08401e-06
8.26115e-05
5.41668e-07
8.26078e-05
1.09466e-15
8.2606e-05
-5.41668e-07
8.2606e-05
-1.08401e-06
8.26078e-05
-1.62774e-06
8.26115e-05
-2.17362e-06
8.26173e-05
-2.72253e-06
8.26253e-05
-3.2755e-06
8.26361e-05
-3.8338e-06
8.26503e-05
-4.39899e-06
8.26686e-05
-4.97314e-06
8.26923e-05
-5.55895e-06
8.27233e-05
-6.16011e-06
8.2764e-05
-6.78165e-06
8.28183e-05
-7.43058e-06
8.28918e-05
-8.1167e-06
8.29927e-05
-8.85364e-06
8.31333e-05
-9.65988e-06
8.33312e-05
-1.05589e-05
8.3611e-05
-1.15755e-05
8.40021e-05
-1.27184e-05
8.45235e-05
-1.39263e-05
8.51229e-05
-1.4924e-05
8.54752e-05
-1.49459e-05
8.44284e-05
-1.25264e-05
7.88298e-05
-6.41661e-06
6.2354e-05
2.72833e-05
4.82473e-06
2.24586e-05
1.07079e-05
5.64708e-05
1.39608e-05
7.55769e-05
1.47424e-05
8.36467e-05
1.41865e-05
8.60311e-05
1.31395e-05
8.61699e-05
1.20124e-05
8.56506e-05
1.09541e-05
8.50603e-05
9.99792e-06
8.45672e-05
9.13615e-06
8.4193e-05
8.35087e-06
8.39186e-05
7.62442e-06
8.37192e-05
6.94236e-06
8.35739e-05
6.29364e-06
8.3467e-05
5.67006e-06
8.33876e-05
5.06555e-06
8.33278e-05
4.47562e-06
8.32822e-05
3.89691e-06
8.32473e-05
3.32688e-06
8.32203e-05
2.76353e-06
8.31995e-05
2.20529e-06
8.31836e-05
1.65085e-06
8.31717e-05
1.09912e-06
8.31632e-05
5.49137e-07
8.31578e-05
1.11791e-15
8.31552e-05
-5.49137e-07
8.31552e-05
-1.09912e-06
8.31578e-05
-1.65085e-06
8.31632e-05
-2.20529e-06
8.31717e-05
-2.76353e-06
8.31836e-05
-3.32688e-06
8.31995e-05
-3.89691e-06
8.32203e-05
-4.47562e-06
8.32473e-05
-5.06555e-06
8.32822e-05
-5.67006e-06
8.33278e-05
-6.29364e-06
8.33876e-05
-6.94236e-06
8.3467e-05
-7.62442e-06
8.35739e-05
-8.35087e-06
8.37192e-05
-9.13615e-06
8.39186e-05
-9.99792e-06
8.4193e-05
-1.09541e-05
8.45672e-05
-1.20124e-05
8.50603e-05
-1.31395e-05
8.56506e-05
-1.41865e-05
8.61699e-05
-1.47424e-05
8.60311e-05
-1.39608e-05
8.36467e-05
-1.07079e-05
7.55769e-05
-4.82473e-06
5.64708e-05
2.24586e-05
3.6082e-06
1.88504e-05
8.98051e-06
5.10985e-05
1.27063e-05
7.18512e-05
1.41939e-05
8.21591e-05
1.4148e-05
8.6077e-05
1.33611e-05
8.69568e-05
1.23262e-05
8.66854e-05
1.12739e-05
8.61126e-05
1.02878e-05
8.55533e-05
9.38551e-06
8.50952e-05
8.56016e-06
8.47439e-05
7.7981e-06
8.44812e-05
7.0858e-06
8.42862e-05
6.4119e-06
8.41409e-05
5.76745e-06
8.4032e-05
5.14562e-06
8.39496e-05
4.54123e-06
8.38866e-05
3.95033e-06
8.38382e-05
3.36987e-06
8.38007e-05
2.7975e-06
8.37719e-05
2.2313e-06
8.37498e-05
1.6697e-06
8.37333e-05
1.11139e-06
8.37216e-05
5.55179e-07
8.3714e-05
1.09874e-15
8.37103e-05
-5.55179e-07
8.37103e-05
-1.11139e-06
8.3714e-05
-1.6697e-06
8.37216e-05
-2.2313e-06
8.37333e-05
-2.7975e-06
8.37498e-05
-3.36987e-06
8.37719e-05
-3.95033e-06
8.38007e-05
-4.54123e-06
8.38382e-05
-5.14562e-06
8.38866e-05
-5.76745e-06
8.39496e-05
-6.4119e-06
8.4032e-05
-7.0858e-06
8.41409e-05
-7.7981e-06
8.42862e-05
-8.56016e-06
8.44812e-05
-9.38551e-06
8.47439e-05
-1.02878e-05
8.50952e-05
-1.12739e-05
8.55533e-05
-1.23262e-05
8.61126e-05
-1.33611e-05
8.66854e-05
-1.4148e-05
8.69568e-05
-1.41939e-05
8.6077e-05
-1.27063e-05
8.21591e-05
-8.98051e-06
7.18512e-05
-3.6082e-06
5.10985e-05
1.88504e-05
2.70041e-06
1.615e-05
7.44755e-06
4.63514e-05
1.13503e-05
6.79485e-05
1.33862e-05
8.01231e-05
1.38469e-05
8.56163e-05
1.33814e-05
8.74223e-05
1.25032e-05
8.75636e-05
1.15045e-05
8.71114e-05
1.05188e-05
8.6539e-05
9.59432e-06
8.60198e-05
8.73963e-06
8.55986e-05
7.94835e-06
8.52725e-05
7.20981e-06
8.50247e-05
6.51342e-06
8.48373e-05
5.85013e-06
8.46953e-05
5.21267e-06
8.45871e-05
4.59533e-06
8.4504e-05
3.99367e-06
8.44398e-05
3.40423e-06
8.43902e-05
2.82424e-06
8.43518e-05
2.25151e-06
8.43225e-05
1.6842e-06
8.43006e-05
1.12074e-06
8.4285e-05
5.59764e-07
8.4275e-05
1.0624e-15
8.42701e-05
-5.59764e-07
8.42701e-05
-1.12074e-06
8.4275e-05
-1.6842e-06
8.4285e-05
-2.25151e-06
8.43006e-05
-2.82424e-06
8.43225e-05
-3.40423e-06
8.43518e-05
-3.99367e-06
8.43902e-05
-4.59533e-06
8.44398e-05
-5.21267e-06
8.4504e-05
-5.85013e-06
8.45871e-05
-6.51342e-06
8.46953e-05
-7.20981e-06
8.48373e-05
-7.94835e-06
8.50247e-05
-8.73963e-06
8.52725e-05
-9.59432e-06
8.55986e-05
-1.05188e-05
8.60198e-05
-1.15045e-05
8.6539e-05
-1.25032e-05
8.71114e-05
-1.33814e-05
8.75636e-05
-1.38469e-05
8.74223e-05
-1.33862e-05
8.56163e-05
-1.13503e-05
8.01231e-05
-7.44755e-06
6.79485e-05
-2.70041e-06
4.63514e-05
1.615e-05
2.03292e-06
1.41171e-05
6.14184e-06
4.22425e-05
1.00064e-05
6.40839e-05
1.24194e-05
7.77101e-05
1.33343e-05
8.47015e-05
1.32141e-05
8.75425e-05
1.25395e-05
8.82382e-05
1.16369e-05
8.80141e-05
1.06826e-05
8.74933e-05
9.75595e-06
8.69464e-05
8.88454e-06
8.647e-05
8.07191e-06
8.60851e-05
7.31216e-06
8.57844e-05
6.59669e-06
8.55528e-05
5.91706e-06
8.53749e-05
5.26597e-06
8.52382e-05
4.63741e-06
8.51325e-05
4.02659e-06
8.50507e-05
3.42967e-06
8.49871e-05
2.84357e-06
8.49379e-05
2.26579e-06
8.49003e-05
1.69423e-06
8.48722e-05
1.12712e-06
8.48521e-05
5.62862e-07
8.48393e-05
1.02817e-15
8.4833e-05
-5.62862e-07
8.4833e-05
-1.12712e-06
8.48393e-05
-1.69423e-06
8.48521e-05
-2.26579e-06
8.48722e-05
-2.84357e-06
8.49003e-05
-3.42967e-06
8.49379e-05
-4.02659e-06
8.49871e-05
-4.63741e-06
8.50507e-05
-5.26597e-06
8.51325e-05
-5.91706e-06
8.52382e-05
-6.59669e-06
8.53749e-05
-7.31216e-06
8.55528e-05
-8.07191e-06
8.57844e-05
-8.88454e-06
8.60851e-05
-9.75595e-06
8.647e-05
-1.06826e-05
8.69464e-05
-1.16369e-05
8.74933e-05
-1.25395e-05
8.80141e-05
-1.32141e-05
8.82382e-05
-1.33343e-05
8.75425e-05
-1.24194e-05
8.47015e-05
-1.00064e-05
7.77101e-05
-6.14184e-06
6.40839e-05
-2.03292e-06
4.22425e-05
1.41171e-05
1.54551e-06
1.25716e-05
5.05742e-06
3.87306e-05
8.74265e-06
6.03987e-05
1.13754e-05
7.50773e-05
1.26645e-05
8.34124e-05
1.28822e-05
8.73248e-05
1.2439e-05
8.86813e-05
1.16669e-05
8.87862e-05
1.07726e-05
8.83875e-05
9.86454e-06
8.78545e-05
8.99027e-06
8.73443e-05
8.16537e-06
8.691e-05
7.39039e-06
8.65594e-05
6.65995e-06
8.62832e-05
5.96696e-06
8.60679e-05
5.30456e-06
8.59006e-05
4.66676e-06
8.57703e-05
4.04853e-06
8.56689e-05
3.44579e-06
8.55899e-05
2.85517e-06
8.55286e-05
2.2739e-06
8.54816e-05
1.69965e-06
8.54464e-05
1.13042e-06
8.54214e-05
5.64422e-07
8.54053e-05
1.01036e-15
8.53974e-05
-5.64422e-07
8.53974e-05
-1.13042e-06
8.54053e-05
-1.69965e-06
8.54214e-05
-2.2739e-06
8.54464e-05
-2.85517e-06
8.54816e-05
-3.44579e-06
8.55286e-05
-4.04853e-06
8.55899e-05
-4.66676e-06
8.56689e-05
-5.30456e-06
8.57703e-05
-5.96696e-06
8.59006e-05
-6.65995e-06
8.60679e-05
-7.39039e-06
8.62832e-05
-8.16537e-06
8.65594e-05
-8.99027e-06
8.691e-05
-9.86454e-06
8.73443e-05
-1.07726e-05
8.78545e-05
-1.16669e-05
8.83875e-05
-1.2439e-05
8.87862e-05
-1.28822e-05
8.86813e-05
-1.26645e-05
8.73248e-05
-1.13754e-05
8.34124e-05
-8.74265e-06
7.50773e-05
-5.05742e-06
6.03987e-05
-1.54551e-06
3.87306e-05
1.25716e-05
1.18984e-06
1.13817e-05
4.17042e-06
3.575e-05
7.59442e-06
5.69747e-05
1.03161e-05
7.23556e-05
1.18894e-05
8.18391e-05
1.2415e-05
8.67992e-05
1.22125e-05
8.88838e-05
1.15951e-05
8.94037e-05
1.07856e-05
8.9197e-05
9.91596e-06
8.87242e-05
9.05314e-06
8.82071e-05
8.22581e-06
8.77374e-05
7.44235e-06
8.73429e-05
6.70162e-06
8.7024e-05
5.9987e-06
8.67709e-05
5.32765e-06
8.65716e-05
4.68279e-06
8.64152e-05
4.05908e-06
8.62926e-05
3.45228e-06
8.61967e-05
2.85881e-06
8.6122e-05
2.27568e-06
8.60647e-05
1.70034e-06
8.60217e-05
1.13058e-06
8.59911e-05
5.64409e-07
8.59714e-05
1.01277e-15
8.59618e-05
-5.64409e-07
8.59618e-05
-1.13058e-06
8.59714e-05
-1.70034e-06
8.59911e-05
-2.27568e-06
8.60217e-05
-2.85881e-06
8.60647e-05
-3.45228e-06
8.6122e-05
-4.05908e-06
8.61967e-05
-4.68279e-06
8.62926e-05
-5.32765e-06
8.64152e-05
-5.9987e-06
8.65716e-05
-6.70162e-06
8.67709e-05
-7.44235e-06
8.7024e-05
-8.22581e-06
8.73429e-05
-9.05314e-06
8.77374e-05
-9.91596e-06
8.82071e-05
-1.07856e-05
8.87242e-05
-1.15951e-05
8.9197e-05
-1.22125e-05
8.94037e-05
-1.2415e-05
8.88838e-05
-1.18894e-05
8.67992e-05
-1.03161e-05
8.18391e-05
-7.59442e-06
7.23556e-05
-4.17042e-06
5.69747e-05
-1.18984e-06
3.575e-05
1.13817e-05
9.29093e-07
1.04526e-05
3.45069e-06
3.32284e-05
6.57448e-06
5.38509e-05
9.28464e-06
6.96455e-05
1.10539e-05
8.00698e-05
1.18433e-05
8.60097e-05
1.18753e-05
8.88518e-05
1.14263e-05
8.98527e-05
1.07211e-05
8.99022e-05
9.90761e-06
8.95376e-05
9.07022e-06
8.90445e-05
8.25068e-06
8.85569e-05
7.46599e-06
8.81276e-05
6.72017e-06
8.77698e-05
6.01113e-06
8.74799e-05
5.33439e-06
8.72483e-05
4.68488e-06
8.70647e-05
4.05777e-06
8.69197e-05
3.4488e-06
8.68056e-05
2.85425e-06
8.67166e-05
2.27095e-06
8.6648e-05
1.69617e-06
8.65965e-05
1.1275e-06
8.65598e-05
5.62783e-07
8.65362e-05
1.03523e-15
8.65246e-05
-5.62783e-07
8.65246e-05
-1.1275e-06
8.65362e-05
-1.69617e-06
8.65598e-05
-2.27095e-06
8.65965e-05
-2.85425e-06
8.6648e-05
-3.4488e-06
8.67166e-05
-4.05777e-06
8.68056e-05
-4.68488e-06
8.69197e-05
-5.33439e-06
8.70647e-05
-6.01113e-06
8.72483e-05
-6.72017e-06
8.74799e-05
-7.46599e-06
8.77698e-05
-8.25068e-06
8.81276e-05
-9.07022e-06
8.85569e-05
-9.90761e-06
8.90445e-05
-1.07211e-05
8.95376e-05
-1.14263e-05
8.99022e-05
-1.18753e-05
8.98527e-05
-1.18433e-05
8.88518e-05
-1.10539e-05
8.60097e-05
-9.28464e-06
8.00698e-05
-6.57448e-06
6.96455e-05
-3.45069e-06
5.38509e-05
-9.29093e-07
3.32284e-05
1.04526e-05
7.36184e-07
9.71646e-06
2.86829e-06
3.10963e-05
5.68178e-06
5.10374e-05
8.30813e-06
6.70191e-05
1.01942e-05
7.81838e-05
1.11965e-05
8.50074e-05
1.14451e-05
8.86033e-05
1.11685e-05
9.01293e-05
1.05808e-05
9.04899e-05
9.83851e-06
9.02799e-05
9.03957e-06
8.98434e-05
8.23794e-06
8.93585e-05
7.45956e-06
8.8906e-05
6.71419e-06
8.85152e-05
6.00318e-06
8.81909e-05
5.32396e-06
8.79276e-05
4.67241e-06
8.77163e-05
4.04415e-06
8.7548e-05
3.435e-06
8.74148e-05
2.84122e-06
8.73104e-05
2.25952e-06
8.72297e-05
1.68701e-06
8.7169e-05
1.12112e-06
8.71257e-05
5.59507e-07
8.70978e-05
1.0718e-15
8.70841e-05
-5.59507e-07
8.70841e-05
-1.12112e-06
8.70978e-05
-1.68701e-06
8.71257e-05
-2.25952e-06
8.7169e-05
-2.84122e-06
8.72297e-05
-3.435e-06
8.73104e-05
-4.04415e-06
8.74148e-05
-4.67241e-06
8.7548e-05
-5.32396e-06
8.77163e-05
-6.00318e-06
8.79276e-05
-6.71419e-06
8.81909e-05
-7.45956e-06
8.85152e-05
-8.23794e-06
8.8906e-05
-9.03957e-06
8.93585e-05
-9.83851e-06
8.98434e-05
-1.05808e-05
9.02799e-05
-1.11685e-05
9.04899e-05
-1.14451e-05
9.01293e-05
-1.11965e-05
8.86033e-05
-1.01942e-05
8.50074e-05
-8.30813e-06
7.81838e-05
-5.68178e-06
6.70191e-05
-2.86829e-06
5.10374e-05
-7.36184e-07
3.10963e-05
9.71646e-06
5.91599e-07
9.12486e-06
2.39637e-06
2.92915e-05
4.90755e-06
4.85262e-05
7.40171e-06
6.4525e-05
9.33769e-06
7.62478e-05
1.05011e-05
8.3844e-05
1.09404e-05
8.8164e-05
1.08317e-05
9.0238e-05
1.03689e-05
9.09527e-05
9.70934e-06
9.09394e-05
8.96026e-06
9.05925e-05
8.18618e-06
9.01326e-05
7.42164e-06
8.96705e-05
6.68246e-06
8.92543e-05
5.97388e-06
8.88995e-05
5.29561e-06
8.86058e-05
4.64484e-06
8.8367e-05
4.0178e-06
8.8175e-05
3.41058e-06
8.8022e-05
2.81951e-06
8.79014e-05
2.24124e-06
8.7808e-05
1.67276e-06
8.77375e-05
1.11135e-06
8.76871e-05
5.54547e-07
8.76546e-05
1.11779e-15
8.76386e-05
-5.54547e-07
8.76386e-05
-1.11135e-06
8.76546e-05
-1.67276e-06
8.76871e-05
-2.24124e-06
8.77375e-05
-2.81951e-06
8.7808e-05
-3.41058e-06
8.79014e-05
-4.0178e-06
8.8022e-05
-4.64484e-06
8.8175e-05
-5.29561e-06
8.8367e-05
-5.97388e-06
8.86058e-05
-6.68246e-06
8.88995e-05
-7.42164e-06
8.92543e-05
-8.18618e-06
8.96705e-05
-8.96026e-06
9.01326e-05
-9.70934e-06
9.05925e-05
-1.03689e-05
9.09394e-05
-1.08317e-05
9.09527e-05
-1.09404e-05
9.0238e-05
-1.05011e-05
8.8164e-05
-9.33769e-06
8.3844e-05
-7.40171e-06
7.62478e-05
-4.90755e-06
6.4525e-05
-2.39637e-06
4.85262e-05
-5.91599e-07
2.92915e-05
9.12486e-06
4.81487e-07
8.64337e-06
2.01228e-06
2.77607e-05
4.23938e-06
4.62991e-05
6.57185e-06
6.21925e-05
8.50418e-06
7.43155e-05
9.77941e-06
8.25687e-05
1.03792e-05
8.75641e-05
1.04273e-05
9.019e-05
1.00912e-05
9.12888e-05
9.52221e-06
9.15084e-05
8.83243e-06
9.12823e-05
8.09466e-06
9.08704e-05
7.35124e-06
9.04139e-05
6.62404e-06
8.99815e-05
5.92241e-06
8.96011e-05
5.24871e-06
8.92795e-05
4.60166e-06
8.90141e-05
3.97834e-06
8.87983e-05
3.37527e-06
8.86251e-05
2.78892e-06
8.84878e-05
2.21596e-06
8.83809e-05
1.65331e-06
8.83002e-05
1.09815e-06
8.82422e-05
5.47874e-07
8.82049e-05
1.16687e-15
8.81865e-05
-5.47874e-07
8.81865e-05
-1.09815e-06
8.82049e-05
-1.65331e-06
8.82422e-05
-2.21596e-06
8.83002e-05
-2.78892e-06
8.83809e-05
-3.37527e-06
8.84878e-05
-3.97834e-06
8.86251e-05
-4.60166e-06
8.87983e-05
-5.24871e-06
8.90141e-05
-5.92241e-06
8.92795e-05
-6.62404e-06
8.96011e-05
-7.35124e-06
8.99815e-05
-8.09466e-06
9.04139e-05
-8.83243e-06
9.08704e-05
-9.52221e-06
9.12823e-05
-1.00912e-05
9.15084e-05
-1.04273e-05
9.12888e-05
-1.03792e-05
9.019e-05
-9.77941e-06
8.75641e-05
-8.50418e-06
8.25687e-05
-6.57185e-06
7.43155e-05
-4.23938e-06
6.21925e-05
-2.01228e-06
4.62991e-05
-4.81487e-07
2.77607e-05
8.64337e-06
3.96098e-07
8.24727e-06
1.69755e-06
2.64593e-05
3.66374e-06
4.4333e-05
5.81919e-06
6.00371e-05
7.70679e-06
7.24279e-05
9.04972e-06
8.12258e-05
9.77815e-06
8.68357e-05
9.9672e-06
9.00009e-05
9.75466e-06
9.15013e-05
9.28047e-06
9.19826e-05
8.65721e-06
9.19056e-05
7.96334e-06
9.15642e-05
7.24784e-06
9.11294e-05
6.53827e-06
9.06911e-05
5.84818e-06
9.02912e-05
5.18275e-06
8.9945e-05
4.54247e-06
8.96544e-05
3.92548e-06
8.94153e-05
3.32883e-06
8.92217e-05
2.74928e-06
8.90673e-05
2.18356e-06
8.89466e-05
1.62859e-06
8.88551e-05
1.08147e-06
8.87894e-05
5.39468e-07
8.87469e-05
1.21558e-15
8.8726e-05
-5.39468e-07
8.8726e-05
-1.08147e-06
8.87469e-05
-1.62859e-06
8.87894e-05
-2.18356e-06
8.88551e-05
-2.74928e-06
8.89466e-05
-3.32883e-06
8.90673e-05
-3.92548e-06
8.92217e-05
-4.54247e-06
8.94153e-05
-5.18275e-06
8.96544e-05
-5.84818e-06
8.9945e-05
-6.53827e-06
9.02912e-05
-7.24784e-06
9.06911e-05
-7.96334e-06
9.11294e-05
-8.65721e-06
9.15642e-05
-9.28047e-06
9.19056e-05
-9.75466e-06
9.19826e-05
-9.9672e-06
9.15013e-05
-9.77815e-06
9.00009e-05
-9.04972e-06
8.68357e-05
-7.70679e-06
8.12258e-05
-5.81919e-06
7.24279e-05
-3.66374e-06
6.00371e-05
-1.69755e-06
4.4333e-05
-3.96098e-07
2.64593e-05
8.24727e-06
3.28599e-07
7.91868e-06
1.43751e-06
2.53504e-05
3.16751e-06
4.2603e-05
5.14067e-06
5.80639e-05
6.95348e-06
7.06151e-05
8.32617e-06
7.98531e-05
9.15183e-06
8.601e-05
9.46309e-06
8.96897e-05
9.36704e-06
9.15974e-05
8.98849e-06
9.23612e-05
8.43664e-06
9.24574e-05
7.7929e-06
9.2208e-05
7.11143e-06
9.18109e-05
6.42485e-06
9.13777e-05
5.7508e-06
9.09652e-05
5.09738e-06
9.05984e-05
4.46701e-06
9.02847e-05
3.859e-06
9.00233e-05
3.27114e-06
8.98096e-05
2.7005e-06
8.9638e-05
2.14399e-06
8.95031e-05
1.59856e-06
8.94006e-05
1.06127e-06
8.93267e-05
5.29316e-07
8.92788e-05
1.25959e-15
8.92553e-05
-5.29316e-07
8.92553e-05
-1.06127e-06
8.92788e-05
-1.59856e-06
8.93267e-05
-2.14399e-06
8.94006e-05
-2.7005e-06
8.95031e-05
-3.27114e-06
8.9638e-05
-3.859e-06
8.98096e-05
-4.46701e-06
9.00233e-05
-5.09738e-06
9.02847e-05
-5.7508e-06
9.05984e-05
-6.42485e-06
9.09652e-05
-7.11143e-06
9.13777e-05
-7.7929e-06
9.18109e-05
-8.43664e-06
9.2208e-05
-8.98849e-06
9.24574e-05
-9.36704e-06
9.23612e-05
-9.46309e-06
9.15974e-05
-9.15183e-06
8.96897e-05
-8.32617e-06
8.601e-05
-6.95348e-06
7.98531e-05
-5.14067e-06
7.06151e-05
-3.16751e-06
5.80639e-05
-1.43751e-06
4.2603e-05
-3.28599e-07
2.53504e-05
7.91868e-06
2.74195e-07
7.64448e-06
1.22062e-06
2.44039e-05
2.73868e-06
4.10849e-05
4.53114e-06
5.62714e-05
6.24831e-06
6.88979e-05
7.6193e-06
7.84821e-05
8.51277e-06
8.51166e-05
8.92597e-06
8.92765e-05
8.9364e-06
9.15869e-05
8.65138e-06
9.26462e-05
8.17354e-06
9.29353e-05
7.58468e-06
9.27968e-05
6.94249e-06
9.24531e-05
6.28385e-06
9.20363e-05
5.63018e-06
9.16189e-05
4.99245e-06
9.12361e-05
4.37512e-06
9.09021e-05
3.77882e-06
9.06196e-05
3.20211e-06
9.03863e-05
2.64253e-06
9.01975e-05
2.09723e-06
9.00484e-05
1.56322e-06
8.99346e-05
1.03757e-06
8.98523e-05
5.17422e-07
8.9799e-05
1.29708e-15
8.97727e-05
-5.17422e-07
8.97727e-05
-1.03757e-06
8.9799e-05
-1.56322e-06
8.98523e-05
-2.09723e-06
8.99346e-05
-2.64253e-06
9.00484e-05
-3.20211e-06
9.01975e-05
-3.77882e-06
9.03863e-05
-4.37512e-06
9.06196e-05
-4.99245e-06
9.09021e-05
-5.63018e-06
9.12361e-05
-6.28385e-06
9.16189e-05
-6.94249e-06
9.20363e-05
-7.58468e-06
9.24531e-05
-8.17354e-06
9.27968e-05
-8.65138e-06
9.29353e-05
-8.9364e-06
9.26462e-05
-8.92597e-06
9.15869e-05
-8.51277e-06
8.92765e-05
-7.6193e-06
8.51166e-05
-6.24831e-06
7.84821e-05
-4.53114e-06
6.88979e-05
-2.73868e-06
5.62714e-05
-1.22062e-06
4.10849e-05
-2.74195e-07
2.44039e-05
7.64448e-06
2.29515e-07
7.41497e-06
1.03793e-06
2.35955e-05
2.36671e-06
3.97561e-05
3.98446e-06
5.46537e-05
5.5925e-06
6.72898e-05
6.93652e-06
7.71381e-05
7.87127e-06
8.41818e-05
8.36591e-06
8.87818e-05
8.47079e-06
9.14821e-05
8.27471e-06
9.28423e-05
7.87137e-06
9.33386e-05
7.34061e-06
9.33276e-05
6.74201e-06
9.30517e-05
6.11572e-06
9.26626e-05
5.48649e-06
9.22481e-05
4.86804e-06
9.18546e-05
4.26685e-06
9.15033e-05
3.68495e-06
9.12015e-05
3.12178e-06
9.09495e-05
2.57543e-06
9.07439e-05
2.04332e-06
9.05806e-05
1.52261e-06
9.04553e-05
1.01039e-06
9.03645e-05
5.03798e-07
9.03056e-05
1.32557e-15
9.02765e-05
-5.03798e-07
9.02765e-05
-1.01039e-06
9.03056e-05
-1.52261e-06
9.03645e-05
-2.04332e-06
9.04553e-05
-2.57543e-06
9.05806e-05
-3.12178e-06
9.07439e-05
-3.68495e-06
9.09495e-05
-4.26685e-06
9.12015e-05
-4.86804e-06
9.15033e-05
-5.48649e-06
9.18546e-05
-6.11572e-06
9.22481e-05
-6.74201e-06
9.26626e-05
-7.34061e-06
9.30517e-05
-7.87137e-06
9.33276e-05
-8.27471e-06
9.33386e-05
-8.47079e-06
9.28423e-05
-8.36591e-06
9.14821e-05
-7.87127e-06
8.87818e-05
-6.93652e-06
8.41818e-05
-5.5925e-06
7.71381e-05
-3.98446e-06
6.72898e-05
-2.36671e-06
5.46537e-05
-1.03793e-06
3.97561e-05
-2.29515e-07
2.35955e-05
7.41497e-06
1.92168e-07
7.2228e-06
8.8248e-07
2.29052e-05
2.04256e-06
3.8596e-05
3.49418e-06
5.32021e-05
4.98533e-06
6.57987e-05
6.28273e-06
7.58407e-05
7.23557e-06
8.3229e-05
7.79181e-06
8.82256e-05
7.97793e-06
9.12959e-05
7.86431e-06
9.29559e-05
7.53409e-06
9.36688e-05
7.06319e-06
9.37985e-05
6.51146e-06
9.36034e-05
5.92131e-06
9.32528e-05
5.32024e-06
9.28492e-05
4.72445e-06
9.24504e-05
4.14241e-06
9.20853e-05
3.57756e-06
9.17664e-05
3.0303e-06
9.14967e-05
2.49932e-06
9.12749e-05
1.98237e-06
9.10975e-05
1.4768e-06
9.09609e-05
9.79794e-07
9.08615e-05
4.88478e-07
9.07969e-05
1.34463e-15
9.0765e-05
-4.88478e-07
9.0765e-05
-9.79794e-07
9.07969e-05
-1.4768e-06
9.08615e-05
-1.98237e-06
9.09609e-05
-2.49932e-06
9.10975e-05
-3.0303e-06
9.12749e-05
-3.57756e-06
9.14967e-05
-4.14241e-06
9.17664e-05
-4.72445e-06
9.20853e-05
-5.32024e-06
9.24504e-05
-5.92131e-06
9.28492e-05
-6.51146e-06
9.32528e-05
-7.06319e-06
9.36034e-05
-7.53409e-06
9.37985e-05
-7.86431e-06
9.36688e-05
-7.97793e-06
9.29559e-05
-7.79181e-06
9.12959e-05
-7.23557e-06
8.82256e-05
-6.28273e-06
8.3229e-05
-4.98533e-06
7.58407e-05
-3.49418e-06
6.57987e-05
-2.04256e-06
5.32021e-05
-8.8248e-07
3.8596e-05
-1.92168e-07
2.29052e-05
7.2228e-06
1.60443e-07
7.06235e-06
7.48897e-07
2.23167e-05
1.75859e-06
3.75863e-05
3.05402e-06
5.19066e-05
4.42479e-06
6.44279e-05
5.66083e-06
7.46047e-05
6.61202e-06
8.22778e-05
7.21134e-06
8.76263e-05
7.46508e-06
9.10422e-05
7.42606e-06
9.29949e-05
7.16599e-06
9.39289e-05
6.75533e-06
9.42091e-05
6.25275e-06
9.4106e-05
5.70185e-06
9.38037e-05
5.13221e-06
9.34188e-05
4.56223e-06
9.30203e-05
4.00221e-06
9.26453e-05
3.45699e-06
9.23116e-05
2.92795e-06
9.20258e-05
2.41441e-06
9.17884e-05
1.91456e-06
9.15974e-05
1.42595e-06
9.14495e-05
9.45873e-07
9.13416e-05
4.71508e-07
9.12712e-05
1.35332e-15
9.12365e-05
-4.71508e-07
9.12365e-05
-9.45873e-07
9.12712e-05
-1.42595e-06
9.13416e-05
-1.91456e-06
9.14495e-05
-2.41441e-06
9.15974e-05
-2.92795e-06
9.17884e-05
-3.45699e-06
9.20258e-05
-4.00221e-06
9.23116e-05
-4.56223e-06
9.26453e-05
-5.13221e-06
9.30203e-05
-5.70185e-06
9.34188e-05
-6.25275e-06
9.38037e-05
-6.75533e-06
9.4106e-05
-7.16599e-06
9.42091e-05
-7.42606e-06
9.39289e-05
-7.46508e-06
9.29949e-05
-7.21134e-06
9.10422e-05
-6.61202e-06
8.76263e-05
-5.66083e-06
8.22778e-05
-4.42479e-06
7.46047e-05
-3.05402e-06
6.44279e-05
-1.75859e-06
5.19066e-05
-7.48897e-07
3.75863e-05
-1.60443e-07
2.23167e-05
7.06235e-06
1.33099e-07
6.92926e-06
6.32997e-07
2.18168e-05
1.50841e-06
3.67109e-05
2.65809e-06
5.0757e-05
3.90812e-06
6.31779e-05
5.07219e-06
7.34406e-05
6.00536e-06
8.13446e-05
6.63098e-06
8.70007e-05
6.93883e-06
9.07344e-05
6.96571e-06
9.2968e-05
6.77156e-06
9.4123e-05
6.42031e-06
9.45604e-05
5.96816e-06
9.45581e-05
5.45889e-06
9.43129e-05
4.92351e-06
9.39542e-05
4.38219e-06
9.35617e-05
3.84686e-06
9.31806e-05
3.32371e-06
9.28348e-05
2.81511e-06
9.25344e-05
2.32105e-06
9.22825e-05
1.84015e-06
9.20783e-05
1.37024e-06
9.19194e-05
9.08761e-07
9.18031e-05
4.52955e-07
9.1727e-05
1.35218e-15
9.16895e-05
-4.52955e-07
9.16895e-05
-9.08761e-07
9.1727e-05
-1.37024e-06
9.18031e-05
-1.84015e-06
9.19194e-05
-2.32105e-06
9.20783e-05
-2.81511e-06
9.22825e-05
-3.32371e-06
9.25344e-05
-3.84686e-06
9.28348e-05
-4.38219e-06
9.31806e-05
-4.92351e-06
9.35617e-05
-5.45889e-06
9.39542e-05
-5.96816e-06
9.43129e-05
-6.42031e-06
9.45581e-05
-6.77156e-06
9.45604e-05
-6.96571e-06
9.4123e-05
-6.93883e-06
9.2968e-05
-6.63098e-06
9.07344e-05
-6.00536e-06
8.70007e-05
-5.07219e-06
8.13446e-05
-3.90812e-06
7.34406e-05
-2.65809e-06
6.31779e-05
-1.50841e-06
5.0757e-05
-6.32997e-07
3.67109e-05
-1.33099e-07
2.18168e-05
6.92926e-06
1.09222e-07
6.82003e-06
5.3151e-07
2.13946e-05
1.2867e-06
3.59557e-05
2.301e-06
4.97427e-05
3.43216e-06
6.20467e-05
4.51702e-06
7.23557e-05
5.41894e-06
8.04427e-05
6.05601e-06
8.63636e-05
6.40509e-06
9.03853e-05
6.48872e-06
9.28844e-05
6.35536e-06
9.42564e-05
6.06162e-06
9.48541e-05
5.66029e-06
9.49595e-05
5.19435e-06
9.47789e-05
4.69553e-06
9.4453e-05
4.18535e-06
9.40718e-05
3.67717e-06
9.36888e-05
3.17838e-06
9.33336e-05
2.69231e-06
9.30204e-05
2.21965e-06
9.27551e-05
1.75948e-06
9.25384e-05
1.30994e-06
9.23689e-05
8.68627e-07
9.22444e-05
4.32904e-07
9.21628e-05
1.34131e-15
9.21224e-05
-4.32904e-07
9.21224e-05
-8.68627e-07
9.21628e-05
-1.30994e-06
9.22444e-05
-1.75948e-06
9.23689e-05
-2.21965e-06
9.25384e-05
-2.69231e-06
9.27551e-05
-3.17838e-06
9.30204e-05
-3.67717e-06
9.33336e-05
-4.18535e-06
9.36888e-05
-4.69553e-06
9.40718e-05
-5.19435e-06
9.4453e-05
-5.66029e-06
9.47789e-05
-6.06162e-06
9.49595e-05
-6.35536e-06
9.48541e-05
-6.48872e-06
9.42564e-05
-6.40509e-06
9.28844e-05
-6.05601e-06
9.03853e-05
-5.41894e-06
8.63636e-05
-4.51702e-06
8.04427e-05
-3.43216e-06
7.23557e-05
-2.301e-06
6.20467e-05
-1.2867e-06
4.97427e-05
-5.3151e-07
3.59557e-05
-1.09222e-07
2.13946e-05
6.82003e-06
8.81294e-08
6.7319e-06
4.41859e-07
2.10408e-05
1.08904e-06
3.53086e-05
1.97794e-06
4.88538e-05
2.99356e-06
6.10311e-05
3.9947e-06
7.13546e-05
4.85497e-06
7.95824e-05
5.49068e-06
8.57279e-05
5.86901e-06
9.00069e-05
6.00022e-06
9.27532e-05
5.92188e-06
9.43347e-05
5.68295e-06
9.50931e-05
5.33198e-06
9.53105e-05
4.91037e-06
9.52005e-05
4.44991e-06
9.49135e-05
3.973e-06
9.45487e-05
3.49413e-06
9.41677e-05
3.02179e-06
9.38059e-05
2.56021e-06
9.3482e-05
2.11075e-06
9.32046e-05
1.67297e-06
9.29762e-05
1.24534e-06
9.27966e-05
8.25676e-07
9.26641e-05
4.11459e-07
9.2577e-05
1.32174e-15
9.25338e-05
-4.11459e-07
9.25338e-05
-8.25676e-07
9.2577e-05
-1.24534e-06
9.26641e-05
-1.67297e-06
9.27966e-05
-2.11075e-06
9.29762e-05
-2.56021e-06
9.32046e-05
-3.02179e-06
9.3482e-05
-3.49413e-06
9.38059e-05
-3.973e-06
9.41677e-05
-4.44991e-06
9.45487e-05
-4.91037e-06
9.49135e-05
-5.33198e-06
9.52005e-05
-5.68295e-06
9.53105e-05
-5.92188e-06
9.50931e-05
-6.00022e-06
9.43347e-05
-5.86901e-06
9.27532e-05
-5.49068e-06
9.00069e-05
-4.85497e-06
8.57279e-05
-3.9947e-06
7.95824e-05
-2.99356e-06
7.13546e-05
-1.97794e-06
6.10311e-05
-1.08904e-06
4.88538e-05
-4.41859e-07
3.53086e-05
-8.81294e-08
2.10408e-05
6.7319e-06
6.92978e-08
6.66261e-06
3.61993e-07
2.07481e-05
9.11731e-07
3.47588e-05
1.6846e-06
4.80809e-05
2.58896e-06
6.01268e-05
3.50402e-06
7.04395e-05
4.31472e-06
7.87717e-05
4.93826e-06
8.51044e-05
5.335e-06
8.96102e-05
5.50488e-06
9.25833e-05
5.47545e-06
9.43642e-05
5.28798e-06
9.52805e-05
4.98623e-06
9.56122e-05
4.60933e-06
9.55774e-05
4.18852e-06
9.53343e-05
3.74661e-06
9.49907e-05
3.29894e-06
9.46154e-05
2.85491e-06
9.42499e-05
2.41958e-06
9.39174e-05
1.99497e-06
9.36292e-05
1.58111e-06
9.339e-05
1.17682e-06
9.32008e-05
7.80152e-07
9.30607e-05
3.88739e-07
9.29684e-05
1.29417e-15
9.29226e-05
-3.88739e-07
9.29226e-05
-7.80152e-07
9.29684e-05
-1.17682e-06
9.30607e-05
-1.58111e-06
9.32008e-05
-1.99497e-06
9.339e-05
-2.41958e-06
9.36292e-05
-2.85491e-06
9.39174e-05
-3.29894e-06
9.42499e-05
-3.74661e-06
9.46154e-05
-4.18852e-06
9.49907e-05
-4.60933e-06
9.53343e-05
-4.98623e-06
9.55774e-05
-5.28798e-06
9.56122e-05
-5.47545e-06
9.52805e-05
-5.50488e-06
9.43642e-05
-5.335e-06
9.25833e-05
-4.93826e-06
8.96102e-05
-4.31472e-06
8.51044e-05
-3.50402e-06
7.87717e-05
-2.58896e-06
7.04395e-05
-1.6846e-06
6.01268e-05
-9.11731e-07
4.80809e-05
-3.61993e-07
3.47588e-05
-6.92978e-08
2.07481e-05
6.66261e-06
5.23208e-08
6.61028e-06
2.90259e-07
2.05102e-05
7.51682e-07
3.42974e-05
1.41718e-06
4.74154e-05
2.21512e-06
5.93288e-05
3.04339e-06
6.96113e-05
3.79872e-06
7.80164e-05
4.40119e-06
8.45019e-05
4.80673e-06
8.92047e-05
5.0069e-06
9.23831e-05
5.02019e-06
9.43509e-05
4.8804e-06
9.54203e-05
4.62617e-06
9.58664e-05
4.29378e-06
9.59098e-05
3.9134e-06
9.57147e-05
3.50782e-06
9.53962e-05
3.09292e-06
9.50303e-05
2.67882e-06
9.4664e-05
2.27131e-06
9.43249e-05
1.87301e-06
9.40275e-05
1.48446e-06
9.37786e-05
1.10479e-06
9.35805e-05
7.32327e-07
9.34332e-05
3.6488e-07
9.33358e-05
1.25976e-15
9.32874e-05
-3.6488e-07
9.32874e-05
-7.32327e-07
9.33358e-05
-1.10479e-06
9.34332e-05
-1.48446e-06
9.35805e-05
-1.87301e-06
9.37786e-05
-2.27131e-06
9.40275e-05
-2.67882e-06
9.43249e-05
-3.09292e-06
9.4664e-05
-3.50782e-06
9.50303e-05
-3.9134e-06
9.53962e-05
-4.29378e-06
9.57147e-05
-4.62617e-06
9.59098e-05
-4.8804e-06
9.58664e-05
-5.02019e-06
9.54203e-05
-5.0069e-06
9.43509e-05
-4.80673e-06
9.23831e-05
-4.40119e-06
8.92047e-05
-3.79872e-06
8.45019e-05
-3.04339e-06
7.80164e-05
-2.21512e-06
6.96113e-05
-1.41718e-06
5.93288e-05
-7.51682e-07
4.74154e-05
-2.90259e-07
3.42974e-05
-5.23208e-08
2.05102e-05
6.61028e-06
3.68745e-08
6.57341e-06
2.25302e-07
2.03218e-05
6.06274e-07
3.39164e-05
1.17229e-06
4.68494e-05
1.86889e-06
5.86322e-05
2.61094e-06
6.88692e-05
3.30691e-06
7.73204e-05
3.88117e-06
8.39276e-05
4.28721e-06
8.87986e-05
4.50995e-06
9.21604e-05
4.55992e-06
9.43009e-05
4.46377e-06
9.55165e-05
4.25489e-06
9.60753e-05
3.96636e-06
9.61983e-05
3.62674e-06
9.60543e-05
3.25843e-06
9.57645e-05
2.87753e-06
9.54112e-05
2.49473e-06
9.50468e-05
2.11638e-06
9.47032e-05
1.74569e-06
9.43982e-05
1.38362e-06
9.41407e-05
1.0297e-06
9.39344e-05
6.82503e-07
9.37804e-05
3.40034e-07
9.36783e-05
1.21949e-15
9.36275e-05
-3.40034e-07
9.36275e-05
-6.82503e-07
9.36783e-05
-1.0297e-06
9.37804e-05
-1.38362e-06
9.39344e-05
-1.74569e-06
9.41407e-05
-2.11638e-06
9.43982e-05
-2.49473e-06
9.47032e-05
-2.87753e-06
9.50468e-05
-3.25843e-06
9.54112e-05
-3.62674e-06
9.57645e-05
-3.96636e-06
9.60543e-05
-4.25489e-06
9.61983e-05
-4.46377e-06
9.60753e-05
-4.55992e-06
9.55165e-05
-4.50995e-06
9.43009e-05
-4.28721e-06
9.21604e-05
-3.88117e-06
8.87986e-05
-3.30691e-06
8.39276e-05
-2.61094e-06
7.73204e-05
-1.86889e-06
6.88692e-05
-1.17229e-06
5.86322e-05
-6.06274e-07
4.68494e-05
-2.25302e-07
3.39164e-05
-3.68745e-08
2.03218e-05
6.57341e-06
2.26938e-08
6.55072e-06
1.65993e-07
2.01785e-05
4.73261e-07
3.36091e-05
9.46912e-07
4.63757e-05
1.54732e-06
5.80318e-05
2.20463e-06
6.82119e-05
2.83875e-06
7.66863e-05
3.37929e-06
8.33871e-05
3.77884e-06
8.83991e-05
4.01722e-06
9.1922e-05
4.0981e-06
9.422e-05
4.04148e-06
9.55731e-05
3.8755e-06
9.62413e-05
3.62972e-06
9.64441e-05
3.33079e-06
9.63532e-05
3.00032e-06
9.6095e-05
2.65436e-06
9.57571e-05
2.30392e-06
9.53973e-05
1.95585e-06
9.50513e-05
1.61383e-06
9.47402e-05
1.27928e-06
9.44752e-05
9.52054e-07
9.42617e-05
6.31005e-07
9.41015e-05
3.14361e-07
9.3995e-05
1.17447e-15
9.39418e-05
-3.14361e-07
9.39418e-05
-6.31005e-07
9.3995e-05
-9.52054e-07
9.41015e-05
-1.27928e-06
9.42617e-05
-1.61383e-06
9.44752e-05
-1.95585e-06
9.47402e-05
-2.30392e-06
9.50513e-05
-2.65436e-06
9.53973e-05
-3.00032e-06
9.57571e-05
-3.33079e-06
9.6095e-05
-3.62972e-06
9.63532e-05
-3.8755e-06
9.64441e-05
-4.04148e-06
9.62413e-05
-4.0981e-06
9.55731e-05
-4.01722e-06
9.422e-05
-3.77884e-06
9.1922e-05
-3.37929e-06
8.83991e-05
-2.83875e-06
8.33871e-05
-2.20463e-06
7.66863e-05
-1.54732e-06
6.82119e-05
-9.46912e-07
5.80318e-05
-4.73261e-07
4.63757e-05
-1.65993e-07
3.36091e-05
-2.26938e-08
2.01785e-05
6.55072e-06
9.556e-09
6.54116e-06
1.11368e-07
2.00767e-05
3.50689e-07
3.33698e-05
7.38347e-07
4.59881e-05
1.24759e-06
5.75226e-05
1.82232e-06
6.76372e-05
2.39337e-06
7.61153e-05
2.89609e-06
8.28844e-05
3.28342e-06
8.80117e-05
3.5314e-06
9.1674e-05
3.63785e-06
9.41136e-05
3.6167e-06
9.55943e-05
3.49096e-06
9.6367e-05
3.28654e-06
9.66485e-05
3.02786e-06
9.66119e-05
2.73544e-06
9.63875e-05
2.42502e-06
9.60676e-05
2.10775e-06
9.57145e-05
1.79083e-06
9.53682e-05
1.47835e-06
9.50527e-05
1.17213e-06
9.47814e-05
8.72359e-07
9.45614e-05
5.78174e-07
9.43956e-05
2.88032e-07
9.42851e-05
1.12583e-15
9.42299e-05
-2.88032e-07
9.42299e-05
-5.78174e-07
9.42851e-05
-8.72359e-07
9.43956e-05
-1.17213e-06
9.45614e-05
-1.47835e-06
9.47814e-05
-1.79083e-06
9.50527e-05
-2.10775e-06
9.53682e-05
-2.42502e-06
9.57145e-05
-2.73544e-06
9.60676e-05
-3.02786e-06
9.63875e-05
-3.28654e-06
9.66119e-05
-3.49096e-06
9.66485e-05
-3.6167e-06
9.6367e-05
-3.63785e-06
9.55943e-05
-3.5314e-06
9.41136e-05
-3.28342e-06
9.1674e-05
-2.89609e-06
8.80117e-05
-2.39337e-06
8.28844e-05
-1.82232e-06
7.61153e-05
-1.24759e-06
6.76372e-05
-7.38347e-07
5.75226e-05
-3.50689e-07
4.59881e-05
-1.11368e-07
3.33698e-05
-9.55599e-09
2.00767e-05
6.54116e-06
-2.73309e-09
6.54389e-06
6.05814e-08
2.00133e-05
2.3682e-07
3.31936e-05
5.44121e-07
4.56808e-05
9.67037e-07
5.70996e-05
1.46183e-06
6.71424e-05
1.9696e-06
7.56075e-05
2.4317e-06
8.24223e-05
2.80228e-06
8.76412e-05
3.05471e-06
9.14216e-05
3.18191e-06
9.39864e-05
3.19234e-06
9.55838e-05
3.1041e-06
9.64553e-05
2.93941e-06
9.68132e-05
2.72024e-06
9.68311e-05
2.46576e-06
9.66419e-05
2.19119e-06
9.63421e-05
1.90762e-06
9.59981e-05
1.62247e-06
9.56534e-05
1.34018e-06
9.5335e-05
1.06289e-06
9.50587e-05
7.91153e-07
9.48332e-05
5.24364e-07
9.46624e-05
2.61222e-07
9.45482e-05
1.07457e-15
9.44911e-05
-2.61222e-07
9.44911e-05
-5.24364e-07
9.45482e-05
-7.91153e-07
9.46624e-05
-1.06289e-06
9.48332e-05
-1.34018e-06
9.50587e-05
-1.62247e-06
9.5335e-05
-1.90762e-06
9.56534e-05
-2.19119e-06
9.59981e-05
-2.46576e-06
9.63421e-05
-2.72024e-06
9.66419e-05
-2.93941e-06
9.68311e-05
-3.1041e-06
9.68132e-05
-3.19234e-06
9.64553e-05
-3.18191e-06
9.55838e-05
-3.05471e-06
9.39864e-05
-2.80228e-06
9.14216e-05
-2.4317e-06
8.76412e-05
-1.9696e-06
8.24223e-05
-1.46183e-06
7.56075e-05
-9.67037e-07
6.71424e-05
-5.44121e-07
5.70996e-05
-2.3682e-07
4.56808e-05
-6.05814e-08
3.31936e-05
2.7331e-09
2.00133e-05
6.54389e-06
-1.43501e-08
6.55824e-06
1.28664e-08
1.99861e-05
1.30069e-07
3.30764e-05
3.61948e-07
4.54489e-05
7.0311e-07
5.67585e-05
1.12095e-06
6.67245e-05
1.56608e-06
7.51624e-05
1.98588e-06
8.20025e-05
2.3363e-06
8.72907e-05
2.58894e-06
9.1169e-05
2.73266e-06
9.38426e-05
2.77103e-06
9.55455e-05
2.71758e-06
9.65087e-05
2.59081e-06
9.694e-05
2.41015e-06
9.70117e-05
2.19324e-06
9.68588e-05
1.95454e-06
9.65808e-05
1.70493e-06
9.62477e-05
1.45194e-06
9.59064e-05
1.20024e-06
9.55867e-05
9.52315e-07
9.53067e-05
7.08981e-07
9.50765e-05
4.69933e-07
9.49015e-05
2.34108e-07
9.47841e-05
1.02189e-15
9.47252e-05
-2.34108e-07
9.47252e-05
-4.69933e-07
9.47841e-05
-7.08981e-07
9.49015e-05
-9.52315e-07
9.50765e-05
-1.20024e-06
9.53067e-05
-1.45194e-06
9.55867e-05
-1.70493e-06
9.59064e-05
-1.95454e-06
9.62477e-05
-2.19324e-06
9.65808e-05
-2.41015e-06
9.68588e-05
-2.59081e-06
9.70117e-05
-2.71758e-06
9.694e-05
-2.77103e-06
9.65087e-05
-2.73266e-06
9.55455e-05
-2.58894e-06
9.38426e-05
-2.3363e-06
9.1169e-05
-1.98588e-06
8.72907e-05
-1.56608e-06
8.20025e-05
-1.12095e-06
7.51624e-05
-7.0311e-07
6.67245e-05
-3.61948e-07
5.67585e-05
-1.30069e-07
4.54489e-05
-1.28663e-08
3.30764e-05
1.43501e-08
1.99861e-05
6.55824e-06
-2.54654e-08
6.58371e-06
-3.25013e-08
1.99932e-05
2.89478e-08
3.30149e-05
1.89673e-07
4.52882e-05
4.53362e-07
5.64948e-05
7.97446e-07
6.63805e-05
1.18131e-06
7.47785e-05
1.55811e-06
8.16257e-05
1.886e-06
8.69629e-05
2.13548e-06
9.09195e-05
2.29211e-06
9.3686e-05
2.35514e-06
9.54824e-05
2.33382e-06
9.653e-05
2.24308e-06
9.70307e-05
2.09975e-06
9.71551e-05
1.91978e-06
9.70388e-05
1.71672e-06
9.67839e-05
1.50109e-06
9.64633e-05
1.28039e-06
9.6127e-05
1.0595e-06
9.58076e-05
8.41123e-07
9.5525e-05
6.26384e-07
9.52912e-05
4.15237e-07
9.51126e-05
2.06869e-07
9.49924e-05
9.68646e-16
9.49321e-05
-2.06869e-07
9.49321e-05
-4.15237e-07
9.49924e-05
-6.26384e-07
9.51126e-05
-8.41123e-07
9.52912e-05
-1.0595e-06
9.5525e-05
-1.28039e-06
9.58076e-05
-1.50109e-06
9.6127e-05
-1.71672e-06
9.64633e-05
-1.91978e-06
9.67839e-05
-2.09975e-06
9.70388e-05
-2.24308e-06
9.71551e-05
-2.33382e-06
9.70307e-05
-2.35514e-06
9.653e-05
-2.29211e-06
9.54824e-05
-2.13548e-06
9.3686e-05
-1.886e-06
9.09195e-05
-1.55811e-06
8.69629e-05
-1.18131e-06
8.16257e-05
-7.97446e-07
7.47785e-05
-4.53362e-07
6.63805e-05
-1.89673e-07
5.64948e-05
-2.89478e-08
4.52882e-05
3.25013e-08
3.30149e-05
2.54654e-08
1.99932e-05
6.58371e-06
-3.62538e-08
6.61996e-06
-7.624e-08
2.00331e-05
-6.79881e-08
3.30067e-05
2.52148e-08
4.5195e-05
2.15422e-07
5.63046e-05
4.89122e-07
6.61068e-05
8.13656e-07
7.4454e-05
1.14766e-06
8.12917e-05
1.4516e-06
8.66589e-05
1.69541e-06
9.06757e-05
1.86196e-06
9.35195e-05
1.94672e-06
9.53977e-05
1.95503e-06
9.65217e-05
1.89842e-06
9.70873e-05
1.79108e-06
9.72624e-05
1.64721e-06
9.71827e-05
1.47931e-06
9.69518e-05
1.29744e-06
9.66452e-05
1.10897e-06
9.63155e-05
9.18855e-07
9.59977e-05
7.30043e-07
9.57138e-05
5.43895e-07
9.54774e-05
3.60628e-07
9.52959e-05
1.79678e-07
9.51734e-05
9.1593e-16
9.51117e-05
-1.79678e-07
9.51117e-05
-3.60628e-07
9.51734e-05
-5.43895e-07
9.52959e-05
-7.30043e-07
9.54774e-05
-9.18855e-07
9.57138e-05
-1.10897e-06
9.59977e-05
-1.29744e-06
9.63155e-05
-1.47931e-06
9.66452e-05
-1.64721e-06
9.69518e-05
-1.79108e-06
9.71827e-05
-1.89842e-06
9.72624e-05
-1.95503e-06
9.70873e-05
-1.94672e-06
9.65217e-05
-1.86196e-06
9.53977e-05
-1.69541e-06
9.35195e-05
-1.4516e-06
9.06757e-05
-1.14766e-06
8.66589e-05
-8.13656e-07
8.12917e-05
-4.89122e-07
7.4454e-05
-2.15422e-07
6.61068e-05
-2.52148e-08
5.63046e-05
6.79882e-08
4.5195e-05
7.624e-08
3.30067e-05
3.62538e-08
2.00331e-05
6.61996e-06
-4.69064e-08
6.66687e-06
-1.19098e-07
2.01053e-05
-1.62195e-07
3.30498e-05
-1.33475e-07
4.51662e-05
-1.30359e-08
5.61841e-05
1.93792e-07
6.58999e-05
4.61471e-07
7.41863e-05
7.53628e-07
8.09995e-05
1.03307e-06
8.63795e-05
1.2695e-06
9.04392e-05
1.4436e-06
9.33454e-05
1.54756e-06
9.52937e-05
1.5832e-06
9.64861e-05
1.55881e-06
9.71117e-05
1.48603e-06
9.73352e-05
1.37725e-06
9.72915e-05
1.24386e-06
9.70852e-05
1.0953e-06
9.67938e-05
9.38753e-07
9.64721e-05
7.79211e-07
9.61572e-05
6.19773e-07
9.58733e-05
4.62029e-07
9.56351e-05
3.06446e-07
9.54515e-05
1.52704e-07
9.53271e-05
8.64216e-16
9.52644e-05
-1.52704e-07
9.52644e-05
-3.06446e-07
9.53271e-05
-4.62029e-07
9.54515e-05
-6.19773e-07
9.56351e-05
-7.79211e-07
9.58733e-05
-9.38753e-07
9.61572e-05
-1.0953e-06
9.64721e-05
-1.24386e-06
9.67938e-05
-1.37725e-06
9.70852e-05
-1.48603e-06
9.72915e-05
-1.55881e-06
9.73352e-05
-1.5832e-06
9.71117e-05
-1.54756e-06
9.64861e-05
-1.4436e-06
9.52937e-05
-1.2695e-06
9.33454e-05
-1.03307e-06
9.04392e-05
-7.53628e-07
8.63795e-05
-4.61471e-07
8.09995e-05
-1.93792e-07
7.41863e-05
1.30359e-08
6.58999e-05
1.33475e-07
5.61841e-05
1.62195e-07
4.51662e-05
1.19098e-07
3.30498e-05
4.69064e-08
2.01053e-05
6.66687e-06
-5.76469e-08
6.72452e-06
-1.61897e-07
2.02096e-05
-2.55196e-07
3.31431e-05
-2.8846e-07
4.51995e-05
-2.34301e-07
5.613e-05
-9.06937e-08
6.57563e-05
1.23076e-07
7.39725e-05
3.75055e-07
8.07475e-05
6.30233e-07
8.61243e-05
8.583e-07
9.02112e-05
1.03817e-06
9.31655e-05
1.15923e-06
9.51727e-05
1.22009e-06
9.64252e-05
1.22607e-06
9.71057e-05
1.18636e-06
9.73749e-05
1.11152e-06
9.73663e-05
1.01178e-06
9.71849e-05
8.95905e-07
9.69096e-05
7.70799e-07
9.65972e-05
6.41418e-07
9.62866e-05
5.10982e-07
9.60037e-05
3.81282e-07
9.57648e-05
2.53016e-07
9.55797e-05
1.26109e-07
9.5454e-05
8.14194e-16
9.53906e-05
-1.26109e-07
9.53906e-05
-2.53016e-07
9.5454e-05
-3.81282e-07
9.55797e-05
-5.10982e-07
9.57648e-05
-6.41418e-07
9.60037e-05
-7.70799e-07
9.62866e-05
-8.95905e-07
9.65972e-05
-1.01178e-06
9.69096e-05
-1.11152e-06
9.71849e-05
-1.18636e-06
9.73663e-05
-1.22607e-06
9.73749e-05
-1.22009e-06
9.71057e-05
-1.15923e-06
9.64252e-05
-1.03817e-06
9.51727e-05
-8.583e-07
9.31655e-05
-6.30233e-07
9.02112e-05
-3.75055e-07
8.61243e-05
-1.23076e-07
8.07475e-05
9.06937e-08
7.39725e-05
2.34301e-07
6.57563e-05
2.8846e-07
5.613e-05
2.55196e-07
4.51995e-05
1.61897e-07
3.31431e-05
5.76469e-08
2.02096e-05
6.72452e-06
-6.87537e-08
6.79327e-06
-2.05577e-07
2.03464e-05
-3.48634e-07
3.32861e-05
-4.41862e-07
4.52927e-05
-4.50641e-07
5.61388e-05
-3.66422e-07
6.56721e-05
-2.03164e-07
7.38093e-05
1.09384e-08
8.05334e-05
2.42795e-07
8.58924e-05
4.62194e-07
8.99918e-05
6.46624e-07
9.29811e-05
7.83049e-07
9.50362e-05
8.67266e-07
9.6341e-05
9.01854e-07
9.70711e-05
8.93669e-07
9.73831e-05
8.51523e-07
9.74084e-05
7.8442e-07
9.7252e-05
7.00424e-07
9.69936e-05
6.06087e-07
9.66915e-05
5.0628e-07
9.63864e-05
4.04303e-07
9.61057e-05
3.0212e-07
9.5867e-05
2.00646e-07
9.56812e-05
1.00046e-07
9.55546e-05
7.65532e-16
9.54906e-05
-1.00046e-07
9.54906e-05
-2.00646e-07
9.55546e-05
-3.0212e-07
9.56812e-05
-4.04303e-07
9.5867e-05
-5.0628e-07
9.61057e-05
-6.06087e-07
9.63864e-05
-7.00424e-07
9.66915e-05
-7.8442e-07
9.69936e-05
-8.51523e-07
9.7252e-05
-8.93669e-07
9.74084e-05
-9.01854e-07
9.73831e-05
-8.67266e-07
9.70711e-05
-7.83049e-07
9.6341e-05
-6.46624e-07
9.50362e-05
-4.62194e-07
9.29811e-05
-2.42795e-07
8.99918e-05
-1.09384e-08
8.58924e-05
2.03164e-07
8.05334e-05
3.66422e-07
7.38093e-05
4.50641e-07
6.56721e-05
4.41863e-07
5.61388e-05
3.48634e-07
4.52927e-05
2.05577e-07
3.32861e-05
6.87537e-08
2.03464e-05
6.79327e-06
-8.05899e-08
6.87386e-06
-2.51261e-07
2.05171e-05
-4.44328e-07
3.34792e-05
-5.95886e-07
4.54443e-05
-6.64298e-07
5.62072e-05
-6.35388e-07
6.56432e-05
-5.18788e-07
7.36927e-05
-3.39681e-07
8.03543e-05
-1.2957e-07
8.56823e-05
8.14534e-08
8.97808e-05
2.69728e-07
9.27928e-05
4.20167e-07
9.48858e-05
5.26092e-07
9.62351e-05
5.87612e-07
9.70096e-05
6.09415e-07
9.73613e-05
5.98616e-07
9.74192e-05
5.6302e-07
9.72876e-05
5.09939e-07
9.70467e-05
4.45535e-07
9.67559e-05
3.74551e-07
9.64574e-05
3.0033e-07
9.61799e-05
2.24982e-07
9.59424e-05
1.49627e-07
9.57566e-05
7.46589e-08
9.56296e-05
7.18118e-16
9.55653e-05
-7.46589e-08
9.55653e-05
-1.49627e-07
9.56296e-05
-2.24982e-07
9.57566e-05
-3.0033e-07
9.59424e-05
-3.74551e-07
9.61799e-05
-4.45535e-07
9.64574e-05
-5.09939e-07
9.67559e-05
-5.6302e-07
9.70467e-05
-5.98616e-07
9.72876e-05
-6.09415e-07
9.74192e-05
-5.87612e-07
9.73613e-05
-5.26092e-07
9.70096e-05
-4.20167e-07
9.62351e-05
-2.69728e-07
9.48858e-05
-8.14534e-08
9.27928e-05
1.2957e-07
8.97808e-05
3.39681e-07
8.56823e-05
5.18788e-07
8.03543e-05
6.35388e-07
7.36927e-05
6.64298e-07
6.56432e-05
5.95886e-07
5.62072e-05
4.44328e-07
4.54443e-05
2.51261e-07
3.34792e-05
8.05899e-08
2.05171e-05
6.87386e-06
-9.36478e-08
6.96751e-06
-3.00324e-07
2.07238e-05
-5.44328e-07
3.37232e-05
-7.5283e-07
4.56528e-05
-8.77465e-07
5.63318e-05
-8.99444e-07
6.56652e-05
-8.25182e-07
7.36184e-05
-6.77654e-07
8.02068e-05
-4.87162e-07
8.54918e-05
-2.83696e-07
8.95773e-05
-9.1849e-08
9.26009e-05
7.15827e-08
9.47224e-05
1.97782e-07
9.61089e-05
2.84656e-07
9.69227e-05
3.34911e-07
9.7311e-05
3.54052e-07
9.74001e-05
3.48712e-07
9.7293e-05
3.25447e-07
9.707e-05
2.89995e-07
9.67914e-05
2.46933e-07
9.65004e-05
1.99616e-07
9.62272e-05
1.50277e-07
9.59917e-05
1.00227e-07
9.58066e-05
5.00812e-08
9.56797e-05
6.70255e-16
9.56153e-05
-5.00812e-08
9.56153e-05
-1.00227e-07
9.56797e-05
-1.50277e-07
9.58066e-05
-1.99616e-07
9.59917e-05
-2.46933e-07
9.62272e-05
-2.89995e-07
9.65004e-05
-3.25447e-07
9.67914e-05
-3.48712e-07
9.707e-05
-3.54052e-07
9.7293e-05
-3.34911e-07
9.74001e-05
-2.84656e-07
9.7311e-05
-1.97782e-07
9.69227e-05
-7.15827e-08
9.61089e-05
9.1849e-08
9.47224e-05
2.83696e-07
9.26009e-05
4.87162e-07
8.95773e-05
6.77654e-07
8.54918e-05
8.25182e-07
8.02068e-05
8.99444e-07
7.36184e-05
8.77465e-07
6.56652e-05
7.5283e-07
5.63318e-05
5.44328e-07
4.56528e-05
3.00324e-07
3.37232e-05
9.36478e-08
2.07238e-05
6.96751e-06
-1.08609e-07
7.07612e-06
-3.54481e-07
2.09696e-05
-6.50963e-07
3.40197e-05
-9.15077e-07
4.59169e-05
-1.09222e-06
5.65089e-05
-1.16023e-06
6.57332e-05
-1.1235e-06
7.35817e-05
-1.00365e-06
8.00869e-05
-8.3018e-07
8.53184e-05
-6.33024e-07
8.93801e-05
-4.37501e-07
9.24054e-05
-2.61811e-07
9.45467e-05
-1.16583e-07
9.59637e-05
-5.8362e-09
9.6812e-05
7.13402e-08
9.72339e-05
1.18961e-07
9.73525e-05
1.42538e-07
9.72694e-05
1.47868e-07
9.70646e-05
1.4025e-07
9.6799e-05
1.24071e-07
9.65166e-05
1.02671e-07
9.62486e-05
7.83846e-08
9.6016e-05
5.26965e-08
9.58323e-05
2.64369e-08
9.5706e-05
6.20719e-16
9.56418e-05
-2.64369e-08
9.56418e-05
-5.26965e-08
9.5706e-05
-7.83846e-08
9.58323e-05
-1.02671e-07
9.6016e-05
-1.24071e-07
9.62486e-05
-1.4025e-07
9.65166e-05
-1.47868e-07
9.6799e-05
-1.42538e-07
9.70646e-05
-1.18961e-07
9.72694e-05
-7.13402e-08
9.73525e-05
5.8362e-09
9.72339e-05
1.16583e-07
9.6812e-05
2.61811e-07
9.59637e-05
4.37501e-07
9.45467e-05
6.33024e-07
9.24054e-05
8.3018e-07
8.93801e-05
1.00365e-06
8.53184e-05
1.1235e-06
8.00869e-05
1.16023e-06
7.35817e-05
1.09222e-06
6.57332e-05
9.15077e-07
5.65089e-05
6.50963e-07
4.59169e-05
3.54481e-07
3.40197e-05
1.08609e-07
2.09696e-05
7.07612e-06
-1.26429e-07
7.20255e-06
-4.15886e-07
2.12591e-05
-7.66858e-07
3.43707e-05
-1.08503e-06
4.62351e-05
-1.31044e-06
5.67344e-05
-1.41905e-06
6.58418e-05
-1.41457e-06
7.35772e-05
-1.31807e-06
7.99904e-05
-1.15865e-06
8.5159e-05
-9.66222e-07
8.91877e-05
-7.66633e-07
9.22058e-05
-5.79189e-07
9.43592e-05
-4.1602e-07
9.58005e-05
-2.82803e-07
9.66788e-05
-1.80221e-07
9.71313e-05
-1.05623e-07
9.72779e-05
-5.45559e-08
9.72183e-05
-2.19587e-08
9.7032e-05
-2.97847e-09
9.678e-05
6.56238e-09
9.65071e-05
9.96597e-09
9.62452e-05
9.65269e-09
9.60163e-05
7.26585e-09
9.58347e-05
3.84069e-09
9.57094e-05
5.65867e-16
9.56456e-05
-3.84069e-09
9.56456e-05
-7.26585e-09
9.57094e-05
-9.65269e-09
9.58347e-05
-9.96597e-09
9.60163e-05
-6.56238e-09
9.62452e-05
2.97847e-09
9.65071e-05
2.19587e-08
9.678e-05
5.45559e-08
9.7032e-05
1.05623e-07
9.72183e-05
1.80221e-07
9.72779e-05
2.82803e-07
9.71313e-05
4.1602e-07
9.66788e-05
5.79189e-07
9.58005e-05
7.66633e-07
9.43592e-05
9.66222e-07
9.22058e-05
1.15865e-06
8.91877e-05
1.31807e-06
8.5159e-05
1.41457e-06
7.99904e-05
1.41905e-06
7.35772e-05
1.31044e-06
6.58418e-05
1.08503e-06
5.67344e-05
7.66858e-07
4.62351e-05
4.15886e-07
3.43707e-05
1.26429e-07
2.12591e-05
7.20255e-06
-1.48457e-07
7.351e-06
-4.87224e-07
2.15979e-05
-8.94907e-07
3.47783e-05
-1.26499e-06
4.66052e-05
-1.53363e-06
5.7003e-05
-1.67677e-06
6.59849e-05
-1.69877e-06
7.35992e-05
-1.62097e-06
7.99126e-05
-1.47238e-06
8.50104e-05
-1.28286e-06
8.89982e-05
-1.07861e-06
9.20016e-05
-8.79748e-07
9.41604e-05
-6.99611e-07
9.56204e-05
-5.45267e-07
9.65244e-05
-4.18787e-07
9.70048e-05
-3.18755e-07
9.71779e-05
-2.41698e-07
9.71412e-05
-1.83258e-07
9.69736e-05
-1.39026e-07
9.67358e-05
-1.05044e-07
9.64731e-05
-7.8063e-08
9.62182e-05
-5.55959e-08
9.59938e-05
-3.58523e-08
9.5815e-05
-1.76017e-08
9.56912e-05
5.03192e-16
9.5628e-05
1.76017e-08
9.5628e-05
3.58523e-08
9.56912e-05
5.55959e-08
9.5815e-05
7.8063e-08
9.59938e-05
1.05044e-07
9.62182e-05
1.39026e-07
9.64731e-05
1.83258e-07
9.67358e-05
2.41698e-07
9.69736e-05
3.18755e-07
9.71412e-05
4.18787e-07
9.71779e-05
5.45267e-07
9.70048e-05
6.99611e-07
9.65244e-05
8.79748e-07
9.56204e-05
1.07861e-06
9.41604e-05
1.28286e-06
9.20016e-05
1.47238e-06
8.89982e-05
1.62097e-06
8.50104e-05
1.69877e-06
7.99126e-05
1.67677e-06
7.35992e-05
1.53363e-06
6.59849e-05
1.26499e-06
5.7003e-05
8.94907e-07
4.66052e-05
4.87224e-07
3.47783e-05
1.48457e-07
2.15979e-05
7.351e-06
-1.7658e-07
7.52758e-06
-5.71778e-07
2.19931e-05
-1.03815e-06
3.52447e-05
-1.45692e-06
4.70239e-05
-1.7627e-06
5.73088e-05
-1.93357e-06
6.61558e-05
-1.97592e-06
7.36415e-05
-1.91197e-06
7.98487e-05
-1.77085e-06
8.48692e-05
-1.5823e-06
8.88096e-05
-1.37269e-06
9.1792e-05
-1.16266e-06
9.39503e-05
-9.66464e-07
9.54242e-05
-7.92302e-07
9.63502e-05
-6.43442e-07
9.68559e-05
-5.1956e-07
9.7054e-05
-4.18083e-07
9.70398e-05
-3.35316e-07
9.68908e-05
-2.67277e-07
9.66677e-05
-2.10239e-07
9.64161e-05
-1.61015e-07
9.6169e-05
-1.17064e-07
9.59499e-05
-7.64616e-08
9.57744e-05
-3.77932e-08
9.56525e-05
4.26553e-16
9.55902e-05
3.77932e-08
9.55902e-05
7.64616e-08
9.56525e-05
1.17064e-07
9.57744e-05
1.61015e-07
9.59499e-05
2.10239e-07
9.6169e-05
2.67277e-07
9.64161e-05
3.35316e-07
9.66677e-05
4.18083e-07
9.68908e-05
5.1956e-07
9.70398e-05
6.43442e-07
9.7054e-05
7.92302e-07
9.68559e-05
9.66464e-07
9.63502e-05
1.16266e-06
9.54242e-05
1.37269e-06
9.39503e-05
1.5823e-06
9.1792e-05
1.77085e-06
8.88096e-05
1.91197e-06
8.48692e-05
1.97592e-06
7.98487e-05
1.93357e-06
7.36415e-05
1.7627e-06
6.61558e-05
1.45692e-06
5.73088e-05
1.03815e-06
4.70239e-05
5.71778e-07
3.52447e-05
1.7658e-07
2.19931e-05
7.52758e-06
-2.13394e-07
7.74098e-06
-6.73398e-07
2.24531e-05
-1.19945e-06
3.57708e-05
-1.66204e-06
4.74865e-05
-1.9976e-06
5.76443e-05
-2.18876e-06
6.6347e-05
-2.24508e-06
7.36979e-05
-2.1901e-06
7.97937e-05
-2.05312e-06
8.47323e-05
-1.86367e-06
8.86202e-05
-1.64799e-06
9.15763e-05
-1.42703e-06
9.37294e-05
-1.21565e-06
9.52128e-05
-1.02299e-06
9.61576e-05
-8.53292e-07
9.66862e-05
-7.07199e-07
9.69079e-05
-5.82946e-07
9.69155e-05
-4.77456e-07
9.67854e-05
-3.87158e-07
9.65774e-05
-3.08548e-07
9.63375e-05
-2.38514e-07
9.6099e-05
-1.74474e-07
9.58858e-05
-1.1438e-07
9.57143e-05
-5.66431e-08
9.55948e-05
3.3218e-16
9.55336e-05
5.66431e-08
9.55336e-05
1.1438e-07
9.55948e-05
1.74474e-07
9.57143e-05
2.38514e-07
9.58858e-05
3.08548e-07
9.6099e-05
3.87158e-07
9.63375e-05
4.77456e-07
9.65774e-05
5.82946e-07
9.67854e-05
7.07199e-07
9.69155e-05
8.53292e-07
9.69079e-05
1.02299e-06
9.66862e-05
1.21565e-06
9.61576e-05
1.42703e-06
9.52128e-05
1.64799e-06
9.37294e-05
1.86367e-06
9.15763e-05
2.05312e-06
8.86202e-05
2.1901e-06
8.47323e-05
2.24508e-06
7.97937e-05
2.18876e-06
7.36979e-05
1.9976e-06
6.6347e-05
1.66204e-06
5.76443e-05
1.19945e-06
4.74865e-05
6.73398e-07
3.57708e-05
2.13394e-07
2.24531e-05
7.74098e-06
-2.62398e-07
8.00337e-06
-7.96321e-07
2.2987e-05
-1.38103e-06
3.63555e-05
-1.88036e-06
4.79859e-05
-2.23703e-06
5.8001e-05
-2.44056e-06
6.65505e-05
-2.50448e-06
7.37618e-05
-2.45381e-06
7.9743e-05
-2.31787e-06
8.45963e-05
-2.12578e-06
8.84281e-05
-1.90346e-06
9.1354e-05
-1.67184e-06
9.34978e-05
-1.44623e-06
9.49872e-05
-1.23641e-06
9.59478e-05
-1.04747e-06
9.64973e-05
-8.80872e-07
9.67413e-05
-7.35569e-07
9.67702e-05
-6.09051e-07
9.66588e-05
-4.98133e-07
9.64665e-05
-3.99534e-07
9.62389e-05
-3.1022e-07
9.60097e-05
-2.27575e-07
9.58032e-05
-1.49442e-07
9.56361e-05
-7.40699e-08
9.55194e-05
2.1121e-16
9.54595e-05
7.407e-08
9.54595e-05
1.49442e-07
9.55194e-05
2.27575e-07
9.56361e-05
3.1022e-07
9.58032e-05
3.99534e-07
9.60097e-05
4.98133e-07
9.62389e-05
6.09051e-07
9.64665e-05
7.35569e-07
9.66588e-05
8.80872e-07
9.67702e-05
1.04747e-06
9.67413e-05
1.23641e-06
9.64973e-05
1.44623e-06
9.59478e-05
1.67184e-06
9.49872e-05
1.90346e-06
9.34978e-05
2.12578e-06
9.1354e-05
2.31787e-06
8.84281e-05
2.45381e-06
8.45963e-05
2.50448e-06
7.9743e-05
2.44056e-06
7.37618e-05
2.23703e-06
6.65505e-05
1.88036e-06
5.8001e-05
1.38103e-06
4.79859e-05
7.96321e-07
3.63555e-05
2.62398e-07
2.2987e-05
8.00337e-06
-3.28192e-07
8.33157e-06
-9.44613e-07
2.36034e-05
-1.5835e-06
3.69944e-05
-2.10979e-06
4.85122e-05
-2.47778e-06
5.8369e-05
-2.68567e-06
6.67584e-05
-2.75123e-06
7.38273e-05
-2.70069e-06
7.96925e-05
-2.56314e-06
8.44588e-05
-2.36702e-06
8.8232e-05
-2.13768e-06
9.11246e-05
-1.89587e-06
9.3256e-05
-1.65706e-06
9.47484e-05
-1.43154e-06
9.57222e-05
-1.22505e-06
9.62908e-05
-1.03974e-06
9.6556e-05
-8.75216e-07
9.66057e-05
-7.29469e-07
9.65131e-05
-5.99678e-07
9.63367e-05
-4.82774e-07
9.6122e-05
-3.75802e-07
9.59027e-05
-2.76127e-07
9.57035e-05
-1.81493e-07
9.55415e-05
-8.99973e-08
9.54279e-05
5.97576e-17
9.53695e-05
8.99973e-08
9.53695e-05
1.81493e-07
9.54279e-05
2.76127e-07
9.55415e-05
3.75802e-07
9.57035e-05
4.82774e-07
9.59027e-05
5.99678e-07
9.6122e-05
7.29469e-07
9.63367e-05
8.75216e-07
9.65131e-05
1.03974e-06
9.66057e-05
1.22505e-06
9.6556e-05
1.43154e-06
9.62908e-05
1.65706e-06
9.57222e-05
1.89587e-06
9.47484e-05
2.13768e-06
9.3256e-05
2.36702e-06
9.11246e-05
2.56314e-06
8.8232e-05
2.70069e-06
8.44588e-05
2.75123e-06
7.96925e-05
2.68567e-06
7.38273e-05
2.47778e-06
6.67584e-05
2.10979e-06
5.8369e-05
1.5835e-06
4.85122e-05
9.44613e-07
3.69944e-05
3.28192e-07
2.36034e-05
8.33157e-06
-4.16571e-07
8.74814e-06
-1.12095e-06
2.43078e-05
-1.80441e-06
3.76778e-05
-2.34523e-06
4.9053e-05
-2.71426e-06
5.8738e-05
-2.91911e-06
6.69632e-05
-2.98122e-06
7.38894e-05
-2.92745e-06
7.96387e-05
-2.78628e-06
8.43176e-05
-2.58521e-06
8.80309e-05
-2.34885e-06
9.08883e-05
-2.09755e-06
9.30047e-05
-1.84679e-06
9.44976e-05
-1.60718e-06
9.54826e-05
-1.38497e-06
9.60686e-05
-1.18289e-06
9.63539e-05
-1.0011e-06
9.64239e-05
-8.38056e-07
9.635e-05
-6.91259e-07
9.61899e-05
-5.57844e-07
9.59885e-05
-4.34941e-07
9.57798e-05
-3.19902e-07
9.55885e-05
-2.10385e-07
9.5432e-05
-1.04353e-07
9.53219e-05
-1.30516e-16
9.52652e-05
1.04353e-07
9.52652e-05
2.10385e-07
9.53219e-05
3.19902e-07
9.5432e-05
4.34941e-07
9.55885e-05
5.57844e-07
9.57798e-05
6.91259e-07
9.59885e-05
8.38056e-07
9.61899e-05
1.0011e-06
9.635e-05
1.18289e-06
9.64239e-05
1.38497e-06
9.63539e-05
1.60718e-06
9.60686e-05
1.84679e-06
9.54826e-05
2.09755e-06
9.44976e-05
2.34885e-06
9.30047e-05
2.58521e-06
9.08883e-05
2.78628e-06
8.80309e-05
2.92745e-06
8.43176e-05
2.98122e-06
7.96387e-05
2.91911e-06
7.38894e-05
2.71426e-06
6.69632e-05
2.34523e-06
5.8738e-05
1.80441e-06
4.9053e-05
1.12095e-06
3.76778e-05
4.16571e-07
2.43078e-05
8.74814e-06
-5.32718e-07
9.28086e-06
-1.32295e-06
2.5098e-05
-2.03538e-06
3.83903e-05
-2.57682e-06
4.95944e-05
-2.93761e-06
5.90988e-05
-3.13364e-06
6.71593e-05
-3.18871e-06
7.39445e-05
-3.12957e-06
7.95796e-05
-2.98368e-06
8.41717e-05
-2.77744e-06
8.78247e-05
-2.53455e-06
9.06454e-05
-2.27485e-06
9.2745e-05
-2.01369e-06
9.42364e-05
-1.76186e-06
9.52308e-05
-1.52599e-06
9.58327e-05
-1.30929e-06
9.61372e-05
-1.11238e-06
9.6227e-05
-9.34126e-07
9.61718e-05
-7.72337e-07
9.60281e-05
-6.24333e-07
9.58405e-05
-4.87333e-07
9.56428e-05
-3.58687e-07
9.54598e-05
-2.35985e-07
9.53093e-05
-1.17073e-07
9.5203e-05
-3.55347e-16
9.51481e-05
1.17073e-07
9.51481e-05
2.35985e-07
9.5203e-05
3.58687e-07
9.53093e-05
4.87333e-07
9.54598e-05
6.24333e-07
9.56428e-05
7.72337e-07
9.58405e-05
9.34126e-07
9.60281e-05
1.11238e-06
9.61718e-05
1.30929e-06
9.6227e-05
1.52599e-06
9.61372e-05
1.76186e-06
9.58327e-05
2.01369e-06
9.52308e-05
2.27485e-06
9.42364e-05
2.53455e-06
9.2745e-05
2.77744e-06
9.06454e-05
2.98368e-06
8.78247e-05
3.12957e-06
8.41717e-05
3.18871e-06
7.95796e-05
3.13364e-06
7.39445e-05
2.93761e-06
6.71593e-05
2.57682e-06
5.90988e-05
2.03538e-06
4.95944e-05
1.32295e-06
3.83903e-05
5.32718e-07
2.5098e-05
9.28086e-06
-6.72784e-07
9.95364e-06
-1.53511e-06
2.59603e-05
-2.25744e-06
3.91126e-05
-2.78769e-06
5.01247e-05
-3.13442e-06
5.94455e-05
-3.31892e-06
6.73438e-05
-3.36572e-06
7.39913e-05
-3.30079e-06
7.95147e-05
-3.1504e-06
8.40213e-05
-2.93974e-06
8.7614e-05
-2.6916e-06
9.03972e-05
-2.42523e-06
9.24786e-05
-2.15575e-06
9.3967e-05
-1.894e-06
9.4969e-05
-1.64689e-06
9.55856e-05
-1.41802e-06
9.59083e-05
-1.20839e-06
9.60174e-05
-1.01723e-06
9.59806e-05
-8.42622e-07
9.58535e-05
-6.8207e-07
9.568e-05
-5.32888e-07
9.54936e-05
-3.92442e-07
9.53194e-05
-2.58278e-07
9.51751e-05
-1.28154e-07
9.50728e-05
-6.039e-16
9.50199e-05
1.28154e-07
9.50199e-05
2.58278e-07
9.50728e-05
3.92442e-07
9.51751e-05
5.32888e-07
9.53194e-05
6.8207e-07
9.54936e-05
8.42622e-07
9.568e-05
1.01723e-06
9.58535e-05
1.20839e-06
9.59806e-05
1.41802e-06
9.60174e-05
1.64689e-06
9.59083e-05
1.894e-06
9.55856e-05
2.15575e-06
9.4969e-05
2.42523e-06
9.3967e-05
2.6916e-06
9.24786e-05
2.93974e-06
9.03972e-05
3.1504e-06
8.7614e-05
3.30079e-06
8.40213e-05
3.36572e-06
7.95147e-05
3.31892e-06
7.39913e-05
3.13442e-06
6.73438e-05
2.78769e-06
5.94455e-05
2.25744e-06
5.01247e-05
1.53511e-06
3.91126e-05
6.72784e-07
2.59603e-05
9.95364e-06
-8.06212e-07
1.07599e-05
-1.72394e-06
2.68781e-05
-2.44098e-06
3.98296e-05
-2.95543e-06
5.06391e-05
-3.28807e-06
5.97782e-05
-3.46228e-06
6.7518e-05
-3.50232e-06
7.40314e-05
-3.43319e-06
7.94455e-05
-3.28005e-06
8.38682e-05
-3.06703e-06
8.7401e-05
-2.81601e-06
9.01462e-05
-2.54565e-06
9.22082e-05
-2.27073e-06
9.36921e-05
-2.00209e-06
9.47004e-05
-1.74677e-06
9.53303e-05
-1.50866e-06
9.56702e-05
-1.28909e-06
9.57978e-05
-1.08758e-06
9.57791e-05
-9.02487e-07
9.56684e-05
-7.31501e-07
9.5509e-05
-5.72052e-07
9.53342e-05
-4.21554e-07
9.51689e-05
-2.77548e-07
9.50311e-05
-1.37744e-07
9.4933e-05
-8.37818e-16
9.48822e-05
1.37744e-07
9.48822e-05
2.77548e-07
9.4933e-05
4.21554e-07
9.50311e-05
5.72052e-07
9.51689e-05
7.31501e-07
9.53342e-05
9.02487e-07
9.5509e-05
1.08758e-06
9.56684e-05
1.28909e-06
9.57791e-05
1.50866e-06
9.57978e-05
1.74677e-06
9.56702e-05
2.00209e-06
9.53303e-05
2.27073e-06
9.47004e-05
2.54565e-06
9.36921e-05
2.81601e-06
9.22082e-05
3.06703e-06
9.01462e-05
3.28005e-06
8.7401e-05
3.43319e-06
8.38682e-05
3.50232e-06
7.94455e-05
3.46228e-06
7.40314e-05
3.28807e-06
6.7518e-05
2.95543e-06
5.97782e-05
2.44098e-06
5.06391e-05
1.72394e-06
3.98296e-05
8.06212e-07
2.68781e-05
1.07599e-05
-9.91586e-07
-1.914e-06
-2.60617e-06
-3.09873e-06
-3.41369e-06
-3.57444e-06
-3.60484e-06
-3.52929e-06
-3.3721e-06
-3.15648e-06
-2.90345e-06
-2.63093e-06
-2.35321e-06
-2.08082e-06
-1.82074e-06
-1.5769e-06
-1.35081e-06
-1.14219e-06
-9.49565e-07
-7.70814e-07
-6.03492e-07
-4.45096e-07
-2.93212e-07
-1.45562e-07
-9.72744e-16
1.45562e-07
2.93212e-07
4.45096e-07
6.03492e-07
7.70814e-07
9.49565e-07
1.14219e-06
1.35081e-06
1.5769e-06
1.82074e-06
2.08082e-06
2.35321e-06
2.63093e-06
2.90345e-06
3.15648e-06
3.3721e-06
3.52929e-06
3.60484e-06
3.57444e-06
3.41369e-06
3.09873e-06
2.60617e-06
1.914e-06
9.91586e-07
)
;

boundaryField
{
    left
    {
        type            calculated;
        value           uniform 0;
    }
    right
    {
        type            calculated;
        value           uniform 0;
    }
    up
    {
        type            calculated;
        value           nonuniform List<scalar> 
50
(
1.17514e-05
2.78005e-05
4.05218e-05
5.11317e-05
6.00931e-05
6.76787e-05
7.40618e-05
7.937e-05
8.3711e-05
8.71854e-05
8.98932e-05
9.19357e-05
9.34143e-05
9.4428e-05
9.50702e-05
9.54264e-05
9.55717e-05
9.55705e-05
9.54758e-05
9.53302e-05
9.51668e-05
9.50105e-05
9.48792e-05
9.47854e-05
9.47366e-05
9.47366e-05
9.47854e-05
9.48792e-05
9.50105e-05
9.51668e-05
9.53302e-05
9.54758e-05
9.55705e-05
9.55717e-05
9.54264e-05
9.50702e-05
9.4428e-05
9.34143e-05
9.19357e-05
8.98932e-05
8.71854e-05
8.3711e-05
7.937e-05
7.40618e-05
6.76787e-05
6.00931e-05
5.11317e-05
4.05218e-05
2.78005e-05
1.17514e-05
)
;
    }
    down
    {
        type            calculated;
        value           nonuniform List<scalar> 
50
(
-8e-05
-8e-05
-8e-05
-8e-05
-8e-05
-8e-05
-8e-05
-8e-05
-8e-05
-8e-05
-8e-05
-8e-05
-8e-05
-8e-05
-8e-05
-8e-05
-8e-05
-8e-05
-8e-05
-8e-05
-8e-05
-8e-05
-8e-05
-8e-05
-8e-05
-8e-05
-8e-05
-8e-05
-8e-05
-8e-05
-8e-05
-8e-05
-8e-05
-8e-05
-8e-05
-8e-05
-8e-05
-8e-05
-8e-05
-8e-05
-8e-05
-8e-05
-8e-05
-8e-05
-8e-05
-8e-05
-8e-05
-8e-05
-8e-05
-8e-05
)
;
    }
    frontAndBack
    {
        type            empty;
        value           nonuniform 0();
    }
}


// ************************************************************************* //
