/*--------------------------------*- C++ -*----------------------------------*\
  =========                 |
  \\      /  F ield         | OpenFOAM: The Open Source CFD Toolbox
   \\    /   O peration     | Website:  https://openfoam.org
    \\  /    A nd           | Version:  6
     \\/     M anipulation  |
\*---------------------------------------------------------------------------*/
FoamFile
{
    version     2.0;
    format      ascii;
    class       volVectorField;
    location    "3200";
    object      U;
}
// * * * * * * * * * * * * * * * * * * * * * * * * * * * * * * * * * * * * * //

dimensions      [0 1 -1 0 0 0 0];

internalField   nonuniform List<vector> 
2500
(
(0.00690214 0.357159 -3.44187e-19)
(0.0262364 0.407047 0)
(0.0152533 0.401668 0)
(0.00939237 0.400646 0)
(0.00645386 0.400346 0)
(0.00466976 0.400194 0)
(0.00355955 0.400126 5.48457e-20)
(0.00282412 0.400089 -5.49229e-20)
(0.00230861 0.400067 0)
(0.00193012 0.400052 0)
(0.00164057 0.400041 0)
(0.00141085 0.400034 0)
(0.00122265 0.400028 0)
(0.00106405 0.400023 0)
(0.000927077 0.400019 0)
(0.000806229 0.400016 0)
(0.000697619 0.400014 0)
(0.000598424 0.400012 0)
(0.000506533 0.40001 0)
(0.000420326 0.400009 0)
(0.00033852 0.400007 0)
(0.000260068 0.400007 0)
(0.000184083 0.400006 0)
(0.000109791 0.400006 0)
(3.64881e-05 0.400005 0)
(-3.64881e-05 0.400005 0)
(-0.000109791 0.400006 0)
(-0.000184083 0.400006 0)
(-0.000260068 0.400007 0)
(-0.00033852 0.400007 0)
(-0.000420326 0.400009 0)
(-0.000506533 0.40001 0)
(-0.000598424 0.400012 0)
(-0.000697619 0.400014 0)
(-0.000806229 0.400016 0)
(-0.000927077 0.400019 0)
(-0.00106405 0.400023 0)
(-0.00122265 0.400028 0)
(-0.00141085 0.400034 0)
(-0.00164057 0.400041 0)
(-0.00193012 0.400052 0)
(-0.00230861 0.400067 0)
(-0.00282412 0.400089 -5.49229e-20)
(-0.00355955 0.400126 5.48457e-20)
(-0.00466976 0.400194 0)
(-0.00645386 0.400346 0)
(-0.00939237 0.400646 0)
(-0.0152533 0.401668 0)
(-0.0262364 0.407047 0)
(-0.00690214 0.357159 3.44187e-19)
(0.00202816 0.286971 -2.68062e-19)
(0.0461889 0.398529 2.79424e-19)
(0.0374541 0.405952 0)
(0.0268083 0.404133 0)
(0.0193798 0.402467 0)
(0.0143724 0.401492 0)
(0.0110459 0.400958 7.44345e-20)
(0.00877156 0.400652 -7.46002e-20)
(0.00715613 0.400466 6.39536e-20)
(0.0059648 0.400348 -6.40731e-20)
(0.00505385 0.40027 0)
(0.00433336 0.400217 0)
(0.00374562 0.40018 -2.57514e-20)
(0.00325264 0.400153 2.57906e-20)
(0.0028288 0.400133 0)
(0.00245641 0.400118 2.29415e-20)
(0.00212293 0.400106 -4.5213e-20)
(0.00181929 0.400098 2.22693e-20)
(0.00153873 0.400091 -1.05669e-20)
(0.00127606 0.400085 1.05793e-20)
(0.00102721 0.400081 0)
(0.000788862 0.400078 -5.03191e-21)
(0.000558231 0.400076 5.03704e-21)
(0.000332884 0.400074 2.48201e-21)
(0.000110622 0.400074 -2.48428e-21)
(-0.000110622 0.400074 -2.48428e-21)
(-0.000332884 0.400074 2.48201e-21)
(-0.000558231 0.400076 5.03704e-21)
(-0.000788862 0.400078 -5.03191e-21)
(-0.00102721 0.400081 0)
(-0.00127606 0.400085 1.05793e-20)
(-0.00153873 0.400091 -1.05669e-20)
(-0.00181929 0.400098 2.22693e-20)
(-0.00212293 0.400106 -4.5213e-20)
(-0.00245641 0.400118 2.29415e-20)
(-0.0028288 0.400133 0)
(-0.00325264 0.400153 2.57906e-20)
(-0.00374562 0.40018 -2.57514e-20)
(-0.00433336 0.400217 0)
(-0.00505385 0.40027 0)
(-0.0059648 0.400348 -6.40731e-20)
(-0.00715613 0.400466 6.39536e-20)
(-0.00877156 0.400652 -7.46002e-20)
(-0.0110459 0.400958 7.44345e-20)
(-0.0143724 0.401492 0)
(-0.0193798 0.402467 0)
(-0.0268083 0.404133 0)
(-0.0374541 0.405952 0)
(-0.0461889 0.398529 2.79424e-19)
(-0.00202816 0.286971 -2.68062e-19)
(-0.00736723 0.231581 2.29359e-19)
(0.0422609 0.378197 1.65488e-19)
(0.0476584 0.407124 -1.63508e-19)
(0.0398936 0.408814 0)
(0.0309388 0.40628 0)
(0.0237863 0.404142 0)
(0.0185965 0.402769 0)
(0.0148756 0.401915 -6.91348e-20)
(0.0121656 0.401377 6.92937e-20)
(0.010141 0.401028 -6.03216e-20)
(0.00858358 0.400796 6.04358e-20)
(0.00734954 0.400637 -5.40597e-20)
(0.00634341 0.400525 5.41495e-20)
(0.00550098 0.400445 0)
(0.00477839 0.400386 0)
(0.00414506 0.400342 0)
(0.00357924 0.400308 0)
(0.00306512 0.400283 0)
(0.00259091 0.400263 0)
(0.00214763 0.400247 -1.03333e-20)
(0.00172817 0.400236 1.03451e-20)
(0.00132681 0.400227 -5.01796e-21)
(0.000938713 0.40022 5.02315e-21)
(0.000559699 0.400216 0)
(0.000185985 0.400214 0)
(-0.000185985 0.400214 0)
(-0.000559699 0.400216 0)
(-0.000938713 0.40022 5.02315e-21)
(-0.00132681 0.400227 -5.01796e-21)
(-0.00172817 0.400236 1.03451e-20)
(-0.00214763 0.400247 -1.03333e-20)
(-0.00259091 0.400263 0)
(-0.00306512 0.400283 0)
(-0.00357924 0.400308 0)
(-0.00414506 0.400342 0)
(-0.00477839 0.400386 0)
(-0.00550098 0.400445 0)
(-0.00634341 0.400525 5.41495e-20)
(-0.00734954 0.400637 -5.40597e-20)
(-0.00858358 0.400796 6.04358e-20)
(-0.010141 0.401028 -6.03216e-20)
(-0.0121656 0.401377 6.92937e-20)
(-0.0148756 0.401915 -6.91348e-20)
(-0.0185965 0.402769 0)
(-0.0237863 0.404142 0)
(-0.0309388 0.40628 0)
(-0.0398936 0.408814 0)
(-0.0476584 0.407124 -1.63508e-19)
(-0.0422609 0.378197 1.65488e-19)
(0.00736723 0.231581 -2.29359e-19)
(-0.0143999 0.183815 0)
(0.0296243 0.349917 0)
(0.0477945 0.402168 -1.25297e-19)
(0.0471936 0.412035 1.24947e-19)
(0.0398732 0.410607 -9.28982e-20)
(0.0321466 0.407716 1.03971e-20)
(0.0257868 0.405421 8.31534e-20)
(0.0209044 0.403848 0)
(0.0172085 0.402802 0)
(0.0143851 0.402104 0)
(0.0121862 0.401631 -5.69623e-20)
(0.0104325 0.401304 5.70693e-20)
(0.00899869 0.401074 0)
(0.00779747 0.400907 2.46593e-20)
(0.00676775 0.400785 -4.84008e-20)
(0.00586634 0.400694 2.37381e-20)
(0.00506219 0.400624 0)
(0.00433259 0.400571 -2.15421e-20)
(0.00366056 0.40053 2.15694e-20)
(0.00303308 0.400498 -1.02985e-20)
(0.00243993 0.400474 1.03104e-20)
(0.00187281 0.400455 0)
(0.00132478 0.400443 0)
(0.000789798 0.400434 0)
(0.000262431 0.40043 0)
(-0.00026243 0.40043 0)
(-0.000789798 0.400434 0)
(-0.00132478 0.400443 0)
(-0.00187281 0.400455 0)
(-0.00243993 0.400474 1.03104e-20)
(-0.00303308 0.400498 -1.02985e-20)
(-0.00366056 0.40053 2.15694e-20)
(-0.00433259 0.400571 -2.15421e-20)
(-0.00506219 0.400624 0)
(-0.00586634 0.400694 2.37381e-20)
(-0.00676775 0.400785 -4.84008e-20)
(-0.00779747 0.400907 2.46593e-20)
(-0.00899869 0.401074 0)
(-0.0104325 0.401304 5.70693e-20)
(-0.0121862 0.401631 -5.69623e-20)
(-0.0143851 0.402104 0)
(-0.0172085 0.402802 0)
(-0.0209044 0.403848 0)
(-0.0257868 0.405421 8.31534e-20)
(-0.0321466 0.407716 1.03971e-20)
(-0.0398732 0.410607 -9.28982e-20)
(-0.0471936 0.412035 1.24947e-19)
(-0.0477945 0.402168 -1.25297e-19)
(-0.0296243 0.349917 0)
(0.0143999 0.183815 0)
(-0.0178146 0.146597 2.41092e-19)
(0.0159746 0.318234 -1.26405e-19)
(0.0417689 0.390686 -1.16791e-19)
(0.0491172 0.411812 1.33506e-20)
(0.0456346 0.414031 1.9364e-19)
(0.0389039 0.411477 -9.1357e-20)
(0.0322409 0.408571 -7.4809e-20)
(0.0266284 0.406293 7.50578e-20)
(0.0221487 0.40467 0)
(0.0186166 0.403542 0)
(0.015813 0.402759 0)
(0.0135521 0.40221 0)
(0.0116923 0.401818 2.5696e-20)
(0.0101294 0.401535 -5.03331e-20)
(0.00878819 0.401326 2.46326e-20)
(0.00761411 0.401169 -2.27987e-20)
(0.00656732 0.40105 2.28311e-20)
(0.0056184 0.400959 0)
(0.00474515 0.400889 1.047e-20)
(0.00393051 0.400835 -1.04828e-20)
(0.00316105 0.400793 0)
(0.00242583 0.400762 4.97684e-21)
(0.00171572 0.40074 -4.98211e-21)
(0.00102277 0.400726 0)
(0.000339824 0.400719 0)
(-0.000339824 0.400719 0)
(-0.00102277 0.400726 0)
(-0.00171572 0.40074 -4.98211e-21)
(-0.00242583 0.400762 4.97684e-21)
(-0.00316105 0.400793 0)
(-0.00393051 0.400835 -1.04828e-20)
(-0.00474515 0.400889 1.047e-20)
(-0.0056184 0.400959 0)
(-0.00656732 0.40105 2.28311e-20)
(-0.00761411 0.401169 -2.27987e-20)
(-0.00878819 0.401326 2.46326e-20)
(-0.0101294 0.401535 -5.03331e-20)
(-0.0116923 0.401818 2.5696e-20)
(-0.0135521 0.40221 0)
(-0.015813 0.402759 0)
(-0.0186166 0.403542 0)
(-0.0221487 0.40467 0)
(-0.0266284 0.406293 7.50578e-20)
(-0.0322409 0.408571 -7.4809e-20)
(-0.0389039 0.411477 -9.1357e-20)
(-0.0456346 0.414031 1.9364e-19)
(-0.0491172 0.411812 1.33506e-20)
(-0.0417689 0.390686 -1.16791e-19)
(-0.0159746 0.318234 -1.26405e-19)
(0.0178146 0.146597 6.91437e-21)
(-0.0187867 0.118869 0)
(0.0043012 0.286949 0)
(0.0329081 0.374307 0)
(0.0469549 0.407579 0)
(0.0482902 0.415569 0)
(0.0437808 0.414733 0)
(0.037681 0.411836 0)
(0.0318459 0.409058 0)
(0.0268546 0.406887 -6.38864e-20)
(0.0227527 0.405299 1.24037e-19)
(0.0194123 0.40416 -6.01207e-20)
(0.0166758 0.403345 0)
(0.0144031 0.402756 0)
(0.0124828 0.402326 0)
(0.0108302 0.402008 0)
(0.00938168 0.401769 0)
(0.00808981 0.401587 0)
(0.00691897 0.401448 0)
(0.00584201 0.40134 0)
(0.00483792 0.401257 0)
(0.00389003 0.401194 0)
(0.00298478 0.401147 0)
(0.00211079 0.401113 0)
(0.00125817 0.401091 0)
(0.000418023 0.401081 0)
(-0.000418023 0.401081 0)
(-0.00125817 0.401091 0)
(-0.00211079 0.401113 0)
(-0.00298478 0.401147 0)
(-0.00389003 0.401194 0)
(-0.00483792 0.401257 0)
(-0.00584201 0.40134 0)
(-0.00691897 0.401448 0)
(-0.00808981 0.401587 0)
(-0.00938168 0.401769 0)
(-0.0108302 0.402008 0)
(-0.0124828 0.402326 0)
(-0.0144031 0.402756 0)
(-0.0166758 0.403345 0)
(-0.0194123 0.40416 -6.01207e-20)
(-0.0227527 0.405299 1.24037e-19)
(-0.0268546 0.406887 -6.38864e-20)
(-0.0318459 0.409058 0)
(-0.037681 0.411836 0)
(-0.0437808 0.414733 0)
(-0.0482902 0.415569 0)
(-0.0469549 0.407579 0)
(-0.0329081 0.374307 0)
(-0.0043012 0.286949 0)
(0.0187867 0.118869 0)
(-0.018393 0.0982859 0)
(-0.00454581 0.25808 0)
(0.0234658 0.355047 9.95943e-20)
(0.0421679 0.399688 -9.7787e-20)
(0.0482963 0.414743 0)
(0.0467486 0.416941 0)
(0.0419453 0.414839 0)
(0.0364007 0.411926 6.77029e-20)
(0.0312093 0.40934 -6.792e-20)
(0.0267134 0.407316 0)
(0.0229315 0.405806 0)
(0.019769 0.404697 0)
(0.0171084 0.403882 0)
(0.0148426 0.403281 0)
(0.0128834 0.402832 -2.34161e-20)
(0.0111617 0.402494 2.34531e-20)
(0.00962435 0.402236 0)
(0.0082304 0.402038 0)
(0.00694823 0.401885 0)
(0.0057531 0.401767 0)
(0.00462523 0.401677 0)
(0.00354846 0.401609 0)
(0.00250918 0.401561 0)
(0.00149555 0.401531 0)
(0.000496875 0.401516 0)
(-0.000496875 0.401516 0)
(-0.00149555 0.401531 0)
(-0.00250918 0.401561 0)
(-0.00354846 0.401609 0)
(-0.00462523 0.401677 0)
(-0.0057531 0.401767 0)
(-0.00694823 0.401885 0)
(-0.0082304 0.402038 0)
(-0.00962435 0.402236 0)
(-0.0111617 0.402494 2.34531e-20)
(-0.0128834 0.402832 -2.34161e-20)
(-0.0148426 0.403281 0)
(-0.0171084 0.403882 0)
(-0.019769 0.404697 0)
(-0.0229315 0.405806 0)
(-0.0267134 0.407316 0)
(-0.0312093 0.40934 -6.792e-20)
(-0.0364007 0.411926 6.77029e-20)
(-0.0419453 0.414839 0)
(-0.0467486 0.416941 0)
(-0.0482963 0.414743 0)
(-0.0421679 0.399688 -9.7787e-20)
(-0.0234658 0.355047 9.95943e-20)
(0.00454581 0.25808 0)
(0.018393 0.0982859 0)
(-0.0172856 0.0829464 -5.97809e-20)
(-0.0106546 0.23243 0)
(0.0147599 0.334587 0)
(0.0360433 0.388899 0)
(0.0462958 0.411475 0)
(0.0479719 0.417741 -7.64707e-20)
(0.0449885 0.41725 5.29955e-21)
(0.0401928 0.414671 4.83871e-21)
(0.0351194 0.411892 1.29511e-19)
(0.0304276 0.409519 -6.27895e-20)
(0.0263203 0.407657 0)
(0.0227975 0.406244 0)
(0.019785 0.405186 2.52951e-20)
(0.0171926 0.404393 -2.53435e-20)
(0.0149366 0.403796 0)
(0.0129463 0.403343 -2.24411e-20)
(0.0111652 0.402996 4.41983e-20)
(0.00954848 0.402729 -6.46533e-22)
(0.00806066 0.402523 -1.08421e-20)
(0.00667368 0.402364 -1.03065e-20)
(0.00536488 0.402242 -9.90641e-21)
(0.0041156 0.402151 9.91764e-21)
(0.00291003 0.402086 -4.84314e-21)
(0.00173439 0.402044 7.25719e-21)
(0.000576213 0.402024 -2.41143e-21)
(-0.000576213 0.402024 -2.41143e-21)
(-0.00173439 0.402044 7.25719e-21)
(-0.00291003 0.402086 -4.84314e-21)
(-0.0041156 0.402151 9.91764e-21)
(-0.00536488 0.402242 -9.90641e-21)
(-0.00667368 0.402364 -1.03065e-20)
(-0.00806066 0.402523 -1.08421e-20)
(-0.00954848 0.402729 -6.46533e-22)
(-0.0111652 0.402996 4.41983e-20)
(-0.0129463 0.403343 -2.24411e-20)
(-0.0149366 0.403796 0)
(-0.0171926 0.404393 -2.53435e-20)
(-0.019785 0.405186 2.52951e-20)
(-0.0227975 0.406244 0)
(-0.0263203 0.407657 0)
(-0.0304276 0.409519 -6.27895e-20)
(-0.0351194 0.411892 1.29511e-19)
(-0.0401928 0.414671 4.83871e-21)
(-0.0449885 0.41725 5.29955e-21)
(-0.0479719 0.417741 -7.64707e-20)
(-0.0462958 0.411475 0)
(-0.0360433 0.388899 0)
(-0.0147599 0.334587 0)
(0.0106546 0.23243 0)
(0.0172856 0.0829464 5.97809e-20)
(-0.0158547 0.0714568 0)
(-0.0144819 0.210171 -8.25937e-20)
(0.00742287 0.314157 7.91188e-20)
(0.0295611 0.376085 0)
(0.0429626 0.405973 0)
(0.0477402 0.416967 0)
(0.0468663 0.418818 0)
(0.0431815 0.417085 0)
(0.0385211 0.414402 0)
(0.0338372 0.411819 0)
(0.0295338 0.40966 0)
(0.0257286 0.407959 0)
(0.0224098 0.406651 0)
(0.0195169 0.405654 0)
(0.0169784 0.404895 0)
(0.0147274 0.404314 0)
(0.0127066 0.403867 0)
(0.0108688 0.403522 0)
(0.00917599 0.403254 0)
(0.00759719 0.403047 0)
(0.00610715 0.402889 0)
(0.00468485 0.402771 0)
(0.00331241 0.402687 0)
(0.00197416 0.402633 0)
(0.000655863 0.402606 0)
(-0.000655863 0.402606 0)
(-0.00197416 0.402633 0)
(-0.00331241 0.402687 0)
(-0.00468485 0.402771 0)
(-0.00610715 0.402889 0)
(-0.00759719 0.403047 0)
(-0.00917599 0.403254 0)
(-0.0108688 0.403522 0)
(-0.0127066 0.403867 0)
(-0.0147274 0.404314 0)
(-0.0169784 0.404895 0)
(-0.0195169 0.405654 0)
(-0.0224098 0.406651 0)
(-0.0257286 0.407959 0)
(-0.0295338 0.40966 0)
(-0.0338372 0.411819 0)
(-0.0385211 0.414402 0)
(-0.0431815 0.417085 0)
(-0.0468663 0.418818 0)
(-0.0477402 0.416967 0)
(-0.0429626 0.405973 0)
(-0.0295611 0.376085 0)
(-0.00742287 0.314157 7.91188e-20)
(0.0144819 0.210171 -8.25937e-20)
(0.0158547 0.0714568 0)
(-0.0143298 0.0627779 0)
(-0.0165633 0.191138 0)
(0.00164506 0.294579 0)
(0.023381 0.362079 7.84846e-20)
(0.0389011 0.398614 -1.82129e-21)
(0.0463999 0.414621 -7.50503e-20)
(0.0477094 0.419387 0)
(0.0453804 0.418998 6.42047e-20)
(0.0413821 0.416737 -3.65311e-21)
(0.0369003 0.414127 -6.08946e-20)
(0.0325345 0.411761 2.73159e-20)
(0.0285331 0.409806 -1.3707e-21)
(0.0249612 0.408257 -2.60726e-20)
(0.0217997 0.407053 0)
(0.0189976 0.406123 2.28948e-20)
(0.0164966 0.405404 -2.29336e-20)
(0.0142421 0.404847 2.13854e-20)
(0.0121868 0.404415 -1.10264e-20)
(0.0102908 0.404079 -1.04041e-20)
(0.00852103 0.403818 0)
(0.00685007 0.403619 0)
(0.0052548 0.40347 -4.81098e-21)
(0.00371539 0.403364 4.81618e-21)
(0.00221431 0.403295 0)
(0.000735643 0.403262 0)
(-0.000735643 0.403262 0)
(-0.00221431 0.403295 0)
(-0.00371539 0.403364 4.81618e-21)
(-0.0052548 0.40347 -4.81098e-21)
(-0.00685007 0.403619 0)
(-0.00852103 0.403818 0)
(-0.0102908 0.404079 -1.04041e-20)
(-0.0121868 0.404415 -1.10264e-20)
(-0.0142421 0.404847 2.13854e-20)
(-0.0164966 0.405404 -2.29336e-20)
(-0.0189976 0.406123 2.28948e-20)
(-0.0217997 0.407053 0)
(-0.0249612 0.408257 -2.60726e-20)
(-0.0285331 0.409806 -1.3707e-21)
(-0.0325345 0.411761 2.73159e-20)
(-0.0369003 0.414127 -6.08946e-20)
(-0.0413821 0.416737 -3.65311e-21)
(-0.0453804 0.418998 6.42047e-20)
(-0.0477094 0.419387 0)
(-0.0463999 0.414621 -7.50503e-20)
(-0.0389011 0.398614 -1.82129e-21)
(-0.023381 0.362079 7.84846e-20)
(-0.00164506 0.294579 0)
(0.0165633 0.191138 0)
(0.0143298 0.0627779 0)
(-0.0128352 0.0561425 1.01756e-19)
(-0.0173812 0.175 -5.71117e-20)
(-0.00263338 0.276345 0)
(0.0178915 0.347587 0)
(0.0345975 0.389846 0)
(0.0443008 0.410833 6.94634e-20)
(0.0476948 0.418898 -6.92939e-20)
(0.0468474 0.420285 0)
(0.0437004 0.41878 -5.96254e-20)
(0.0395924 0.416354 8.81049e-20)
(0.0352941 0.413898 -5.53481e-20)
(0.031186 0.411748 2.70183e-20)
(0.0274192 0.409982 2.45759e-20)
(0.0240259 0.408575 -2.46273e-20)
(0.0209828 0.40747 -2.26696e-20)
(0.0182456 0.406607 2.27087e-20)
(0.0157658 0.405932 -2.11856e-20)
(0.0134978 0.405406 3.15108e-20)
(0.0114015 0.404995 -2.67582e-22)
(0.00944249 0.404675 -1.00535e-20)
(0.00759163 0.40443 0)
(0.00582399 0.404247 4.76699e-21)
(0.00411794 0.404116 -4.77214e-21)
(0.00245425 0.404032 0)
(0.000815361 0.403991 0)
(-0.000815361 0.403991 0)
(-0.00245425 0.404032 0)
(-0.00411794 0.404116 -4.77214e-21)
(-0.00582399 0.404247 4.76699e-21)
(-0.00759163 0.40443 0)
(-0.00944249 0.404675 -1.00535e-20)
(-0.0114015 0.404995 -2.67582e-22)
(-0.0134978 0.405406 3.15108e-20)
(-0.0157658 0.405932 -2.11856e-20)
(-0.0182456 0.406607 2.27087e-20)
(-0.0209828 0.40747 -2.26696e-20)
(-0.0240259 0.408575 -2.46273e-20)
(-0.0274192 0.409982 2.45759e-20)
(-0.031186 0.411748 2.70183e-20)
(-0.0352941 0.413898 -5.53481e-20)
(-0.0395924 0.416354 8.81049e-20)
(-0.0437004 0.41878 -5.96254e-20)
(-0.0468474 0.420285 0)
(-0.0476948 0.418898 -6.92939e-20)
(-0.0443008 0.410833 6.94634e-20)
(-0.0345975 0.389846 0)
(-0.0178915 0.347587 0)
(0.00263338 0.276345 0)
(0.0173812 0.175 -5.71117e-20)
(0.0128352 0.0561425 8.02536e-21)
(-0.0114297 0.0509963 0)
(-0.0173223 0.161374 0)
(-0.00559176 0.259696 0)
(0.0132791 0.333155 0)
(0.0304087 0.380123 0)
(0.04176 0.405812 6.72362e-20)
(0.0470193 0.417369 -6.69615e-20)
(0.0476723 0.420878 0)
(0.0455 0.420442 2.92313e-20)
(0.0419061 0.418422 -5.71426e-20)
(0.0377943 0.416014 2.79143e-20)
(0.0336676 0.413745 0)
(0.0297669 0.411799 0)
(0.0261818 0.410205 0)
(0.0229234 0.408928 0)
(0.0199663 0.407917 0)
(0.0172713 0.40712 -1.04827e-20)
(0.0147971 0.406493 1.04982e-20)
(0.0125045 0.406001 0)
(0.0103588 0.405618 0)
(0.00832975 0.405323 0)
(0.00639089 0.405102 0)
(0.00451904 0.404945 -2.33782e-21)
(0.00269339 0.404844 1.17739e-21)
(0.000894819 0.404794 1.16395e-21)
(-0.000894819 0.404794 1.16395e-21)
(-0.00269339 0.404844 1.17739e-21)
(-0.00451904 0.404945 -2.33782e-21)
(-0.00639089 0.405102 0)
(-0.00832975 0.405323 0)
(-0.0103588 0.405618 0)
(-0.0125045 0.406001 0)
(-0.0147971 0.406493 1.04982e-20)
(-0.0172713 0.40712 -1.04827e-20)
(-0.0199663 0.407917 0)
(-0.0229234 0.408928 0)
(-0.0261818 0.410205 0)
(-0.0297669 0.411799 0)
(-0.0336676 0.413745 0)
(-0.0377943 0.416014 2.79143e-20)
(-0.0419061 0.418422 -5.71426e-20)
(-0.0455 0.420442 2.92313e-20)
(-0.0476723 0.420878 0)
(-0.0470193 0.417369 -6.69615e-20)
(-0.04176 0.405812 6.72362e-20)
(-0.0304087 0.380123 0)
(-0.0132791 0.333155 0)
(0.00559176 0.259696 0)
(0.0173223 0.161374 0)
(0.0114297 0.0509963 0)
(-0.0101347 0.0469444 0)
(-0.0166765 0.149881 0)
(-0.00744925 0.244705 0)
(0.00959345 0.31918 0)
(0.0265739 0.369855 0)
(0.0390429 0.399811 0)
(0.0458781 0.414882 -6.26101e-20)
(0.0479641 0.420753 6.25121e-20)
(0.0468258 0.421658 0)
(0.0438499 0.420264 0)
(0.0400268 0.418054 0)
(0.0359643 0.415757 0)
(0.0319901 0.413681 0)
(0.0282552 0.411924 0)
(0.0248095 0.410485 0)
(0.0216508 0.409327 0)
(0.0187527 0.408404 1.03624e-20)
(0.0160799 0.407673 -1.03779e-20)
(0.0135962 0.407096 0)
(0.0112672 0.406645 -9.62455e-21)
(0.00906233 0.406297 1.43664e-20)
(0.00695396 0.406035 -6.77511e-23)
(0.00491762 0.405849 -2.3605e-21)
(0.0029311 0.405729 -2.31475e-21)
(0.000973815 0.40567 0)
(-0.000973815 0.40567 0)
(-0.0029311 0.405729 -2.31475e-21)
(-0.00491762 0.405849 -2.3605e-21)
(-0.00695396 0.406035 -6.77511e-23)
(-0.00906233 0.406297 1.43664e-20)
(-0.0112672 0.406645 -9.62455e-21)
(-0.0135962 0.407096 0)
(-0.0160799 0.407673 -1.03779e-20)
(-0.0187527 0.408404 1.03624e-20)
(-0.0216508 0.409327 0)
(-0.0248095 0.410485 0)
(-0.0282552 0.411924 0)
(-0.0319901 0.413681 0)
(-0.0359643 0.415757 0)
(-0.0400268 0.418054 0)
(-0.0438499 0.420264 0)
(-0.0468258 0.421658 0)
(-0.0479641 0.420753 6.25121e-20)
(-0.0458781 0.414882 -6.26101e-20)
(-0.0390429 0.399811 0)
(-0.0265739 0.369855 0)
(-0.00959345 0.31918 0)
(0.00744925 0.244705 0)
(0.0166765 0.149881 0)
(0.0101347 0.0469444 0)
(-0.00895175 0.0437068 4.54754e-20)
(-0.0156509 0.140178 6.15782e-20)
(-0.00842129 0.231341 5.7518e-21)
(0.00680033 0.305928 -6.30655e-20)
(0.023235 0.359391 0)
(0.0363565 0.393088 6.31814e-20)
(0.0444501 0.411564 -6.27245e-20)
(0.0478392 0.419932 0)
(0.0477373 0.422395 0)
(0.0454453 0.421832 2.68064e-20)
(0.0419927 0.419972 -1.20586e-21)
(0.0380681 0.417747 -5.02926e-20)
(0.0340785 0.415602 2.46332e-20)
(0.0302359 0.413714 0)
(0.0266324 0.412128 0)
(0.023292 0.410829 0)
(0.020204 0.409781 1.02321e-20)
(0.0173417 0.408942 -1.02475e-20)
(0.0146729 0.408277 0)
(0.0121649 0.407754 0)
(0.0097872 0.407349 0)
(0.00751161 0.407045 -4.61267e-21)
(0.00531261 0.406827 4.61758e-21)
(0.00316674 0.406687 0)
(0.00105214 0.406618 0)
(-0.00105214 0.406618 0)
(-0.00316674 0.406687 0)
(-0.00531261 0.406827 4.61758e-21)
(-0.00751161 0.407045 -4.61267e-21)
(-0.0097872 0.407349 0)
(-0.0121649 0.407754 0)
(-0.0146729 0.408277 0)
(-0.0173417 0.408942 -1.02475e-20)
(-0.020204 0.409781 1.02321e-20)
(-0.023292 0.410829 0)
(-0.0266324 0.412128 0)
(-0.0302359 0.413714 0)
(-0.0340785 0.415602 2.46332e-20)
(-0.0380681 0.417747 -5.02926e-20)
(-0.0419927 0.419972 -1.20586e-21)
(-0.0454453 0.421832 2.68064e-20)
(-0.0477373 0.422395 0)
(-0.0478392 0.419932 0)
(-0.0444501 0.411564 -6.27245e-20)
(-0.0363565 0.393088 6.31814e-20)
(-0.023235 0.359391 0)
(-0.00680033 0.305928 -6.30655e-20)
(0.00842129 0.231341 5.7518e-21)
(0.0156509 0.140178 6.15782e-20)
(0.00895175 0.0437068 -4.54754e-20)
(-0.00787264 0.0410847 0)
(-0.0143889 0.131972 -5.99107e-20)
(-0.0086988 0.219509 -5.16005e-21)
(0.00482 0.293559 -2.67476e-21)
(0.0204608 0.349011 1.25238e-19)
(0.0338517 0.385894 -6.20312e-20)
(0.0428895 0.407561 0)
(0.0474121 0.418468 2.85373e-20)
(0.0483023 0.422648 -1.12083e-21)
(0.0467242 0.423091 -1.15251e-21)
(0.0437013 0.421729 -2.6307e-20)
(0.039977 0.419682 0)
(0.0360251 0.417534 0)
(0.0321158 0.415555 0)
(0.0283842 0.413844 0)
(0.0248832 0.412414 0)
(0.0216198 0.411244 1.00917e-20)
(0.018578 0.410298 -1.01069e-20)
(0.015731 0.409542 0)
(0.013049 0.408944 0)
(0.0105022 0.40848 -4.61378e-21)
(0.00806226 0.40813 4.61897e-21)
(0.0057029 0.407879 -2.25596e-21)
(0.00339969 0.407717 1.13606e-21)
(0.00112958 0.407638 1.12322e-21)
(-0.00112958 0.407638 1.12322e-21)
(-0.00339969 0.407717 1.13606e-21)
(-0.0057029 0.407879 -2.25596e-21)
(-0.00806226 0.40813 4.61897e-21)
(-0.0105022 0.40848 -4.61378e-21)
(-0.013049 0.408944 0)
(-0.015731 0.409542 0)
(-0.018578 0.410298 -1.01069e-20)
(-0.0216198 0.411244 1.00917e-20)
(-0.0248832 0.412414 0)
(-0.0283842 0.413844 0)
(-0.0321158 0.415555 0)
(-0.0360251 0.417534 0)
(-0.039977 0.419682 0)
(-0.0437013 0.421729 -2.6307e-20)
(-0.0467242 0.423091 -1.15251e-21)
(-0.0483023 0.422648 -1.12083e-21)
(-0.0474121 0.418468 2.85373e-20)
(-0.0428895 0.407561 0)
(-0.0338517 0.385894 -6.20312e-20)
(-0.0204608 0.349011 1.25238e-19)
(-0.00482 0.293559 -2.67476e-21)
(0.0086988 0.219509 -5.16005e-21)
(0.0143889 0.131972 -5.99107e-20)
(0.00787264 0.0410847 0)
(-0.00688518 0.0389364 -4.61304e-20)
(-0.0129863 0.125016 0)
(-0.00844095 0.209086 -6.12195e-20)
(0.00355321 0.282158 1.21265e-19)
(0.018268 0.33893 -6.04346e-20)
(0.0316303 0.378452 0)
(0.0413221 0.403033 -2.88962e-20)
(0.0467889 0.416439 2.87489e-20)
(0.0485919 0.422434 0)
(0.0477252 0.424027 -2.5705e-20)
(0.0451691 0.423297 2.57398e-20)
(0.041694 0.421532 0)
(0.0378264 0.419454 2.2791e-20)
(0.0338889 0.41743 -4.47875e-20)
(0.0300585 0.41562 2.19925e-20)
(0.0264182 0.414073 -1.02473e-20)
(0.0229949 0.412786 1.02641e-20)
(0.0197844 0.411734 0)
(0.0167671 0.410886 9.44486e-21)
(0.0139169 0.410213 -9.45702e-21)
(0.0112052 0.409687 0)
(0.00860429 0.40929 0)
(0.00608739 0.409004 0)
(0.00362928 0.40882 0)
(0.00120592 0.408729 0)
(-0.00120592 0.408729 0)
(-0.00362928 0.40882 0)
(-0.00608739 0.409004 0)
(-0.00860429 0.40929 0)
(-0.0112052 0.409687 0)
(-0.0139169 0.410213 -9.45702e-21)
(-0.0167671 0.410886 9.44486e-21)
(-0.0197844 0.411734 0)
(-0.0229949 0.412786 1.02641e-20)
(-0.0264182 0.414073 -1.02473e-20)
(-0.0300585 0.41562 2.19925e-20)
(-0.0338889 0.41743 -4.47875e-20)
(-0.0378264 0.419454 2.2791e-20)
(-0.041694 0.421532 0)
(-0.0451691 0.423297 2.57398e-20)
(-0.0477252 0.424027 -2.5705e-20)
(-0.0485919 0.422434 0)
(-0.0467889 0.416439 2.87489e-20)
(-0.0413221 0.403033 -2.88962e-20)
(-0.0316303 0.378452 0)
(-0.018268 0.33893 -6.04346e-20)
(-0.00355321 0.282158 1.21265e-19)
(0.00844095 0.209086 -6.12195e-20)
(0.0129863 0.125016 0)
(0.00688518 0.0389364 4.61304e-20)
(-0.00597634 0.0371602 0)
(-0.011506 0.119106 0)
(-0.00777527 0.199939 0)
(0.00289738 0.271753 0)
(0.0166394 0.329302 2.98023e-20)
(0.0297534 0.370954 -2.92936e-20)
(0.0398449 0.398136 0)
(0.0460629 0.413937 0)
(0.0486754 0.421788 0)
(0.048491 0.424639 -2.5141e-20)
(0.0464174 0.424659 2.51641e-20)
(0.0432267 0.423276 -2.32354e-20)
(0.0394823 0.421342 2.32795e-20)
(0.0355513 0.419322 0)
(0.0316502 0.417443 0)
(0.027892 0.415795 0)
(0.0243244 0.414401 0)
(0.0209569 0.413247 0)
(0.0177779 0.412308 0)
(0.0147656 0.411557 0)
(0.0118941 0.410969 -4.48111e-21)
(0.00913613 0.410522 4.48607e-21)
(0.00646497 0.410201 0)
(0.00385487 0.409993 0)
(0.00128096 0.409891 0)
(-0.00128096 0.409891 0)
(-0.00385487 0.409993 0)
(-0.00646497 0.410201 0)
(-0.00913613 0.410522 4.48607e-21)
(-0.0118941 0.410969 -4.48111e-21)
(-0.0147656 0.411557 0)
(-0.0177779 0.412308 0)
(-0.0209569 0.413247 0)
(-0.0243244 0.414401 0)
(-0.027892 0.415795 0)
(-0.0316502 0.417443 0)
(-0.0355513 0.419322 0)
(-0.0394823 0.421342 2.32795e-20)
(-0.0432267 0.423276 -2.32354e-20)
(-0.0464174 0.424659 2.51641e-20)
(-0.048491 0.424639 -2.5141e-20)
(-0.0486754 0.421788 0)
(-0.0460629 0.413937 0)
(-0.0398449 0.398136 0)
(-0.0297534 0.370954 -2.92936e-20)
(-0.0166394 0.329302 2.98023e-20)
(-0.00289738 0.271753 0)
(0.00777527 0.199939 0)
(0.011506 0.119106 0)
(0.00597634 0.0371602 0)
(-0.00513379 0.0356818 -2.47551e-20)
(-0.00998745 0.114076 2.61043e-20)
(-0.00680116 0.191936 0)
(0.00275569 0.262334 0)
(0.0155373 0.320235 0)
(0.0282508 0.363559 2.83721e-20)
(0.0385285 0.393015 -2.80317e-20)
(0.0453125 0.411063 0)
(0.0486175 0.420763 0)
(0.0490654 0.42494 0)
(0.047471 0.425807 0)
(0.0445864 0.424897 0)
(0.0409956 0.423178 -1.09589e-20)
(0.0371013 0.421214 1.09792e-20)
(0.0331555 0.419299 0)
(0.0293001 0.417572 0)
(0.0256043 0.416081 0)
(0.0220917 0.41483 0)
(0.01876 0.413803 -4.57224e-21)
(0.0155928 0.412975 4.57808e-21)
(0.0125668 0.412323 0)
(0.00965619 0.411826 -2.17634e-21)
(0.00683456 0.411468 2.17856e-21)
(0.00407581 0.411235 0)
(0.00135446 0.411121 0)
(-0.00135446 0.411121 0)
(-0.00407581 0.411235 0)
(-0.00683456 0.411468 2.17856e-21)
(-0.00965619 0.411826 -2.17634e-21)
(-0.0125668 0.412323 0)
(-0.0155928 0.412975 4.57808e-21)
(-0.01876 0.413803 -4.57224e-21)
(-0.0220917 0.41483 0)
(-0.0256043 0.416081 0)
(-0.0293001 0.417572 0)
(-0.0331555 0.419299 0)
(-0.0371013 0.421214 1.09792e-20)
(-0.0409956 0.423178 -1.09589e-20)
(-0.0445864 0.424897 0)
(-0.047471 0.425807 0)
(-0.0490654 0.42494 0)
(-0.0486175 0.420763 0)
(-0.0453125 0.411063 0)
(-0.0385285 0.393015 -2.80317e-20)
(-0.0282508 0.363559 2.83721e-20)
(-0.0155373 0.320235 0)
(-0.00275569 0.262334 0)
(0.00680116 0.191936 0)
(0.00998745 0.114076 2.61043e-20)
(0.00513379 0.0356818 -2.47551e-20)
(-0.00434648 0.034447 0)
(-0.00845499 0.109794 0)
(-0.00559465 0.184955 -2.88212e-20)
(0.00304164 0.253869 5.68658e-20)
(0.0149131 0.311796 -2.81725e-20)
(0.0271294 0.356394 0)
(0.0374206 0.387802 0)
(0.0446003 0.407918 0)
(0.0484757 0.419416 2.49292e-20)
(0.0494911 0.424957 -2.48858e-20)
(0.0483565 0.426744 0)
(0.0457867 0.426385 0)
(0.0423713 0.424951 0)
(0.0385388 0.423092 -1.0356e-20)
(0.0345717 0.421178 1.03743e-20)
(0.030639 0.419393 0)
(0.0268307 0.41782 9.43191e-21)
(0.0231854 0.416479 -9.44599e-21)
(0.0197105 0.415366 0)
(0.0163957 0.414463 0)
(0.0132212 0.413747 0)
(0.010163 0.413199 0)
(0.00719508 0.412803 2.12e-21)
(0.00429147 0.412546 -1.06729e-21)
(0.00142624 0.412419 -1.05562e-21)
(-0.00142624 0.412419 -1.05562e-21)
(-0.00429147 0.412546 -1.06729e-21)
(-0.00719508 0.412803 2.12e-21)
(-0.010163 0.413199 0)
(-0.0132212 0.413747 0)
(-0.0163957 0.414463 0)
(-0.0197105 0.415366 0)
(-0.0231854 0.416479 -9.44599e-21)
(-0.0268307 0.41782 9.43191e-21)
(-0.030639 0.419393 0)
(-0.0345717 0.421178 1.03743e-20)
(-0.0385388 0.423092 -1.0356e-20)
(-0.0423713 0.424951 0)
(-0.0457867 0.426385 0)
(-0.0483565 0.426744 0)
(-0.0494911 0.424957 -2.48858e-20)
(-0.0484757 0.419416 2.49292e-20)
(-0.0446003 0.407918 0)
(-0.0374206 0.387802 0)
(-0.0271294 0.356394 0)
(-0.0149131 0.311796 -2.81725e-20)
(-0.00304164 0.253869 5.68658e-20)
(0.00559465 0.184955 -2.88212e-20)
(0.00845499 0.109794 0)
(0.00434648 0.034447 0)
(-0.00360491 0.0334148 0)
(-0.00692273 0.106148 0)
(-0.00421313 0.178885 2.83856e-20)
(0.00368048 0.246309 -2.76039e-20)
(0.0147147 0.304025 2.78267e-20)
(0.0263796 0.349557 -2.73089e-20)
(0.0365496 0.382613 0)
(0.0439744 0.404599 0)
(0.0482991 0.417815 0)
(0.0498077 0.424723 0)
(0.049101 0.42748 0)
(0.0468432 0.427739 0)
(0.0436165 0.426649 0)
(0.0398657 0.424947 1.01306e-20)
(0.0358977 0.423068 -3.4338e-22)
(0.0319059 0.421251 -9.82047e-21)
(0.0280004 0.419609 0)
(0.0242347 0.418188 0)
(0.0206265 0.416994 0)
(0.017172 0.416017 -4.31975e-21)
(0.0138555 0.415238 4.32474e-21)
(0.0106549 0.414639 0)
(0.00754547 0.414204 0)
(0.00450123 0.413922 0)
(0.00149607 0.413783 0)
(-0.00149607 0.413783 0)
(-0.00450123 0.413922 0)
(-0.00754547 0.414204 0)
(-0.0106549 0.414639 0)
(-0.0138555 0.415238 4.32474e-21)
(-0.017172 0.416017 -4.31975e-21)
(-0.0206265 0.416994 0)
(-0.0242347 0.418188 0)
(-0.0280004 0.419609 0)
(-0.0319059 0.421251 -9.82047e-21)
(-0.0358977 0.423068 -3.4338e-22)
(-0.0398657 0.424947 1.01306e-20)
(-0.0436165 0.426649 0)
(-0.0468432 0.427739 0)
(-0.049101 0.42748 0)
(-0.0498077 0.424723 0)
(-0.0482991 0.417815 0)
(-0.0439744 0.404599 0)
(-0.0365496 0.382613 0)
(-0.0263796 0.349557 -2.73089e-20)
(-0.0147147 0.304025 2.78267e-20)
(-0.00368048 0.246309 -2.76039e-20)
(0.00421313 0.178885 2.83856e-20)
(0.00692273 0.106148 0)
(0.00360491 0.0334148 0)
(-0.002901 0.0325544 2.48734e-20)
(-0.00539832 0.103053 -5.40304e-20)
(-0.00269957 0.173626 5.49319e-20)
(0.00460905 0.239602 -2.72383e-20)
(0.0148897 0.296935 0)
(0.0259813 0.34312 0)
(0.0359287 0.377544 0)
(0.0434688 0.401196 0)
(0.0481281 0.416025 0)
(0.0500507 0.424278 0)
(0.0497303 0.428033 -1.09995e-20)
(0.0477719 0.42896 1.10024e-20)
(0.0447395 0.428268 1.02372e-20)
(0.0410847 0.426768 -3.55438e-22)
(0.0371331 0.424961 -9.91188e-21)
(0.0330989 0.423136 0)
(0.0291108 0.421443 -4.52264e-21)
(0.0252369 0.419951 4.5292e-21)
(0.0215054 0.418682 0)
(0.0179195 0.417634 0)
(0.0144677 0.416793 0)
(0.0111307 0.416143 2.05784e-21)
(0.00788472 0.415671 -2.05983e-21)
(0.00470447 0.415362 5.07564e-22)
(0.00156376 0.41521 -5.07984e-22)
(-0.00156376 0.41521 -5.07984e-22)
(-0.00470447 0.415362 5.07564e-22)
(-0.00788472 0.415671 -2.05983e-21)
(-0.0111307 0.416143 2.05784e-21)
(-0.0144677 0.416793 0)
(-0.0179195 0.417634 0)
(-0.0215054 0.418682 0)
(-0.0252369 0.419951 4.5292e-21)
(-0.0291108 0.421443 -4.52264e-21)
(-0.0330989 0.423136 0)
(-0.0371331 0.424961 -9.91188e-21)
(-0.0410847 0.426768 -3.55438e-22)
(-0.0447395 0.428268 1.02372e-20)
(-0.0477719 0.42896 1.10024e-20)
(-0.0497303 0.428033 -1.09995e-20)
(-0.0500507 0.424278 0)
(-0.0481281 0.416025 0)
(-0.0434688 0.401196 0)
(-0.0359287 0.377544 0)
(-0.0259813 0.34312 0)
(-0.0148897 0.296935 0)
(-0.00460905 0.239602 -2.72383e-20)
(0.00269957 0.173626 5.49319e-20)
(0.00539832 0.103053 -5.40304e-20)
(0.002901 0.0325544 2.48734e-20)
(-0.002228 0.0318418 0)
(-0.0038854 0.100435 0)
(-0.00108605 0.169092 -1.38108e-20)
(0.00577471 0.233689 1.34475e-20)
(0.0153887 0.290526 -1.33559e-20)
(0.0259077 0.337134 1.57069e-22)
(0.0355592 0.372675 2.52454e-20)
(0.043106 0.397792 -3.42946e-22)
(0.0479938 0.414112 -3.79655e-22)
(0.0502504 0.423664 -1.15179e-20)
(0.0502684 0.428426 0)
(0.0485892 0.430056 0)
(0.0457496 0.429807 0)
(0.0422001 0.42855 -4.82673e-21)
(0.0382786 0.426849 1.56914e-22)
(0.0342167 0.425041 9.22499e-21)
(0.0301597 0.423314 -1.28548e-22)
(0.0261896 0.421763 -4.42551e-21)
(0.0223449 0.420425 0)
(0.018636 0.41931 -2.07044e-21)
(0.0150562 0.418409 2.07276e-21)
(0.0115888 0.417709 0)
(0.00821188 0.417199 -9.98677e-22)
(0.00490063 0.416865 5.02605e-22)
(0.00162911 0.4167 4.97338e-22)
(-0.00162911 0.4167 4.97338e-22)
(-0.00490063 0.416865 5.02605e-22)
(-0.00821188 0.417199 -9.98677e-22)
(-0.0115888 0.417709 0)
(-0.0150562 0.418409 2.07276e-21)
(-0.018636 0.41931 -2.07044e-21)
(-0.0223449 0.420425 0)
(-0.0261896 0.421763 -4.42551e-21)
(-0.0301597 0.423314 -1.28548e-22)
(-0.0342167 0.425041 9.22499e-21)
(-0.0382786 0.426849 1.56914e-22)
(-0.0422001 0.42855 -4.82673e-21)
(-0.0457496 0.429807 0)
(-0.0485892 0.430056 0)
(-0.0502684 0.428426 0)
(-0.0502504 0.423664 -1.15179e-20)
(-0.0479938 0.414112 -3.79655e-22)
(-0.043106 0.397792 -3.42946e-22)
(-0.0355592 0.372675 2.52454e-20)
(-0.0259077 0.337134 1.57069e-22)
(-0.0153887 0.290526 -1.33559e-20)
(-0.00577471 0.233689 1.34475e-20)
(0.00108605 0.169092 -1.38108e-20)
(0.0038854 0.100435 0)
(0.002228 0.0318418 0)
(-0.00158029 0.0312583 0)
(-0.00238519 0.0982356 0)
(0.000603432 0.165208 0)
(0.0071339 0.228516 0)
(0.016166 0.284787 0)
(0.0261286 0.331634 0)
(0.0354338 0.368069 0)
(0.0428981 0.394458 0)
(0.0479194 0.412139 -5.62809e-21)
(0.050432 0.422928 1.9137e-22)
(0.0507367 0.428684 1.89015e-22)
(0.0493103 0.431038 1.82457e-22)
(0.0466561 0.431266 5.03135e-21)
(0.0432163 0.43029 0)
(0.0393355 0.428725 0)
(0.0352586 0.426959 0)
(0.0311454 0.425216 -2.15574e-21)
(0.0270907 0.423617 5.4304e-23)
(0.0231428 0.422219 2.10717e-21)
(0.0193196 0.421041 0)
(0.0156192 0.420082 0)
(0.0120281 0.419334 0)
(0.00852602 0.418786 0)
(0.00508917 0.418427 0)
(0.00169196 0.41825 0)
(-0.00169196 0.41825 0)
(-0.00508917 0.418427 0)
(-0.00852602 0.418786 0)
(-0.0120281 0.419334 0)
(-0.0156192 0.420082 0)
(-0.0193196 0.421041 0)
(-0.0231428 0.422219 2.10717e-21)
(-0.0270907 0.423617 5.4304e-23)
(-0.0311454 0.425216 -2.15574e-21)
(-0.0352586 0.426959 0)
(-0.0393355 0.428725 0)
(-0.0432163 0.43029 0)
(-0.0466561 0.431266 5.03135e-21)
(-0.0493103 0.431038 1.82457e-22)
(-0.0507367 0.428684 1.89015e-22)
(-0.050432 0.422928 1.9137e-22)
(-0.0479194 0.412139 -5.62809e-21)
(-0.0428981 0.394458 0)
(-0.0354338 0.368069 0)
(-0.0261286 0.331634 0)
(-0.016166 0.284787 0)
(-0.0071339 0.228516 0)
(-0.000603431 0.165208 0)
(0.00238519 0.0982356 0)
(0.00158029 0.0312583 0)
(-0.000953215 0.030789 0)
(-0.000897581 0.0964072 6.77796e-21)
(0.00235075 0.161909 -6.59726e-21)
(0.00865054 0.22403 -6.59837e-21)
(0.0171802 0.279698 6.4501e-21)
(0.0266123 0.32664 6.18504e-21)
(0.0355387 0.363777 -1.20359e-20)
(0.0428489 0.391256 1.1581e-20)
(0.0479202 0.410163 -5.66038e-21)
(0.050615 0.422111 0)
(0.0511536 0.428837 -2.53333e-21)
(0.0499493 0.431922 8.77292e-23)
(0.0474683 0.432652 2.44405e-21)
(0.0441385 0.431985 0)
(0.0403059 0.430586 -2.21725e-21)
(0.0362248 0.428884 4.37551e-21)
(0.0320669 0.427142 -2.15824e-21)
(0.0279384 0.425509 1.02543e-21)
(0.0238974 0.424058 -2.24689e-23)
(0.0199687 0.422823 -1.00545e-21)
(0.0161554 0.42181 0)
(0.0124474 0.421015 0)
(0.0088263 0.420431 0)
(0.00526956 0.420047 0)
(0.00175211 0.419857 0)
(-0.00175211 0.419857 0)
(-0.00526956 0.420047 0)
(-0.0088263 0.420431 0)
(-0.0124474 0.421015 0)
(-0.0161554 0.42181 0)
(-0.0199687 0.422823 -1.00545e-21)
(-0.0238974 0.424058 -2.24689e-23)
(-0.0279384 0.425509 1.02543e-21)
(-0.0320669 0.427142 -2.15824e-21)
(-0.0362248 0.428884 4.37551e-21)
(-0.0403059 0.430586 -2.21725e-21)
(-0.0441385 0.431985 0)
(-0.0474683 0.432652 2.44405e-21)
(-0.0499493 0.431922 8.77292e-23)
(-0.0511536 0.428837 -2.53333e-21)
(-0.050615 0.422111 0)
(-0.0479202 0.410163 -5.66038e-21)
(-0.0428489 0.391256 1.1581e-20)
(-0.0355387 0.363777 -1.20359e-20)
(-0.0266123 0.32664 6.18504e-21)
(-0.0171802 0.279698 6.4501e-21)
(-0.00865054 0.22403 -6.59837e-21)
(-0.00235075 0.161909 -6.59726e-21)
(0.000897581 0.0964072 6.77796e-21)
(0.000953215 0.030789 0)
(-0.000342921 0.030422 -6.16408e-21)
(0.000578184 0.0949099 -7.34568e-23)
(0.004142 0.15914 -4.3831e-23)
(0.0102946 0.22018 -6.34218e-24)
(0.0183943 0.275236 1.59926e-21)
(0.0273268 0.322161 -1.48016e-21)
(0.0358557 0.359836 2.97406e-21)
(0.0429555 0.388236 0)
(0.0480048 0.408236 -1.32981e-21)
(0.0508138 0.421259 4.5936e-23)
(0.0515338 0.428913 4.44311e-23)
(0.0505186 0.432724 4.22426e-23)
(0.0481949 0.43397 3.96758e-23)
(0.0449719 0.433637 3.68847e-23)
(0.0411921 0.432427 3.39454e-23)
(0.0371155 0.430812 3.0899e-23)
(0.0329232 0.429089 5.3822e-22)
(0.0287315 0.427433 1.22932e-23)
(0.0246071 0.425939 1.0679e-23)
(0.0205817 0.424651 9.05062e-24)
(0.0166634 0.423588 2.44098e-22)
(0.0128455 0.422749 2.88511e-24)
(0.00911196 0.422129 1.18146e-22)
(0.00544135 0.421721 6.18975e-25)
(0.00180943 0.421518 1.15638e-22)
(-0.00180943 0.421518 1.15638e-22)
(-0.00544135 0.421721 6.18975e-25)
(-0.00911196 0.422129 1.18146e-22)
(-0.0128455 0.422749 2.88511e-24)
(-0.0166634 0.423588 2.44098e-22)
(-0.0205817 0.424651 9.05062e-24)
(-0.0246071 0.425939 1.0679e-23)
(-0.0287315 0.427433 1.22932e-23)
(-0.0329232 0.429089 5.3822e-22)
(-0.0371155 0.430812 3.0899e-23)
(-0.0411921 0.432427 3.39454e-23)
(-0.0449719 0.433637 3.68847e-23)
(-0.0481949 0.43397 3.96758e-23)
(-0.0505186 0.432724 4.22426e-23)
(-0.0515338 0.428913 4.44311e-23)
(-0.0508138 0.421259 4.5936e-23)
(-0.0480048 0.408236 -1.32981e-21)
(-0.0429555 0.388236 0)
(-0.0358557 0.359836 2.97406e-21)
(-0.0273268 0.322161 -1.48016e-21)
(-0.0183943 0.275236 1.59926e-21)
(-0.0102946 0.22018 -6.34218e-24)
(-0.004142 0.15914 -4.3831e-23)
(-0.000578184 0.0949099 -7.34568e-23)
(0.000342921 0.030422 -3.97488e-23)
(0.000253757 0.0301476 0)
(0.00204308 0.0937106 0)
(0.00596625 0.156851 -1.63271e-21)
(0.012041 0.216921 4.12778e-24)
(0.019775 0.271373 1.55464e-21)
(0.0282409 0.3182 -2.94495e-21)
(0.0363635 0.356272 2.90033e-21)
(0.0432098 0.385441 -1.34742e-21)
(0.048176 0.406403 4.61441e-23)
(0.0510376 0.420408 4.51981e-23)
(0.0518889 0.428943 4.32103e-23)
(0.0510287 0.433463 4.07108e-23)
(0.0488438 0.435231 1.1479e-21)
(0.0457215 0.435248 -5.37648e-22)
(0.0419967 0.434248 1.61204e-23)
(0.0379315 0.432739 -4.93337e-22)
(0.0337141 0.431051 5.21779e-22)
(0.029469 0.429384 1.16432e-23)
(0.0252706 0.427855 1.01164e-23)
(0.0211573 0.426523 2.42015e-22)
(0.0171421 0.425413 3.5144e-24)
(0.0132217 0.424531 2.30379e-22)
(0.0093823 0.423878 -1.12939e-22)
(0.00560411 0.423446 5.68057e-23)
(0.00186377 0.423232 5.62559e-23)
(-0.00186377 0.423232 5.62559e-23)
(-0.00560411 0.423446 5.68057e-23)
(-0.0093823 0.423878 -1.12939e-22)
(-0.0132217 0.424531 2.30379e-22)
(-0.0171421 0.425413 3.5144e-24)
(-0.0211573 0.426523 2.42015e-22)
(-0.0252706 0.427855 1.01164e-23)
(-0.029469 0.429384 1.16432e-23)
(-0.0337141 0.431051 5.21779e-22)
(-0.0379315 0.432739 -4.93337e-22)
(-0.0419967 0.434248 1.61204e-23)
(-0.0457215 0.435248 -5.37648e-22)
(-0.0488438 0.435231 1.1479e-21)
(-0.0510287 0.433463 4.07108e-23)
(-0.0518889 0.428943 4.32104e-23)
(-0.0510376 0.420408 4.51981e-23)
(-0.048176 0.406403 4.61441e-23)
(-0.0432098 0.385441 -1.34742e-21)
(-0.0363635 0.356272 2.90033e-21)
(-0.0282409 0.3182 -2.94495e-21)
(-0.019775 0.271373 1.55464e-21)
(-0.012041 0.216921 4.12777e-24)
(-0.00596625 0.156851 -1.63271e-21)
(-0.00204308 0.0937106 0)
(-0.000253757 0.0301476 0)
(0.000839418 0.0299577 0)
(0.00349801 0.0927821 -6.57406e-21)
(0.00781458 0.155004 6.40929e-21)
(0.0138682 0.214212 6.22756e-21)
(0.0212923 0.268084 -6.09439e-21)
(0.0293243 0.314751 -5.73545e-21)
(0.0370393 0.353104 1.11243e-20)
(0.0435995 0.382904 -1.06385e-20)
(0.0484317 0.404702 5.18238e-21)
(0.0512914 0.419597 0)
(0.052227 0.428954 2.30295e-21)
(0.0514879 0.434158 -7.84635e-23)
(0.0494219 0.436445 -2.21913e-21)
(0.0463919 0.436822 0)
(0.0427223 0.436048 2.02073e-21)
(0.038674 0.434662 -3.99036e-21)
(0.0344395 0.433023 1.96982e-21)
(0.03015 0.431359 -9.39246e-22)
(0.025887 0.429804 1.90959e-23)
(0.0216945 0.428433 9.22256e-22)
(0.0175905 0.42728 0)
(0.013575 0.42636 0)
(0.00963672 0.425674 0)
(0.00575749 0.42522 0)
(0.00191501 0.424995 0)
(-0.00191501 0.424995 0)
(-0.00575749 0.42522 0)
(-0.00963672 0.425674 0)
(-0.013575 0.42636 0)
(-0.0175905 0.42728 0)
(-0.0216945 0.428433 9.22256e-22)
(-0.025887 0.429804 1.90959e-23)
(-0.03015 0.431359 -9.39246e-22)
(-0.0344395 0.433023 1.96982e-21)
(-0.038674 0.434662 -3.99036e-21)
(-0.0427223 0.436048 2.02073e-21)
(-0.0463919 0.436822 0)
(-0.0494219 0.436445 -2.21913e-21)
(-0.0514879 0.434158 -7.84635e-23)
(-0.052227 0.428954 2.30295e-21)
(-0.0512914 0.419597 0)
(-0.0484317 0.404702 5.18238e-21)
(-0.0435995 0.382904 -1.06385e-20)
(-0.0370393 0.353104 1.11243e-20)
(-0.0293243 0.314751 -5.73545e-21)
(-0.0212923 0.268084 -6.09439e-21)
(-0.0138682 0.214212 6.22756e-21)
(-0.00781458 0.155004 6.40929e-21)
(-0.00349801 0.0927821 -6.57406e-21)
(-0.000839418 0.0299577 0)
(0.00141619 0.029846 0)
(0.00494366 0.0921015 0)
(0.00967936 0.153561 0)
(0.0157573 0.212015 0)
(0.0229192 0.26534 0)
(0.0305482 0.311806 0)
(0.0378588 0.350341 0)
(0.0441092 0.38065 0)
(0.0487658 0.403166 4.83087e-21)
(0.0515762 0.418856 -1.75285e-22)
(0.052553 0.428972 -1.63565e-22)
(0.0519024 0.434827 -1.51078e-22)
(0.0499348 0.437623 -4.28147e-21)
(0.0469875 0.438364 0)
(0.0433716 0.437828 0)
(0.0393441 0.436578 0)
(0.0350997 0.435003 1.85664e-21)
(0.0307744 0.433352 -4.13269e-23)
(0.0264555 0.431781 -1.81951e-21)
(0.0221925 0.430377 0)
(0.0180077 0.429187 0)
(0.0139047 0.428231 0)
(0.00987471 0.427515 0)
(0.00590116 0.42704 0)
(0.00196303 0.426803 0)
(-0.00196303 0.426803 0)
(-0.00590116 0.42704 0)
(-0.00987471 0.427515 0)
(-0.0139047 0.428231 0)
(-0.0180077 0.429187 0)
(-0.0221925 0.430377 0)
(-0.0264555 0.431781 -1.81951e-21)
(-0.0307744 0.433352 -4.13269e-23)
(-0.0350997 0.435003 1.85664e-21)
(-0.0393441 0.436578 0)
(-0.0433716 0.437828 0)
(-0.0469875 0.438364 0)
(-0.0499348 0.437623 -4.28147e-21)
(-0.0519024 0.434827 -1.51078e-22)
(-0.052553 0.428972 -1.63565e-22)
(-0.0515762 0.418856 -1.75285e-22)
(-0.0487658 0.403166 4.83087e-21)
(-0.0441092 0.38065 0)
(-0.0378588 0.350341 0)
(-0.0305482 0.311806 0)
(-0.0229192 0.26534 0)
(-0.0157573 0.212015 0)
(-0.00967936 0.153561 0)
(-0.00494366 0.0921015 0)
(-0.00141619 0.029846 0)
(0.00198578 0.0298071 0)
(0.00638038 0.0916503 0)
(0.0115538 0.152495 1.23643e-20)
(0.0176917 0.210298 -1.20828e-20)
(0.0246306 0.263116 1.13602e-20)
(0.0318845 0.309353 -3.4348e-22)
(0.0387972 0.347988 -2.09254e-20)
(0.0447211 0.378698 3.80302e-22)
(0.0491687 0.401821 3.6746e-22)
(0.0518893 0.418212 9.25924e-21)
(0.0528691 0.429021 0)
(0.0522765 0.435487 0)
(0.050387 0.438775 0)
(0.0475118 0.43988 3.86853e-21)
(0.043947 0.439589 -1.08787e-22)
(0.0399432 0.438487 -7.43175e-21)
(0.035695 0.436986 8.76153e-23)
(0.0313419 0.43536 3.58698e-21)
(0.0269757 0.43378 0)
(0.0226506 0.432351 1.69638e-21)
(0.0183933 0.431129 -1.69799e-21)
(0.0142104 0.43014 0)
(0.0100959 0.429397 8.23e-22)
(0.00603487 0.428902 -4.13729e-22)
(0.00200777 0.428655 -4.10038e-22)
(-0.00200777 0.428655 -4.10038e-22)
(-0.00603487 0.428902 -4.13729e-22)
(-0.0100959 0.429397 8.23e-22)
(-0.0142104 0.43014 0)
(-0.0183933 0.431129 -1.69799e-21)
(-0.0226506 0.432351 1.69638e-21)
(-0.0269757 0.43378 0)
(-0.0313419 0.43536 3.58698e-21)
(-0.035695 0.436986 8.76153e-23)
(-0.0399432 0.438487 -7.43175e-21)
(-0.043947 0.439589 -1.08787e-22)
(-0.0475118 0.43988 3.86853e-21)
(-0.050387 0.438775 0)
(-0.0522765 0.435487 0)
(-0.0528691 0.429021 0)
(-0.0518893 0.418212 9.25924e-21)
(-0.0491687 0.401821 3.6746e-22)
(-0.0447211 0.378698 3.80302e-22)
(-0.0387972 0.347988 -2.09254e-20)
(-0.0318845 0.309353 -3.4348e-22)
(-0.0246306 0.263116 1.13602e-20)
(-0.0176917 0.210298 -1.20828e-20)
(-0.0115538 0.152495 1.23643e-20)
(-0.00638038 0.0916503 0)
(-0.00198578 0.0298071 0)
(0.0025496 0.0298368 -2.38784e-20)
(0.0078081 0.091413 5.04616e-20)
(0.0134313 0.151779 -4.86921e-20)
(0.0196557 0.209032 2.36371e-20)
(0.0264032 0.261387 0)
(0.0333066 0.307377 0)
(0.0398294 0.346046 0)
(0.045416 0.377058 0)
(0.0496285 0.400686 0)
(0.0522257 0.417688 0)
(0.0531747 0.429122 8.22345e-21)
(0.0526125 0.436156 -8.20263e-21)
(0.0507817 0.439914 -7.6639e-21)
(0.0479681 0.441375 2.26496e-22)
(0.0444509 0.441332 7.43809e-21)
(0.0404728 0.440387 0)
(0.0362264 0.438971 3.44975e-21)
(0.0318527 0.437379 -3.45335e-21)
(0.0274473 0.4358 0)
(0.0230685 0.434352 0)
(0.0187467 0.433102 0)
(0.0144917 0.432084 -1.60027e-21)
(0.0102999 0.431316 1.60142e-21)
(0.00615844 0.430803 -3.95733e-22)
(0.00204914 0.430546 3.95938e-22)
(-0.00204914 0.430546 3.95938e-22)
(-0.00615844 0.430803 -3.95733e-22)
(-0.0102999 0.431316 1.60142e-21)
(-0.0144917 0.432084 -1.60027e-21)
(-0.0187467 0.433102 0)
(-0.0230685 0.434352 0)
(-0.0274473 0.4358 0)
(-0.0318527 0.437379 -3.45335e-21)
(-0.0362264 0.438971 3.44975e-21)
(-0.0404728 0.440387 0)
(-0.0444509 0.441332 7.43809e-21)
(-0.0479681 0.441375 2.26496e-22)
(-0.0507817 0.439914 -7.6639e-21)
(-0.0526125 0.436156 -8.20263e-21)
(-0.0531747 0.429122 8.22345e-21)
(-0.0522257 0.417688 0)
(-0.0496285 0.400686 0)
(-0.045416 0.377058 0)
(-0.0398294 0.346046 0)
(-0.0333066 0.307377 0)
(-0.0264032 0.261387 0)
(-0.0196557 0.209032 2.36371e-20)
(-0.0134313 0.151779 -4.86921e-20)
(-0.0078081 0.091413 5.04616e-20)
(-0.0025496 0.0298368 -2.38784e-20)
(0.00310875 0.0299317 0)
(0.00922634 0.0913774 0)
(0.0153054 0.151393 -2.35765e-20)
(0.0216345 0.208191 2.30579e-20)
(0.0282148 0.260129 -2.13188e-20)
(0.0347884 0.305863 2.0947e-20)
(0.0409303 0.344509 0)
(0.0461732 0.375738 0)
(0.0501311 0.399776 0)
(0.0525775 0.417301 0)
(0.0534674 0.429292 0)
(0.0529109 0.436847 0)
(0.0511211 0.441048 0)
(0.0483586 0.442855 -7.12761e-21)
(0.0448855 0.443061 1.90504e-22)
(0.0409344 0.442278 6.94331e-21)
(0.0366945 0.440956 0)
(0.0323072 0.439406 0)
(0.0278704 0.437836 0)
(0.023446 0.436376 3.14931e-21)
(0.0190676 0.435103 -3.15209e-21)
(0.0147482 0.434061 0)
(0.0104865 0.43327 0)
(0.00627171 0.43274 0)
(0.0020871 0.432474 0)
(-0.0020871 0.432474 0)
(-0.00627171 0.43274 0)
(-0.0104865 0.43327 0)
(-0.0147482 0.434061 0)
(-0.0190676 0.435103 -3.15209e-21)
(-0.023446 0.436376 3.14931e-21)
(-0.0278704 0.437836 0)
(-0.0323072 0.439406 0)
(-0.0366945 0.440956 0)
(-0.0409344 0.442278 6.94331e-21)
(-0.0448855 0.443061 1.90504e-22)
(-0.0483586 0.442855 -7.12761e-21)
(-0.0511211 0.441048 0)
(-0.0529109 0.436847 0)
(-0.0534674 0.429292 0)
(-0.0525775 0.417301 0)
(-0.0501311 0.399776 0)
(-0.0461732 0.375738 0)
(-0.0409303 0.344509 0)
(-0.0347884 0.305863 2.0947e-20)
(-0.0282148 0.260129 -2.13188e-20)
(-0.0216345 0.208191 2.30579e-20)
(-0.0153054 0.151393 -2.35765e-20)
(-0.00922634 0.0913774 0)
(-0.00310875 0.0299317 0)
(0.00366409 0.0300892 0)
(0.0106341 0.0915339 0)
(0.0171695 0.15132 2.29189e-20)
(0.0236135 0.207754 -2.2424e-20)
(0.0300437 0.25932 0)
(0.0363043 0.304794 0)
(0.0420746 0.34337 0)
(0.0469714 0.37474 0)
(0.0506608 0.3991 -1.6439e-20)
(0.0529354 0.417066 1.63289e-20)
(0.0537428 0.429545 0)
(0.0531709 0.437572 0)
(0.0514062 0.442187 0)
(0.0486854 0.444325 6.81411e-21)
(0.0452525 0.444776 -6.8149e-21)
(0.0413295 0.444159 0)
(0.0371005 0.442937 -6.34982e-21)
(0.0327059 0.441438 6.3557e-21)
(0.0282453 0.439884 0)
(0.0237832 0.438419 0)
(0.0193562 0.437129 0)
(0.01498 0.436065 0)
(0.0106557 0.435254 -1.47171e-21)
(0.00637463 0.434709 7.39384e-22)
(0.00212163 0.434436 7.33455e-22)
(-0.00212163 0.434436 7.33455e-22)
(-0.00637463 0.434709 7.39384e-22)
(-0.0106557 0.435254 -1.47171e-21)
(-0.01498 0.436065 0)
(-0.0193562 0.437129 0)
(-0.0237832 0.438419 0)
(-0.0282453 0.439884 0)
(-0.0327059 0.441438 6.3557e-21)
(-0.0371005 0.442937 -6.34982e-21)
(-0.0413295 0.444159 0)
(-0.0452525 0.444776 -6.8149e-21)
(-0.0486854 0.444325 6.81411e-21)
(-0.0514062 0.442187 0)
(-0.0531709 0.437572 0)
(-0.0537428 0.429545 0)
(-0.0529354 0.417066 1.63289e-20)
(-0.0506608 0.3991 -1.6439e-20)
(-0.0469714 0.37474 0)
(-0.0420746 0.34337 0)
(-0.0363043 0.304794 0)
(-0.0300437 0.25932 0)
(-0.0236135 0.207754 -2.2424e-20)
(-0.0171695 0.15132 2.29189e-20)
(-0.0106341 0.0915339 0)
(-0.00366409 0.0300892 0)
(0.00421633 0.0303077 2.26947e-20)
(0.0120298 0.0918756 -2.41216e-20)
(0.019016 0.151547 0)
(0.0255779 0.207702 0)
(0.0318685 0.258941 0)
(0.0378293 0.304154 0)
(0.0432371 0.342619 -1.74739e-20)
(0.0477887 0.374061 1.72704e-20)
(0.0512012 0.398663 0)
(0.0532885 0.416992 0)
(0.053995 0.429892 0)
(0.0533905 0.438343 0)
(0.0516374 0.443338 6.68375e-21)
(0.0489496 0.445792 -6.6791e-21)
(0.0455536 0.446481 0)
(0.0416596 0.446031 6.19094e-21)
(0.0374455 0.444915 -6.19548e-21)
(0.0330497 0.443473 0)
(0.0285725 0.441942 2.93425e-21)
(0.0240803 0.440477 -2.93683e-21)
(0.0196123 0.439175 0)
(0.0151869 0.438094 1.41972e-21)
(0.0108075 0.437267 -1.4206e-21)
(0.00646717 0.436709 0)
(0.00215272 0.436428 0)
(-0.00215272 0.436428 0)
(-0.00646717 0.436709 0)
(-0.0108075 0.437267 -1.4206e-21)
(-0.0151869 0.438094 1.41972e-21)
(-0.0196123 0.439175 0)
(-0.0240803 0.440477 -2.93683e-21)
(-0.0285725 0.441942 2.93425e-21)
(-0.0330497 0.443473 0)
(-0.0374455 0.444915 -6.19548e-21)
(-0.0416596 0.446031 6.19094e-21)
(-0.0455536 0.446481 0)
(-0.0489496 0.445792 -6.6791e-21)
(-0.0516374 0.443338 6.68375e-21)
(-0.0533905 0.438343 0)
(-0.053995 0.429892 0)
(-0.0532885 0.416992 0)
(-0.0512012 0.398663 0)
(-0.0477887 0.374061 1.72704e-20)
(-0.0432371 0.342619 -1.74739e-20)
(-0.0378293 0.304154 0)
(-0.0318685 0.258941 0)
(-0.0255779 0.207702 0)
(-0.019016 0.151547 0)
(-0.0120298 0.0918756 -2.41216e-20)
(-0.00421633 0.0303077 2.26947e-20)
(0.004766 0.0305864 0)
(0.0134114 0.0923983 0)
(0.0208367 0.152064 2.14166e-20)
(0.0275121 0.208021 -2.09661e-20)
(0.0336674 0.258974 -1.88628e-20)
(0.0393381 0.303926 3.6243e-20)
(0.0443929 0.342243 -1.744e-20)
(0.0486031 0.373696 0)
(0.0517352 0.398465 0)
(0.0536252 0.417083 1.41666e-20)
(0.0542174 0.430341 -1.40988e-20)
(0.0535666 0.439166 1.31008e-20)
(0.0518141 0.444509 -1.3077e-20)
(0.0491524 0.447258 -6.17156e-21)
(0.0457903 0.448178 6.17092e-21)
(0.0419262 0.447894 0)
(0.0377307 0.446887 0)
(0.0333395 0.445508 0)
(0.0288526 0.444007 0)
(0.0243378 0.442548 0)
(0.0198365 0.441239 2.73655e-21)
(0.0153693 0.440145 -2.73844e-21)
(0.0109418 0.439304 0)
(0.00654939 0.438734 0)
(0.00218039 0.438448 0)
(-0.00218039 0.438448 0)
(-0.00654939 0.438734 0)
(-0.0109418 0.439304 0)
(-0.0153693 0.440145 -2.73844e-21)
(-0.0198365 0.441239 2.73655e-21)
(-0.0243378 0.442548 0)
(-0.0288526 0.444007 0)
(-0.0333395 0.445508 0)
(-0.0377307 0.446887 0)
(-0.0419262 0.447894 0)
(-0.0457903 0.448178 6.17092e-21)
(-0.0491524 0.447258 -6.17156e-21)
(-0.0518141 0.444509 -1.3077e-20)
(-0.0535666 0.439166 1.31008e-20)
(-0.0542174 0.430341 -1.40988e-20)
(-0.0536252 0.417083 1.41666e-20)
(-0.0517352 0.398465 0)
(-0.0486031 0.373696 0)
(-0.0443929 0.342243 -1.744e-20)
(-0.0393381 0.303926 3.6243e-20)
(-0.0336674 0.258974 -1.88628e-20)
(-0.0275121 0.208021 -2.09661e-20)
(-0.0208367 0.152064 2.14166e-20)
(-0.0134114 0.0923983 0)
(-0.004766 0.0305864 0)
(0.00531352 0.0309254 4.4168e-20)
(0.0147759 0.0931006 0)
(0.0226221 0.152865 4.11357e-20)
(0.0293991 0.208698 -7.86902e-20)
(0.0354178 0.259401 3.77041e-20)
(0.0408055 0.304091 0)
(0.0455169 0.342227 1.5721e-20)
(0.0493927 0.373635 -1.55453e-20)
(0.0522454 0.398503 0)
(0.0539333 0.417342 1.33775e-20)
(0.0544026 0.430896 -1.33128e-20)
(0.0536959 0.440047 0)
(0.0519355 0.445704 -1.20047e-20)
(0.0492942 0.448727 2.36804e-20)
(0.045964 0.449868 -1.16844e-20)
(0.0421308 0.449748 5.59136e-21)
(0.0379577 0.448852 -5.59467e-21)
(0.0335766 0.447542 0)
(0.0290866 0.446075 -5.32872e-21)
(0.0245563 0.444629 5.333e-21)
(0.020029 0.443318 0)
(0.0155273 0.442215 0)
(0.011059 0.441362 0)
(0.00662138 0.440784 0)
(0.00220466 0.440492 0)
(-0.00220466 0.440492 0)
(-0.00662138 0.440784 0)
(-0.011059 0.441362 0)
(-0.0155273 0.442215 0)
(-0.020029 0.443318 0)
(-0.0245563 0.444629 5.333e-21)
(-0.0290866 0.446075 -5.32872e-21)
(-0.0335766 0.447542 0)
(-0.0379577 0.448852 -5.59467e-21)
(-0.0421308 0.449748 5.59136e-21)
(-0.045964 0.449868 -1.16844e-20)
(-0.0492942 0.448727 2.36804e-20)
(-0.0519355 0.445704 -1.20047e-20)
(-0.0536959 0.440047 0)
(-0.0544026 0.430896 -1.33128e-20)
(-0.0539333 0.417342 1.33775e-20)
(-0.0522454 0.398503 0)
(-0.0493927 0.373635 -1.55453e-20)
(-0.0455169 0.342227 1.5721e-20)
(-0.0408055 0.304091 0)
(-0.0354178 0.259401 3.77041e-20)
(-0.0293991 0.208698 -7.86902e-20)
(-0.0226221 0.152865 4.11357e-20)
(-0.0147759 0.0931006 0)
(-0.00531352 0.0309254 -4.4168e-20)
(0.00585925 0.0313262 0)
(0.0161194 0.0939842 4.23455e-20)
(0.0243609 0.153948 -4.13742e-20)
(0.0312204 0.209724 3.64773e-20)
(0.0370962 0.260207 -3.58058e-20)
(0.0422059 0.304631 0)
(0.0465845 0.342555 0)
(0.0501358 0.373865 -1.39146e-20)
(0.0527147 0.398771 6.1331e-22)
(0.0542008 0.417765 5.22766e-22)
(0.054543 0.431559 1.25101e-20)
(0.0537743 0.440989 0)
(0.0520003 0.446926 0)
(0.0493755 0.450202 0)
(0.0460758 0.451553 0)
(0.0422749 0.451593 0)
(0.0381278 0.45081 -5.19659e-21)
(0.0337621 0.449571 5.20022e-21)
(0.0292754 0.448145 0)
(0.0247367 0.446717 0)
(0.0201905 0.445409 2.47589e-21)
(0.0156614 0.4443 -2.47743e-21)
(0.0111593 0.44344 1.22277e-21)
(0.0066833 0.442854 -6.13727e-22)
(0.00222559 0.442558 -6.09715e-22)
(-0.00222559 0.442558 -6.09715e-22)
(-0.0066833 0.442854 -6.13727e-22)
(-0.0111593 0.44344 1.22277e-21)
(-0.0156614 0.4443 -2.47743e-21)
(-0.0201905 0.445409 2.47589e-21)
(-0.0247367 0.446717 0)
(-0.0292754 0.448145 0)
(-0.0337621 0.449571 5.20022e-21)
(-0.0381278 0.45081 -5.19659e-21)
(-0.0422749 0.451593 0)
(-0.0460758 0.451553 0)
(-0.0493755 0.450202 0)
(-0.0520003 0.446926 0)
(-0.0537743 0.440989 0)
(-0.054543 0.431559 1.25101e-20)
(-0.0542008 0.417765 5.22766e-22)
(-0.0527147 0.398771 6.1331e-22)
(-0.0501358 0.373865 -1.39146e-20)
(-0.0465845 0.342555 0)
(-0.0422059 0.304631 0)
(-0.0370962 0.260207 -3.58058e-20)
(-0.0312204 0.209724 3.64773e-20)
(-0.0243609 0.153948 -4.13742e-20)
(-0.0161194 0.0939842 4.23455e-20)
(-0.00585925 0.0313262 0)
(0.00640349 0.0317916 -4.17768e-20)
(0.0174368 0.0950542 -4.05324e-20)
(0.0260394 0.155313 2.29008e-21)
(0.0329551 0.211091 3.65368e-20)
(0.0386778 0.261378 0)
(0.0435136 0.305529 -2.95502e-20)
(0.0475716 0.343208 2.91667e-20)
(0.0508118 0.374372 0)
(0.0531269 0.399258 0)
(0.0544158 0.41835 -1.17467e-20)
(0.0546312 0.432329 4.03472e-22)
(0.0537979 0.441994 2.21641e-20)
(0.0520071 0.448179 -1.08906e-20)
(0.0493966 0.451686 0)
(0.0461271 0.453233 0)
(0.0423602 0.453429 0)
(0.0382428 0.452758 0)
(0.0338976 0.451596 0)
(0.0294204 0.450215 0)
(0.0248799 0.448809 0)
(0.0203217 0.447508 0)
(0.0157722 0.446399 2.32729e-21)
(0.011243 0.445533 -2.32842e-21)
(0.00673537 0.444943 0)
(0.00224325 0.444644 0)
(-0.00224325 0.444644 0)
(-0.00673537 0.444943 0)
(-0.011243 0.445533 -2.32842e-21)
(-0.0157722 0.446399 2.32729e-21)
(-0.0203217 0.447508 0)
(-0.0248799 0.448809 0)
(-0.0294204 0.450215 0)
(-0.0338976 0.451596 0)
(-0.0382428 0.452758 0)
(-0.0423602 0.453429 0)
(-0.0461271 0.453233 0)
(-0.0493966 0.451686 0)
(-0.0520071 0.448179 -1.08906e-20)
(-0.0537979 0.441994 2.21641e-20)
(-0.0546312 0.432329 4.03472e-22)
(-0.0544158 0.41835 -1.17467e-20)
(-0.0531269 0.399258 0)
(-0.0508118 0.374372 0)
(-0.0475716 0.343208 2.91667e-20)
(-0.0435136 0.305529 -2.95502e-20)
(-0.0386778 0.261378 0)
(-0.0329551 0.211091 3.65368e-20)
(-0.0260394 0.155313 2.29008e-21)
(-0.0174368 0.0950542 -4.05324e-20)
(-0.00640349 0.0317916 4.17768e-20)
(0.00694647 0.0323266 0)
(0.0187211 0.0963198 0)
(0.0276413 0.156965 3.51692e-20)
(0.03458 0.212793 -3.44402e-20)
(0.0401362 0.262897 0)
(0.0447028 0.306762 0)
(0.0484549 0.344165 2.55891e-20)
(0.0514011 0.375138 -2.53251e-20)
(0.0534666 0.399951 0)
(0.0545675 0.419087 0)
(0.0546603 0.433202 0)
(0.0537633 0.44306 0)
(0.0519549 0.449461 0)
(0.049358 0.453178 0)
(0.0461192 0.45491 0)
(0.0423885 0.455255 0)
(0.0383044 0.454697 -4.5995e-21)
(0.0339848 0.453613 4.60223e-21)
(0.0295229 0.452281 0)
(0.024987 0.450903 4.45077e-21)
(0.0204235 0.449615 -6.66181e-21)
(0.0158602 0.448508 1.46816e-23)
(0.0113107 0.447641 1.10317e-21)
(0.00677783 0.447047 1.09293e-21)
(0.00225772 0.446746 0)
(-0.00225772 0.446746 0)
(-0.00677783 0.447047 1.09293e-21)
(-0.0113107 0.447641 1.10317e-21)
(-0.0158602 0.448508 1.46816e-23)
(-0.0204235 0.449615 -6.66181e-21)
(-0.024987 0.450903 4.45077e-21)
(-0.0295229 0.452281 0)
(-0.0339848 0.453613 4.60223e-21)
(-0.0383044 0.454697 -4.5995e-21)
(-0.0423885 0.455255 0)
(-0.0461192 0.45491 0)
(-0.049358 0.453178 0)
(-0.0519549 0.449461 0)
(-0.0537633 0.44306 0)
(-0.0546603 0.433202 0)
(-0.0545675 0.419087 0)
(-0.0534666 0.399951 0)
(-0.0514011 0.375138 -2.53251e-20)
(-0.0484549 0.344165 2.55891e-20)
(-0.0447028 0.306762 0)
(-0.0401362 0.262897 0)
(-0.03458 0.212793 -3.44402e-20)
(-0.0276413 0.156965 3.51692e-20)
(-0.0187211 0.0963198 0)
(-0.00694647 0.0323266 0)
(0.00748834 0.032939 0)
(0.019963 0.097795 0)
(0.0291465 0.158912 0)
(0.0360686 0.214826 0)
(0.0414441 0.264749 0)
(0.045748 0.308309 -2.52416e-20)
(0.0492126 0.345403 2.49214e-20)
(0.0518861 0.376143 0)
(0.0537204 0.400835 -1.04912e-20)
(0.0546464 0.419966 2.04701e-20)
(0.0546243 0.434173 -9.99881e-21)
(0.0536672 0.444186 0)
(0.0518427 0.450772 0)
(0.0492604 0.454678 0)
(0.0460536 0.456583 0)
(0.0423616 0.457072 0)
(0.0383146 0.456626 4.29705e-21)
(0.0340255 0.455621 -4.29938e-21)
(0.0295845 0.454343 0)
(0.0250594 0.452997 0)
(0.020497 0.451725 0)
(0.0159264 0.450626 0)
(0.0113627 0.449759 1.02621e-21)
(0.006811 0.449165 -5.14634e-22)
(0.0022691 0.448863 -5.11979e-22)
(-0.0022691 0.448863 -5.11979e-22)
(-0.006811 0.449165 -5.14634e-22)
(-0.0113627 0.449759 1.02621e-21)
(-0.0159264 0.450626 0)
(-0.020497 0.451725 0)
(-0.0250594 0.452997 0)
(-0.0295845 0.454343 0)
(-0.0340255 0.455621 -4.29938e-21)
(-0.0383146 0.456626 4.29705e-21)
(-0.0423616 0.457072 0)
(-0.0460536 0.456583 0)
(-0.0492604 0.454678 0)
(-0.0518427 0.450772 0)
(-0.0536672 0.444186 0)
(-0.0546243 0.434173 -9.99881e-21)
(-0.0546464 0.419966 2.04701e-20)
(-0.0537204 0.400835 -1.04912e-20)
(-0.0518861 0.376143 0)
(-0.0492126 0.345403 2.49214e-20)
(-0.045748 0.308309 -2.52416e-20)
(-0.0414441 0.264749 0)
(-0.0360686 0.214826 0)
(-0.0291465 0.158912 0)
(-0.019963 0.097795 0)
(-0.00748834 0.032939 0)
(0.00802901 0.0336405 -7.2324e-20)
(0.02115 0.0994993 7.1588e-20)
(0.0305305 0.161164 -3.32337e-20)
(0.0373917 0.217185 0)
(0.0425735 0.266917 0)
(0.0466254 0.310145 -2.29735e-20)
(0.0498252 0.346896 2.26862e-20)
(0.0522516 0.377363 0)
(0.0538771 0.401892 1.91318e-20)
(0.0546448 0.420976 -2.81949e-20)
(0.0545185 0.435233 1.80056e-20)
(0.0535075 0.445366 -8.84474e-21)
(0.0516703 0.452112 -8.44342e-21)
(0.0491047 0.456187 8.43674e-21)
(0.0459322 0.458251 8.17196e-21)
(0.0422817 0.458878 -8.17386e-21)
(0.0382757 0.458542 7.98271e-21)
(0.0340216 0.45762 -1.19412e-20)
(0.0296071 0.456399 3.55516e-23)
(0.0250986 0.455089 3.92316e-21)
(0.0205433 0.453838 0)
(0.0159714 0.452749 -1.92495e-21)
(0.0113998 0.451887 1.9257e-21)
(0.00683523 0.451294 0)
(0.0022775 0.450991 0)
(-0.0022775 0.450991 0)
(-0.00683523 0.451294 0)
(-0.0113998 0.451887 1.9257e-21)
(-0.0159714 0.452749 -1.92495e-21)
(-0.0205433 0.453838 0)
(-0.0250986 0.455089 3.92316e-21)
(-0.0296071 0.456399 3.55516e-23)
(-0.0340216 0.45762 -1.19412e-20)
(-0.0382757 0.458542 7.9827e-21)
(-0.0422817 0.458878 -8.17386e-21)
(-0.0459322 0.458251 8.17196e-21)
(-0.0491047 0.456187 8.43674e-21)
(-0.0516703 0.452112 -8.44342e-21)
(-0.0535075 0.445366 -8.84474e-21)
(-0.0545185 0.435233 1.80056e-20)
(-0.0546448 0.420976 -2.81949e-20)
(-0.0538771 0.401892 1.91318e-20)
(-0.0522516 0.377363 0)
(-0.0498252 0.346896 2.26862e-20)
(-0.0466254 0.310145 -2.29735e-20)
(-0.0425735 0.266917 0)
(-0.0373917 0.217185 0)
(-0.0305305 0.161164 -3.32337e-20)
(-0.02115 0.0994993 7.1588e-20)
(-0.00802901 0.0336405 1.83577e-21)
(0.00856796 0.0344484 0)
(0.0222646 0.101459 0)
(0.0317637 0.163734 0)
(0.0385177 0.219864 -2.47599e-20)
(0.0434971 0.269379 1.87215e-21)
(0.0473136 0.312243 2.21128e-20)
(0.050277 0.348615 -1.9224e-20)
(0.0524861 0.378773 9.14425e-22)
(0.0539285 0.403102 7.17132e-22)
(0.0545573 0.422102 1.71651e-20)
(0.05434 0.436375 -8.05119e-21)
(0.0532833 0.446597 1.70046e-22)
(0.0514383 0.453476 7.84676e-21)
(0.0488926 0.457702 0)
(0.0457572 0.459915 -7.50564e-21)
(0.0421513 0.460674 7.79397e-23)
(0.03819 0.460447 6.87074e-23)
(0.0339755 0.459608 3.71554e-21)
(0.0295924 0.458447 3.65674e-21)
(0.025106 0.457177 0)
(0.0205636 0.455952 0)
(0.0159963 0.454877 1.78743e-21)
(0.0114226 0.454022 -1.78819e-21)
(0.00685089 0.453432 0)
(0.00228306 0.453131 0)
(-0.00228306 0.453131 0)
(-0.00685089 0.453432 0)
(-0.0114226 0.454022 -1.78819e-21)
(-0.0159963 0.454877 1.78743e-21)
(-0.0205636 0.455952 0)
(-0.025106 0.457177 0)
(-0.0295924 0.458447 3.65674e-21)
(-0.0339755 0.459608 3.71554e-21)
(-0.03819 0.460447 6.87074e-23)
(-0.0421513 0.460674 7.79397e-23)
(-0.0457572 0.459915 -7.50564e-21)
(-0.0488926 0.457702 0)
(-0.0514383 0.453476 7.84676e-21)
(-0.0532833 0.446597 1.70046e-22)
(-0.05434 0.436375 -8.05119e-21)
(-0.0545573 0.422102 1.71651e-20)
(-0.0539285 0.403102 7.17132e-22)
(-0.0524861 0.378773 9.14425e-22)
(-0.050277 0.348615 -1.9224e-20)
(-0.0473136 0.312243 2.21128e-20)
(-0.0434971 0.269379 1.87215e-21)
(-0.0385177 0.219864 -2.47599e-20)
(-0.0317637 0.163734 0)
(-0.0222646 0.101459 0)
(-0.00856796 0.0344484 0)
(0.00910375 0.0353881 0)
(0.0232838 0.103708 0)
(0.0328115 0.166636 0)
(0.0394139 0.222852 0)
(0.0441903 0.27211 0)
(0.0477962 0.31457 0)
(0.0505573 0.350531 0)
(0.0525826 0.380348 0)
(0.0538703 0.404446 0)
(0.0543816 0.423329 0)
(0.0540881 0.437587 0)
(0.0529952 0.447871 0)
(0.0511482 0.454862 0)
(0.0486264 0.459223 0)
(0.0455312 0.461573 0)
(0.0419732 0.462458 0)
(0.0380603 0.462338 0)
(0.0338897 0.461584 0)
(0.0295427 0.460486 0)
(0.0250836 0.45926 0)
(0.0205594 0.458064 0)
(0.0160022 0.457007 0)
(0.0114317 0.456163 0)
(0.00685841 0.455577 0)
(0.0022859 0.455278 0)
(-0.0022859 0.455278 0)
(-0.00685841 0.455577 0)
(-0.0114317 0.456163 0)
(-0.0160022 0.457007 0)
(-0.0205594 0.458064 0)
(-0.0250836 0.45926 0)
(-0.0295427 0.460486 0)
(-0.0338897 0.461584 0)
(-0.0380603 0.462338 0)
(-0.0419732 0.462458 0)
(-0.0455312 0.461573 0)
(-0.0486264 0.459223 0)
(-0.0511482 0.454862 0)
(-0.0529952 0.447871 0)
(-0.0540881 0.437587 0)
(-0.0543816 0.423329 0)
(-0.0538703 0.404446 0)
(-0.0525826 0.380348 0)
(-0.0505573 0.350531 0)
(-0.0477962 0.31457 0)
(-0.0441903 0.27211 0)
(-0.0394139 0.222852 0)
(-0.0328115 0.166636 0)
(-0.0232838 0.103708 0)
(-0.00910375 0.0353881 0)
(0.0096333 0.0364955 3.06361e-20)
(0.0241766 0.106286 0)
(0.0336354 0.169882 0)
(0.0400502 0.226134 0)
(0.0446353 0.275077 0)
(0.0480644 0.317091 1.58164e-20)
(0.0506626 0.352608 -8.28974e-22)
(0.0525406 0.382059 -6.09186e-22)
(0.0537031 0.4059 -2.74484e-20)
(0.054119 0.424641 1.34269e-20)
(0.0537647 0.438859 0)
(0.0526458 0.449183 0)
(0.0508033 0.456265 -6.24844e-21)
(0.0483096 0.460746 6.24392e-21)
(0.0452579 0.463224 0)
(0.0417509 0.46423 6.14383e-21)
(0.0378897 0.464215 -1.22692e-20)
(0.0337668 0.463546 2.47532e-23)
(0.0294604 0.462514 3.06522e-21)
(0.0250332 0.461337 3.04339e-21)
(0.0205321 0.460174 3.02351e-21)
(0.0159901 0.459138 -3.02538e-21)
(0.0114281 0.458307 1.50558e-21)
(0.00685823 0.457729 -2.25814e-21)
(0.00228618 0.457433 7.52178e-22)
(-0.00228618 0.457433 7.52178e-22)
(-0.00685823 0.457729 -2.25814e-21)
(-0.0114281 0.458307 1.50558e-21)
(-0.0159901 0.459138 -3.02538e-21)
(-0.0205321 0.460174 3.02351e-21)
(-0.0250332 0.461337 3.04339e-21)
(-0.0294604 0.462514 3.06522e-21)
(-0.0337668 0.463546 2.47532e-23)
(-0.0378897 0.464215 -1.22692e-20)
(-0.0417509 0.46423 6.14383e-21)
(-0.0452579 0.463224 0)
(-0.0483096 0.460746 6.24392e-21)
(-0.0508033 0.456265 -6.24844e-21)
(-0.0526458 0.449183 0)
(-0.0537647 0.438859 0)
(-0.054119 0.424641 1.34269e-20)
(-0.0537031 0.4059 -2.74484e-20)
(-0.0525406 0.382059 -6.09186e-22)
(-0.0506626 0.352608 -8.28974e-22)
(-0.0480644 0.317091 1.58164e-20)
(-0.0446353 0.275077 0)
(-0.0400502 0.226134 0)
(-0.0336354 0.169882 0)
(-0.0241766 0.106286 0)
(-0.0096333 0.0364955 -3.06361e-20)
(0.010151 0.0378221 0)
(0.0249038 0.10924 0)
(0.0341959 0.173475 -1.84997e-20)
(0.0404038 0.229681 1.81228e-20)
(0.044825 0.278243 0)
(0.0481206 0.319767 0)
(0.050599 0.354813 0)
(0.0523667 0.383878 -1.2009e-20)
(0.0534332 0.407444 1.19226e-20)
(0.0537754 0.426024 0)
(0.0533752 0.440182 0)
(0.0522401 0.450525 0)
(0.0504084 0.457683 0)
(0.0479469 0.46227 0)
(0.0449418 0.464867 5.50086e-21)
(0.0414885 0.465989 -5.50264e-21)
(0.037682 0.466077 0)
(0.0336101 0.465496 0)
(0.029348 0.464532 0)
(0.0249569 0.463406 0)
(0.0204835 0.46228 0)
(0.0159612 0.461269 0)
(0.0114124 0.460454 0)
(0.00685082 0.459885 0)
(0.00228405 0.459593 0)
(-0.00228405 0.459593 0)
(-0.00685082 0.459885 0)
(-0.0114124 0.460454 0)
(-0.0159612 0.461269 0)
(-0.0204835 0.46228 0)
(-0.0249569 0.463406 0)
(-0.029348 0.464532 0)
(-0.0336101 0.465496 0)
(-0.037682 0.466077 0)
(-0.0414885 0.465989 -5.50264e-21)
(-0.0449418 0.464867 5.50086e-21)
(-0.0479469 0.46227 0)
(-0.0504084 0.457683 0)
(-0.0522401 0.450525 0)
(-0.0533752 0.440182 0)
(-0.0537754 0.426024 0)
(-0.0534332 0.407444 1.19226e-20)
(-0.0523667 0.383878 -1.2009e-20)
(-0.050599 0.354813 0)
(-0.0481206 0.319767 0)
(-0.044825 0.278243 0)
(-0.0404038 0.229681 1.81228e-20)
(-0.0341959 0.173475 -1.84997e-20)
(-0.0249038 0.10924 0)
(-0.010151 0.0378221 0)
(0.0106464 0.0394444 0)
(0.0254191 0.112626 0)
(0.0344609 0.177412 0)
(0.0404685 0.233457 0)
(0.0447707 0.281561 0)
(0.0479828 0.322556 0)
(0.0503851 0.357113 0)
(0.0520773 0.385779 0)
(0.0530744 0.409057 9.74752e-21)
(0.053362 0.427462 -1.9314e-20)
(0.0529293 0.441544 9.58167e-21)
(0.0517865 0.451892 0)
(0.049971 0.45911 0)
(0.0475451 0.463793 0)
(0.0445888 0.466501 0)
(0.0411912 0.467734 0)
(0.0374416 0.467925 0)
(0.0334233 0.467431 0)
(0.0292086 0.466538 0)
(0.0248571 0.465467 0)
(0.0204151 0.464381 0)
(0.0159167 0.463399 0)
(0.0113855 0.462602 0)
(0.00683665 0.462044 0)
(0.00227966 0.461758 0)
(-0.00227966 0.461758 0)
(-0.00683665 0.462044 0)
(-0.0113855 0.462602 0)
(-0.0159167 0.463399 0)
(-0.0204151 0.464381 0)
(-0.0248571 0.465467 0)
(-0.0292086 0.466538 0)
(-0.0334233 0.467431 0)
(-0.0374416 0.467925 0)
(-0.0411912 0.467734 0)
(-0.0445888 0.466501 0)
(-0.0475451 0.463793 0)
(-0.049971 0.45911 0)
(-0.0517865 0.451892 0)
(-0.0529293 0.441544 9.58167e-21)
(-0.053362 0.427462 -1.9314e-20)
(-0.0530744 0.409057 9.74752e-21)
(-0.0520773 0.385779 0)
(-0.0503851 0.357113 0)
(-0.0479828 0.322556 0)
(-0.0447707 0.281561 0)
(-0.0404685 0.233457 0)
(-0.0344609 0.177412 0)
(-0.0254191 0.112626 0)
(-0.0106464 0.0394444 0)
(0.0110983 0.0414764 -3.90849e-20)
(0.0256755 0.116493 1.92667e-20)
(0.0344185 0.181666 1.14055e-20)
(0.0402667 0.237412 -1.11772e-20)
(0.0445096 0.284982 -8.95202e-21)
(0.0476892 0.325418 8.82998e-21)
(0.0500544 0.359475 8.12467e-21)
(0.0517 0.387738 -8.05294e-21)
(0.0526488 0.410723 0)
(0.052897 0.428942 0)
(0.0524418 0.442937 0)
(0.0512978 0.453276 0)
(0.049502 0.460543 -4.05949e-21)
(0.0471134 0.465312 8.16809e-21)
(0.0442068 0.468123 -4.11098e-21)
(0.0408656 0.469463 4.20346e-21)
(0.0371739 0.469755 -4.20608e-21)
(0.0332106 0.469349 0)
(0.0290454 0.46853 -2.14298e-21)
(0.0247362 0.467516 2.14479e-21)
(0.0203289 0.466474 0)
(0.015858 0.465523 -1.07795e-21)
(0.0113481 0.464747 1.07858e-21)
(0.00681615 0.464202 0)
(0.00227315 0.463922 0)
(-0.00227315 0.463922 0)
(-0.00681615 0.464202 0)
(-0.0113481 0.464747 1.07858e-21)
(-0.015858 0.465523 -1.07795e-21)
(-0.0203289 0.466474 0)
(-0.0247362 0.467516 2.14479e-21)
(-0.0290454 0.46853 -2.14298e-21)
(-0.0332106 0.469349 0)
(-0.0371739 0.469755 -4.20608e-21)
(-0.0408656 0.469463 4.20346e-21)
(-0.0442068 0.468123 -4.11098e-21)
(-0.0471134 0.465312 8.16809e-21)
(-0.049502 0.460543 -4.05949e-21)
(-0.0512978 0.453276 0)
(-0.0524418 0.442937 0)
(-0.052897 0.428942 0)
(-0.0526488 0.410723 0)
(-0.0517 0.387738 -8.05294e-21)
(-0.0500544 0.359475 8.12467e-21)
(-0.0476892 0.325418 8.82998e-21)
(-0.0445096 0.284982 -8.95202e-21)
(-0.0402667 0.237412 -1.11772e-20)
(-0.0344185 0.181666 1.14055e-20)
(-0.0256755 0.116493 1.92667e-20)
(-0.0110983 0.0414764 2.97873e-21)
(0.0114726 0.0440295 0)
(0.0256444 0.120828 0)
(0.0341023 0.186156 7.53968e-21)
(0.0398669 0.241458 -7.39082e-21)
(0.044114 0.288439 6.15096e-21)
(0.0473031 0.328303 -1.05201e-22)
(0.0496583 0.361863 -5.89934e-21)
(0.0512759 0.389727 0)
(0.0521895 0.412419 0)
(0.0524071 0.430449 0)
(0.051935 0.444348 6.32038e-21)
(0.0507922 0.454669 -6.30536e-21)
(0.0490167 0.461975 0)
(0.0466646 0.466821 -3.41617e-21)
(0.0438064 0.469729 6.90692e-21)
(0.0405203 0.471173 -3.49218e-21)
(0.0368856 0.471564 0)
(0.0329773 0.471247 3.64924e-21)
(0.0288623 0.470503 -3.65238e-21)
(0.0245969 0.46955 1.85107e-21)
(0.0202266 0.468554 -1.85256e-21)
(0.0157861 0.467637 0)
(0.0113011 0.466884 0)
(0.00678968 0.466354 0)
(0.00226462 0.466081 0)
(-0.00226462 0.466081 0)
(-0.00678968 0.466354 0)
(-0.0113011 0.466884 0)
(-0.0157861 0.467637 0)
(-0.0202266 0.468554 -1.85256e-21)
(-0.0245969 0.46955 1.85107e-21)
(-0.0288623 0.470503 -3.65237e-21)
(-0.0329773 0.471247 3.64924e-21)
(-0.0368856 0.471564 0)
(-0.0405203 0.471173 -3.49218e-21)
(-0.0438064 0.469729 6.90692e-21)
(-0.0466646 0.466821 -3.41617e-21)
(-0.0490167 0.461975 0)
(-0.0507922 0.454669 -6.30536e-21)
(-0.051935 0.444348 6.32039e-21)
(-0.0524071 0.430449 0)
(-0.0521895 0.412419 0)
(-0.0512759 0.389727 0)
(-0.0496583 0.361863 -5.89934e-21)
(-0.0473031 0.328303 -1.05201e-22)
(-0.044114 0.288439 6.15096e-21)
(-0.0398669 0.241458 -7.39082e-21)
(-0.0341023 0.186156 7.53968e-21)
(-0.0256444 0.120828 0)
(-0.0114726 0.0440295 0)
(0.0117905 0.0470381 -9.65975e-21)
(0.025372 0.125457 -4.52871e-21)
(0.0336397 0.190695 4.42083e-21)
(0.0394093 0.245455 -3.2402e-21)
(0.0437037 0.291834 3.18865e-21)
(0.0469196 0.331143 0)
(0.0492717 0.364228 0)
(0.0508646 0.391712 3.93872e-21)
(0.0517447 0.414123 -3.913e-21)
(0.051932 0.431971 4.47272e-21)
(0.0514417 0.445776 -4.45707e-21)
(0.0502973 0.456077 5.02585e-21)
(0.0485377 0.463419 -5.01896e-21)
(0.0462172 0.468339 0)
(0.0434023 0.471343 0)
(0.0401667 0.472889 0)
(0.0365853 0.47338 0)
(0.0327295 0.473155 0)
(0.0286635 0.472488 0)
(0.024442 0.471599 1.57999e-21)
(0.0201098 0.470653 -1.58128e-21)
(0.015702 0.469773 7.99281e-22)
(0.0112447 0.469047 -7.99773e-22)
(0.00675742 0.468533 0)
(0.00225413 0.468267 0)
(-0.00225413 0.468267 0)
(-0.00675742 0.468533 0)
(-0.0112447 0.469047 -7.99773e-22)
(-0.015702 0.469773 7.99281e-22)
(-0.0201098 0.470653 -1.58128e-21)
(-0.024442 0.471599 1.57999e-21)
(-0.0286635 0.472488 0)
(-0.0327295 0.473155 0)
(-0.0365853 0.47338 0)
(-0.0401667 0.472889 0)
(-0.0434023 0.471343 0)
(-0.0462172 0.468339 0)
(-0.0485377 0.463419 -5.01896e-21)
(-0.0502973 0.456077 5.02585e-21)
(-0.0514417 0.445776 -4.45707e-21)
(-0.051932 0.431971 4.47272e-21)
(-0.0517447 0.414123 -3.913e-21)
(-0.0508646 0.391712 3.93872e-21)
(-0.0492717 0.364228 0)
(-0.0469196 0.331143 0)
(-0.0437037 0.291834 3.18865e-21)
(-0.0394093 0.245455 -3.2402e-21)
(-0.0336397 0.190695 4.42083e-21)
(-0.025372 0.125457 -4.52871e-21)
(-0.0117905 0.0470381 9.65975e-21)
(0.0124038 0.0502089 0)
(0.0251055 0.130286 0)
(0.033324 0.195179 0)
(0.0391316 0.249344 0)
(0.043458 0.295138 0)
(0.0466752 0.333925 0)
(0.0490021 0.366568 0)
(0.0505538 0.3937 0)
(0.0513879 0.415855 -2.58941e-21)
(0.0515341 0.433541 2.57701e-21)
(0.0510149 0.447269 0)
(0.0498578 0.457564 0)
(0.0481025 0.464955 0)
(0.0458017 0.46996 0)
(0.0430187 0.47307 0)
(0.0398234 0.474729 0)
(0.0362867 0.47533 2.53093e-21)
(0.0324768 0.475204 -2.53294e-21)
(0.0284553 0.474623 0)
(0.0242753 0.473805 0)
(0.0199808 0.472914 0)
(0.0156066 0.472076 0)
(0.0111794 0.471379 0)
(0.00671943 0.470884 -3.47433e-22)
(0.00224167 0.470627 3.4756e-22)
(-0.00224167 0.470627 3.4756e-22)
(-0.00671943 0.470884 -3.47433e-22)
(-0.0111794 0.471379 0)
(-0.0156066 0.472076 0)
(-0.0199808 0.472914 0)
(-0.0242753 0.473805 0)
(-0.0284553 0.474623 0)
(-0.0324768 0.475204 -2.53294e-21)
(-0.0362867 0.47533 2.53093e-21)
(-0.0398234 0.474729 0)
(-0.0430187 0.47307 0)
(-0.0458017 0.46996 0)
(-0.0481025 0.464955 0)
(-0.0498578 0.457564 0)
(-0.0510149 0.447269 0)
(-0.0515341 0.433541 2.57701e-21)
(-0.0513879 0.415855 -2.58941e-21)
(-0.0505538 0.3937 0)
(-0.0490021 0.366568 0)
(-0.0466752 0.333925 0)
(-0.043458 0.295138 0)
(-0.0391316 0.249344 0)
(-0.033324 0.195179 0)
(-0.0251055 0.130286 0)
(-0.0124038 0.0502089 0)
(0.0133444 0.0582011 4.51549e-21)
(0.0255168 0.138304 -2.32427e-21)
(0.0336062 0.201946 0)
(0.0393378 0.255036 0)
(0.0435924 0.299905 0)
(0.046736 0.337898 0)
(0.0489867 0.369868 -2.12298e-21)
(0.0504621 0.396451 2.097e-21)
(0.051224 0.418179 0)
(0.0513071 0.435557 0)
(0.0507376 0.449085 0)
(0.049546 0.459273 0)
(0.0477724 0.466633 1.67803e-21)
(0.0454688 0.471661 -1.67649e-21)
(0.0426962 0.474831 0)
(0.0395216 0.476572 0)
(0.0360129 0.477261 0)
(0.0322354 0.477222 0)
(0.0282484 0.476721 1.14365e-21)
(0.0241033 0.475971 -1.14515e-21)
(0.0198429 0.475137 0)
(0.0155015 0.474342 6.00187e-22)
(0.0111057 0.473677 -6.00761e-22)
(0.00667579 0.473202 0)
(0.00222723 0.472955 0)
(-0.00222723 0.472955 0)
(-0.00667579 0.473202 0)
(-0.0111057 0.473677 -6.00761e-22)
(-0.0155015 0.474342 6.00187e-22)
(-0.0198429 0.475137 0)
(-0.0241033 0.475971 -1.14515e-21)
(-0.0282484 0.476721 1.14365e-21)
(-0.0322354 0.477222 0)
(-0.0360129 0.477261 0)
(-0.0395216 0.476572 0)
(-0.0426962 0.474831 0)
(-0.0454688 0.471661 -1.67649e-21)
(-0.0477724 0.466633 1.67803e-21)
(-0.049546 0.459273 0)
(-0.0507376 0.449085 0)
(-0.0513071 0.435557 0)
(-0.051224 0.418179 0)
(-0.0504621 0.396451 2.097e-21)
(-0.0489867 0.369868 -2.12298e-21)
(-0.046736 0.337898 0)
(-0.0435924 0.299905 0)
(-0.0393378 0.255036 0)
(-0.0336062 0.201946 0)
(-0.0255168 0.138304 -2.32427e-21)
(-0.0133444 0.0582011 -3.2477e-22)
)
;

boundaryField
{
    left
    {
        type            noSlip;
    }
    right
    {
        type            noSlip;
    }
    up
    {
        type            zeroGradient;
    }
    down
    {
        type            fixedValue;
        value           uniform (0 0.4 0);
    }
    frontAndBack
    {
        type            empty;
    }
}


// ************************************************************************* //
