/*--------------------------------*- C++ -*----------------------------------*\
  =========                 |
  \\      /  F ield         | OpenFOAM: The Open Source CFD Toolbox
   \\    /   O peration     | Website:  https://openfoam.org
    \\  /    A nd           | Version:  6
     \\/     M anipulation  |
\*---------------------------------------------------------------------------*/
FoamFile
{
    version     2.0;
    format      ascii;
    class       volVectorField;
    location    "0";
    object      C;
}
// * * * * * * * * * * * * * * * * * * * * * * * * * * * * * * * * * * * * * //

dimensions      [0 1 0 0 0 0 0];

internalField   nonuniform List<vector> 
2500
(
(-0.492852 -0.245366 0.005)
(-0.472736 -0.245366 0.005)
(-0.452619 -0.245366 0.005)
(-0.432503 -0.245366 0.005)
(-0.412386 -0.245366 0.005)
(-0.39227 -0.245366 0.005)
(-0.372154 -0.245366 0.005)
(-0.352037 -0.245366 0.005)
(-0.331921 -0.245366 0.005)
(-0.311804 -0.245366 0.005)
(-0.291688 -0.245366 0.005)
(-0.271572 -0.245366 0.005)
(-0.251455 -0.245366 0.005)
(-0.231339 -0.245366 0.005)
(-0.211222 -0.245366 0.005)
(-0.191106 -0.245366 0.005)
(-0.17099 -0.245366 0.005)
(-0.150873 -0.245366 0.005)
(-0.130757 -0.245366 0.005)
(-0.11064 -0.245366 0.005)
(-0.0905239 -0.245366 0.005)
(-0.0704074 -0.245366 0.005)
(-0.050291 -0.245366 0.005)
(-0.0301746 -0.245366 0.005)
(-0.0100582 -0.245366 0.005)
(0.0100582 -0.245366 0.005)
(0.0301746 -0.245366 0.005)
(0.050291 -0.245366 0.005)
(0.0704074 -0.245366 0.005)
(0.0905239 -0.245366 0.005)
(0.11064 -0.245366 0.005)
(0.130757 -0.245366 0.005)
(0.150873 -0.245366 0.005)
(0.17099 -0.245366 0.005)
(0.191106 -0.245366 0.005)
(0.211222 -0.245366 0.005)
(0.231339 -0.245366 0.005)
(0.251455 -0.245366 0.005)
(0.271572 -0.245366 0.005)
(0.291688 -0.245366 0.005)
(0.311804 -0.245366 0.005)
(0.331921 -0.245366 0.005)
(0.352037 -0.245366 0.005)
(0.372154 -0.245366 0.005)
(0.39227 -0.245366 0.005)
(0.412386 -0.245366 0.005)
(0.432503 -0.245366 0.005)
(0.452619 -0.245366 0.005)
(0.472736 -0.245366 0.005)
(0.492852 -0.245366 0.005)
(-0.498539 -0.23611 0.005)
(-0.47819 -0.23611 0.005)
(-0.457842 -0.23611 0.005)
(-0.437493 -0.23611 0.005)
(-0.417144 -0.23611 0.005)
(-0.396796 -0.23611 0.005)
(-0.376447 -0.23611 0.005)
(-0.356099 -0.23611 0.005)
(-0.33575 -0.23611 0.005)
(-0.315402 -0.23611 0.005)
(-0.295053 -0.23611 0.005)
(-0.274705 -0.23611 0.005)
(-0.254356 -0.23611 0.005)
(-0.234008 -0.23611 0.005)
(-0.213659 -0.23611 0.005)
(-0.193311 -0.23611 0.005)
(-0.172962 -0.23611 0.005)
(-0.152614 -0.23611 0.005)
(-0.132265 -0.23611 0.005)
(-0.111917 -0.23611 0.005)
(-0.0915683 -0.23611 0.005)
(-0.0712198 -0.23611 0.005)
(-0.0508713 -0.23611 0.005)
(-0.0305228 -0.23611 0.005)
(-0.0101743 -0.23611 0.005)
(0.0101743 -0.23611 0.005)
(0.0305228 -0.23611 0.005)
(0.0508713 -0.23611 0.005)
(0.0712198 -0.23611 0.005)
(0.0915683 -0.23611 0.005)
(0.111917 -0.23611 0.005)
(0.132265 -0.23611 0.005)
(0.152614 -0.23611 0.005)
(0.172962 -0.23611 0.005)
(0.193311 -0.23611 0.005)
(0.213659 -0.23611 0.005)
(0.234008 -0.23611 0.005)
(0.254356 -0.23611 0.005)
(0.274705 -0.23611 0.005)
(0.295053 -0.23611 0.005)
(0.315402 -0.23611 0.005)
(0.33575 -0.23611 0.005)
(0.356099 -0.23611 0.005)
(0.376447 -0.23611 0.005)
(0.396796 -0.23611 0.005)
(0.417144 -0.23611 0.005)
(0.437493 -0.23611 0.005)
(0.457842 -0.23611 0.005)
(0.47819 -0.23611 0.005)
(0.498539 -0.23611 0.005)
(-0.504204 -0.226841 0.005)
(-0.483625 -0.226841 0.005)
(-0.463045 -0.226841 0.005)
(-0.442465 -0.226841 0.005)
(-0.421885 -0.226841 0.005)
(-0.401305 -0.226841 0.005)
(-0.380726 -0.226841 0.005)
(-0.360146 -0.226841 0.005)
(-0.339566 -0.226841 0.005)
(-0.318986 -0.226841 0.005)
(-0.298407 -0.226841 0.005)
(-0.277827 -0.226841 0.005)
(-0.257247 -0.226841 0.005)
(-0.236667 -0.226841 0.005)
(-0.216088 -0.226841 0.005)
(-0.195508 -0.226841 0.005)
(-0.174928 -0.226841 0.005)
(-0.154348 -0.226841 0.005)
(-0.133768 -0.226841 0.005)
(-0.113189 -0.226841 0.005)
(-0.092609 -0.226841 0.005)
(-0.0720292 -0.226841 0.005)
(-0.0514494 -0.226841 0.005)
(-0.0308697 -0.226841 0.005)
(-0.0102899 -0.226841 0.005)
(0.0102899 -0.226841 0.005)
(0.0308697 -0.226841 0.005)
(0.0514494 -0.226841 0.005)
(0.0720292 -0.226841 0.005)
(0.092609 -0.226841 0.005)
(0.113189 -0.226841 0.005)
(0.133768 -0.226841 0.005)
(0.154348 -0.226841 0.005)
(0.174928 -0.226841 0.005)
(0.195508 -0.226841 0.005)
(0.216088 -0.226841 0.005)
(0.236667 -0.226841 0.005)
(0.257247 -0.226841 0.005)
(0.277827 -0.226841 0.005)
(0.298407 -0.226841 0.005)
(0.318986 -0.226841 0.005)
(0.339566 -0.226841 0.005)
(0.360146 -0.226841 0.005)
(0.380726 -0.226841 0.005)
(0.401305 -0.226841 0.005)
(0.421885 -0.226841 0.005)
(0.442465 -0.226841 0.005)
(0.463045 -0.226841 0.005)
(0.483625 -0.226841 0.005)
(0.504204 -0.226841 0.005)
(-0.509835 -0.217549 0.005)
(-0.489026 -0.217549 0.005)
(-0.468216 -0.217549 0.005)
(-0.447407 -0.217549 0.005)
(-0.426597 -0.217549 0.005)
(-0.405787 -0.217549 0.005)
(-0.384978 -0.217549 0.005)
(-0.364168 -0.217549 0.005)
(-0.343358 -0.217549 0.005)
(-0.322549 -0.217549 0.005)
(-0.301739 -0.217549 0.005)
(-0.28093 -0.217549 0.005)
(-0.26012 -0.217549 0.005)
(-0.23931 -0.217549 0.005)
(-0.218501 -0.217549 0.005)
(-0.197691 -0.217549 0.005)
(-0.176882 -0.217549 0.005)
(-0.156072 -0.217549 0.005)
(-0.135262 -0.217549 0.005)
(-0.114453 -0.217549 0.005)
(-0.0936432 -0.217549 0.005)
(-0.0728336 -0.217549 0.005)
(-0.052024 -0.217549 0.005)
(-0.0312144 -0.217549 0.005)
(-0.0104048 -0.217549 0.005)
(0.0104048 -0.217549 0.005)
(0.0312144 -0.217549 0.005)
(0.052024 -0.217549 0.005)
(0.0728336 -0.217549 0.005)
(0.0936432 -0.217549 0.005)
(0.114453 -0.217549 0.005)
(0.135262 -0.217549 0.005)
(0.156072 -0.217549 0.005)
(0.176882 -0.217549 0.005)
(0.197691 -0.217549 0.005)
(0.218501 -0.217549 0.005)
(0.23931 -0.217549 0.005)
(0.26012 -0.217549 0.005)
(0.28093 -0.217549 0.005)
(0.301739 -0.217549 0.005)
(0.322549 -0.217549 0.005)
(0.343358 -0.217549 0.005)
(0.364168 -0.217549 0.005)
(0.384978 -0.217549 0.005)
(0.405787 -0.217549 0.005)
(0.426597 -0.217549 0.005)
(0.447407 -0.217549 0.005)
(0.468216 -0.217549 0.005)
(0.489026 -0.217549 0.005)
(0.509835 -0.217549 0.005)
(-0.515417 -0.208227 0.005)
(-0.49438 -0.208227 0.005)
(-0.473342 -0.208227 0.005)
(-0.452305 -0.208227 0.005)
(-0.431267 -0.208227 0.005)
(-0.41023 -0.208227 0.005)
(-0.389193 -0.208227 0.005)
(-0.368155 -0.208227 0.005)
(-0.347118 -0.208227 0.005)
(-0.32608 -0.208227 0.005)
(-0.305043 -0.208227 0.005)
(-0.284005 -0.208227 0.005)
(-0.262968 -0.208227 0.005)
(-0.24193 -0.208227 0.005)
(-0.220893 -0.208227 0.005)
(-0.199856 -0.208227 0.005)
(-0.178818 -0.208227 0.005)
(-0.157781 -0.208227 0.005)
(-0.136743 -0.208227 0.005)
(-0.115706 -0.208227 0.005)
(-0.0946684 -0.208227 0.005)
(-0.073631 -0.208227 0.005)
(-0.0525936 -0.208227 0.005)
(-0.0315561 -0.208227 0.005)
(-0.0105187 -0.208227 0.005)
(0.0105187 -0.208227 0.005)
(0.0315561 -0.208227 0.005)
(0.0525936 -0.208227 0.005)
(0.073631 -0.208227 0.005)
(0.0946684 -0.208227 0.005)
(0.115706 -0.208227 0.005)
(0.136743 -0.208227 0.005)
(0.157781 -0.208227 0.005)
(0.178818 -0.208227 0.005)
(0.199856 -0.208227 0.005)
(0.220893 -0.208227 0.005)
(0.24193 -0.208227 0.005)
(0.262968 -0.208227 0.005)
(0.284005 -0.208227 0.005)
(0.305043 -0.208227 0.005)
(0.32608 -0.208227 0.005)
(0.347118 -0.208227 0.005)
(0.368155 -0.208227 0.005)
(0.389193 -0.208227 0.005)
(0.41023 -0.208227 0.005)
(0.431267 -0.208227 0.005)
(0.452305 -0.208227 0.005)
(0.473342 -0.208227 0.005)
(0.49438 -0.208227 0.005)
(0.515417 -0.208227 0.005)
(-0.520935 -0.198864 0.005)
(-0.499672 -0.198864 0.005)
(-0.47841 -0.198864 0.005)
(-0.457147 -0.198864 0.005)
(-0.435884 -0.198864 0.005)
(-0.414622 -0.198864 0.005)
(-0.393359 -0.198864 0.005)
(-0.372096 -0.198864 0.005)
(-0.350834 -0.198864 0.005)
(-0.329571 -0.198864 0.005)
(-0.308308 -0.198864 0.005)
(-0.287046 -0.198864 0.005)
(-0.265783 -0.198864 0.005)
(-0.24452 -0.198864 0.005)
(-0.223258 -0.198864 0.005)
(-0.201995 -0.198864 0.005)
(-0.180732 -0.198864 0.005)
(-0.15947 -0.198864 0.005)
(-0.138207 -0.198864 0.005)
(-0.116945 -0.198864 0.005)
(-0.0956819 -0.198864 0.005)
(-0.0744193 -0.198864 0.005)
(-0.0531566 -0.198864 0.005)
(-0.031894 -0.198864 0.005)
(-0.0106313 -0.198864 0.005)
(0.0106313 -0.198864 0.005)
(0.031894 -0.198864 0.005)
(0.0531566 -0.198864 0.005)
(0.0744193 -0.198864 0.005)
(0.0956819 -0.198864 0.005)
(0.116945 -0.198864 0.005)
(0.138207 -0.198864 0.005)
(0.15947 -0.198864 0.005)
(0.180732 -0.198864 0.005)
(0.201995 -0.198864 0.005)
(0.223258 -0.198864 0.005)
(0.24452 -0.198864 0.005)
(0.265783 -0.198864 0.005)
(0.287046 -0.198864 0.005)
(0.308308 -0.198864 0.005)
(0.329571 -0.198864 0.005)
(0.350834 -0.198864 0.005)
(0.372096 -0.198864 0.005)
(0.393359 -0.198864 0.005)
(0.414622 -0.198864 0.005)
(0.435884 -0.198864 0.005)
(0.457147 -0.198864 0.005)
(0.47841 -0.198864 0.005)
(0.499672 -0.198864 0.005)
(0.520935 -0.198864 0.005)
(-0.526373 -0.189454 0.005)
(-0.504888 -0.189454 0.005)
(-0.483404 -0.189454 0.005)
(-0.461919 -0.189454 0.005)
(-0.440434 -0.189454 0.005)
(-0.41895 -0.189454 0.005)
(-0.397465 -0.189454 0.005)
(-0.375981 -0.189454 0.005)
(-0.354496 -0.189454 0.005)
(-0.333011 -0.189454 0.005)
(-0.311527 -0.189454 0.005)
(-0.290042 -0.189454 0.005)
(-0.268558 -0.189454 0.005)
(-0.247073 -0.189454 0.005)
(-0.225588 -0.189454 0.005)
(-0.204104 -0.189454 0.005)
(-0.182619 -0.189454 0.005)
(-0.161135 -0.189454 0.005)
(-0.13965 -0.189454 0.005)
(-0.118165 -0.189454 0.005)
(-0.0966807 -0.189454 0.005)
(-0.0751961 -0.189454 0.005)
(-0.0537115 -0.189454 0.005)
(-0.0322269 -0.189454 0.005)
(-0.0107423 -0.189454 0.005)
(0.0107423 -0.189454 0.005)
(0.0322269 -0.189454 0.005)
(0.0537115 -0.189454 0.005)
(0.0751961 -0.189454 0.005)
(0.0966807 -0.189454 0.005)
(0.118165 -0.189454 0.005)
(0.13965 -0.189454 0.005)
(0.161135 -0.189454 0.005)
(0.182619 -0.189454 0.005)
(0.204104 -0.189454 0.005)
(0.225588 -0.189454 0.005)
(0.247073 -0.189454 0.005)
(0.268558 -0.189454 0.005)
(0.290042 -0.189454 0.005)
(0.311527 -0.189454 0.005)
(0.333011 -0.189454 0.005)
(0.354496 -0.189454 0.005)
(0.375981 -0.189454 0.005)
(0.397465 -0.189454 0.005)
(0.41895 -0.189454 0.005)
(0.440434 -0.189454 0.005)
(0.461919 -0.189454 0.005)
(0.483404 -0.189454 0.005)
(0.504888 -0.189454 0.005)
(0.526373 -0.189454 0.005)
(-0.531715 -0.179987 0.005)
(-0.510013 -0.179987 0.005)
(-0.48831 -0.179987 0.005)
(-0.466607 -0.179987 0.005)
(-0.444905 -0.179987 0.005)
(-0.423202 -0.179987 0.005)
(-0.401499 -0.179987 0.005)
(-0.379797 -0.179987 0.005)
(-0.358094 -0.179987 0.005)
(-0.336391 -0.179987 0.005)
(-0.314689 -0.179987 0.005)
(-0.292986 -0.179987 0.005)
(-0.271283 -0.179987 0.005)
(-0.249581 -0.179987 0.005)
(-0.227878 -0.179987 0.005)
(-0.206175 -0.179987 0.005)
(-0.184473 -0.179987 0.005)
(-0.16277 -0.179987 0.005)
(-0.141067 -0.179987 0.005)
(-0.119365 -0.179987 0.005)
(-0.097662 -0.179987 0.005)
(-0.0759593 -0.179987 0.005)
(-0.0542567 -0.179987 0.005)
(-0.032554 -0.179987 0.005)
(-0.0108513 -0.179987 0.005)
(0.0108513 -0.179987 0.005)
(0.032554 -0.179987 0.005)
(0.0542567 -0.179987 0.005)
(0.0759593 -0.179987 0.005)
(0.097662 -0.179987 0.005)
(0.119365 -0.179987 0.005)
(0.141067 -0.179987 0.005)
(0.16277 -0.179987 0.005)
(0.184473 -0.179987 0.005)
(0.206175 -0.179987 0.005)
(0.227878 -0.179987 0.005)
(0.249581 -0.179987 0.005)
(0.271283 -0.179987 0.005)
(0.292986 -0.179987 0.005)
(0.314689 -0.179987 0.005)
(0.336391 -0.179987 0.005)
(0.358094 -0.179987 0.005)
(0.379797 -0.179987 0.005)
(0.401499 -0.179987 0.005)
(0.423202 -0.179987 0.005)
(0.444905 -0.179987 0.005)
(0.466607 -0.179987 0.005)
(0.48831 -0.179987 0.005)
(0.510013 -0.179987 0.005)
(0.531715 -0.179987 0.005)
(-0.536945 -0.170455 0.005)
(-0.515029 -0.170455 0.005)
(-0.493113 -0.170455 0.005)
(-0.471197 -0.170455 0.005)
(-0.449281 -0.170455 0.005)
(-0.427365 -0.170455 0.005)
(-0.405448 -0.170455 0.005)
(-0.383532 -0.170455 0.005)
(-0.361616 -0.170455 0.005)
(-0.3397 -0.170455 0.005)
(-0.317784 -0.170455 0.005)
(-0.295868 -0.170455 0.005)
(-0.273952 -0.170455 0.005)
(-0.252036 -0.170455 0.005)
(-0.230119 -0.170455 0.005)
(-0.208203 -0.170455 0.005)
(-0.186287 -0.170455 0.005)
(-0.164371 -0.170455 0.005)
(-0.142455 -0.170455 0.005)
(-0.120539 -0.170455 0.005)
(-0.0986226 -0.170455 0.005)
(-0.0767065 -0.170455 0.005)
(-0.0547903 -0.170455 0.005)
(-0.0328742 -0.170455 0.005)
(-0.0109581 -0.170455 0.005)
(0.0109581 -0.170455 0.005)
(0.0328742 -0.170455 0.005)
(0.0547903 -0.170455 0.005)
(0.0767065 -0.170455 0.005)
(0.0986226 -0.170455 0.005)
(0.120539 -0.170455 0.005)
(0.142455 -0.170455 0.005)
(0.164371 -0.170455 0.005)
(0.186287 -0.170455 0.005)
(0.208203 -0.170455 0.005)
(0.230119 -0.170455 0.005)
(0.252036 -0.170455 0.005)
(0.273952 -0.170455 0.005)
(0.295868 -0.170455 0.005)
(0.317784 -0.170455 0.005)
(0.3397 -0.170455 0.005)
(0.361616 -0.170455 0.005)
(0.383532 -0.170455 0.005)
(0.405448 -0.170455 0.005)
(0.427365 -0.170455 0.005)
(0.449281 -0.170455 0.005)
(0.471197 -0.170455 0.005)
(0.493113 -0.170455 0.005)
(0.515029 -0.170455 0.005)
(0.536945 -0.170455 0.005)
(-0.542045 -0.16085 0.005)
(-0.51992 -0.16085 0.005)
(-0.497796 -0.16085 0.005)
(-0.475672 -0.16085 0.005)
(-0.453548 -0.16085 0.005)
(-0.431423 -0.16085 0.005)
(-0.409299 -0.16085 0.005)
(-0.387175 -0.16085 0.005)
(-0.365051 -0.16085 0.005)
(-0.342926 -0.16085 0.005)
(-0.320802 -0.16085 0.005)
(-0.298678 -0.16085 0.005)
(-0.276553 -0.16085 0.005)
(-0.254429 -0.16085 0.005)
(-0.232305 -0.16085 0.005)
(-0.210181 -0.16085 0.005)
(-0.188056 -0.16085 0.005)
(-0.165932 -0.16085 0.005)
(-0.143808 -0.16085 0.005)
(-0.121684 -0.16085 0.005)
(-0.0995592 -0.16085 0.005)
(-0.077435 -0.16085 0.005)
(-0.0553107 -0.16085 0.005)
(-0.0331864 -0.16085 0.005)
(-0.0110621 -0.16085 0.005)
(0.0110621 -0.16085 0.005)
(0.0331864 -0.16085 0.005)
(0.0553107 -0.16085 0.005)
(0.077435 -0.16085 0.005)
(0.0995592 -0.16085 0.005)
(0.121684 -0.16085 0.005)
(0.143808 -0.16085 0.005)
(0.165932 -0.16085 0.005)
(0.188056 -0.16085 0.005)
(0.210181 -0.16085 0.005)
(0.232305 -0.16085 0.005)
(0.254429 -0.16085 0.005)
(0.276553 -0.16085 0.005)
(0.298678 -0.16085 0.005)
(0.320802 -0.16085 0.005)
(0.342926 -0.16085 0.005)
(0.365051 -0.16085 0.005)
(0.387175 -0.16085 0.005)
(0.409299 -0.16085 0.005)
(0.431423 -0.16085 0.005)
(0.453548 -0.16085 0.005)
(0.475672 -0.16085 0.005)
(0.497796 -0.16085 0.005)
(0.51992 -0.16085 0.005)
(0.542045 -0.16085 0.005)
(-0.546995 -0.151164 0.005)
(-0.524669 -0.151164 0.005)
(-0.502342 -0.151164 0.005)
(-0.480016 -0.151164 0.005)
(-0.45769 -0.151164 0.005)
(-0.435363 -0.151164 0.005)
(-0.413037 -0.151164 0.005)
(-0.390711 -0.151164 0.005)
(-0.368384 -0.151164 0.005)
(-0.346058 -0.151164 0.005)
(-0.323732 -0.151164 0.005)
(-0.301405 -0.151164 0.005)
(-0.279079 -0.151164 0.005)
(-0.256753 -0.151164 0.005)
(-0.234426 -0.151164 0.005)
(-0.2121 -0.151164 0.005)
(-0.189774 -0.151164 0.005)
(-0.167447 -0.151164 0.005)
(-0.145121 -0.151164 0.005)
(-0.122795 -0.151164 0.005)
(-0.100468 -0.151164 0.005)
(-0.0781421 -0.151164 0.005)
(-0.0558158 -0.151164 0.005)
(-0.0334895 -0.151164 0.005)
(-0.0111632 -0.151164 0.005)
(0.0111632 -0.151164 0.005)
(0.0334895 -0.151164 0.005)
(0.0558158 -0.151164 0.005)
(0.0781421 -0.151164 0.005)
(0.100468 -0.151164 0.005)
(0.122795 -0.151164 0.005)
(0.145121 -0.151164 0.005)
(0.167447 -0.151164 0.005)
(0.189774 -0.151164 0.005)
(0.2121 -0.151164 0.005)
(0.234426 -0.151164 0.005)
(0.256753 -0.151164 0.005)
(0.279079 -0.151164 0.005)
(0.301405 -0.151164 0.005)
(0.323732 -0.151164 0.005)
(0.346058 -0.151164 0.005)
(0.368384 -0.151164 0.005)
(0.390711 -0.151164 0.005)
(0.413037 -0.151164 0.005)
(0.435363 -0.151164 0.005)
(0.45769 -0.151164 0.005)
(0.480016 -0.151164 0.005)
(0.502342 -0.151164 0.005)
(0.524669 -0.151164 0.005)
(0.546995 -0.151164 0.005)
(-0.551776 -0.141391 0.005)
(-0.529255 -0.141391 0.005)
(-0.506733 -0.141391 0.005)
(-0.484212 -0.141391 0.005)
(-0.46169 -0.141391 0.005)
(-0.439169 -0.141391 0.005)
(-0.416647 -0.141391 0.005)
(-0.394126 -0.141391 0.005)
(-0.371604 -0.141391 0.005)
(-0.349083 -0.141391 0.005)
(-0.326561 -0.141391 0.005)
(-0.30404 -0.141391 0.005)
(-0.281518 -0.141391 0.005)
(-0.258997 -0.141391 0.005)
(-0.236475 -0.141391 0.005)
(-0.213954 -0.141391 0.005)
(-0.191432 -0.141391 0.005)
(-0.168911 -0.141391 0.005)
(-0.14639 -0.141391 0.005)
(-0.123868 -0.141391 0.005)
(-0.101347 -0.141391 0.005)
(-0.0788251 -0.141391 0.005)
(-0.0563037 -0.141391 0.005)
(-0.0337822 -0.141391 0.005)
(-0.0112607 -0.141391 0.005)
(0.0112607 -0.141391 0.005)
(0.0337822 -0.141391 0.005)
(0.0563037 -0.141391 0.005)
(0.0788251 -0.141391 0.005)
(0.101347 -0.141391 0.005)
(0.123868 -0.141391 0.005)
(0.14639 -0.141391 0.005)
(0.168911 -0.141391 0.005)
(0.191432 -0.141391 0.005)
(0.213954 -0.141391 0.005)
(0.236475 -0.141391 0.005)
(0.258997 -0.141391 0.005)
(0.281518 -0.141391 0.005)
(0.30404 -0.141391 0.005)
(0.326561 -0.141391 0.005)
(0.349083 -0.141391 0.005)
(0.371604 -0.141391 0.005)
(0.394126 -0.141391 0.005)
(0.416647 -0.141391 0.005)
(0.439169 -0.141391 0.005)
(0.46169 -0.141391 0.005)
(0.484212 -0.141391 0.005)
(0.506733 -0.141391 0.005)
(0.529255 -0.141391 0.005)
(0.551776 -0.141391 0.005)
(-0.556367 -0.131523 0.005)
(-0.533658 -0.131523 0.005)
(-0.510949 -0.131523 0.005)
(-0.48824 -0.131523 0.005)
(-0.465531 -0.131523 0.005)
(-0.442822 -0.131523 0.005)
(-0.420114 -0.131523 0.005)
(-0.397405 -0.131523 0.005)
(-0.374696 -0.131523 0.005)
(-0.351987 -0.131523 0.005)
(-0.329278 -0.131523 0.005)
(-0.306569 -0.131523 0.005)
(-0.283861 -0.131523 0.005)
(-0.261152 -0.131523 0.005)
(-0.238443 -0.131523 0.005)
(-0.215734 -0.131523 0.005)
(-0.193025 -0.131523 0.005)
(-0.170316 -0.131523 0.005)
(-0.147607 -0.131523 0.005)
(-0.124899 -0.131523 0.005)
(-0.10219 -0.131523 0.005)
(-0.0794809 -0.131523 0.005)
(-0.0567721 -0.131523 0.005)
(-0.0340633 -0.131523 0.005)
(-0.0113544 -0.131523 0.005)
(0.0113544 -0.131523 0.005)
(0.0340633 -0.131523 0.005)
(0.0567721 -0.131523 0.005)
(0.0794809 -0.131523 0.005)
(0.10219 -0.131523 0.005)
(0.124899 -0.131523 0.005)
(0.147607 -0.131523 0.005)
(0.170316 -0.131523 0.005)
(0.193025 -0.131523 0.005)
(0.215734 -0.131523 0.005)
(0.238443 -0.131523 0.005)
(0.261152 -0.131523 0.005)
(0.283861 -0.131523 0.005)
(0.306569 -0.131523 0.005)
(0.329278 -0.131523 0.005)
(0.351987 -0.131523 0.005)
(0.374696 -0.131523 0.005)
(0.397405 -0.131523 0.005)
(0.420114 -0.131523 0.005)
(0.442822 -0.131523 0.005)
(0.465531 -0.131523 0.005)
(0.48824 -0.131523 0.005)
(0.510949 -0.131523 0.005)
(0.533658 -0.131523 0.005)
(0.556367 -0.131523 0.005)
(-0.560745 -0.121556 0.005)
(-0.537857 -0.121556 0.005)
(-0.51497 -0.121556 0.005)
(-0.492082 -0.121556 0.005)
(-0.469194 -0.121556 0.005)
(-0.446307 -0.121556 0.005)
(-0.423419 -0.121556 0.005)
(-0.400532 -0.121556 0.005)
(-0.377644 -0.121556 0.005)
(-0.354757 -0.121556 0.005)
(-0.331869 -0.121556 0.005)
(-0.308982 -0.121556 0.005)
(-0.286094 -0.121556 0.005)
(-0.263207 -0.121556 0.005)
(-0.240319 -0.121556 0.005)
(-0.217432 -0.121556 0.005)
(-0.194544 -0.121556 0.005)
(-0.171657 -0.121556 0.005)
(-0.148769 -0.121556 0.005)
(-0.125881 -0.121556 0.005)
(-0.102994 -0.121556 0.005)
(-0.0801064 -0.121556 0.005)
(-0.0572188 -0.121556 0.005)
(-0.0343313 -0.121556 0.005)
(-0.0114438 -0.121556 0.005)
(0.0114438 -0.121556 0.005)
(0.0343313 -0.121556 0.005)
(0.0572188 -0.121556 0.005)
(0.0801064 -0.121556 0.005)
(0.102994 -0.121556 0.005)
(0.125881 -0.121556 0.005)
(0.148769 -0.121556 0.005)
(0.171657 -0.121556 0.005)
(0.194544 -0.121556 0.005)
(0.217432 -0.121556 0.005)
(0.240319 -0.121556 0.005)
(0.263207 -0.121556 0.005)
(0.286094 -0.121556 0.005)
(0.308982 -0.121556 0.005)
(0.331869 -0.121556 0.005)
(0.354757 -0.121556 0.005)
(0.377644 -0.121556 0.005)
(0.400532 -0.121556 0.005)
(0.423419 -0.121556 0.005)
(0.446307 -0.121556 0.005)
(0.469194 -0.121556 0.005)
(0.492082 -0.121556 0.005)
(0.51497 -0.121556 0.005)
(0.537857 -0.121556 0.005)
(0.560745 -0.121556 0.005)
(-0.564886 -0.111485 0.005)
(-0.54183 -0.111485 0.005)
(-0.518773 -0.111485 0.005)
(-0.495717 -0.111485 0.005)
(-0.47266 -0.111485 0.005)
(-0.449603 -0.111485 0.005)
(-0.426547 -0.111485 0.005)
(-0.40349 -0.111485 0.005)
(-0.380434 -0.111485 0.005)
(-0.357377 -0.111485 0.005)
(-0.33432 -0.111485 0.005)
(-0.311264 -0.111485 0.005)
(-0.288207 -0.111485 0.005)
(-0.265151 -0.111485 0.005)
(-0.242094 -0.111485 0.005)
(-0.219038 -0.111485 0.005)
(-0.195981 -0.111485 0.005)
(-0.172924 -0.111485 0.005)
(-0.149868 -0.111485 0.005)
(-0.126811 -0.111485 0.005)
(-0.103755 -0.111485 0.005)
(-0.080698 -0.111485 0.005)
(-0.0576415 -0.111485 0.005)
(-0.0345849 -0.111485 0.005)
(-0.0115283 -0.111485 0.005)
(0.0115283 -0.111485 0.005)
(0.0345849 -0.111485 0.005)
(0.0576415 -0.111485 0.005)
(0.080698 -0.111485 0.005)
(0.103755 -0.111485 0.005)
(0.126811 -0.111485 0.005)
(0.149868 -0.111485 0.005)
(0.172924 -0.111485 0.005)
(0.195981 -0.111485 0.005)
(0.219038 -0.111485 0.005)
(0.242094 -0.111485 0.005)
(0.265151 -0.111485 0.005)
(0.288207 -0.111485 0.005)
(0.311264 -0.111485 0.005)
(0.33432 -0.111485 0.005)
(0.357377 -0.111485 0.005)
(0.380434 -0.111485 0.005)
(0.40349 -0.111485 0.005)
(0.426547 -0.111485 0.005)
(0.449603 -0.111485 0.005)
(0.47266 -0.111485 0.005)
(0.495717 -0.111485 0.005)
(0.518773 -0.111485 0.005)
(0.54183 -0.111485 0.005)
(0.564886 -0.111485 0.005)
(-0.568767 -0.101307 0.005)
(-0.545552 -0.101307 0.005)
(-0.522337 -0.101307 0.005)
(-0.499122 -0.101307 0.005)
(-0.475907 -0.101307 0.005)
(-0.452692 -0.101307 0.005)
(-0.429477 -0.101307 0.005)
(-0.406262 -0.101307 0.005)
(-0.383047 -0.101307 0.005)
(-0.359832 -0.101307 0.005)
(-0.336617 -0.101307 0.005)
(-0.313402 -0.101307 0.005)
(-0.290187 -0.101307 0.005)
(-0.266972 -0.101307 0.005)
(-0.243757 -0.101307 0.005)
(-0.220542 -0.101307 0.005)
(-0.197327 -0.101307 0.005)
(-0.174112 -0.101307 0.005)
(-0.150897 -0.101307 0.005)
(-0.127682 -0.101307 0.005)
(-0.104467 -0.101307 0.005)
(-0.0812525 -0.101307 0.005)
(-0.0580375 -0.101307 0.005)
(-0.0348225 -0.101307 0.005)
(-0.0116075 -0.101307 0.005)
(0.0116075 -0.101307 0.005)
(0.0348225 -0.101307 0.005)
(0.0580375 -0.101307 0.005)
(0.0812525 -0.101307 0.005)
(0.104467 -0.101307 0.005)
(0.127682 -0.101307 0.005)
(0.150897 -0.101307 0.005)
(0.174112 -0.101307 0.005)
(0.197327 -0.101307 0.005)
(0.220542 -0.101307 0.005)
(0.243757 -0.101307 0.005)
(0.266972 -0.101307 0.005)
(0.290187 -0.101307 0.005)
(0.313402 -0.101307 0.005)
(0.336617 -0.101307 0.005)
(0.359832 -0.101307 0.005)
(0.383047 -0.101307 0.005)
(0.406262 -0.101307 0.005)
(0.429477 -0.101307 0.005)
(0.452692 -0.101307 0.005)
(0.475907 -0.101307 0.005)
(0.499122 -0.101307 0.005)
(0.522337 -0.101307 0.005)
(0.545552 -0.101307 0.005)
(0.568767 -0.101307 0.005)
(-0.572362 -0.0910214 0.005)
(-0.549 -0.0910214 0.005)
(-0.525639 -0.0910214 0.005)
(-0.502277 -0.0910214 0.005)
(-0.478915 -0.0910214 0.005)
(-0.455554 -0.0910214 0.005)
(-0.432192 -0.0910214 0.005)
(-0.40883 -0.0910214 0.005)
(-0.385468 -0.0910214 0.005)
(-0.362107 -0.0910214 0.005)
(-0.338745 -0.0910214 0.005)
(-0.315383 -0.0910214 0.005)
(-0.292021 -0.0910214 0.005)
(-0.26866 -0.0910214 0.005)
(-0.245298 -0.0910214 0.005)
(-0.221936 -0.0910214 0.005)
(-0.198575 -0.0910214 0.005)
(-0.175213 -0.0910214 0.005)
(-0.151851 -0.0910214 0.005)
(-0.128489 -0.0910214 0.005)
(-0.105128 -0.0910214 0.005)
(-0.081766 -0.0910214 0.005)
(-0.0584043 -0.0910214 0.005)
(-0.0350426 -0.0910214 0.005)
(-0.0116809 -0.0910214 0.005)
(0.0116809 -0.0910214 0.005)
(0.0350426 -0.0910214 0.005)
(0.0584043 -0.0910214 0.005)
(0.081766 -0.0910214 0.005)
(0.105128 -0.0910214 0.005)
(0.128489 -0.0910214 0.005)
(0.151851 -0.0910214 0.005)
(0.175213 -0.0910214 0.005)
(0.198575 -0.0910214 0.005)
(0.221936 -0.0910214 0.005)
(0.245298 -0.0910214 0.005)
(0.26866 -0.0910214 0.005)
(0.292021 -0.0910214 0.005)
(0.315383 -0.0910214 0.005)
(0.338745 -0.0910214 0.005)
(0.362107 -0.0910214 0.005)
(0.385468 -0.0910214 0.005)
(0.40883 -0.0910214 0.005)
(0.432192 -0.0910214 0.005)
(0.455554 -0.0910214 0.005)
(0.478915 -0.0910214 0.005)
(0.502277 -0.0910214 0.005)
(0.525639 -0.0910214 0.005)
(0.549 -0.0910214 0.005)
(0.572362 -0.0910214 0.005)
(-0.575645 -0.0806284 0.005)
(-0.552149 -0.0806284 0.005)
(-0.528654 -0.0806284 0.005)
(-0.505158 -0.0806284 0.005)
(-0.481662 -0.0806284 0.005)
(-0.458166 -0.0806284 0.005)
(-0.434671 -0.0806284 0.005)
(-0.411175 -0.0806284 0.005)
(-0.387679 -0.0806284 0.005)
(-0.364184 -0.0806284 0.005)
(-0.340688 -0.0806284 0.005)
(-0.317192 -0.0806284 0.005)
(-0.293696 -0.0806284 0.005)
(-0.270201 -0.0806284 0.005)
(-0.246705 -0.0806284 0.005)
(-0.223209 -0.0806284 0.005)
(-0.199714 -0.0806284 0.005)
(-0.176218 -0.0806284 0.005)
(-0.152722 -0.0806284 0.005)
(-0.129226 -0.0806284 0.005)
(-0.105731 -0.0806284 0.005)
(-0.082235 -0.0806284 0.005)
(-0.0587393 -0.0806284 0.005)
(-0.0352436 -0.0806284 0.005)
(-0.0117479 -0.0806284 0.005)
(0.0117479 -0.0806284 0.005)
(0.0352436 -0.0806284 0.005)
(0.0587393 -0.0806284 0.005)
(0.082235 -0.0806284 0.005)
(0.105731 -0.0806284 0.005)
(0.129226 -0.0806284 0.005)
(0.152722 -0.0806284 0.005)
(0.176218 -0.0806284 0.005)
(0.199714 -0.0806284 0.005)
(0.223209 -0.0806284 0.005)
(0.246705 -0.0806284 0.005)
(0.270201 -0.0806284 0.005)
(0.293696 -0.0806284 0.005)
(0.317192 -0.0806284 0.005)
(0.340688 -0.0806284 0.005)
(0.364184 -0.0806284 0.005)
(0.387679 -0.0806284 0.005)
(0.411175 -0.0806284 0.005)
(0.434671 -0.0806284 0.005)
(0.458166 -0.0806284 0.005)
(0.481662 -0.0806284 0.005)
(0.505158 -0.0806284 0.005)
(0.528654 -0.0806284 0.005)
(0.552149 -0.0806284 0.005)
(0.575645 -0.0806284 0.005)
(-0.57859 -0.0701313 0.005)
(-0.554974 -0.0701313 0.005)
(-0.531358 -0.0701313 0.005)
(-0.507742 -0.0701313 0.005)
(-0.484126 -0.0701313 0.005)
(-0.46051 -0.0701313 0.005)
(-0.436895 -0.0701313 0.005)
(-0.413279 -0.0701313 0.005)
(-0.389663 -0.0701313 0.005)
(-0.366047 -0.0701313 0.005)
(-0.342431 -0.0701313 0.005)
(-0.318815 -0.0701313 0.005)
(-0.295199 -0.0701313 0.005)
(-0.271583 -0.0701313 0.005)
(-0.247967 -0.0701313 0.005)
(-0.224351 -0.0701313 0.005)
(-0.200735 -0.0701313 0.005)
(-0.177119 -0.0701313 0.005)
(-0.153503 -0.0701313 0.005)
(-0.129888 -0.0701313 0.005)
(-0.106272 -0.0701313 0.005)
(-0.0826557 -0.0701313 0.005)
(-0.0590398 -0.0701313 0.005)
(-0.0354239 -0.0701313 0.005)
(-0.011808 -0.0701313 0.005)
(0.011808 -0.0701313 0.005)
(0.0354239 -0.0701313 0.005)
(0.0590398 -0.0701313 0.005)
(0.0826557 -0.0701313 0.005)
(0.106272 -0.0701313 0.005)
(0.129888 -0.0701313 0.005)
(0.153503 -0.0701313 0.005)
(0.177119 -0.0701313 0.005)
(0.200735 -0.0701313 0.005)
(0.224351 -0.0701313 0.005)
(0.247967 -0.0701313 0.005)
(0.271583 -0.0701313 0.005)
(0.295199 -0.0701313 0.005)
(0.318815 -0.0701313 0.005)
(0.342431 -0.0701313 0.005)
(0.366047 -0.0701313 0.005)
(0.389663 -0.0701313 0.005)
(0.413279 -0.0701313 0.005)
(0.436895 -0.0701313 0.005)
(0.46051 -0.0701313 0.005)
(0.484126 -0.0701313 0.005)
(0.507742 -0.0701313 0.005)
(0.531358 -0.0701313 0.005)
(0.554974 -0.0701313 0.005)
(0.57859 -0.0701313 0.005)
(-0.581172 -0.059536 0.005)
(-0.557451 -0.059536 0.005)
(-0.533729 -0.059536 0.005)
(-0.510008 -0.059536 0.005)
(-0.486287 -0.059536 0.005)
(-0.462565 -0.059536 0.005)
(-0.438844 -0.059536 0.005)
(-0.415123 -0.059536 0.005)
(-0.391402 -0.059536 0.005)
(-0.36768 -0.059536 0.005)
(-0.343959 -0.059536 0.005)
(-0.320238 -0.059536 0.005)
(-0.296516 -0.059536 0.005)
(-0.272795 -0.059536 0.005)
(-0.249074 -0.059536 0.005)
(-0.225352 -0.059536 0.005)
(-0.201631 -0.059536 0.005)
(-0.17791 -0.059536 0.005)
(-0.154188 -0.059536 0.005)
(-0.130467 -0.059536 0.005)
(-0.106746 -0.059536 0.005)
(-0.0830246 -0.059536 0.005)
(-0.0593033 -0.059536 0.005)
(-0.035582 -0.059536 0.005)
(-0.0118607 -0.059536 0.005)
(0.0118607 -0.059536 0.005)
(0.035582 -0.059536 0.005)
(0.0593033 -0.059536 0.005)
(0.0830246 -0.059536 0.005)
(0.106746 -0.059536 0.005)
(0.130467 -0.059536 0.005)
(0.154188 -0.059536 0.005)
(0.17791 -0.059536 0.005)
(0.201631 -0.059536 0.005)
(0.225352 -0.059536 0.005)
(0.249074 -0.059536 0.005)
(0.272795 -0.059536 0.005)
(0.296516 -0.059536 0.005)
(0.320238 -0.059536 0.005)
(0.343959 -0.059536 0.005)
(0.36768 -0.059536 0.005)
(0.391402 -0.059536 0.005)
(0.415123 -0.059536 0.005)
(0.438844 -0.059536 0.005)
(0.462565 -0.059536 0.005)
(0.486287 -0.059536 0.005)
(0.510008 -0.059536 0.005)
(0.533729 -0.059536 0.005)
(0.557451 -0.059536 0.005)
(0.581172 -0.059536 0.005)
(-0.583367 -0.0488487 0.005)
(-0.559556 -0.0488487 0.005)
(-0.535745 -0.0488487 0.005)
(-0.511934 -0.0488487 0.005)
(-0.488123 -0.0488487 0.005)
(-0.464313 -0.0488487 0.005)
(-0.440502 -0.0488487 0.005)
(-0.416691 -0.0488487 0.005)
(-0.39288 -0.0488487 0.005)
(-0.369069 -0.0488487 0.005)
(-0.345258 -0.0488487 0.005)
(-0.321447 -0.0488487 0.005)
(-0.297636 -0.0488487 0.005)
(-0.273825 -0.0488487 0.005)
(-0.250014 -0.0488487 0.005)
(-0.226204 -0.0488487 0.005)
(-0.202393 -0.0488487 0.005)
(-0.178582 -0.0488487 0.005)
(-0.154771 -0.0488487 0.005)
(-0.13096 -0.0488487 0.005)
(-0.107149 -0.0488487 0.005)
(-0.0833382 -0.0488487 0.005)
(-0.0595273 -0.0488487 0.005)
(-0.0357164 -0.0488487 0.005)
(-0.0119055 -0.0488487 0.005)
(0.0119055 -0.0488487 0.005)
(0.0357164 -0.0488487 0.005)
(0.0595273 -0.0488487 0.005)
(0.0833382 -0.0488487 0.005)
(0.107149 -0.0488487 0.005)
(0.13096 -0.0488487 0.005)
(0.154771 -0.0488487 0.005)
(0.178582 -0.0488487 0.005)
(0.202393 -0.0488487 0.005)
(0.226204 -0.0488487 0.005)
(0.250014 -0.0488487 0.005)
(0.273825 -0.0488487 0.005)
(0.297636 -0.0488487 0.005)
(0.321447 -0.0488487 0.005)
(0.345258 -0.0488487 0.005)
(0.369069 -0.0488487 0.005)
(0.39288 -0.0488487 0.005)
(0.416691 -0.0488487 0.005)
(0.440502 -0.0488487 0.005)
(0.464313 -0.0488487 0.005)
(0.488123 -0.0488487 0.005)
(0.511934 -0.0488487 0.005)
(0.535745 -0.0488487 0.005)
(0.559556 -0.0488487 0.005)
(0.583367 -0.0488487 0.005)
(-0.585153 -0.0380803 0.005)
(-0.561269 -0.0380803 0.005)
(-0.537386 -0.0380803 0.005)
(-0.513502 -0.0380803 0.005)
(-0.489618 -0.0380803 0.005)
(-0.465734 -0.0380803 0.005)
(-0.44185 -0.0380803 0.005)
(-0.417967 -0.0380803 0.005)
(-0.394083 -0.0380803 0.005)
(-0.370199 -0.0380803 0.005)
(-0.346315 -0.0380803 0.005)
(-0.322431 -0.0380803 0.005)
(-0.298548 -0.0380803 0.005)
(-0.274664 -0.0380803 0.005)
(-0.25078 -0.0380803 0.005)
(-0.226896 -0.0380803 0.005)
(-0.203012 -0.0380803 0.005)
(-0.179129 -0.0380803 0.005)
(-0.155245 -0.0380803 0.005)
(-0.131361 -0.0380803 0.005)
(-0.107477 -0.0380803 0.005)
(-0.0835933 -0.0380803 0.005)
(-0.0597095 -0.0380803 0.005)
(-0.0358257 -0.0380803 0.005)
(-0.0119419 -0.0380803 0.005)
(0.0119419 -0.0380803 0.005)
(0.0358257 -0.0380803 0.005)
(0.0597095 -0.0380803 0.005)
(0.0835933 -0.0380803 0.005)
(0.107477 -0.0380803 0.005)
(0.131361 -0.0380803 0.005)
(0.155245 -0.0380803 0.005)
(0.179129 -0.0380803 0.005)
(0.203012 -0.0380803 0.005)
(0.226896 -0.0380803 0.005)
(0.25078 -0.0380803 0.005)
(0.274664 -0.0380803 0.005)
(0.298548 -0.0380803 0.005)
(0.322431 -0.0380803 0.005)
(0.346315 -0.0380803 0.005)
(0.370199 -0.0380803 0.005)
(0.394083 -0.0380803 0.005)
(0.417967 -0.0380803 0.005)
(0.44185 -0.0380803 0.005)
(0.465734 -0.0380803 0.005)
(0.489618 -0.0380803 0.005)
(0.513502 -0.0380803 0.005)
(0.537386 -0.0380803 0.005)
(0.561269 -0.0380803 0.005)
(0.585153 -0.0380803 0.005)
(-0.586511 -0.0272475 0.005)
(-0.562572 -0.0272475 0.005)
(-0.538633 -0.0272475 0.005)
(-0.514693 -0.0272475 0.005)
(-0.490754 -0.0272475 0.005)
(-0.466815 -0.0272475 0.005)
(-0.442876 -0.0272475 0.005)
(-0.418936 -0.0272475 0.005)
(-0.394997 -0.0272475 0.005)
(-0.371058 -0.0272475 0.005)
(-0.347119 -0.0272475 0.005)
(-0.32318 -0.0272475 0.005)
(-0.29924 -0.0272475 0.005)
(-0.275301 -0.0272475 0.005)
(-0.251362 -0.0272475 0.005)
(-0.227423 -0.0272475 0.005)
(-0.203483 -0.0272475 0.005)
(-0.179544 -0.0272475 0.005)
(-0.155605 -0.0272475 0.005)
(-0.131666 -0.0272475 0.005)
(-0.107727 -0.0272475 0.005)
(-0.0837873 -0.0272475 0.005)
(-0.0598481 -0.0272475 0.005)
(-0.0359088 -0.0272475 0.005)
(-0.0119696 -0.0272475 0.005)
(0.0119696 -0.0272475 0.005)
(0.0359088 -0.0272475 0.005)
(0.0598481 -0.0272475 0.005)
(0.0837873 -0.0272475 0.005)
(0.107727 -0.0272475 0.005)
(0.131666 -0.0272475 0.005)
(0.155605 -0.0272475 0.005)
(0.179544 -0.0272475 0.005)
(0.203483 -0.0272475 0.005)
(0.227423 -0.0272475 0.005)
(0.251362 -0.0272475 0.005)
(0.275301 -0.0272475 0.005)
(0.29924 -0.0272475 0.005)
(0.32318 -0.0272475 0.005)
(0.347119 -0.0272475 0.005)
(0.371058 -0.0272475 0.005)
(0.394997 -0.0272475 0.005)
(0.418936 -0.0272475 0.005)
(0.442876 -0.0272475 0.005)
(0.466815 -0.0272475 0.005)
(0.490754 -0.0272475 0.005)
(0.514693 -0.0272475 0.005)
(0.538633 -0.0272475 0.005)
(0.562572 -0.0272475 0.005)
(0.586511 -0.0272475 0.005)
(-0.587425 -0.0163678 0.005)
(-0.563448 -0.0163678 0.005)
(-0.539472 -0.0163678 0.005)
(-0.515495 -0.0163678 0.005)
(-0.491519 -0.0163678 0.005)
(-0.467542 -0.0163678 0.005)
(-0.443566 -0.0163678 0.005)
(-0.419589 -0.0163678 0.005)
(-0.395613 -0.0163678 0.005)
(-0.371636 -0.0163678 0.005)
(-0.34766 -0.0163678 0.005)
(-0.323683 -0.0163678 0.005)
(-0.299707 -0.0163678 0.005)
(-0.27573 -0.0163678 0.005)
(-0.251754 -0.0163678 0.005)
(-0.227777 -0.0163678 0.005)
(-0.203801 -0.0163678 0.005)
(-0.179824 -0.0163678 0.005)
(-0.155847 -0.0163678 0.005)
(-0.131871 -0.0163678 0.005)
(-0.107894 -0.0163678 0.005)
(-0.0839179 -0.0163678 0.005)
(-0.0599413 -0.0163678 0.005)
(-0.0359648 -0.0163678 0.005)
(-0.0119883 -0.0163678 0.005)
(0.0119883 -0.0163678 0.005)
(0.0359648 -0.0163678 0.005)
(0.0599413 -0.0163678 0.005)
(0.0839179 -0.0163678 0.005)
(0.107894 -0.0163678 0.005)
(0.131871 -0.0163678 0.005)
(0.155847 -0.0163678 0.005)
(0.179824 -0.0163678 0.005)
(0.203801 -0.0163678 0.005)
(0.227777 -0.0163678 0.005)
(0.251754 -0.0163678 0.005)
(0.27573 -0.0163678 0.005)
(0.299707 -0.0163678 0.005)
(0.323683 -0.0163678 0.005)
(0.34766 -0.0163678 0.005)
(0.371636 -0.0163678 0.005)
(0.395613 -0.0163678 0.005)
(0.419589 -0.0163678 0.005)
(0.443566 -0.0163678 0.005)
(0.467542 -0.0163678 0.005)
(0.491519 -0.0163678 0.005)
(0.515495 -0.0163678 0.005)
(0.539472 -0.0163678 0.005)
(0.563448 -0.0163678 0.005)
(0.587425 -0.0163678 0.005)
(-0.587885 -0.00545917 0.005)
(-0.563889 -0.00545917 0.005)
(-0.539894 -0.00545917 0.005)
(-0.515899 -0.00545917 0.005)
(-0.491904 -0.00545917 0.005)
(-0.467908 -0.00545917 0.005)
(-0.443913 -0.00545917 0.005)
(-0.419918 -0.00545917 0.005)
(-0.395922 -0.00545917 0.005)
(-0.371927 -0.00545917 0.005)
(-0.347932 -0.00545917 0.005)
(-0.323936 -0.00545917 0.005)
(-0.299941 -0.00545917 0.005)
(-0.275946 -0.00545917 0.005)
(-0.251951 -0.00545917 0.005)
(-0.227955 -0.00545917 0.005)
(-0.20396 -0.00545917 0.005)
(-0.179965 -0.00545917 0.005)
(-0.155969 -0.00545917 0.005)
(-0.131974 -0.00545917 0.005)
(-0.107979 -0.00545917 0.005)
(-0.0839835 -0.00545917 0.005)
(-0.0599882 -0.00545917 0.005)
(-0.0359929 -0.00545917 0.005)
(-0.0119976 -0.00545917 0.005)
(0.0119976 -0.00545917 0.005)
(0.0359929 -0.00545917 0.005)
(0.0599882 -0.00545917 0.005)
(0.0839835 -0.00545917 0.005)
(0.107979 -0.00545917 0.005)
(0.131974 -0.00545917 0.005)
(0.155969 -0.00545917 0.005)
(0.179965 -0.00545917 0.005)
(0.20396 -0.00545917 0.005)
(0.227955 -0.00545917 0.005)
(0.251951 -0.00545917 0.005)
(0.275946 -0.00545917 0.005)
(0.299941 -0.00545917 0.005)
(0.323936 -0.00545917 0.005)
(0.347932 -0.00545917 0.005)
(0.371927 -0.00545917 0.005)
(0.395922 -0.00545917 0.005)
(0.419918 -0.00545917 0.005)
(0.443913 -0.00545917 0.005)
(0.467908 -0.00545917 0.005)
(0.491904 -0.00545917 0.005)
(0.515899 -0.00545917 0.005)
(0.539894 -0.00545917 0.005)
(0.563889 -0.00545917 0.005)
(0.587885 -0.00545917 0.005)
(-0.587885 0.00545917 0.005)
(-0.563889 0.00545917 0.005)
(-0.539894 0.00545917 0.005)
(-0.515899 0.00545917 0.005)
(-0.491904 0.00545917 0.005)
(-0.467908 0.00545917 0.005)
(-0.443913 0.00545917 0.005)
(-0.419918 0.00545917 0.005)
(-0.395922 0.00545917 0.005)
(-0.371927 0.00545917 0.005)
(-0.347932 0.00545917 0.005)
(-0.323936 0.00545917 0.005)
(-0.299941 0.00545917 0.005)
(-0.275946 0.00545917 0.005)
(-0.251951 0.00545917 0.005)
(-0.227955 0.00545917 0.005)
(-0.20396 0.00545917 0.005)
(-0.179965 0.00545917 0.005)
(-0.155969 0.00545917 0.005)
(-0.131974 0.00545917 0.005)
(-0.107979 0.00545917 0.005)
(-0.0839835 0.00545917 0.005)
(-0.0599882 0.00545917 0.005)
(-0.0359929 0.00545917 0.005)
(-0.0119976 0.00545917 0.005)
(0.0119976 0.00545917 0.005)
(0.0359929 0.00545917 0.005)
(0.0599882 0.00545917 0.005)
(0.0839835 0.00545917 0.005)
(0.107979 0.00545917 0.005)
(0.131974 0.00545917 0.005)
(0.155969 0.00545917 0.005)
(0.179965 0.00545917 0.005)
(0.20396 0.00545917 0.005)
(0.227955 0.00545917 0.005)
(0.251951 0.00545917 0.005)
(0.275946 0.00545917 0.005)
(0.299941 0.00545917 0.005)
(0.323936 0.00545917 0.005)
(0.347932 0.00545917 0.005)
(0.371927 0.00545917 0.005)
(0.395922 0.00545917 0.005)
(0.419918 0.00545917 0.005)
(0.443913 0.00545917 0.005)
(0.467908 0.00545917 0.005)
(0.491904 0.00545917 0.005)
(0.515899 0.00545917 0.005)
(0.539894 0.00545917 0.005)
(0.563889 0.00545917 0.005)
(0.587885 0.00545917 0.005)
(-0.587425 0.0163678 0.005)
(-0.563448 0.0163678 0.005)
(-0.539472 0.0163678 0.005)
(-0.515495 0.0163678 0.005)
(-0.491519 0.0163678 0.005)
(-0.467542 0.0163678 0.005)
(-0.443566 0.0163678 0.005)
(-0.419589 0.0163678 0.005)
(-0.395613 0.0163678 0.005)
(-0.371636 0.0163678 0.005)
(-0.34766 0.0163678 0.005)
(-0.323683 0.0163678 0.005)
(-0.299707 0.0163678 0.005)
(-0.27573 0.0163678 0.005)
(-0.251754 0.0163678 0.005)
(-0.227777 0.0163678 0.005)
(-0.203801 0.0163678 0.005)
(-0.179824 0.0163678 0.005)
(-0.155847 0.0163678 0.005)
(-0.131871 0.0163678 0.005)
(-0.107894 0.0163678 0.005)
(-0.0839179 0.0163678 0.005)
(-0.0599413 0.0163678 0.005)
(-0.0359648 0.0163678 0.005)
(-0.0119883 0.0163678 0.005)
(0.0119883 0.0163678 0.005)
(0.0359648 0.0163678 0.005)
(0.0599413 0.0163678 0.005)
(0.0839179 0.0163678 0.005)
(0.107894 0.0163678 0.005)
(0.131871 0.0163678 0.005)
(0.155847 0.0163678 0.005)
(0.179824 0.0163678 0.005)
(0.203801 0.0163678 0.005)
(0.227777 0.0163678 0.005)
(0.251754 0.0163678 0.005)
(0.27573 0.0163678 0.005)
(0.299707 0.0163678 0.005)
(0.323683 0.0163678 0.005)
(0.34766 0.0163678 0.005)
(0.371636 0.0163678 0.005)
(0.395613 0.0163678 0.005)
(0.419589 0.0163678 0.005)
(0.443566 0.0163678 0.005)
(0.467542 0.0163678 0.005)
(0.491519 0.0163678 0.005)
(0.515495 0.0163678 0.005)
(0.539472 0.0163678 0.005)
(0.563448 0.0163678 0.005)
(0.587425 0.0163678 0.005)
(-0.586511 0.0272475 0.005)
(-0.562572 0.0272475 0.005)
(-0.538633 0.0272475 0.005)
(-0.514693 0.0272475 0.005)
(-0.490754 0.0272475 0.005)
(-0.466815 0.0272475 0.005)
(-0.442876 0.0272475 0.005)
(-0.418936 0.0272475 0.005)
(-0.394997 0.0272475 0.005)
(-0.371058 0.0272475 0.005)
(-0.347119 0.0272475 0.005)
(-0.32318 0.0272475 0.005)
(-0.29924 0.0272475 0.005)
(-0.275301 0.0272475 0.005)
(-0.251362 0.0272475 0.005)
(-0.227423 0.0272475 0.005)
(-0.203483 0.0272475 0.005)
(-0.179544 0.0272475 0.005)
(-0.155605 0.0272475 0.005)
(-0.131666 0.0272475 0.005)
(-0.107727 0.0272475 0.005)
(-0.0837873 0.0272475 0.005)
(-0.0598481 0.0272475 0.005)
(-0.0359088 0.0272475 0.005)
(-0.0119696 0.0272475 0.005)
(0.0119696 0.0272475 0.005)
(0.0359088 0.0272475 0.005)
(0.0598481 0.0272475 0.005)
(0.0837873 0.0272475 0.005)
(0.107727 0.0272475 0.005)
(0.131666 0.0272475 0.005)
(0.155605 0.0272475 0.005)
(0.179544 0.0272475 0.005)
(0.203483 0.0272475 0.005)
(0.227423 0.0272475 0.005)
(0.251362 0.0272475 0.005)
(0.275301 0.0272475 0.005)
(0.29924 0.0272475 0.005)
(0.32318 0.0272475 0.005)
(0.347119 0.0272475 0.005)
(0.371058 0.0272475 0.005)
(0.394997 0.0272475 0.005)
(0.418936 0.0272475 0.005)
(0.442876 0.0272475 0.005)
(0.466815 0.0272475 0.005)
(0.490754 0.0272475 0.005)
(0.514693 0.0272475 0.005)
(0.538633 0.0272475 0.005)
(0.562572 0.0272475 0.005)
(0.586511 0.0272475 0.005)
(-0.585153 0.0380803 0.005)
(-0.561269 0.0380803 0.005)
(-0.537386 0.0380803 0.005)
(-0.513502 0.0380803 0.005)
(-0.489618 0.0380803 0.005)
(-0.465734 0.0380803 0.005)
(-0.44185 0.0380803 0.005)
(-0.417967 0.0380803 0.005)
(-0.394083 0.0380803 0.005)
(-0.370199 0.0380803 0.005)
(-0.346315 0.0380803 0.005)
(-0.322431 0.0380803 0.005)
(-0.298548 0.0380803 0.005)
(-0.274664 0.0380803 0.005)
(-0.25078 0.0380803 0.005)
(-0.226896 0.0380803 0.005)
(-0.203012 0.0380803 0.005)
(-0.179129 0.0380803 0.005)
(-0.155245 0.0380803 0.005)
(-0.131361 0.0380803 0.005)
(-0.107477 0.0380803 0.005)
(-0.0835933 0.0380803 0.005)
(-0.0597095 0.0380803 0.005)
(-0.0358257 0.0380803 0.005)
(-0.0119419 0.0380803 0.005)
(0.0119419 0.0380803 0.005)
(0.0358257 0.0380803 0.005)
(0.0597095 0.0380803 0.005)
(0.0835933 0.0380803 0.005)
(0.107477 0.0380803 0.005)
(0.131361 0.0380803 0.005)
(0.155245 0.0380803 0.005)
(0.179129 0.0380803 0.005)
(0.203012 0.0380803 0.005)
(0.226896 0.0380803 0.005)
(0.25078 0.0380803 0.005)
(0.274664 0.0380803 0.005)
(0.298548 0.0380803 0.005)
(0.322431 0.0380803 0.005)
(0.346315 0.0380803 0.005)
(0.370199 0.0380803 0.005)
(0.394083 0.0380803 0.005)
(0.417967 0.0380803 0.005)
(0.44185 0.0380803 0.005)
(0.465734 0.0380803 0.005)
(0.489618 0.0380803 0.005)
(0.513502 0.0380803 0.005)
(0.537386 0.0380803 0.005)
(0.561269 0.0380803 0.005)
(0.585153 0.0380803 0.005)
(-0.583367 0.0488487 0.005)
(-0.559556 0.0488487 0.005)
(-0.535745 0.0488487 0.005)
(-0.511934 0.0488487 0.005)
(-0.488123 0.0488487 0.005)
(-0.464313 0.0488487 0.005)
(-0.440502 0.0488487 0.005)
(-0.416691 0.0488487 0.005)
(-0.39288 0.0488487 0.005)
(-0.369069 0.0488487 0.005)
(-0.345258 0.0488487 0.005)
(-0.321447 0.0488487 0.005)
(-0.297636 0.0488487 0.005)
(-0.273825 0.0488487 0.005)
(-0.250014 0.0488487 0.005)
(-0.226204 0.0488487 0.005)
(-0.202393 0.0488487 0.005)
(-0.178582 0.0488487 0.005)
(-0.154771 0.0488487 0.005)
(-0.13096 0.0488487 0.005)
(-0.107149 0.0488487 0.005)
(-0.0833382 0.0488487 0.005)
(-0.0595273 0.0488487 0.005)
(-0.0357164 0.0488487 0.005)
(-0.0119055 0.0488487 0.005)
(0.0119055 0.0488487 0.005)
(0.0357164 0.0488487 0.005)
(0.0595273 0.0488487 0.005)
(0.0833382 0.0488487 0.005)
(0.107149 0.0488487 0.005)
(0.13096 0.0488487 0.005)
(0.154771 0.0488487 0.005)
(0.178582 0.0488487 0.005)
(0.202393 0.0488487 0.005)
(0.226204 0.0488487 0.005)
(0.250014 0.0488487 0.005)
(0.273825 0.0488487 0.005)
(0.297636 0.0488487 0.005)
(0.321447 0.0488487 0.005)
(0.345258 0.0488487 0.005)
(0.369069 0.0488487 0.005)
(0.39288 0.0488487 0.005)
(0.416691 0.0488487 0.005)
(0.440502 0.0488487 0.005)
(0.464313 0.0488487 0.005)
(0.488123 0.0488487 0.005)
(0.511934 0.0488487 0.005)
(0.535745 0.0488487 0.005)
(0.559556 0.0488487 0.005)
(0.583367 0.0488487 0.005)
(-0.581172 0.059536 0.005)
(-0.557451 0.059536 0.005)
(-0.533729 0.059536 0.005)
(-0.510008 0.059536 0.005)
(-0.486287 0.059536 0.005)
(-0.462565 0.059536 0.005)
(-0.438844 0.059536 0.005)
(-0.415123 0.059536 0.005)
(-0.391402 0.059536 0.005)
(-0.36768 0.059536 0.005)
(-0.343959 0.059536 0.005)
(-0.320238 0.059536 0.005)
(-0.296516 0.059536 0.005)
(-0.272795 0.059536 0.005)
(-0.249074 0.059536 0.005)
(-0.225352 0.059536 0.005)
(-0.201631 0.059536 0.005)
(-0.17791 0.059536 0.005)
(-0.154188 0.059536 0.005)
(-0.130467 0.059536 0.005)
(-0.106746 0.059536 0.005)
(-0.0830246 0.059536 0.005)
(-0.0593033 0.059536 0.005)
(-0.035582 0.059536 0.005)
(-0.0118607 0.059536 0.005)
(0.0118607 0.059536 0.005)
(0.035582 0.059536 0.005)
(0.0593033 0.059536 0.005)
(0.0830246 0.059536 0.005)
(0.106746 0.059536 0.005)
(0.130467 0.059536 0.005)
(0.154188 0.059536 0.005)
(0.17791 0.059536 0.005)
(0.201631 0.059536 0.005)
(0.225352 0.059536 0.005)
(0.249074 0.059536 0.005)
(0.272795 0.059536 0.005)
(0.296516 0.059536 0.005)
(0.320238 0.059536 0.005)
(0.343959 0.059536 0.005)
(0.36768 0.059536 0.005)
(0.391402 0.059536 0.005)
(0.415123 0.059536 0.005)
(0.438844 0.059536 0.005)
(0.462565 0.059536 0.005)
(0.486287 0.059536 0.005)
(0.510008 0.059536 0.005)
(0.533729 0.059536 0.005)
(0.557451 0.059536 0.005)
(0.581172 0.059536 0.005)
(-0.57859 0.0701313 0.005)
(-0.554974 0.0701313 0.005)
(-0.531358 0.0701313 0.005)
(-0.507742 0.0701313 0.005)
(-0.484126 0.0701313 0.005)
(-0.46051 0.0701313 0.005)
(-0.436895 0.0701313 0.005)
(-0.413279 0.0701313 0.005)
(-0.389663 0.0701313 0.005)
(-0.366047 0.0701313 0.005)
(-0.342431 0.0701313 0.005)
(-0.318815 0.0701313 0.005)
(-0.295199 0.0701313 0.005)
(-0.271583 0.0701313 0.005)
(-0.247967 0.0701313 0.005)
(-0.224351 0.0701313 0.005)
(-0.200735 0.0701313 0.005)
(-0.177119 0.0701313 0.005)
(-0.153503 0.0701313 0.005)
(-0.129888 0.0701313 0.005)
(-0.106272 0.0701313 0.005)
(-0.0826557 0.0701313 0.005)
(-0.0590398 0.0701313 0.005)
(-0.0354239 0.0701313 0.005)
(-0.011808 0.0701313 0.005)
(0.011808 0.0701313 0.005)
(0.0354239 0.0701313 0.005)
(0.0590398 0.0701313 0.005)
(0.0826557 0.0701313 0.005)
(0.106272 0.0701313 0.005)
(0.129888 0.0701313 0.005)
(0.153503 0.0701313 0.005)
(0.177119 0.0701313 0.005)
(0.200735 0.0701313 0.005)
(0.224351 0.0701313 0.005)
(0.247967 0.0701313 0.005)
(0.271583 0.0701313 0.005)
(0.295199 0.0701313 0.005)
(0.318815 0.0701313 0.005)
(0.342431 0.0701313 0.005)
(0.366047 0.0701313 0.005)
(0.389663 0.0701313 0.005)
(0.413279 0.0701313 0.005)
(0.436895 0.0701313 0.005)
(0.46051 0.0701313 0.005)
(0.484126 0.0701313 0.005)
(0.507742 0.0701313 0.005)
(0.531358 0.0701313 0.005)
(0.554974 0.0701313 0.005)
(0.57859 0.0701313 0.005)
(-0.575645 0.0806284 0.005)
(-0.552149 0.0806284 0.005)
(-0.528654 0.0806284 0.005)
(-0.505158 0.0806284 0.005)
(-0.481662 0.0806284 0.005)
(-0.458166 0.0806284 0.005)
(-0.434671 0.0806284 0.005)
(-0.411175 0.0806284 0.005)
(-0.387679 0.0806284 0.005)
(-0.364184 0.0806284 0.005)
(-0.340688 0.0806284 0.005)
(-0.317192 0.0806284 0.005)
(-0.293696 0.0806284 0.005)
(-0.270201 0.0806284 0.005)
(-0.246705 0.0806284 0.005)
(-0.223209 0.0806284 0.005)
(-0.199714 0.0806284 0.005)
(-0.176218 0.0806284 0.005)
(-0.152722 0.0806284 0.005)
(-0.129226 0.0806284 0.005)
(-0.105731 0.0806284 0.005)
(-0.082235 0.0806284 0.005)
(-0.0587393 0.0806284 0.005)
(-0.0352436 0.0806284 0.005)
(-0.0117479 0.0806284 0.005)
(0.0117479 0.0806284 0.005)
(0.0352436 0.0806284 0.005)
(0.0587393 0.0806284 0.005)
(0.082235 0.0806284 0.005)
(0.105731 0.0806284 0.005)
(0.129226 0.0806284 0.005)
(0.152722 0.0806284 0.005)
(0.176218 0.0806284 0.005)
(0.199714 0.0806284 0.005)
(0.223209 0.0806284 0.005)
(0.246705 0.0806284 0.005)
(0.270201 0.0806284 0.005)
(0.293696 0.0806284 0.005)
(0.317192 0.0806284 0.005)
(0.340688 0.0806284 0.005)
(0.364184 0.0806284 0.005)
(0.387679 0.0806284 0.005)
(0.411175 0.0806284 0.005)
(0.434671 0.0806284 0.005)
(0.458166 0.0806284 0.005)
(0.481662 0.0806284 0.005)
(0.505158 0.0806284 0.005)
(0.528654 0.0806284 0.005)
(0.552149 0.0806284 0.005)
(0.575645 0.0806284 0.005)
(-0.572362 0.0910214 0.005)
(-0.549 0.0910214 0.005)
(-0.525639 0.0910214 0.005)
(-0.502277 0.0910214 0.005)
(-0.478915 0.0910214 0.005)
(-0.455554 0.0910214 0.005)
(-0.432192 0.0910214 0.005)
(-0.40883 0.0910214 0.005)
(-0.385468 0.0910214 0.005)
(-0.362107 0.0910214 0.005)
(-0.338745 0.0910214 0.005)
(-0.315383 0.0910214 0.005)
(-0.292021 0.0910214 0.005)
(-0.26866 0.0910214 0.005)
(-0.245298 0.0910214 0.005)
(-0.221936 0.0910214 0.005)
(-0.198575 0.0910214 0.005)
(-0.175213 0.0910214 0.005)
(-0.151851 0.0910214 0.005)
(-0.128489 0.0910214 0.005)
(-0.105128 0.0910214 0.005)
(-0.081766 0.0910214 0.005)
(-0.0584043 0.0910214 0.005)
(-0.0350426 0.0910214 0.005)
(-0.0116809 0.0910214 0.005)
(0.0116809 0.0910214 0.005)
(0.0350426 0.0910214 0.005)
(0.0584043 0.0910214 0.005)
(0.081766 0.0910214 0.005)
(0.105128 0.0910214 0.005)
(0.128489 0.0910214 0.005)
(0.151851 0.0910214 0.005)
(0.175213 0.0910214 0.005)
(0.198575 0.0910214 0.005)
(0.221936 0.0910214 0.005)
(0.245298 0.0910214 0.005)
(0.26866 0.0910214 0.005)
(0.292021 0.0910214 0.005)
(0.315383 0.0910214 0.005)
(0.338745 0.0910214 0.005)
(0.362107 0.0910214 0.005)
(0.385468 0.0910214 0.005)
(0.40883 0.0910214 0.005)
(0.432192 0.0910214 0.005)
(0.455554 0.0910214 0.005)
(0.478915 0.0910214 0.005)
(0.502277 0.0910214 0.005)
(0.525639 0.0910214 0.005)
(0.549 0.0910214 0.005)
(0.572362 0.0910214 0.005)
(-0.568767 0.101307 0.005)
(-0.545552 0.101307 0.005)
(-0.522337 0.101307 0.005)
(-0.499122 0.101307 0.005)
(-0.475907 0.101307 0.005)
(-0.452692 0.101307 0.005)
(-0.429477 0.101307 0.005)
(-0.406262 0.101307 0.005)
(-0.383047 0.101307 0.005)
(-0.359832 0.101307 0.005)
(-0.336617 0.101307 0.005)
(-0.313402 0.101307 0.005)
(-0.290187 0.101307 0.005)
(-0.266972 0.101307 0.005)
(-0.243757 0.101307 0.005)
(-0.220542 0.101307 0.005)
(-0.197327 0.101307 0.005)
(-0.174112 0.101307 0.005)
(-0.150897 0.101307 0.005)
(-0.127682 0.101307 0.005)
(-0.104467 0.101307 0.005)
(-0.0812525 0.101307 0.005)
(-0.0580375 0.101307 0.005)
(-0.0348225 0.101307 0.005)
(-0.0116075 0.101307 0.005)
(0.0116075 0.101307 0.005)
(0.0348225 0.101307 0.005)
(0.0580375 0.101307 0.005)
(0.0812525 0.101307 0.005)
(0.104467 0.101307 0.005)
(0.127682 0.101307 0.005)
(0.150897 0.101307 0.005)
(0.174112 0.101307 0.005)
(0.197327 0.101307 0.005)
(0.220542 0.101307 0.005)
(0.243757 0.101307 0.005)
(0.266972 0.101307 0.005)
(0.290187 0.101307 0.005)
(0.313402 0.101307 0.005)
(0.336617 0.101307 0.005)
(0.359832 0.101307 0.005)
(0.383047 0.101307 0.005)
(0.406262 0.101307 0.005)
(0.429477 0.101307 0.005)
(0.452692 0.101307 0.005)
(0.475907 0.101307 0.005)
(0.499122 0.101307 0.005)
(0.522337 0.101307 0.005)
(0.545552 0.101307 0.005)
(0.568767 0.101307 0.005)
(-0.564886 0.111485 0.005)
(-0.54183 0.111485 0.005)
(-0.518773 0.111485 0.005)
(-0.495717 0.111485 0.005)
(-0.47266 0.111485 0.005)
(-0.449603 0.111485 0.005)
(-0.426547 0.111485 0.005)
(-0.40349 0.111485 0.005)
(-0.380434 0.111485 0.005)
(-0.357377 0.111485 0.005)
(-0.33432 0.111485 0.005)
(-0.311264 0.111485 0.005)
(-0.288207 0.111485 0.005)
(-0.265151 0.111485 0.005)
(-0.242094 0.111485 0.005)
(-0.219038 0.111485 0.005)
(-0.195981 0.111485 0.005)
(-0.172924 0.111485 0.005)
(-0.149868 0.111485 0.005)
(-0.126811 0.111485 0.005)
(-0.103755 0.111485 0.005)
(-0.080698 0.111485 0.005)
(-0.0576415 0.111485 0.005)
(-0.0345849 0.111485 0.005)
(-0.0115283 0.111485 0.005)
(0.0115283 0.111485 0.005)
(0.0345849 0.111485 0.005)
(0.0576415 0.111485 0.005)
(0.080698 0.111485 0.005)
(0.103755 0.111485 0.005)
(0.126811 0.111485 0.005)
(0.149868 0.111485 0.005)
(0.172924 0.111485 0.005)
(0.195981 0.111485 0.005)
(0.219038 0.111485 0.005)
(0.242094 0.111485 0.005)
(0.265151 0.111485 0.005)
(0.288207 0.111485 0.005)
(0.311264 0.111485 0.005)
(0.33432 0.111485 0.005)
(0.357377 0.111485 0.005)
(0.380434 0.111485 0.005)
(0.40349 0.111485 0.005)
(0.426547 0.111485 0.005)
(0.449603 0.111485 0.005)
(0.47266 0.111485 0.005)
(0.495717 0.111485 0.005)
(0.518773 0.111485 0.005)
(0.54183 0.111485 0.005)
(0.564886 0.111485 0.005)
(-0.560745 0.121556 0.005)
(-0.537857 0.121556 0.005)
(-0.51497 0.121556 0.005)
(-0.492082 0.121556 0.005)
(-0.469194 0.121556 0.005)
(-0.446307 0.121556 0.005)
(-0.423419 0.121556 0.005)
(-0.400532 0.121556 0.005)
(-0.377644 0.121556 0.005)
(-0.354757 0.121556 0.005)
(-0.331869 0.121556 0.005)
(-0.308982 0.121556 0.005)
(-0.286094 0.121556 0.005)
(-0.263207 0.121556 0.005)
(-0.240319 0.121556 0.005)
(-0.217432 0.121556 0.005)
(-0.194544 0.121556 0.005)
(-0.171657 0.121556 0.005)
(-0.148769 0.121556 0.005)
(-0.125881 0.121556 0.005)
(-0.102994 0.121556 0.005)
(-0.0801064 0.121556 0.005)
(-0.0572188 0.121556 0.005)
(-0.0343313 0.121556 0.005)
(-0.0114438 0.121556 0.005)
(0.0114438 0.121556 0.005)
(0.0343313 0.121556 0.005)
(0.0572188 0.121556 0.005)
(0.0801064 0.121556 0.005)
(0.102994 0.121556 0.005)
(0.125881 0.121556 0.005)
(0.148769 0.121556 0.005)
(0.171657 0.121556 0.005)
(0.194544 0.121556 0.005)
(0.217432 0.121556 0.005)
(0.240319 0.121556 0.005)
(0.263207 0.121556 0.005)
(0.286094 0.121556 0.005)
(0.308982 0.121556 0.005)
(0.331869 0.121556 0.005)
(0.354757 0.121556 0.005)
(0.377644 0.121556 0.005)
(0.400532 0.121556 0.005)
(0.423419 0.121556 0.005)
(0.446307 0.121556 0.005)
(0.469194 0.121556 0.005)
(0.492082 0.121556 0.005)
(0.51497 0.121556 0.005)
(0.537857 0.121556 0.005)
(0.560745 0.121556 0.005)
(-0.556367 0.131523 0.005)
(-0.533658 0.131523 0.005)
(-0.510949 0.131523 0.005)
(-0.48824 0.131523 0.005)
(-0.465531 0.131523 0.005)
(-0.442822 0.131523 0.005)
(-0.420114 0.131523 0.005)
(-0.397405 0.131523 0.005)
(-0.374696 0.131523 0.005)
(-0.351987 0.131523 0.005)
(-0.329278 0.131523 0.005)
(-0.306569 0.131523 0.005)
(-0.283861 0.131523 0.005)
(-0.261152 0.131523 0.005)
(-0.238443 0.131523 0.005)
(-0.215734 0.131523 0.005)
(-0.193025 0.131523 0.005)
(-0.170316 0.131523 0.005)
(-0.147607 0.131523 0.005)
(-0.124899 0.131523 0.005)
(-0.10219 0.131523 0.005)
(-0.0794809 0.131523 0.005)
(-0.0567721 0.131523 0.005)
(-0.0340633 0.131523 0.005)
(-0.0113544 0.131523 0.005)
(0.0113544 0.131523 0.005)
(0.0340633 0.131523 0.005)
(0.0567721 0.131523 0.005)
(0.0794809 0.131523 0.005)
(0.10219 0.131523 0.005)
(0.124899 0.131523 0.005)
(0.147607 0.131523 0.005)
(0.170316 0.131523 0.005)
(0.193025 0.131523 0.005)
(0.215734 0.131523 0.005)
(0.238443 0.131523 0.005)
(0.261152 0.131523 0.005)
(0.283861 0.131523 0.005)
(0.306569 0.131523 0.005)
(0.329278 0.131523 0.005)
(0.351987 0.131523 0.005)
(0.374696 0.131523 0.005)
(0.397405 0.131523 0.005)
(0.420114 0.131523 0.005)
(0.442822 0.131523 0.005)
(0.465531 0.131523 0.005)
(0.48824 0.131523 0.005)
(0.510949 0.131523 0.005)
(0.533658 0.131523 0.005)
(0.556367 0.131523 0.005)
(-0.551776 0.141391 0.005)
(-0.529255 0.141391 0.005)
(-0.506733 0.141391 0.005)
(-0.484212 0.141391 0.005)
(-0.46169 0.141391 0.005)
(-0.439169 0.141391 0.005)
(-0.416647 0.141391 0.005)
(-0.394126 0.141391 0.005)
(-0.371604 0.141391 0.005)
(-0.349083 0.141391 0.005)
(-0.326561 0.141391 0.005)
(-0.30404 0.141391 0.005)
(-0.281518 0.141391 0.005)
(-0.258997 0.141391 0.005)
(-0.236475 0.141391 0.005)
(-0.213954 0.141391 0.005)
(-0.191432 0.141391 0.005)
(-0.168911 0.141391 0.005)
(-0.14639 0.141391 0.005)
(-0.123868 0.141391 0.005)
(-0.101347 0.141391 0.005)
(-0.0788251 0.141391 0.005)
(-0.0563037 0.141391 0.005)
(-0.0337822 0.141391 0.005)
(-0.0112607 0.141391 0.005)
(0.0112607 0.141391 0.005)
(0.0337822 0.141391 0.005)
(0.0563037 0.141391 0.005)
(0.0788251 0.141391 0.005)
(0.101347 0.141391 0.005)
(0.123868 0.141391 0.005)
(0.14639 0.141391 0.005)
(0.168911 0.141391 0.005)
(0.191432 0.141391 0.005)
(0.213954 0.141391 0.005)
(0.236475 0.141391 0.005)
(0.258997 0.141391 0.005)
(0.281518 0.141391 0.005)
(0.30404 0.141391 0.005)
(0.326561 0.141391 0.005)
(0.349083 0.141391 0.005)
(0.371604 0.141391 0.005)
(0.394126 0.141391 0.005)
(0.416647 0.141391 0.005)
(0.439169 0.141391 0.005)
(0.46169 0.141391 0.005)
(0.484212 0.141391 0.005)
(0.506733 0.141391 0.005)
(0.529255 0.141391 0.005)
(0.551776 0.141391 0.005)
(-0.546995 0.151164 0.005)
(-0.524669 0.151164 0.005)
(-0.502342 0.151164 0.005)
(-0.480016 0.151164 0.005)
(-0.45769 0.151164 0.005)
(-0.435363 0.151164 0.005)
(-0.413037 0.151164 0.005)
(-0.390711 0.151164 0.005)
(-0.368384 0.151164 0.005)
(-0.346058 0.151164 0.005)
(-0.323732 0.151164 0.005)
(-0.301405 0.151164 0.005)
(-0.279079 0.151164 0.005)
(-0.256753 0.151164 0.005)
(-0.234426 0.151164 0.005)
(-0.2121 0.151164 0.005)
(-0.189774 0.151164 0.005)
(-0.167447 0.151164 0.005)
(-0.145121 0.151164 0.005)
(-0.122795 0.151164 0.005)
(-0.100468 0.151164 0.005)
(-0.0781421 0.151164 0.005)
(-0.0558158 0.151164 0.005)
(-0.0334895 0.151164 0.005)
(-0.0111632 0.151164 0.005)
(0.0111632 0.151164 0.005)
(0.0334895 0.151164 0.005)
(0.0558158 0.151164 0.005)
(0.0781421 0.151164 0.005)
(0.100468 0.151164 0.005)
(0.122795 0.151164 0.005)
(0.145121 0.151164 0.005)
(0.167447 0.151164 0.005)
(0.189774 0.151164 0.005)
(0.2121 0.151164 0.005)
(0.234426 0.151164 0.005)
(0.256753 0.151164 0.005)
(0.279079 0.151164 0.005)
(0.301405 0.151164 0.005)
(0.323732 0.151164 0.005)
(0.346058 0.151164 0.005)
(0.368384 0.151164 0.005)
(0.390711 0.151164 0.005)
(0.413037 0.151164 0.005)
(0.435363 0.151164 0.005)
(0.45769 0.151164 0.005)
(0.480016 0.151164 0.005)
(0.502342 0.151164 0.005)
(0.524669 0.151164 0.005)
(0.546995 0.151164 0.005)
(-0.542045 0.16085 0.005)
(-0.51992 0.16085 0.005)
(-0.497796 0.16085 0.005)
(-0.475672 0.16085 0.005)
(-0.453548 0.16085 0.005)
(-0.431423 0.16085 0.005)
(-0.409299 0.16085 0.005)
(-0.387175 0.16085 0.005)
(-0.365051 0.16085 0.005)
(-0.342926 0.16085 0.005)
(-0.320802 0.16085 0.005)
(-0.298678 0.16085 0.005)
(-0.276553 0.16085 0.005)
(-0.254429 0.16085 0.005)
(-0.232305 0.16085 0.005)
(-0.210181 0.16085 0.005)
(-0.188056 0.16085 0.005)
(-0.165932 0.16085 0.005)
(-0.143808 0.16085 0.005)
(-0.121684 0.16085 0.005)
(-0.0995592 0.16085 0.005)
(-0.077435 0.16085 0.005)
(-0.0553107 0.16085 0.005)
(-0.0331864 0.16085 0.005)
(-0.0110621 0.16085 0.005)
(0.0110621 0.16085 0.005)
(0.0331864 0.16085 0.005)
(0.0553107 0.16085 0.005)
(0.077435 0.16085 0.005)
(0.0995592 0.16085 0.005)
(0.121684 0.16085 0.005)
(0.143808 0.16085 0.005)
(0.165932 0.16085 0.005)
(0.188056 0.16085 0.005)
(0.210181 0.16085 0.005)
(0.232305 0.16085 0.005)
(0.254429 0.16085 0.005)
(0.276553 0.16085 0.005)
(0.298678 0.16085 0.005)
(0.320802 0.16085 0.005)
(0.342926 0.16085 0.005)
(0.365051 0.16085 0.005)
(0.387175 0.16085 0.005)
(0.409299 0.16085 0.005)
(0.431423 0.16085 0.005)
(0.453548 0.16085 0.005)
(0.475672 0.16085 0.005)
(0.497796 0.16085 0.005)
(0.51992 0.16085 0.005)
(0.542045 0.16085 0.005)
(-0.536945 0.170455 0.005)
(-0.515029 0.170455 0.005)
(-0.493113 0.170455 0.005)
(-0.471197 0.170455 0.005)
(-0.449281 0.170455 0.005)
(-0.427365 0.170455 0.005)
(-0.405448 0.170455 0.005)
(-0.383532 0.170455 0.005)
(-0.361616 0.170455 0.005)
(-0.3397 0.170455 0.005)
(-0.317784 0.170455 0.005)
(-0.295868 0.170455 0.005)
(-0.273952 0.170455 0.005)
(-0.252036 0.170455 0.005)
(-0.230119 0.170455 0.005)
(-0.208203 0.170455 0.005)
(-0.186287 0.170455 0.005)
(-0.164371 0.170455 0.005)
(-0.142455 0.170455 0.005)
(-0.120539 0.170455 0.005)
(-0.0986226 0.170455 0.005)
(-0.0767065 0.170455 0.005)
(-0.0547903 0.170455 0.005)
(-0.0328742 0.170455 0.005)
(-0.0109581 0.170455 0.005)
(0.0109581 0.170455 0.005)
(0.0328742 0.170455 0.005)
(0.0547903 0.170455 0.005)
(0.0767065 0.170455 0.005)
(0.0986226 0.170455 0.005)
(0.120539 0.170455 0.005)
(0.142455 0.170455 0.005)
(0.164371 0.170455 0.005)
(0.186287 0.170455 0.005)
(0.208203 0.170455 0.005)
(0.230119 0.170455 0.005)
(0.252036 0.170455 0.005)
(0.273952 0.170455 0.005)
(0.295868 0.170455 0.005)
(0.317784 0.170455 0.005)
(0.3397 0.170455 0.005)
(0.361616 0.170455 0.005)
(0.383532 0.170455 0.005)
(0.405448 0.170455 0.005)
(0.427365 0.170455 0.005)
(0.449281 0.170455 0.005)
(0.471197 0.170455 0.005)
(0.493113 0.170455 0.005)
(0.515029 0.170455 0.005)
(0.536945 0.170455 0.005)
(-0.531715 0.179987 0.005)
(-0.510013 0.179987 0.005)
(-0.48831 0.179987 0.005)
(-0.466607 0.179987 0.005)
(-0.444905 0.179987 0.005)
(-0.423202 0.179987 0.005)
(-0.401499 0.179987 0.005)
(-0.379797 0.179987 0.005)
(-0.358094 0.179987 0.005)
(-0.336391 0.179987 0.005)
(-0.314689 0.179987 0.005)
(-0.292986 0.179987 0.005)
(-0.271283 0.179987 0.005)
(-0.249581 0.179987 0.005)
(-0.227878 0.179987 0.005)
(-0.206175 0.179987 0.005)
(-0.184473 0.179987 0.005)
(-0.16277 0.179987 0.005)
(-0.141067 0.179987 0.005)
(-0.119365 0.179987 0.005)
(-0.097662 0.179987 0.005)
(-0.0759593 0.179987 0.005)
(-0.0542567 0.179987 0.005)
(-0.032554 0.179987 0.005)
(-0.0108513 0.179987 0.005)
(0.0108513 0.179987 0.005)
(0.032554 0.179987 0.005)
(0.0542567 0.179987 0.005)
(0.0759593 0.179987 0.005)
(0.097662 0.179987 0.005)
(0.119365 0.179987 0.005)
(0.141067 0.179987 0.005)
(0.16277 0.179987 0.005)
(0.184473 0.179987 0.005)
(0.206175 0.179987 0.005)
(0.227878 0.179987 0.005)
(0.249581 0.179987 0.005)
(0.271283 0.179987 0.005)
(0.292986 0.179987 0.005)
(0.314689 0.179987 0.005)
(0.336391 0.179987 0.005)
(0.358094 0.179987 0.005)
(0.379797 0.179987 0.005)
(0.401499 0.179987 0.005)
(0.423202 0.179987 0.005)
(0.444905 0.179987 0.005)
(0.466607 0.179987 0.005)
(0.48831 0.179987 0.005)
(0.510013 0.179987 0.005)
(0.531715 0.179987 0.005)
(-0.526373 0.189454 0.005)
(-0.504888 0.189454 0.005)
(-0.483404 0.189454 0.005)
(-0.461919 0.189454 0.005)
(-0.440434 0.189454 0.005)
(-0.41895 0.189454 0.005)
(-0.397465 0.189454 0.005)
(-0.375981 0.189454 0.005)
(-0.354496 0.189454 0.005)
(-0.333011 0.189454 0.005)
(-0.311527 0.189454 0.005)
(-0.290042 0.189454 0.005)
(-0.268558 0.189454 0.005)
(-0.247073 0.189454 0.005)
(-0.225588 0.189454 0.005)
(-0.204104 0.189454 0.005)
(-0.182619 0.189454 0.005)
(-0.161135 0.189454 0.005)
(-0.13965 0.189454 0.005)
(-0.118165 0.189454 0.005)
(-0.0966807 0.189454 0.005)
(-0.0751961 0.189454 0.005)
(-0.0537115 0.189454 0.005)
(-0.0322269 0.189454 0.005)
(-0.0107423 0.189454 0.005)
(0.0107423 0.189454 0.005)
(0.0322269 0.189454 0.005)
(0.0537115 0.189454 0.005)
(0.0751961 0.189454 0.005)
(0.0966807 0.189454 0.005)
(0.118165 0.189454 0.005)
(0.13965 0.189454 0.005)
(0.161135 0.189454 0.005)
(0.182619 0.189454 0.005)
(0.204104 0.189454 0.005)
(0.225588 0.189454 0.005)
(0.247073 0.189454 0.005)
(0.268558 0.189454 0.005)
(0.290042 0.189454 0.005)
(0.311527 0.189454 0.005)
(0.333011 0.189454 0.005)
(0.354496 0.189454 0.005)
(0.375981 0.189454 0.005)
(0.397465 0.189454 0.005)
(0.41895 0.189454 0.005)
(0.440434 0.189454 0.005)
(0.461919 0.189454 0.005)
(0.483404 0.189454 0.005)
(0.504888 0.189454 0.005)
(0.526373 0.189454 0.005)
(-0.520935 0.198864 0.005)
(-0.499672 0.198864 0.005)
(-0.47841 0.198864 0.005)
(-0.457147 0.198864 0.005)
(-0.435884 0.198864 0.005)
(-0.414622 0.198864 0.005)
(-0.393359 0.198864 0.005)
(-0.372096 0.198864 0.005)
(-0.350834 0.198864 0.005)
(-0.329571 0.198864 0.005)
(-0.308308 0.198864 0.005)
(-0.287046 0.198864 0.005)
(-0.265783 0.198864 0.005)
(-0.24452 0.198864 0.005)
(-0.223258 0.198864 0.005)
(-0.201995 0.198864 0.005)
(-0.180732 0.198864 0.005)
(-0.15947 0.198864 0.005)
(-0.138207 0.198864 0.005)
(-0.116945 0.198864 0.005)
(-0.0956819 0.198864 0.005)
(-0.0744193 0.198864 0.005)
(-0.0531566 0.198864 0.005)
(-0.031894 0.198864 0.005)
(-0.0106313 0.198864 0.005)
(0.0106313 0.198864 0.005)
(0.031894 0.198864 0.005)
(0.0531566 0.198864 0.005)
(0.0744193 0.198864 0.005)
(0.0956819 0.198864 0.005)
(0.116945 0.198864 0.005)
(0.138207 0.198864 0.005)
(0.15947 0.198864 0.005)
(0.180732 0.198864 0.005)
(0.201995 0.198864 0.005)
(0.223258 0.198864 0.005)
(0.24452 0.198864 0.005)
(0.265783 0.198864 0.005)
(0.287046 0.198864 0.005)
(0.308308 0.198864 0.005)
(0.329571 0.198864 0.005)
(0.350834 0.198864 0.005)
(0.372096 0.198864 0.005)
(0.393359 0.198864 0.005)
(0.414622 0.198864 0.005)
(0.435884 0.198864 0.005)
(0.457147 0.198864 0.005)
(0.47841 0.198864 0.005)
(0.499672 0.198864 0.005)
(0.520935 0.198864 0.005)
(-0.515417 0.208227 0.005)
(-0.49438 0.208227 0.005)
(-0.473342 0.208227 0.005)
(-0.452305 0.208227 0.005)
(-0.431267 0.208227 0.005)
(-0.41023 0.208227 0.005)
(-0.389193 0.208227 0.005)
(-0.368155 0.208227 0.005)
(-0.347118 0.208227 0.005)
(-0.32608 0.208227 0.005)
(-0.305043 0.208227 0.005)
(-0.284005 0.208227 0.005)
(-0.262968 0.208227 0.005)
(-0.24193 0.208227 0.005)
(-0.220893 0.208227 0.005)
(-0.199856 0.208227 0.005)
(-0.178818 0.208227 0.005)
(-0.157781 0.208227 0.005)
(-0.136743 0.208227 0.005)
(-0.115706 0.208227 0.005)
(-0.0946684 0.208227 0.005)
(-0.073631 0.208227 0.005)
(-0.0525936 0.208227 0.005)
(-0.0315561 0.208227 0.005)
(-0.0105187 0.208227 0.005)
(0.0105187 0.208227 0.005)
(0.0315561 0.208227 0.005)
(0.0525936 0.208227 0.005)
(0.073631 0.208227 0.005)
(0.0946684 0.208227 0.005)
(0.115706 0.208227 0.005)
(0.136743 0.208227 0.005)
(0.157781 0.208227 0.005)
(0.178818 0.208227 0.005)
(0.199856 0.208227 0.005)
(0.220893 0.208227 0.005)
(0.24193 0.208227 0.005)
(0.262968 0.208227 0.005)
(0.284005 0.208227 0.005)
(0.305043 0.208227 0.005)
(0.32608 0.208227 0.005)
(0.347118 0.208227 0.005)
(0.368155 0.208227 0.005)
(0.389193 0.208227 0.005)
(0.41023 0.208227 0.005)
(0.431267 0.208227 0.005)
(0.452305 0.208227 0.005)
(0.473342 0.208227 0.005)
(0.49438 0.208227 0.005)
(0.515417 0.208227 0.005)
(-0.509835 0.217549 0.005)
(-0.489026 0.217549 0.005)
(-0.468216 0.217549 0.005)
(-0.447407 0.217549 0.005)
(-0.426597 0.217549 0.005)
(-0.405787 0.217549 0.005)
(-0.384978 0.217549 0.005)
(-0.364168 0.217549 0.005)
(-0.343358 0.217549 0.005)
(-0.322549 0.217549 0.005)
(-0.301739 0.217549 0.005)
(-0.28093 0.217549 0.005)
(-0.26012 0.217549 0.005)
(-0.23931 0.217549 0.005)
(-0.218501 0.217549 0.005)
(-0.197691 0.217549 0.005)
(-0.176882 0.217549 0.005)
(-0.156072 0.217549 0.005)
(-0.135262 0.217549 0.005)
(-0.114453 0.217549 0.005)
(-0.0936432 0.217549 0.005)
(-0.0728336 0.217549 0.005)
(-0.052024 0.217549 0.005)
(-0.0312144 0.217549 0.005)
(-0.0104048 0.217549 0.005)
(0.0104048 0.217549 0.005)
(0.0312144 0.217549 0.005)
(0.052024 0.217549 0.005)
(0.0728336 0.217549 0.005)
(0.0936432 0.217549 0.005)
(0.114453 0.217549 0.005)
(0.135262 0.217549 0.005)
(0.156072 0.217549 0.005)
(0.176882 0.217549 0.005)
(0.197691 0.217549 0.005)
(0.218501 0.217549 0.005)
(0.23931 0.217549 0.005)
(0.26012 0.217549 0.005)
(0.28093 0.217549 0.005)
(0.301739 0.217549 0.005)
(0.322549 0.217549 0.005)
(0.343358 0.217549 0.005)
(0.364168 0.217549 0.005)
(0.384978 0.217549 0.005)
(0.405787 0.217549 0.005)
(0.426597 0.217549 0.005)
(0.447407 0.217549 0.005)
(0.468216 0.217549 0.005)
(0.489026 0.217549 0.005)
(0.509835 0.217549 0.005)
(-0.504204 0.226841 0.005)
(-0.483625 0.226841 0.005)
(-0.463045 0.226841 0.005)
(-0.442465 0.226841 0.005)
(-0.421885 0.226841 0.005)
(-0.401305 0.226841 0.005)
(-0.380726 0.226841 0.005)
(-0.360146 0.226841 0.005)
(-0.339566 0.226841 0.005)
(-0.318986 0.226841 0.005)
(-0.298407 0.226841 0.005)
(-0.277827 0.226841 0.005)
(-0.257247 0.226841 0.005)
(-0.236667 0.226841 0.005)
(-0.216088 0.226841 0.005)
(-0.195508 0.226841 0.005)
(-0.174928 0.226841 0.005)
(-0.154348 0.226841 0.005)
(-0.133768 0.226841 0.005)
(-0.113189 0.226841 0.005)
(-0.092609 0.226841 0.005)
(-0.0720292 0.226841 0.005)
(-0.0514494 0.226841 0.005)
(-0.0308697 0.226841 0.005)
(-0.0102899 0.226841 0.005)
(0.0102899 0.226841 0.005)
(0.0308697 0.226841 0.005)
(0.0514494 0.226841 0.005)
(0.0720292 0.226841 0.005)
(0.092609 0.226841 0.005)
(0.113189 0.226841 0.005)
(0.133768 0.226841 0.005)
(0.154348 0.226841 0.005)
(0.174928 0.226841 0.005)
(0.195508 0.226841 0.005)
(0.216088 0.226841 0.005)
(0.236667 0.226841 0.005)
(0.257247 0.226841 0.005)
(0.277827 0.226841 0.005)
(0.298407 0.226841 0.005)
(0.318986 0.226841 0.005)
(0.339566 0.226841 0.005)
(0.360146 0.226841 0.005)
(0.380726 0.226841 0.005)
(0.401305 0.226841 0.005)
(0.421885 0.226841 0.005)
(0.442465 0.226841 0.005)
(0.463045 0.226841 0.005)
(0.483625 0.226841 0.005)
(0.504204 0.226841 0.005)
(-0.498539 0.23611 0.005)
(-0.47819 0.23611 0.005)
(-0.457842 0.23611 0.005)
(-0.437493 0.23611 0.005)
(-0.417144 0.23611 0.005)
(-0.396796 0.23611 0.005)
(-0.376447 0.23611 0.005)
(-0.356099 0.23611 0.005)
(-0.33575 0.23611 0.005)
(-0.315402 0.23611 0.005)
(-0.295053 0.23611 0.005)
(-0.274705 0.23611 0.005)
(-0.254356 0.23611 0.005)
(-0.234008 0.23611 0.005)
(-0.213659 0.23611 0.005)
(-0.193311 0.23611 0.005)
(-0.172962 0.23611 0.005)
(-0.152614 0.23611 0.005)
(-0.132265 0.23611 0.005)
(-0.111917 0.23611 0.005)
(-0.0915683 0.23611 0.005)
(-0.0712198 0.23611 0.005)
(-0.0508713 0.23611 0.005)
(-0.0305228 0.23611 0.005)
(-0.0101743 0.23611 0.005)
(0.0101743 0.23611 0.005)
(0.0305228 0.23611 0.005)
(0.0508713 0.23611 0.005)
(0.0712198 0.23611 0.005)
(0.0915683 0.23611 0.005)
(0.111917 0.23611 0.005)
(0.132265 0.23611 0.005)
(0.152614 0.23611 0.005)
(0.172962 0.23611 0.005)
(0.193311 0.23611 0.005)
(0.213659 0.23611 0.005)
(0.234008 0.23611 0.005)
(0.254356 0.23611 0.005)
(0.274705 0.23611 0.005)
(0.295053 0.23611 0.005)
(0.315402 0.23611 0.005)
(0.33575 0.23611 0.005)
(0.356099 0.23611 0.005)
(0.376447 0.23611 0.005)
(0.396796 0.23611 0.005)
(0.417144 0.23611 0.005)
(0.437493 0.23611 0.005)
(0.457842 0.23611 0.005)
(0.47819 0.23611 0.005)
(0.498539 0.23611 0.005)
(-0.492852 0.245366 0.005)
(-0.472736 0.245366 0.005)
(-0.452619 0.245366 0.005)
(-0.432503 0.245366 0.005)
(-0.412386 0.245366 0.005)
(-0.39227 0.245366 0.005)
(-0.372154 0.245366 0.005)
(-0.352037 0.245366 0.005)
(-0.331921 0.245366 0.005)
(-0.311804 0.245366 0.005)
(-0.291688 0.245366 0.005)
(-0.271572 0.245366 0.005)
(-0.251455 0.245366 0.005)
(-0.231339 0.245366 0.005)
(-0.211222 0.245366 0.005)
(-0.191106 0.245366 0.005)
(-0.17099 0.245366 0.005)
(-0.150873 0.245366 0.005)
(-0.130757 0.245366 0.005)
(-0.11064 0.245366 0.005)
(-0.0905239 0.245366 0.005)
(-0.0704074 0.245366 0.005)
(-0.050291 0.245366 0.005)
(-0.0301746 0.245366 0.005)
(-0.0100582 0.245366 0.005)
(0.0100582 0.245366 0.005)
(0.0301746 0.245366 0.005)
(0.050291 0.245366 0.005)
(0.0704074 0.245366 0.005)
(0.0905239 0.245366 0.005)
(0.11064 0.245366 0.005)
(0.130757 0.245366 0.005)
(0.150873 0.245366 0.005)
(0.17099 0.245366 0.005)
(0.191106 0.245366 0.005)
(0.211222 0.245366 0.005)
(0.231339 0.245366 0.005)
(0.251455 0.245366 0.005)
(0.271572 0.245366 0.005)
(0.291688 0.245366 0.005)
(0.311804 0.245366 0.005)
(0.331921 0.245366 0.005)
(0.352037 0.245366 0.005)
(0.372154 0.245366 0.005)
(0.39227 0.245366 0.005)
(0.412386 0.245366 0.005)
(0.432503 0.245366 0.005)
(0.452619 0.245366 0.005)
(0.472736 0.245366 0.005)
(0.492852 0.245366 0.005)
)
;

boundaryField
{
    left
    {
        type            calculated;
        value           nonuniform List<vector> 
50
(
(-0.502905 -0.245375 0.005)
(-0.508707 -0.236119 0.005)
(-0.514489 -0.22685 0.005)
(-0.520235 -0.217558 0.005)
(-0.525931 -0.208235 0.005)
(-0.531561 -0.198873 0.005)
(-0.537111 -0.189462 0.005)
(-0.542562 -0.179995 0.005)
(-0.547899 -0.170462 0.005)
(-0.553103 -0.160857 0.005)
(-0.558154 -0.151171 0.005)
(-0.563033 -0.141398 0.005)
(-0.567718 -0.13153 0.005)
(-0.572186 -0.121563 0.005)
(-0.576412 -0.111491 0.005)
(-0.580373 -0.101313 0.005)
(-0.584041 -0.0910266 0.005)
(-0.587391 -0.0806331 0.005)
(-0.590397 -0.0701356 0.005)
(-0.593032 -0.0595397 0.005)
(-0.595272 -0.0488518 0.005)
(-0.597095 -0.0380828 0.005)
(-0.59848 -0.0272493 0.005)
(-0.599413 -0.0163688 0.005)
(-0.599882 -0.00545953 0.005)
(-0.599882 0.00545953 0.005)
(-0.599413 0.0163688 0.005)
(-0.59848 0.0272493 0.005)
(-0.597095 0.0380828 0.005)
(-0.595272 0.0488518 0.005)
(-0.593032 0.0595397 0.005)
(-0.590397 0.0701356 0.005)
(-0.587391 0.0806331 0.005)
(-0.584041 0.0910266 0.005)
(-0.580373 0.101313 0.005)
(-0.576412 0.111491 0.005)
(-0.572186 0.121563 0.005)
(-0.567718 0.13153 0.005)
(-0.563033 0.141398 0.005)
(-0.558154 0.151171 0.005)
(-0.553103 0.160857 0.005)
(-0.547899 0.170462 0.005)
(-0.542562 0.179995 0.005)
(-0.537111 0.189462 0.005)
(-0.531561 0.198873 0.005)
(-0.525931 0.208235 0.005)
(-0.520235 0.217558 0.005)
(-0.514489 0.22685 0.005)
(-0.508707 0.236119 0.005)
(-0.502905 0.245375 0.005)
)
;
    }
    right
    {
        type            calculated;
        value           nonuniform List<vector> 
50
(
(0.502905 -0.245375 0.005)
(0.508707 -0.236119 0.005)
(0.514489 -0.22685 0.005)
(0.520235 -0.217558 0.005)
(0.525931 -0.208235 0.005)
(0.531561 -0.198873 0.005)
(0.537111 -0.189462 0.005)
(0.542562 -0.179995 0.005)
(0.547899 -0.170462 0.005)
(0.553103 -0.160857 0.005)
(0.558154 -0.151171 0.005)
(0.563033 -0.141398 0.005)
(0.567718 -0.13153 0.005)
(0.572186 -0.121563 0.005)
(0.576412 -0.111491 0.005)
(0.580373 -0.101313 0.005)
(0.584041 -0.0910266 0.005)
(0.587391 -0.0806331 0.005)
(0.590397 -0.0701356 0.005)
(0.593032 -0.0595397 0.005)
(0.595272 -0.0488518 0.005)
(0.597095 -0.0380828 0.005)
(0.59848 -0.0272493 0.005)
(0.599413 -0.0163688 0.005)
(0.599882 -0.00545953 0.005)
(0.599882 0.00545953 0.005)
(0.599413 0.0163688 0.005)
(0.59848 0.0272493 0.005)
(0.597095 0.0380828 0.005)
(0.595272 0.0488518 0.005)
(0.593032 0.0595397 0.005)
(0.590397 0.0701356 0.005)
(0.587391 0.0806331 0.005)
(0.584041 0.0910266 0.005)
(0.580373 0.101313 0.005)
(0.576412 0.111491 0.005)
(0.572186 0.121563 0.005)
(0.567718 0.13153 0.005)
(0.563033 0.141398 0.005)
(0.558154 0.151171 0.005)
(0.553103 0.160857 0.005)
(0.547899 0.170462 0.005)
(0.542562 0.179995 0.005)
(0.537111 0.189462 0.005)
(0.531561 0.198873 0.005)
(0.525931 0.208235 0.005)
(0.520235 0.217558 0.005)
(0.514489 0.22685 0.005)
(0.508707 0.236119 0.005)
(0.502905 0.245375 0.005)
)
;
    }
    up
    {
        type            calculated;
        value           nonuniform List<vector> 
50
(
(-0.49 0.25 0.005)
(-0.47 0.25 0.005)
(-0.45 0.25 0.005)
(-0.43 0.25 0.005)
(-0.41 0.25 0.005)
(-0.39 0.25 0.005)
(-0.37 0.25 0.005)
(-0.35 0.25 0.005)
(-0.33 0.25 0.005)
(-0.31 0.25 0.005)
(-0.29 0.25 0.005)
(-0.27 0.25 0.005)
(-0.25 0.25 0.005)
(-0.23 0.25 0.005)
(-0.21 0.25 0.005)
(-0.19 0.25 0.005)
(-0.17 0.25 0.005)
(-0.15 0.25 0.005)
(-0.13 0.25 0.005)
(-0.11 0.25 0.005)
(-0.09 0.25 0.005)
(-0.07 0.25 0.005)
(-0.05 0.25 0.005)
(-0.03 0.25 0.005)
(-0.01 0.25 0.005)
(0.01 0.25 0.005)
(0.03 0.25 0.005)
(0.05 0.25 0.005)
(0.07 0.25 0.005)
(0.09 0.25 0.005)
(0.11 0.25 0.005)
(0.13 0.25 0.005)
(0.15 0.25 0.005)
(0.17 0.25 0.005)
(0.19 0.25 0.005)
(0.21 0.25 0.005)
(0.23 0.25 0.005)
(0.25 0.25 0.005)
(0.27 0.25 0.005)
(0.29 0.25 0.005)
(0.31 0.25 0.005)
(0.33 0.25 0.005)
(0.35 0.25 0.005)
(0.37 0.25 0.005)
(0.39 0.25 0.005)
(0.41 0.25 0.005)
(0.43 0.25 0.005)
(0.45 0.25 0.005)
(0.47 0.25 0.005)
(0.49 0.25 0.005)
)
;
    }
    down
    {
        type            calculated;
        value           nonuniform List<vector> 
50
(
(-0.49 -0.25 0.005)
(-0.47 -0.25 0.005)
(-0.45 -0.25 0.005)
(-0.43 -0.25 0.005)
(-0.41 -0.25 0.005)
(-0.39 -0.25 0.005)
(-0.37 -0.25 0.005)
(-0.35 -0.25 0.005)
(-0.33 -0.25 0.005)
(-0.31 -0.25 0.005)
(-0.29 -0.25 0.005)
(-0.27 -0.25 0.005)
(-0.25 -0.25 0.005)
(-0.23 -0.25 0.005)
(-0.21 -0.25 0.005)
(-0.19 -0.25 0.005)
(-0.17 -0.25 0.005)
(-0.15 -0.25 0.005)
(-0.13 -0.25 0.005)
(-0.11 -0.25 0.005)
(-0.09 -0.25 0.005)
(-0.07 -0.25 0.005)
(-0.05 -0.25 0.005)
(-0.03 -0.25 0.005)
(-0.01 -0.25 0.005)
(0.01 -0.25 0.005)
(0.03 -0.25 0.005)
(0.05 -0.25 0.005)
(0.07 -0.25 0.005)
(0.09 -0.25 0.005)
(0.11 -0.25 0.005)
(0.13 -0.25 0.005)
(0.15 -0.25 0.005)
(0.17 -0.25 0.005)
(0.19 -0.25 0.005)
(0.21 -0.25 0.005)
(0.23 -0.25 0.005)
(0.25 -0.25 0.005)
(0.27 -0.25 0.005)
(0.29 -0.25 0.005)
(0.31 -0.25 0.005)
(0.33 -0.25 0.005)
(0.35 -0.25 0.005)
(0.37 -0.25 0.005)
(0.39 -0.25 0.005)
(0.41 -0.25 0.005)
(0.43 -0.25 0.005)
(0.45 -0.25 0.005)
(0.47 -0.25 0.005)
(0.49 -0.25 0.005)
)
;
    }
    frontAndBack
    {
        type            empty;
    }
}


// ************************************************************************* //
