/*--------------------------------*- C++ -*----------------------------------*\
  =========                 |
  \\      /  F ield         | OpenFOAM: The Open Source CFD Toolbox
   \\    /   O peration     | Website:  https://openfoam.org
    \\  /    A nd           | Version:  6
     \\/     M anipulation  |
\*---------------------------------------------------------------------------*/
FoamFile
{
    version     2.0;
    format      ascii;
    class       volScalarField;
    location    "0";
    object      Cy;
}
// * * * * * * * * * * * * * * * * * * * * * * * * * * * * * * * * * * * * * //

dimensions      [0 1 0 0 0 0 0];

internalField   nonuniform List<scalar> 
2500
(
-0.245366
-0.245366
-0.245366
-0.245366
-0.245366
-0.245366
-0.245366
-0.245366
-0.245366
-0.245366
-0.245366
-0.245366
-0.245366
-0.245366
-0.245366
-0.245366
-0.245366
-0.245366
-0.245366
-0.245366
-0.245366
-0.245366
-0.245366
-0.245366
-0.245366
-0.245366
-0.245366
-0.245366
-0.245366
-0.245366
-0.245366
-0.245366
-0.245366
-0.245366
-0.245366
-0.245366
-0.245366
-0.245366
-0.245366
-0.245366
-0.245366
-0.245366
-0.245366
-0.245366
-0.245366
-0.245366
-0.245366
-0.245366
-0.245366
-0.245366
-0.23611
-0.23611
-0.23611
-0.23611
-0.23611
-0.23611
-0.23611
-0.23611
-0.23611
-0.23611
-0.23611
-0.23611
-0.23611
-0.23611
-0.23611
-0.23611
-0.23611
-0.23611
-0.23611
-0.23611
-0.23611
-0.23611
-0.23611
-0.23611
-0.23611
-0.23611
-0.23611
-0.23611
-0.23611
-0.23611
-0.23611
-0.23611
-0.23611
-0.23611
-0.23611
-0.23611
-0.23611
-0.23611
-0.23611
-0.23611
-0.23611
-0.23611
-0.23611
-0.23611
-0.23611
-0.23611
-0.23611
-0.23611
-0.23611
-0.23611
-0.226841
-0.226841
-0.226841
-0.226841
-0.226841
-0.226841
-0.226841
-0.226841
-0.226841
-0.226841
-0.226841
-0.226841
-0.226841
-0.226841
-0.226841
-0.226841
-0.226841
-0.226841
-0.226841
-0.226841
-0.226841
-0.226841
-0.226841
-0.226841
-0.226841
-0.226841
-0.226841
-0.226841
-0.226841
-0.226841
-0.226841
-0.226841
-0.226841
-0.226841
-0.226841
-0.226841
-0.226841
-0.226841
-0.226841
-0.226841
-0.226841
-0.226841
-0.226841
-0.226841
-0.226841
-0.226841
-0.226841
-0.226841
-0.226841
-0.226841
-0.217549
-0.217549
-0.217549
-0.217549
-0.217549
-0.217549
-0.217549
-0.217549
-0.217549
-0.217549
-0.217549
-0.217549
-0.217549
-0.217549
-0.217549
-0.217549
-0.217549
-0.217549
-0.217549
-0.217549
-0.217549
-0.217549
-0.217549
-0.217549
-0.217549
-0.217549
-0.217549
-0.217549
-0.217549
-0.217549
-0.217549
-0.217549
-0.217549
-0.217549
-0.217549
-0.217549
-0.217549
-0.217549
-0.217549
-0.217549
-0.217549
-0.217549
-0.217549
-0.217549
-0.217549
-0.217549
-0.217549
-0.217549
-0.217549
-0.217549
-0.208227
-0.208227
-0.208227
-0.208227
-0.208227
-0.208227
-0.208227
-0.208227
-0.208227
-0.208227
-0.208227
-0.208227
-0.208227
-0.208227
-0.208227
-0.208227
-0.208227
-0.208227
-0.208227
-0.208227
-0.208227
-0.208227
-0.208227
-0.208227
-0.208227
-0.208227
-0.208227
-0.208227
-0.208227
-0.208227
-0.208227
-0.208227
-0.208227
-0.208227
-0.208227
-0.208227
-0.208227
-0.208227
-0.208227
-0.208227
-0.208227
-0.208227
-0.208227
-0.208227
-0.208227
-0.208227
-0.208227
-0.208227
-0.208227
-0.208227
-0.198864
-0.198864
-0.198864
-0.198864
-0.198864
-0.198864
-0.198864
-0.198864
-0.198864
-0.198864
-0.198864
-0.198864
-0.198864
-0.198864
-0.198864
-0.198864
-0.198864
-0.198864
-0.198864
-0.198864
-0.198864
-0.198864
-0.198864
-0.198864
-0.198864
-0.198864
-0.198864
-0.198864
-0.198864
-0.198864
-0.198864
-0.198864
-0.198864
-0.198864
-0.198864
-0.198864
-0.198864
-0.198864
-0.198864
-0.198864
-0.198864
-0.198864
-0.198864
-0.198864
-0.198864
-0.198864
-0.198864
-0.198864
-0.198864
-0.198864
-0.189454
-0.189454
-0.189454
-0.189454
-0.189454
-0.189454
-0.189454
-0.189454
-0.189454
-0.189454
-0.189454
-0.189454
-0.189454
-0.189454
-0.189454
-0.189454
-0.189454
-0.189454
-0.189454
-0.189454
-0.189454
-0.189454
-0.189454
-0.189454
-0.189454
-0.189454
-0.189454
-0.189454
-0.189454
-0.189454
-0.189454
-0.189454
-0.189454
-0.189454
-0.189454
-0.189454
-0.189454
-0.189454
-0.189454
-0.189454
-0.189454
-0.189454
-0.189454
-0.189454
-0.189454
-0.189454
-0.189454
-0.189454
-0.189454
-0.189454
-0.179987
-0.179987
-0.179987
-0.179987
-0.179987
-0.179987
-0.179987
-0.179987
-0.179987
-0.179987
-0.179987
-0.179987
-0.179987
-0.179987
-0.179987
-0.179987
-0.179987
-0.179987
-0.179987
-0.179987
-0.179987
-0.179987
-0.179987
-0.179987
-0.179987
-0.179987
-0.179987
-0.179987
-0.179987
-0.179987
-0.179987
-0.179987
-0.179987
-0.179987
-0.179987
-0.179987
-0.179987
-0.179987
-0.179987
-0.179987
-0.179987
-0.179987
-0.179987
-0.179987
-0.179987
-0.179987
-0.179987
-0.179987
-0.179987
-0.179987
-0.170455
-0.170455
-0.170455
-0.170455
-0.170455
-0.170455
-0.170455
-0.170455
-0.170455
-0.170455
-0.170455
-0.170455
-0.170455
-0.170455
-0.170455
-0.170455
-0.170455
-0.170455
-0.170455
-0.170455
-0.170455
-0.170455
-0.170455
-0.170455
-0.170455
-0.170455
-0.170455
-0.170455
-0.170455
-0.170455
-0.170455
-0.170455
-0.170455
-0.170455
-0.170455
-0.170455
-0.170455
-0.170455
-0.170455
-0.170455
-0.170455
-0.170455
-0.170455
-0.170455
-0.170455
-0.170455
-0.170455
-0.170455
-0.170455
-0.170455
-0.16085
-0.16085
-0.16085
-0.16085
-0.16085
-0.16085
-0.16085
-0.16085
-0.16085
-0.16085
-0.16085
-0.16085
-0.16085
-0.16085
-0.16085
-0.16085
-0.16085
-0.16085
-0.16085
-0.16085
-0.16085
-0.16085
-0.16085
-0.16085
-0.16085
-0.16085
-0.16085
-0.16085
-0.16085
-0.16085
-0.16085
-0.16085
-0.16085
-0.16085
-0.16085
-0.16085
-0.16085
-0.16085
-0.16085
-0.16085
-0.16085
-0.16085
-0.16085
-0.16085
-0.16085
-0.16085
-0.16085
-0.16085
-0.16085
-0.16085
-0.151164
-0.151164
-0.151164
-0.151164
-0.151164
-0.151164
-0.151164
-0.151164
-0.151164
-0.151164
-0.151164
-0.151164
-0.151164
-0.151164
-0.151164
-0.151164
-0.151164
-0.151164
-0.151164
-0.151164
-0.151164
-0.151164
-0.151164
-0.151164
-0.151164
-0.151164
-0.151164
-0.151164
-0.151164
-0.151164
-0.151164
-0.151164
-0.151164
-0.151164
-0.151164
-0.151164
-0.151164
-0.151164
-0.151164
-0.151164
-0.151164
-0.151164
-0.151164
-0.151164
-0.151164
-0.151164
-0.151164
-0.151164
-0.151164
-0.151164
-0.141391
-0.141391
-0.141391
-0.141391
-0.141391
-0.141391
-0.141391
-0.141391
-0.141391
-0.141391
-0.141391
-0.141391
-0.141391
-0.141391
-0.141391
-0.141391
-0.141391
-0.141391
-0.141391
-0.141391
-0.141391
-0.141391
-0.141391
-0.141391
-0.141391
-0.141391
-0.141391
-0.141391
-0.141391
-0.141391
-0.141391
-0.141391
-0.141391
-0.141391
-0.141391
-0.141391
-0.141391
-0.141391
-0.141391
-0.141391
-0.141391
-0.141391
-0.141391
-0.141391
-0.141391
-0.141391
-0.141391
-0.141391
-0.141391
-0.141391
-0.131523
-0.131523
-0.131523
-0.131523
-0.131523
-0.131523
-0.131523
-0.131523
-0.131523
-0.131523
-0.131523
-0.131523
-0.131523
-0.131523
-0.131523
-0.131523
-0.131523
-0.131523
-0.131523
-0.131523
-0.131523
-0.131523
-0.131523
-0.131523
-0.131523
-0.131523
-0.131523
-0.131523
-0.131523
-0.131523
-0.131523
-0.131523
-0.131523
-0.131523
-0.131523
-0.131523
-0.131523
-0.131523
-0.131523
-0.131523
-0.131523
-0.131523
-0.131523
-0.131523
-0.131523
-0.131523
-0.131523
-0.131523
-0.131523
-0.131523
-0.121556
-0.121556
-0.121556
-0.121556
-0.121556
-0.121556
-0.121556
-0.121556
-0.121556
-0.121556
-0.121556
-0.121556
-0.121556
-0.121556
-0.121556
-0.121556
-0.121556
-0.121556
-0.121556
-0.121556
-0.121556
-0.121556
-0.121556
-0.121556
-0.121556
-0.121556
-0.121556
-0.121556
-0.121556
-0.121556
-0.121556
-0.121556
-0.121556
-0.121556
-0.121556
-0.121556
-0.121556
-0.121556
-0.121556
-0.121556
-0.121556
-0.121556
-0.121556
-0.121556
-0.121556
-0.121556
-0.121556
-0.121556
-0.121556
-0.121556
-0.111485
-0.111485
-0.111485
-0.111485
-0.111485
-0.111485
-0.111485
-0.111485
-0.111485
-0.111485
-0.111485
-0.111485
-0.111485
-0.111485
-0.111485
-0.111485
-0.111485
-0.111485
-0.111485
-0.111485
-0.111485
-0.111485
-0.111485
-0.111485
-0.111485
-0.111485
-0.111485
-0.111485
-0.111485
-0.111485
-0.111485
-0.111485
-0.111485
-0.111485
-0.111485
-0.111485
-0.111485
-0.111485
-0.111485
-0.111485
-0.111485
-0.111485
-0.111485
-0.111485
-0.111485
-0.111485
-0.111485
-0.111485
-0.111485
-0.111485
-0.101307
-0.101307
-0.101307
-0.101307
-0.101307
-0.101307
-0.101307
-0.101307
-0.101307
-0.101307
-0.101307
-0.101307
-0.101307
-0.101307
-0.101307
-0.101307
-0.101307
-0.101307
-0.101307
-0.101307
-0.101307
-0.101307
-0.101307
-0.101307
-0.101307
-0.101307
-0.101307
-0.101307
-0.101307
-0.101307
-0.101307
-0.101307
-0.101307
-0.101307
-0.101307
-0.101307
-0.101307
-0.101307
-0.101307
-0.101307
-0.101307
-0.101307
-0.101307
-0.101307
-0.101307
-0.101307
-0.101307
-0.101307
-0.101307
-0.101307
-0.0910214
-0.0910214
-0.0910214
-0.0910214
-0.0910214
-0.0910214
-0.0910214
-0.0910214
-0.0910214
-0.0910214
-0.0910214
-0.0910214
-0.0910214
-0.0910214
-0.0910214
-0.0910214
-0.0910214
-0.0910214
-0.0910214
-0.0910214
-0.0910214
-0.0910214
-0.0910214
-0.0910214
-0.0910214
-0.0910214
-0.0910214
-0.0910214
-0.0910214
-0.0910214
-0.0910214
-0.0910214
-0.0910214
-0.0910214
-0.0910214
-0.0910214
-0.0910214
-0.0910214
-0.0910214
-0.0910214
-0.0910214
-0.0910214
-0.0910214
-0.0910214
-0.0910214
-0.0910214
-0.0910214
-0.0910214
-0.0910214
-0.0910214
-0.0806284
-0.0806284
-0.0806284
-0.0806284
-0.0806284
-0.0806284
-0.0806284
-0.0806284
-0.0806284
-0.0806284
-0.0806284
-0.0806284
-0.0806284
-0.0806284
-0.0806284
-0.0806284
-0.0806284
-0.0806284
-0.0806284
-0.0806284
-0.0806284
-0.0806284
-0.0806284
-0.0806284
-0.0806284
-0.0806284
-0.0806284
-0.0806284
-0.0806284
-0.0806284
-0.0806284
-0.0806284
-0.0806284
-0.0806284
-0.0806284
-0.0806284
-0.0806284
-0.0806284
-0.0806284
-0.0806284
-0.0806284
-0.0806284
-0.0806284
-0.0806284
-0.0806284
-0.0806284
-0.0806284
-0.0806284
-0.0806284
-0.0806284
-0.0701313
-0.0701313
-0.0701313
-0.0701313
-0.0701313
-0.0701313
-0.0701313
-0.0701313
-0.0701313
-0.0701313
-0.0701313
-0.0701313
-0.0701313
-0.0701313
-0.0701313
-0.0701313
-0.0701313
-0.0701313
-0.0701313
-0.0701313
-0.0701313
-0.0701313
-0.0701313
-0.0701313
-0.0701313
-0.0701313
-0.0701313
-0.0701313
-0.0701313
-0.0701313
-0.0701313
-0.0701313
-0.0701313
-0.0701313
-0.0701313
-0.0701313
-0.0701313
-0.0701313
-0.0701313
-0.0701313
-0.0701313
-0.0701313
-0.0701313
-0.0701313
-0.0701313
-0.0701313
-0.0701313
-0.0701313
-0.0701313
-0.0701313
-0.059536
-0.059536
-0.059536
-0.059536
-0.059536
-0.059536
-0.059536
-0.059536
-0.059536
-0.059536
-0.059536
-0.059536
-0.059536
-0.059536
-0.059536
-0.059536
-0.059536
-0.059536
-0.059536
-0.059536
-0.059536
-0.059536
-0.059536
-0.059536
-0.059536
-0.059536
-0.059536
-0.059536
-0.059536
-0.059536
-0.059536
-0.059536
-0.059536
-0.059536
-0.059536
-0.059536
-0.059536
-0.059536
-0.059536
-0.059536
-0.059536
-0.059536
-0.059536
-0.059536
-0.059536
-0.059536
-0.059536
-0.059536
-0.059536
-0.059536
-0.0488487
-0.0488487
-0.0488487
-0.0488487
-0.0488487
-0.0488487
-0.0488487
-0.0488487
-0.0488487
-0.0488487
-0.0488487
-0.0488487
-0.0488487
-0.0488487
-0.0488487
-0.0488487
-0.0488487
-0.0488487
-0.0488487
-0.0488487
-0.0488487
-0.0488487
-0.0488487
-0.0488487
-0.0488487
-0.0488487
-0.0488487
-0.0488487
-0.0488487
-0.0488487
-0.0488487
-0.0488487
-0.0488487
-0.0488487
-0.0488487
-0.0488487
-0.0488487
-0.0488487
-0.0488487
-0.0488487
-0.0488487
-0.0488487
-0.0488487
-0.0488487
-0.0488487
-0.0488487
-0.0488487
-0.0488487
-0.0488487
-0.0488487
-0.0380803
-0.0380803
-0.0380803
-0.0380803
-0.0380803
-0.0380803
-0.0380803
-0.0380803
-0.0380803
-0.0380803
-0.0380803
-0.0380803
-0.0380803
-0.0380803
-0.0380803
-0.0380803
-0.0380803
-0.0380803
-0.0380803
-0.0380803
-0.0380803
-0.0380803
-0.0380803
-0.0380803
-0.0380803
-0.0380803
-0.0380803
-0.0380803
-0.0380803
-0.0380803
-0.0380803
-0.0380803
-0.0380803
-0.0380803
-0.0380803
-0.0380803
-0.0380803
-0.0380803
-0.0380803
-0.0380803
-0.0380803
-0.0380803
-0.0380803
-0.0380803
-0.0380803
-0.0380803
-0.0380803
-0.0380803
-0.0380803
-0.0380803
-0.0272475
-0.0272475
-0.0272475
-0.0272475
-0.0272475
-0.0272475
-0.0272475
-0.0272475
-0.0272475
-0.0272475
-0.0272475
-0.0272475
-0.0272475
-0.0272475
-0.0272475
-0.0272475
-0.0272475
-0.0272475
-0.0272475
-0.0272475
-0.0272475
-0.0272475
-0.0272475
-0.0272475
-0.0272475
-0.0272475
-0.0272475
-0.0272475
-0.0272475
-0.0272475
-0.0272475
-0.0272475
-0.0272475
-0.0272475
-0.0272475
-0.0272475
-0.0272475
-0.0272475
-0.0272475
-0.0272475
-0.0272475
-0.0272475
-0.0272475
-0.0272475
-0.0272475
-0.0272475
-0.0272475
-0.0272475
-0.0272475
-0.0272475
-0.0163678
-0.0163678
-0.0163678
-0.0163678
-0.0163678
-0.0163678
-0.0163678
-0.0163678
-0.0163678
-0.0163678
-0.0163678
-0.0163678
-0.0163678
-0.0163678
-0.0163678
-0.0163678
-0.0163678
-0.0163678
-0.0163678
-0.0163678
-0.0163678
-0.0163678
-0.0163678
-0.0163678
-0.0163678
-0.0163678
-0.0163678
-0.0163678
-0.0163678
-0.0163678
-0.0163678
-0.0163678
-0.0163678
-0.0163678
-0.0163678
-0.0163678
-0.0163678
-0.0163678
-0.0163678
-0.0163678
-0.0163678
-0.0163678
-0.0163678
-0.0163678
-0.0163678
-0.0163678
-0.0163678
-0.0163678
-0.0163678
-0.0163678
-0.00545917
-0.00545917
-0.00545917
-0.00545917
-0.00545917
-0.00545917
-0.00545917
-0.00545917
-0.00545917
-0.00545917
-0.00545917
-0.00545917
-0.00545917
-0.00545917
-0.00545917
-0.00545917
-0.00545917
-0.00545917
-0.00545917
-0.00545917
-0.00545917
-0.00545917
-0.00545917
-0.00545917
-0.00545917
-0.00545917
-0.00545917
-0.00545917
-0.00545917
-0.00545917
-0.00545917
-0.00545917
-0.00545917
-0.00545917
-0.00545917
-0.00545917
-0.00545917
-0.00545917
-0.00545917
-0.00545917
-0.00545917
-0.00545917
-0.00545917
-0.00545917
-0.00545917
-0.00545917
-0.00545917
-0.00545917
-0.00545917
-0.00545917
0.00545917
0.00545917
0.00545917
0.00545917
0.00545917
0.00545917
0.00545917
0.00545917
0.00545917
0.00545917
0.00545917
0.00545917
0.00545917
0.00545917
0.00545917
0.00545917
0.00545917
0.00545917
0.00545917
0.00545917
0.00545917
0.00545917
0.00545917
0.00545917
0.00545917
0.00545917
0.00545917
0.00545917
0.00545917
0.00545917
0.00545917
0.00545917
0.00545917
0.00545917
0.00545917
0.00545917
0.00545917
0.00545917
0.00545917
0.00545917
0.00545917
0.00545917
0.00545917
0.00545917
0.00545917
0.00545917
0.00545917
0.00545917
0.00545917
0.00545917
0.0163678
0.0163678
0.0163678
0.0163678
0.0163678
0.0163678
0.0163678
0.0163678
0.0163678
0.0163678
0.0163678
0.0163678
0.0163678
0.0163678
0.0163678
0.0163678
0.0163678
0.0163678
0.0163678
0.0163678
0.0163678
0.0163678
0.0163678
0.0163678
0.0163678
0.0163678
0.0163678
0.0163678
0.0163678
0.0163678
0.0163678
0.0163678
0.0163678
0.0163678
0.0163678
0.0163678
0.0163678
0.0163678
0.0163678
0.0163678
0.0163678
0.0163678
0.0163678
0.0163678
0.0163678
0.0163678
0.0163678
0.0163678
0.0163678
0.0163678
0.0272475
0.0272475
0.0272475
0.0272475
0.0272475
0.0272475
0.0272475
0.0272475
0.0272475
0.0272475
0.0272475
0.0272475
0.0272475
0.0272475
0.0272475
0.0272475
0.0272475
0.0272475
0.0272475
0.0272475
0.0272475
0.0272475
0.0272475
0.0272475
0.0272475
0.0272475
0.0272475
0.0272475
0.0272475
0.0272475
0.0272475
0.0272475
0.0272475
0.0272475
0.0272475
0.0272475
0.0272475
0.0272475
0.0272475
0.0272475
0.0272475
0.0272475
0.0272475
0.0272475
0.0272475
0.0272475
0.0272475
0.0272475
0.0272475
0.0272475
0.0380803
0.0380803
0.0380803
0.0380803
0.0380803
0.0380803
0.0380803
0.0380803
0.0380803
0.0380803
0.0380803
0.0380803
0.0380803
0.0380803
0.0380803
0.0380803
0.0380803
0.0380803
0.0380803
0.0380803
0.0380803
0.0380803
0.0380803
0.0380803
0.0380803
0.0380803
0.0380803
0.0380803
0.0380803
0.0380803
0.0380803
0.0380803
0.0380803
0.0380803
0.0380803
0.0380803
0.0380803
0.0380803
0.0380803
0.0380803
0.0380803
0.0380803
0.0380803
0.0380803
0.0380803
0.0380803
0.0380803
0.0380803
0.0380803
0.0380803
0.0488487
0.0488487
0.0488487
0.0488487
0.0488487
0.0488487
0.0488487
0.0488487
0.0488487
0.0488487
0.0488487
0.0488487
0.0488487
0.0488487
0.0488487
0.0488487
0.0488487
0.0488487
0.0488487
0.0488487
0.0488487
0.0488487
0.0488487
0.0488487
0.0488487
0.0488487
0.0488487
0.0488487
0.0488487
0.0488487
0.0488487
0.0488487
0.0488487
0.0488487
0.0488487
0.0488487
0.0488487
0.0488487
0.0488487
0.0488487
0.0488487
0.0488487
0.0488487
0.0488487
0.0488487
0.0488487
0.0488487
0.0488487
0.0488487
0.0488487
0.059536
0.059536
0.059536
0.059536
0.059536
0.059536
0.059536
0.059536
0.059536
0.059536
0.059536
0.059536
0.059536
0.059536
0.059536
0.059536
0.059536
0.059536
0.059536
0.059536
0.059536
0.059536
0.059536
0.059536
0.059536
0.059536
0.059536
0.059536
0.059536
0.059536
0.059536
0.059536
0.059536
0.059536
0.059536
0.059536
0.059536
0.059536
0.059536
0.059536
0.059536
0.059536
0.059536
0.059536
0.059536
0.059536
0.059536
0.059536
0.059536
0.059536
0.0701313
0.0701313
0.0701313
0.0701313
0.0701313
0.0701313
0.0701313
0.0701313
0.0701313
0.0701313
0.0701313
0.0701313
0.0701313
0.0701313
0.0701313
0.0701313
0.0701313
0.0701313
0.0701313
0.0701313
0.0701313
0.0701313
0.0701313
0.0701313
0.0701313
0.0701313
0.0701313
0.0701313
0.0701313
0.0701313
0.0701313
0.0701313
0.0701313
0.0701313
0.0701313
0.0701313
0.0701313
0.0701313
0.0701313
0.0701313
0.0701313
0.0701313
0.0701313
0.0701313
0.0701313
0.0701313
0.0701313
0.0701313
0.0701313
0.0701313
0.0806284
0.0806284
0.0806284
0.0806284
0.0806284
0.0806284
0.0806284
0.0806284
0.0806284
0.0806284
0.0806284
0.0806284
0.0806284
0.0806284
0.0806284
0.0806284
0.0806284
0.0806284
0.0806284
0.0806284
0.0806284
0.0806284
0.0806284
0.0806284
0.0806284
0.0806284
0.0806284
0.0806284
0.0806284
0.0806284
0.0806284
0.0806284
0.0806284
0.0806284
0.0806284
0.0806284
0.0806284
0.0806284
0.0806284
0.0806284
0.0806284
0.0806284
0.0806284
0.0806284
0.0806284
0.0806284
0.0806284
0.0806284
0.0806284
0.0806284
0.0910214
0.0910214
0.0910214
0.0910214
0.0910214
0.0910214
0.0910214
0.0910214
0.0910214
0.0910214
0.0910214
0.0910214
0.0910214
0.0910214
0.0910214
0.0910214
0.0910214
0.0910214
0.0910214
0.0910214
0.0910214
0.0910214
0.0910214
0.0910214
0.0910214
0.0910214
0.0910214
0.0910214
0.0910214
0.0910214
0.0910214
0.0910214
0.0910214
0.0910214
0.0910214
0.0910214
0.0910214
0.0910214
0.0910214
0.0910214
0.0910214
0.0910214
0.0910214
0.0910214
0.0910214
0.0910214
0.0910214
0.0910214
0.0910214
0.0910214
0.101307
0.101307
0.101307
0.101307
0.101307
0.101307
0.101307
0.101307
0.101307
0.101307
0.101307
0.101307
0.101307
0.101307
0.101307
0.101307
0.101307
0.101307
0.101307
0.101307
0.101307
0.101307
0.101307
0.101307
0.101307
0.101307
0.101307
0.101307
0.101307
0.101307
0.101307
0.101307
0.101307
0.101307
0.101307
0.101307
0.101307
0.101307
0.101307
0.101307
0.101307
0.101307
0.101307
0.101307
0.101307
0.101307
0.101307
0.101307
0.101307
0.101307
0.111485
0.111485
0.111485
0.111485
0.111485
0.111485
0.111485
0.111485
0.111485
0.111485
0.111485
0.111485
0.111485
0.111485
0.111485
0.111485
0.111485
0.111485
0.111485
0.111485
0.111485
0.111485
0.111485
0.111485
0.111485
0.111485
0.111485
0.111485
0.111485
0.111485
0.111485
0.111485
0.111485
0.111485
0.111485
0.111485
0.111485
0.111485
0.111485
0.111485
0.111485
0.111485
0.111485
0.111485
0.111485
0.111485
0.111485
0.111485
0.111485
0.111485
0.121556
0.121556
0.121556
0.121556
0.121556
0.121556
0.121556
0.121556
0.121556
0.121556
0.121556
0.121556
0.121556
0.121556
0.121556
0.121556
0.121556
0.121556
0.121556
0.121556
0.121556
0.121556
0.121556
0.121556
0.121556
0.121556
0.121556
0.121556
0.121556
0.121556
0.121556
0.121556
0.121556
0.121556
0.121556
0.121556
0.121556
0.121556
0.121556
0.121556
0.121556
0.121556
0.121556
0.121556
0.121556
0.121556
0.121556
0.121556
0.121556
0.121556
0.131523
0.131523
0.131523
0.131523
0.131523
0.131523
0.131523
0.131523
0.131523
0.131523
0.131523
0.131523
0.131523
0.131523
0.131523
0.131523
0.131523
0.131523
0.131523
0.131523
0.131523
0.131523
0.131523
0.131523
0.131523
0.131523
0.131523
0.131523
0.131523
0.131523
0.131523
0.131523
0.131523
0.131523
0.131523
0.131523
0.131523
0.131523
0.131523
0.131523
0.131523
0.131523
0.131523
0.131523
0.131523
0.131523
0.131523
0.131523
0.131523
0.131523
0.141391
0.141391
0.141391
0.141391
0.141391
0.141391
0.141391
0.141391
0.141391
0.141391
0.141391
0.141391
0.141391
0.141391
0.141391
0.141391
0.141391
0.141391
0.141391
0.141391
0.141391
0.141391
0.141391
0.141391
0.141391
0.141391
0.141391
0.141391
0.141391
0.141391
0.141391
0.141391
0.141391
0.141391
0.141391
0.141391
0.141391
0.141391
0.141391
0.141391
0.141391
0.141391
0.141391
0.141391
0.141391
0.141391
0.141391
0.141391
0.141391
0.141391
0.151164
0.151164
0.151164
0.151164
0.151164
0.151164
0.151164
0.151164
0.151164
0.151164
0.151164
0.151164
0.151164
0.151164
0.151164
0.151164
0.151164
0.151164
0.151164
0.151164
0.151164
0.151164
0.151164
0.151164
0.151164
0.151164
0.151164
0.151164
0.151164
0.151164
0.151164
0.151164
0.151164
0.151164
0.151164
0.151164
0.151164
0.151164
0.151164
0.151164
0.151164
0.151164
0.151164
0.151164
0.151164
0.151164
0.151164
0.151164
0.151164
0.151164
0.16085
0.16085
0.16085
0.16085
0.16085
0.16085
0.16085
0.16085
0.16085
0.16085
0.16085
0.16085
0.16085
0.16085
0.16085
0.16085
0.16085
0.16085
0.16085
0.16085
0.16085
0.16085
0.16085
0.16085
0.16085
0.16085
0.16085
0.16085
0.16085
0.16085
0.16085
0.16085
0.16085
0.16085
0.16085
0.16085
0.16085
0.16085
0.16085
0.16085
0.16085
0.16085
0.16085
0.16085
0.16085
0.16085
0.16085
0.16085
0.16085
0.16085
0.170455
0.170455
0.170455
0.170455
0.170455
0.170455
0.170455
0.170455
0.170455
0.170455
0.170455
0.170455
0.170455
0.170455
0.170455
0.170455
0.170455
0.170455
0.170455
0.170455
0.170455
0.170455
0.170455
0.170455
0.170455
0.170455
0.170455
0.170455
0.170455
0.170455
0.170455
0.170455
0.170455
0.170455
0.170455
0.170455
0.170455
0.170455
0.170455
0.170455
0.170455
0.170455
0.170455
0.170455
0.170455
0.170455
0.170455
0.170455
0.170455
0.170455
0.179987
0.179987
0.179987
0.179987
0.179987
0.179987
0.179987
0.179987
0.179987
0.179987
0.179987
0.179987
0.179987
0.179987
0.179987
0.179987
0.179987
0.179987
0.179987
0.179987
0.179987
0.179987
0.179987
0.179987
0.179987
0.179987
0.179987
0.179987
0.179987
0.179987
0.179987
0.179987
0.179987
0.179987
0.179987
0.179987
0.179987
0.179987
0.179987
0.179987
0.179987
0.179987
0.179987
0.179987
0.179987
0.179987
0.179987
0.179987
0.179987
0.179987
0.189454
0.189454
0.189454
0.189454
0.189454
0.189454
0.189454
0.189454
0.189454
0.189454
0.189454
0.189454
0.189454
0.189454
0.189454
0.189454
0.189454
0.189454
0.189454
0.189454
0.189454
0.189454
0.189454
0.189454
0.189454
0.189454
0.189454
0.189454
0.189454
0.189454
0.189454
0.189454
0.189454
0.189454
0.189454
0.189454
0.189454
0.189454
0.189454
0.189454
0.189454
0.189454
0.189454
0.189454
0.189454
0.189454
0.189454
0.189454
0.189454
0.189454
0.198864
0.198864
0.198864
0.198864
0.198864
0.198864
0.198864
0.198864
0.198864
0.198864
0.198864
0.198864
0.198864
0.198864
0.198864
0.198864
0.198864
0.198864
0.198864
0.198864
0.198864
0.198864
0.198864
0.198864
0.198864
0.198864
0.198864
0.198864
0.198864
0.198864
0.198864
0.198864
0.198864
0.198864
0.198864
0.198864
0.198864
0.198864
0.198864
0.198864
0.198864
0.198864
0.198864
0.198864
0.198864
0.198864
0.198864
0.198864
0.198864
0.198864
0.208227
0.208227
0.208227
0.208227
0.208227
0.208227
0.208227
0.208227
0.208227
0.208227
0.208227
0.208227
0.208227
0.208227
0.208227
0.208227
0.208227
0.208227
0.208227
0.208227
0.208227
0.208227
0.208227
0.208227
0.208227
0.208227
0.208227
0.208227
0.208227
0.208227
0.208227
0.208227
0.208227
0.208227
0.208227
0.208227
0.208227
0.208227
0.208227
0.208227
0.208227
0.208227
0.208227
0.208227
0.208227
0.208227
0.208227
0.208227
0.208227
0.208227
0.217549
0.217549
0.217549
0.217549
0.217549
0.217549
0.217549
0.217549
0.217549
0.217549
0.217549
0.217549
0.217549
0.217549
0.217549
0.217549
0.217549
0.217549
0.217549
0.217549
0.217549
0.217549
0.217549
0.217549
0.217549
0.217549
0.217549
0.217549
0.217549
0.217549
0.217549
0.217549
0.217549
0.217549
0.217549
0.217549
0.217549
0.217549
0.217549
0.217549
0.217549
0.217549
0.217549
0.217549
0.217549
0.217549
0.217549
0.217549
0.217549
0.217549
0.226841
0.226841
0.226841
0.226841
0.226841
0.226841
0.226841
0.226841
0.226841
0.226841
0.226841
0.226841
0.226841
0.226841
0.226841
0.226841
0.226841
0.226841
0.226841
0.226841
0.226841
0.226841
0.226841
0.226841
0.226841
0.226841
0.226841
0.226841
0.226841
0.226841
0.226841
0.226841
0.226841
0.226841
0.226841
0.226841
0.226841
0.226841
0.226841
0.226841
0.226841
0.226841
0.226841
0.226841
0.226841
0.226841
0.226841
0.226841
0.226841
0.226841
0.23611
0.23611
0.23611
0.23611
0.23611
0.23611
0.23611
0.23611
0.23611
0.23611
0.23611
0.23611
0.23611
0.23611
0.23611
0.23611
0.23611
0.23611
0.23611
0.23611
0.23611
0.23611
0.23611
0.23611
0.23611
0.23611
0.23611
0.23611
0.23611
0.23611
0.23611
0.23611
0.23611
0.23611
0.23611
0.23611
0.23611
0.23611
0.23611
0.23611
0.23611
0.23611
0.23611
0.23611
0.23611
0.23611
0.23611
0.23611
0.23611
0.23611
0.245366
0.245366
0.245366
0.245366
0.245366
0.245366
0.245366
0.245366
0.245366
0.245366
0.245366
0.245366
0.245366
0.245366
0.245366
0.245366
0.245366
0.245366
0.245366
0.245366
0.245366
0.245366
0.245366
0.245366
0.245366
0.245366
0.245366
0.245366
0.245366
0.245366
0.245366
0.245366
0.245366
0.245366
0.245366
0.245366
0.245366
0.245366
0.245366
0.245366
0.245366
0.245366
0.245366
0.245366
0.245366
0.245366
0.245366
0.245366
0.245366
0.245366
)
;

boundaryField
{
    left
    {
        type            calculated;
        value           nonuniform List<scalar> 
50
(
-0.245375
-0.236119
-0.22685
-0.217558
-0.208235
-0.198873
-0.189462
-0.179995
-0.170462
-0.160857
-0.151171
-0.141398
-0.13153
-0.121563
-0.111491
-0.101313
-0.0910266
-0.0806331
-0.0701356
-0.0595397
-0.0488518
-0.0380828
-0.0272493
-0.0163688
-0.00545953
0.00545953
0.0163688
0.0272493
0.0380828
0.0488518
0.0595397
0.0701356
0.0806331
0.0910266
0.101313
0.111491
0.121563
0.13153
0.141398
0.151171
0.160857
0.170462
0.179995
0.189462
0.198873
0.208235
0.217558
0.22685
0.236119
0.245375
)
;
    }
    right
    {
        type            calculated;
        value           nonuniform List<scalar> 
50
(
-0.245375
-0.236119
-0.22685
-0.217558
-0.208235
-0.198873
-0.189462
-0.179995
-0.170462
-0.160857
-0.151171
-0.141398
-0.13153
-0.121563
-0.111491
-0.101313
-0.0910266
-0.0806331
-0.0701356
-0.0595397
-0.0488518
-0.0380828
-0.0272493
-0.0163688
-0.00545953
0.00545953
0.0163688
0.0272493
0.0380828
0.0488518
0.0595397
0.0701356
0.0806331
0.0910266
0.101313
0.111491
0.121563
0.13153
0.141398
0.151171
0.160857
0.170462
0.179995
0.189462
0.198873
0.208235
0.217558
0.22685
0.236119
0.245375
)
;
    }
    up
    {
        type            calculated;
        value           nonuniform List<scalar> 
50
(
0.25
0.25
0.25
0.25
0.25
0.25
0.25
0.25
0.25
0.25
0.25
0.25
0.25
0.25
0.25
0.25
0.25
0.25
0.25
0.25
0.25
0.25
0.25
0.25
0.25
0.25
0.25
0.25
0.25
0.25
0.25
0.25
0.25
0.25
0.25
0.25
0.25
0.25
0.25
0.25
0.25
0.25
0.25
0.25
0.25
0.25
0.25
0.25
0.25
0.25
)
;
    }
    down
    {
        type            calculated;
        value           nonuniform List<scalar> 
50
(
-0.25
-0.25
-0.25
-0.25
-0.25
-0.25
-0.25
-0.25
-0.25
-0.25
-0.25
-0.25
-0.25
-0.25
-0.25
-0.25
-0.25
-0.25
-0.25
-0.25
-0.25
-0.25
-0.25
-0.25
-0.25
-0.25
-0.25
-0.25
-0.25
-0.25
-0.25
-0.25
-0.25
-0.25
-0.25
-0.25
-0.25
-0.25
-0.25
-0.25
-0.25
-0.25
-0.25
-0.25
-0.25
-0.25
-0.25
-0.25
-0.25
-0.25
)
;
    }
    frontAndBack
    {
        type            empty;
    }
}


// ************************************************************************* //
