/*--------------------------------*- C++ -*----------------------------------*\
  =========                 |
  \\      /  F ield         | OpenFOAM: The Open Source CFD Toolbox
   \\    /   O peration     | Website:  https://openfoam.org
    \\  /    A nd           | Version:  6
     \\/     M anipulation  |
\*---------------------------------------------------------------------------*/
FoamFile
{
    version     2.0;
    format      ascii;
    class       surfaceScalarField;
    location    "3200";
    object      phi;
}
// * * * * * * * * * * * * * * * * * * * * * * * * * * * * * * * * * * * * * //

dimensions      [0 3 -1 0 0 0 0];

internalField   nonuniform List<scalar> 
4900
(
1.76811e-05
6.23189e-05
1.76753e-05
8.00058e-05
1.66061e-05
8.10693e-05
1.56134e-05
8.09927e-05
1.47353e-05
8.08781e-05
1.39241e-05
8.08112e-05
1.31474e-05
8.07768e-05
1.23896e-05
8.07578e-05
1.1643e-05
8.07466e-05
1.09034e-05
8.07396e-05
1.01683e-05
8.07351e-05
9.43617e-06
8.07321e-05
8.70617e-06
8.073e-05
7.97765e-06
8.07285e-05
7.25021e-06
8.07274e-05
6.52359e-06
8.07266e-05
5.79758e-06
8.0726e-05
5.07204e-06
8.07255e-05
4.34688e-06
8.07252e-05
3.622e-06
8.07249e-05
2.89736e-06
8.07246e-05
2.17288e-06
8.07245e-05
1.44852e-06
8.07244e-05
7.2424e-07
8.07243e-05
-7.10788e-17
8.07242e-05
-7.2424e-07
8.07242e-05
-1.44852e-06
8.07243e-05
-2.17288e-06
8.07244e-05
-2.89736e-06
8.07245e-05
-3.622e-06
8.07246e-05
-4.34688e-06
8.07249e-05
-5.07204e-06
8.07252e-05
-5.79758e-06
8.07255e-05
-6.52359e-06
8.0726e-05
-7.25021e-06
8.07266e-05
-7.97765e-06
8.07274e-05
-8.70617e-06
8.07285e-05
-9.43617e-06
8.073e-05
-1.01683e-05
8.07321e-05
-1.09034e-05
8.07351e-05
-1.1643e-05
8.07396e-05
-1.23896e-05
8.07466e-05
-1.31474e-05
8.07578e-05
-1.39241e-05
8.07768e-05
-1.47353e-05
8.08112e-05
-1.56134e-05
8.08781e-05
-1.66061e-05
8.09927e-05
-1.76753e-05
8.10693e-05
-1.76811e-05
8.00058e-05
6.23189e-05
1.48769e-05
4.7442e-05
1.85772e-05
7.63055e-05
1.79204e-05
8.1726e-05
1.6654e-05
8.2259e-05
1.55013e-05
8.20308e-05
1.44967e-05
8.18158e-05
1.35906e-05
8.16829e-05
1.27446e-05
8.16038e-05
1.19355e-05
8.15556e-05
1.11498e-05
8.15253e-05
1.03792e-05
8.15057e-05
9.61882e-06
8.14925e-05
8.86538e-06
8.14834e-05
8.11686e-06
8.1477e-05
7.3719e-06
8.14724e-05
6.62958e-06
8.14689e-05
5.88925e-06
8.14663e-05
5.15045e-06
8.14643e-05
4.41283e-06
8.14628e-05
3.67613e-06
8.14616e-05
2.94013e-06
8.14606e-05
2.20466e-06
8.14599e-05
1.46957e-06
8.14594e-05
7.34723e-07
8.14591e-05
-1.9758e-16
8.1459e-05
-7.34723e-07
8.1459e-05
-1.46957e-06
8.14591e-05
-2.20466e-06
8.14594e-05
-2.94013e-06
8.14599e-05
-3.67613e-06
8.14606e-05
-4.41283e-06
8.14616e-05
-5.15045e-06
8.14628e-05
-5.88925e-06
8.14643e-05
-6.62958e-06
8.14663e-05
-7.3719e-06
8.14689e-05
-8.11686e-06
8.14724e-05
-8.86538e-06
8.1477e-05
-9.61882e-06
8.14834e-05
-1.03792e-05
8.14925e-05
-1.11498e-05
8.15057e-05
-1.19355e-05
8.15253e-05
-1.27446e-05
8.15556e-05
-1.35906e-05
8.16038e-05
-1.44967e-05
8.16829e-05
-1.55013e-05
8.18158e-05
-1.6654e-05
8.20308e-05
-1.79204e-05
8.2259e-05
-1.85772e-05
8.1726e-05
-1.48769e-05
7.63055e-05
4.7442e-05
1.15204e-05
3.59216e-05
1.76766e-05
7.01493e-05
1.84375e-05
8.09651e-05
1.74524e-05
8.32441e-05
1.62078e-05
8.32754e-05
1.5057e-05
8.29666e-05
1.4029e-05
8.27109e-05
1.30925e-05
8.25403e-05
1.22174e-05
8.24307e-05
1.13827e-05
8.236e-05
1.0575e-05
8.23134e-05
9.7854e-06
8.22821e-05
9.0084e-06
8.22605e-05
8.24027e-06
8.22452e-05
7.47857e-06
8.22341e-05
6.7216e-06
8.22259e-05
5.96818e-06
8.22198e-05
5.21749e-06
8.2215e-05
4.46888e-06
8.22114e-05
3.7219e-06
8.22086e-05
2.97616e-06
8.22064e-05
2.23135e-06
8.22048e-05
1.48721e-06
8.22036e-05
7.435e-07
8.22028e-05
-3.06702e-16
8.22025e-05
-7.435e-07
8.22025e-05
-1.48721e-06
8.22028e-05
-2.23135e-06
8.22036e-05
-2.97616e-06
8.22048e-05
-3.7219e-06
8.22064e-05
-4.46888e-06
8.22086e-05
-5.21749e-06
8.22114e-05
-5.96818e-06
8.2215e-05
-6.7216e-06
8.22198e-05
-7.47857e-06
8.22259e-05
-8.24027e-06
8.22341e-05
-9.0084e-06
8.22452e-05
-9.7854e-06
8.22605e-05
-1.0575e-05
8.22821e-05
-1.13827e-05
8.23134e-05
-1.22174e-05
8.236e-05
-1.30925e-05
8.24307e-05
-1.4029e-05
8.25403e-05
-1.5057e-05
8.27109e-05
-1.62078e-05
8.29666e-05
-1.74524e-05
8.32754e-05
-1.84375e-05
8.32441e-05
-1.76766e-05
8.09651e-05
-1.15204e-05
7.01493e-05
3.59216e-05
8.5281e-06
2.73935e-05
1.5683e-05
6.29945e-05
1.80322e-05
7.86159e-05
1.77956e-05
8.34807e-05
1.6728e-05
8.4343e-05
1.5543e-05
8.41516e-05
1.44333e-05
8.38207e-05
1.34192e-05
8.35543e-05
1.24816e-05
8.33684e-05
1.15985e-05
8.3243e-05
1.07535e-05
8.31585e-05
9.9348e-06
8.31008e-05
9.13457e-06
8.30607e-05
8.34749e-06
8.30322e-05
7.56995e-06
8.30116e-05
6.79944e-06
8.29964e-05
6.03423e-06
8.2985e-05
5.27305e-06
8.29762e-05
4.51497e-06
8.29695e-05
3.75928e-06
8.29643e-05
3.00542e-06
8.29602e-05
2.25293e-06
8.29572e-05
1.50143e-06
8.29551e-05
7.50561e-07
8.29537e-05
-3.98803e-16
8.2953e-05
-7.50561e-07
8.2953e-05
-1.50143e-06
8.29537e-05
-2.25293e-06
8.29551e-05
-3.00542e-06
8.29572e-05
-3.75928e-06
8.29602e-05
-4.51497e-06
8.29643e-05
-5.27305e-06
8.29695e-05
-6.03423e-06
8.29762e-05
-6.79944e-06
8.2985e-05
-7.56995e-06
8.29964e-05
-8.34749e-06
8.30116e-05
-9.13457e-06
8.30322e-05
-9.9348e-06
8.30607e-05
-1.07535e-05
8.31008e-05
-1.15985e-05
8.31585e-05
-1.24816e-05
8.3243e-05
-1.34192e-05
8.33684e-05
-1.44333e-05
8.35543e-05
-1.5543e-05
8.38207e-05
-1.6728e-05
8.41516e-05
-1.77956e-05
8.4343e-05
-1.80322e-05
8.34807e-05
-1.5683e-05
7.86159e-05
-8.5281e-06
6.29945e-05
2.73935e-05
6.16682e-06
2.12267e-05
1.33089e-05
5.58524e-05
1.69038e-05
7.5021e-05
1.76152e-05
8.27693e-05
1.69666e-05
8.49916e-05
1.58916e-05
8.52266e-05
1.47685e-05
8.49438e-05
1.37062e-05
8.46166e-05
1.27181e-05
8.43565e-05
1.17918e-05
8.41694e-05
1.09117e-05
8.40386e-05
1.00651e-05
8.39473e-05
9.24271e-06
8.38831e-05
8.43772e-06
8.38372e-05
7.64549e-06
8.38039e-05
6.86273e-06
8.37792e-05
6.0871e-06
8.37606e-05
5.31691e-06
8.37464e-05
4.5509e-06
8.37355e-05
3.78811e-06
8.3727e-05
3.0278e-06
8.37206e-05
2.26933e-06
8.37157e-05
1.51218e-06
8.37122e-05
7.55882e-07
8.371e-05
-4.74356e-16
8.37089e-05
-7.55882e-07
8.37089e-05
-1.51218e-06
8.371e-05
-2.26933e-06
8.37122e-05
-3.0278e-06
8.37157e-05
-3.78811e-06
8.37206e-05
-4.5509e-06
8.3727e-05
-5.31691e-06
8.37355e-05
-6.0871e-06
8.37464e-05
-6.86273e-06
8.37606e-05
-7.64549e-06
8.37792e-05
-8.43772e-06
8.38039e-05
-9.24271e-06
8.38372e-05
-1.00651e-05
8.38831e-05
-1.09117e-05
8.39473e-05
-1.17918e-05
8.40386e-05
-1.27181e-05
8.41694e-05
-1.37062e-05
8.43565e-05
-1.47685e-05
8.46166e-05
-1.58916e-05
8.49438e-05
-1.69666e-05
8.52266e-05
-1.76152e-05
8.49916e-05
-1.69038e-05
8.27693e-05
-1.33089e-05
7.5021e-05
-6.16682e-06
5.58524e-05
2.12267e-05
4.40574e-06
1.68209e-05
1.09787e-05
4.92794e-05
1.5337e-05
7.06627e-05
1.69646e-05
8.11418e-05
1.68839e-05
8.50722e-05
1.60555e-05
8.6055e-05
1.50015e-05
8.59977e-05
1.39337e-05
8.56845e-05
1.29157e-05
8.53745e-05
1.19559e-05
8.51292e-05
1.10458e-05
8.49487e-05
1.01742e-05
8.48189e-05
9.33141e-06
8.47259e-05
8.51003e-06
8.46586e-05
7.70454e-06
8.46094e-05
6.91097e-06
8.45728e-05
6.12641e-06
8.45451e-05
5.34877e-06
8.45241e-05
4.57645e-06
8.45078e-05
3.80823e-06
8.44953e-05
3.04315e-06
8.44856e-05
2.28043e-06
8.44784e-05
1.51939e-06
8.44733e-05
7.5943e-07
8.447e-05
-5.34665e-16
8.44683e-05
-7.5943e-07
8.44683e-05
-1.51939e-06
8.447e-05
-2.28043e-06
8.44733e-05
-3.04315e-06
8.44784e-05
-3.80823e-06
8.44856e-05
-4.57645e-06
8.44953e-05
-5.34877e-06
8.45078e-05
-6.12641e-06
8.45241e-05
-6.91097e-06
8.45451e-05
-7.70454e-06
8.45728e-05
-8.51003e-06
8.46094e-05
-9.33141e-06
8.46586e-05
-1.01742e-05
8.47259e-05
-1.10458e-05
8.48189e-05
-1.19559e-05
8.49487e-05
-1.29157e-05
8.51292e-05
-1.39337e-05
8.53745e-05
-1.50015e-05
8.56845e-05
-1.60555e-05
8.59977e-05
-1.68839e-05
8.6055e-05
-1.69646e-05
8.50722e-05
-1.5337e-05
8.11418e-05
-1.09787e-05
7.06627e-05
-4.40574e-06
4.92794e-05
1.68209e-05
3.13199e-06
1.3689e-05
8.89551e-06
4.35159e-05
1.35794e-05
6.59787e-05
1.59559e-05
7.87653e-05
1.64897e-05
8.45385e-05
1.60093e-05
8.65355e-05
1.5106e-05
8.69009e-05
1.40826e-05
8.67078e-05
1.30624e-05
8.63947e-05
1.20838e-05
8.61079e-05
1.11514e-05
8.58811e-05
1.02591e-05
8.57112e-05
9.39887e-06
8.55861e-05
8.5632e-06
8.54943e-05
7.74624e-06
8.54263e-05
6.94351e-06
8.53755e-05
6.15169e-06
8.5337e-05
5.36825e-06
8.53075e-05
4.5913e-06
8.52847e-05
3.81938e-06
8.52672e-05
3.0513e-06
8.52537e-05
2.28611e-06
8.52436e-05
1.52297e-06
8.52364e-05
7.61159e-07
8.52318e-05
-5.81352e-16
8.52295e-05
-7.61159e-07
8.52295e-05
-1.52297e-06
8.52318e-05
-2.28611e-06
8.52364e-05
-3.0513e-06
8.52436e-05
-3.81938e-06
8.52537e-05
-4.5913e-06
8.52672e-05
-5.36825e-06
8.52847e-05
-6.15169e-06
8.53075e-05
-6.94351e-06
8.5337e-05
-7.74624e-06
8.53755e-05
-8.5632e-06
8.54263e-05
-9.39887e-06
8.54943e-05
-1.02591e-05
8.55861e-05
-1.11514e-05
8.57112e-05
-1.20838e-05
8.58811e-05
-1.30624e-05
8.61079e-05
-1.40826e-05
8.63947e-05
-1.5106e-05
8.67078e-05
-1.60093e-05
8.69009e-05
-1.64897e-05
8.65355e-05
-1.59559e-05
8.45385e-05
-1.35794e-05
7.87653e-05
-8.89551e-06
6.59787e-05
-3.13199e-06
4.35159e-05
1.3689e-05
2.2294e-06
1.14596e-05
7.13209e-06
3.86132e-05
1.18095e-05
6.13013e-05
1.47149e-05
7.58598e-05
1.5827e-05
8.34265e-05
1.575e-05
8.66125e-05
1.50653e-05
8.75856e-05
1.41372e-05
8.76359e-05
1.31465e-05
8.73853e-05
1.21675e-05
8.70869e-05
1.12234e-05
8.68252e-05
1.03168e-05
8.66178e-05
9.44294e-06
8.646e-05
8.59573e-06
8.63415e-05
7.76949e-06
8.62526e-05
6.95956e-06
8.61854e-05
6.16228e-06
8.61343e-05
5.37484e-06
8.60949e-05
4.59507e-06
8.60645e-05
3.82124e-06
8.6041e-05
3.05199e-06
8.6023e-05
2.28617e-06
8.60094e-05
1.5228e-06
8.59998e-05
7.61011e-07
8.59936e-05
-6.17059e-16
8.59905e-05
-7.61011e-07
8.59905e-05
-1.5228e-06
8.59936e-05
-2.28617e-06
8.59998e-05
-3.05199e-06
8.60094e-05
-3.82124e-06
8.6023e-05
-4.59507e-06
8.6041e-05
-5.37484e-06
8.60645e-05
-6.16228e-06
8.60949e-05
-6.95956e-06
8.61343e-05
-7.76949e-06
8.61854e-05
-8.59573e-06
8.62526e-05
-9.44294e-06
8.63415e-05
-1.03168e-05
8.646e-05
-1.12234e-05
8.66178e-05
-1.21675e-05
8.68252e-05
-1.31465e-05
8.70869e-05
-1.41372e-05
8.73853e-05
-1.50653e-05
8.76359e-05
-1.575e-05
8.75856e-05
-1.5827e-05
8.66125e-05
-1.47149e-05
8.34265e-05
-1.18095e-05
7.58598e-05
-7.13209e-06
6.13013e-05
-2.2294e-06
3.86132e-05
1.14596e-05
1.59839e-06
9.86118e-06
5.69014e-06
3.45215e-05
1.01397e-05
5.68518e-05
1.33555e-05
7.2644e-05
1.49564e-05
8.18256e-05
1.5293e-05
8.62758e-05
1.48734e-05
8.80053e-05
1.40861e-05
8.84232e-05
1.31579e-05
8.83135e-05
1.21996e-05
8.80452e-05
1.12567e-05
8.77681e-05
1.03435e-05
8.7531e-05
9.46112e-06
8.73424e-05
8.60588e-06
8.71967e-05
7.77303e-06
8.70854e-05
6.95813e-06
8.70003e-05
6.15744e-06
8.69349e-05
5.36795e-06
8.68844e-05
4.58725e-06
8.68452e-05
3.81343e-06
8.68148e-05
3.04492e-06
8.67915e-05
2.2804e-06
8.6774e-05
1.51873e-06
8.67615e-05
7.58913e-07
8.67534e-05
-6.44576e-16
8.67494e-05
-7.58913e-07
8.67494e-05
-1.51873e-06
8.67534e-05
-2.2804e-06
8.67615e-05
-3.04492e-06
8.6774e-05
-3.81343e-06
8.67915e-05
-4.58725e-06
8.68148e-05
-5.36795e-06
8.68452e-05
-6.15744e-06
8.68844e-05
-6.95813e-06
8.69349e-05
-7.77303e-06
8.70003e-05
-8.60588e-06
8.70854e-05
-9.46112e-06
8.71967e-05
-1.03435e-05
8.73424e-05
-1.12567e-05
8.7531e-05
-1.21996e-05
8.77681e-05
-1.31579e-05
8.80452e-05
-1.40861e-05
8.83135e-05
-1.48734e-05
8.84232e-05
-1.5293e-05
8.80053e-05
-1.49564e-05
8.62758e-05
-1.33555e-05
8.18256e-05
-1.01397e-05
7.2644e-05
-5.69014e-06
5.68518e-05
-1.59839e-06
3.45215e-05
9.86118e-06
1.1602e-06
8.70098e-06
4.53679e-06
3.11449e-05
8.63046e-06
5.27581e-05
1.19684e-05
6.9306e-05
1.39429e-05
7.98511e-05
1.46668e-05
8.55519e-05
1.4535e-05
8.81371e-05
1.39238e-05
8.90344e-05
1.30889e-05
8.91484e-05
1.21733e-05
8.89609e-05
1.1246e-05
8.86954e-05
1.03356e-05
8.84414e-05
9.45077e-06
8.82272e-05
8.5917e-06
8.80558e-05
7.7554e-06
8.79217e-05
6.93811e-06
8.78176e-05
6.13629e-06
8.77368e-05
5.34687e-06
8.76738e-05
4.56731e-06
8.76248e-05
3.79552e-06
8.75866e-05
3.02975e-06
8.75572e-05
2.26855e-06
8.75352e-05
1.51061e-06
8.75194e-05
7.54786e-07
8.75092e-05
-6.67555e-16
8.75042e-05
-7.54786e-07
8.75042e-05
-1.51061e-06
8.75092e-05
-2.26855e-06
8.75194e-05
-3.02975e-06
8.75352e-05
-3.79552e-06
8.75572e-05
-4.56731e-06
8.75866e-05
-5.34687e-06
8.76248e-05
-6.13629e-06
8.76738e-05
-6.93811e-06
8.77368e-05
-7.7554e-06
8.78176e-05
-8.5917e-06
8.79217e-05
-9.45077e-06
8.80558e-05
-1.03356e-05
8.82272e-05
-1.1246e-05
8.84414e-05
-1.21733e-05
8.86954e-05
-1.30889e-05
8.89609e-05
-1.39238e-05
8.91484e-05
-1.4535e-05
8.90344e-05
-1.46668e-05
8.81371e-05
-1.39429e-05
8.55519e-05
-1.19684e-05
7.98511e-05
-8.63046e-06
6.9306e-05
-4.53679e-06
5.27581e-05
-1.1602e-06
3.11449e-05
8.70098e-06
8.55941e-07
7.84503e-06
3.62622e-06
2.83746e-05
7.30513e-06
4.90792e-05
1.06188e-05
6.59923e-05
1.2847e-05
7.76229e-05
1.39063e-05
8.44926e-05
1.40626e-05
8.79808e-05
1.36505e-05
8.94465e-05
1.29348e-05
8.9864e-05
1.20831e-05
8.98126e-05
1.11867e-05
8.95918e-05
1.02894e-05
8.93387e-05
9.40909e-06
8.91075e-05
8.55111e-06
8.89138e-05
7.71501e-06
8.87578e-05
6.89828e-06
8.86343e-05
6.09786e-06
8.85372e-05
5.31082e-06
8.84609e-05
4.5346e-06
8.8401e-05
3.76699e-06
8.83542e-05
3.00611e-06
8.83181e-05
2.25034e-06
8.8291e-05
1.49825e-06
8.82715e-05
7.48537e-07
8.82589e-05
-6.89268e-16
8.82527e-05
-7.48537e-07
8.82527e-05
-1.49825e-06
8.82589e-05
-2.25034e-06
8.82715e-05
-3.00611e-06
8.8291e-05
-3.76699e-06
8.83181e-05
-4.5346e-06
8.83542e-05
-5.31082e-06
8.8401e-05
-6.09786e-06
8.84609e-05
-6.89828e-06
8.85372e-05
-7.71501e-06
8.86343e-05
-8.55111e-06
8.87578e-05
-9.40909e-06
8.89138e-05
-1.02894e-05
8.91075e-05
-1.11867e-05
8.93387e-05
-1.20831e-05
8.95918e-05
-1.29348e-05
8.98126e-05
-1.36505e-05
8.9864e-05
-1.40626e-05
8.94465e-05
-1.39063e-05
8.79808e-05
-1.2847e-05
8.44926e-05
-1.06188e-05
7.76229e-05
-7.30513e-06
6.59923e-05
-3.62622e-06
4.90792e-05
-8.55941e-07
2.83746e-05
7.84503e-06
6.43302e-07
7.20173e-06
2.9117e-06
2.61062e-05
6.16353e-06
4.58274e-05
9.34837e-06
6.28075e-05
1.17194e-05
7.52519e-05
1.30486e-05
8.31635e-05
1.34746e-05
8.75549e-05
1.32712e-05
8.96498e-05
1.26942e-05
9.04411e-05
1.19253e-05
9.05814e-05
1.10747e-05
9.04424e-05
1.02014e-05
9.02121e-05
9.33335e-06
8.99755e-05
8.48196e-06
8.97652e-05
7.6502e-06
8.95896e-05
6.83731e-06
8.94472e-05
6.0411e-06
8.93334e-05
5.25898e-06
8.9243e-05
4.48847e-06
8.91715e-05
3.72732e-06
8.91154e-05
2.97357e-06
8.90719e-05
2.22547e-06
8.90391e-05
1.48144e-06
8.90155e-05
7.40069e-07
8.90003e-05
-7.1348e-16
8.89928e-05
-7.40069e-07
8.89928e-05
-1.48144e-06
8.90003e-05
-2.22547e-06
8.90155e-05
-2.97357e-06
8.90391e-05
-3.72732e-06
8.90719e-05
-4.48847e-06
8.91154e-05
-5.25898e-06
8.91715e-05
-6.0411e-06
8.9243e-05
-6.83731e-06
8.93334e-05
-7.6502e-06
8.94472e-05
-8.48196e-06
8.95896e-05
-9.33335e-06
8.97652e-05
-1.02014e-05
8.99755e-05
-1.10747e-05
9.02121e-05
-1.19253e-05
9.04424e-05
-1.26942e-05
9.05814e-05
-1.32712e-05
9.04411e-05
-1.34746e-05
8.96498e-05
-1.30486e-05
8.75549e-05
-1.17194e-05
8.31635e-05
-9.34837e-06
7.52519e-05
-6.16353e-06
6.28075e-05
-2.9117e-06
4.58274e-05
-6.43302e-07
2.61062e-05
7.20173e-06
4.92777e-07
6.70896e-06
2.35132e-06
2.42476e-05
5.19216e-06
4.29866e-05
8.18015e-06
5.98195e-05
1.05998e-05
7.28323e-05
1.21283e-05
8.16349e-05
1.27924e-05
8.68907e-05
1.27954e-05
8.96468e-05
1.23688e-05
9.08677e-05
1.16981e-05
9.12521e-05
1.09072e-05
9.12333e-05
1.00687e-05
9.10506e-05
9.22098e-06
9.08232e-05
8.38216e-06
9.0604e-05
7.55927e-06
9.04125e-05
6.75386e-06
9.02526e-05
5.96492e-06
9.01223e-05
5.19045e-06
9.00175e-05
4.42819e-06
8.99338e-05
3.67596e-06
8.98676e-05
2.93171e-06
8.98161e-05
2.19362e-06
8.97772e-05
1.45999e-06
8.97491e-05
7.29279e-07
8.9731e-05
-7.42977e-16
8.97221e-05
-7.29279e-07
8.97221e-05
-1.45999e-06
8.9731e-05
-2.19362e-06
8.97491e-05
-2.93171e-06
8.97772e-05
-3.67596e-06
8.98161e-05
-4.42819e-06
8.98676e-05
-5.19045e-06
8.99338e-05
-5.96492e-06
9.00175e-05
-6.75386e-06
9.01223e-05
-7.55927e-06
9.02526e-05
-8.38216e-06
9.04125e-05
-9.22098e-06
9.0604e-05
-1.00687e-05
9.08232e-05
-1.09072e-05
9.10506e-05
-1.16981e-05
9.12333e-05
-1.23688e-05
9.12521e-05
-1.27954e-05
9.08677e-05
-1.27924e-05
8.96468e-05
-1.21283e-05
8.68907e-05
-1.05998e-05
8.16349e-05
-8.18015e-06
7.28323e-05
-5.19216e-06
5.98195e-05
-2.35132e-06
4.29866e-05
-4.92777e-07
2.42476e-05
6.70896e-06
3.84205e-07
6.32475e-06
1.91003e-06
2.27218e-05
4.37131e-06
4.05253e-05
7.12349e-06
5.70673e-05
9.51633e-06
7.04394e-05
1.11761e-05
7.99752e-05
1.20385e-05
8.60284e-05
1.22351e-05
8.94501e-05
1.1963e-05
9.11399e-05
1.14016e-05
9.18135e-05
1.06823e-05
9.19526e-05
9.88892e-06
9.18439e-05
9.06969e-06
9.16424e-05
8.24971e-06
9.1424e-05
7.44059e-06
9.12216e-05
6.64659e-06
9.10466e-05
5.86824e-06
9.09007e-05
5.10436e-06
9.07813e-05
4.35308e-06
9.0685e-05
3.61233e-06
9.06084e-05
2.88009e-06
9.05484e-05
2.15447e-06
9.05028e-05
1.43369e-06
9.04699e-05
7.16063e-07
9.04486e-05
-7.80768e-16
9.04382e-05
-7.16063e-07
9.04382e-05
-1.43369e-06
9.04486e-05
-2.15447e-06
9.04699e-05
-2.88009e-06
9.05028e-05
-3.61233e-06
9.05484e-05
-4.35308e-06
9.06084e-05
-5.10436e-06
9.0685e-05
-5.86824e-06
9.07813e-05
-6.64659e-06
9.09007e-05
-7.44059e-06
9.10466e-05
-8.24971e-06
9.12216e-05
-9.06969e-06
9.1424e-05
-9.88892e-06
9.16424e-05
-1.06823e-05
9.18439e-05
-1.14016e-05
9.19526e-05
-1.1963e-05
9.18135e-05
-1.22351e-05
9.11399e-05
-1.20385e-05
8.94501e-05
-1.11761e-05
8.60284e-05
-9.51633e-06
7.99752e-05
-7.12349e-06
7.04394e-05
-4.37131e-06
5.70673e-05
-1.91003e-06
4.05253e-05
-3.84205e-07
2.27218e-05
6.32475e-06
3.04009e-07
6.02074e-06
1.55984e-06
2.1466e-05
3.67952e-06
3.84056e-05
6.17836e-06
5.45685e-05
8.48781e-06
6.813e-05
1.02171e-05
7.82459e-05
1.12342e-05
8.50113e-05
1.16042e-05
8.90802e-05
1.14836e-05
9.12604e-05
1.10377e-05
9.22594e-05
1.03994e-05
9.25909e-05
9.66049e-06
9.25829e-05
8.87765e-06
9.24253e-05
8.0829e-06
9.22187e-05
7.29264e-06
9.20118e-05
6.51423e-06
9.18251e-05
5.75002e-06
9.16649e-05
4.99986e-06
9.15315e-05
4.26243e-06
9.14225e-05
3.53589e-06
9.13349e-05
2.8183e-06
9.12659e-05
2.10773e-06
9.12133e-05
1.40233e-06
9.11753e-05
7.00325e-07
9.11506e-05
-8.28468e-16
9.11385e-05
-7.00325e-07
9.11385e-05
-1.40233e-06
9.11506e-05
-2.10773e-06
9.11753e-05
-2.8183e-06
9.12133e-05
-3.53589e-06
9.12659e-05
-4.26243e-06
9.13349e-05
-4.99986e-06
9.14225e-05
-5.75002e-06
9.15315e-05
-6.51423e-06
9.16649e-05
-7.29264e-06
9.18251e-05
-8.0829e-06
9.20118e-05
-8.87765e-06
9.22187e-05
-9.66049e-06
9.24253e-05
-1.03994e-05
9.25829e-05
-1.10377e-05
9.25909e-05
-1.14836e-05
9.22594e-05
-1.16042e-05
9.12604e-05
-1.12342e-05
8.90802e-05
-1.02171e-05
8.50113e-05
-8.48781e-06
7.82459e-05
-6.17836e-06
6.813e-05
-3.67952e-06
5.45685e-05
-1.55984e-06
3.84056e-05
-3.04009e-07
2.1466e-05
6.02074e-06
2.43129e-07
5.77761e-06
1.279e-06
2.04301e-05
3.0961e-06
3.65885e-05
5.33901e-06
5.23255e-05
7.52504e-06
6.59439e-05
9.27104e-06
7.64998e-05
1.03991e-05
8.38833e-05
1.09169e-05
8.85623e-05
1.0939e-05
9.12383e-05
1.06102e-05
9.25883e-05
1.00594e-05
9.31416e-05
9.38271e-06
9.32596e-05
8.64358e-06
9.31644e-05
7.88031e-06
9.2982e-05
7.11413e-06
9.2778e-05
6.35564e-06
9.25835e-05
5.6093e-06
9.24112e-05
4.87618e-06
9.22646e-05
4.15562e-06
9.2143e-05
3.44615e-06
9.20444e-05
2.74595e-06
9.19661e-05
2.05311e-06
9.19062e-05
1.36574e-06
9.18627e-05
6.81974e-07
9.18344e-05
-8.87995e-16
9.18205e-05
-6.81974e-07
9.18205e-05
-1.36574e-06
9.18344e-05
-2.05311e-06
9.18627e-05
-2.74595e-06
9.19062e-05
-3.44615e-06
9.19661e-05
-4.15562e-06
9.20444e-05
-4.87618e-06
9.2143e-05
-5.6093e-06
9.22646e-05
-6.35564e-06
9.24112e-05
-7.11413e-06
9.25835e-05
-7.88031e-06
9.2778e-05
-8.64358e-06
9.2982e-05
-9.38271e-06
9.31644e-05
-1.00594e-05
9.32596e-05
-1.06102e-05
9.31416e-05
-1.0939e-05
9.25883e-05
-1.09169e-05
9.12383e-05
-1.03991e-05
8.85623e-05
-9.27104e-06
8.38833e-05
-7.52504e-06
7.64998e-05
-5.33901e-06
6.59439e-05
-3.0961e-06
5.23255e-05
-1.279e-06
3.65885e-05
-2.43129e-07
2.04301e-05
5.77761e-06
1.9555e-07
5.58206e-06
1.05092e-06
1.95747e-05
2.60248e-06
3.50369e-05
4.59652e-06
5.03315e-05
6.63289e-06
6.39076e-05
8.35226e-06
7.47805e-05
9.55003e-06
8.26855e-05
1.01875e-05
8.79249e-05
1.03386e-05
9.10872e-05
1.01241e-05
9.28027e-05
9.66432e-06
9.36014e-05
9.05585e-06
9.3868e-05
8.36687e-06
9.38534e-05
7.64102e-06
9.37078e-05
6.90407e-06
9.3515e-05
6.16994e-06
9.33177e-05
5.44532e-06
9.31359e-05
4.73267e-06
9.29773e-05
4.03214e-06
9.28436e-05
3.34269e-06
9.27338e-05
2.66273e-06
9.26461e-05
1.99039e-06
9.25785e-05
1.32377e-06
9.25293e-05
6.6094e-07
9.24972e-05
-9.59739e-16
9.24814e-05
-6.6094e-07
9.24814e-05
-1.32377e-06
9.24972e-05
-1.99039e-06
9.25293e-05
-2.66273e-06
9.25785e-05
-3.34269e-06
9.26461e-05
-4.03214e-06
9.27338e-05
-4.73267e-06
9.28436e-05
-5.44532e-06
9.29773e-05
-6.16994e-06
9.31359e-05
-6.90407e-06
9.33177e-05
-7.64102e-06
9.3515e-05
-8.36687e-06
9.37078e-05
-9.05585e-06
9.38534e-05
-9.66432e-06
9.3868e-05
-1.01241e-05
9.36014e-05
-1.03386e-05
9.28027e-05
-1.01875e-05
9.10872e-05
-9.55003e-06
8.79249e-05
-8.35226e-06
8.26855e-05
-6.63289e-06
7.47805e-05
-4.59652e-06
6.39076e-05
-2.60248e-06
5.03315e-05
-1.05092e-06
3.50369e-05
-1.9555e-07
1.95747e-05
5.58206e-06
1.57307e-07
5.42476e-06
8.63275e-07
1.88688e-05
2.18303e-06
3.37172e-05
3.9413e-06
4.85732e-05
5.81294e-06
6.20359e-05
7.47195e-06
7.31215e-05
8.7025e-06
8.1455e-05
9.4307e-06
8.71967e-05
9.69386e-06
9.08241e-05
9.58731e-06
9.29093e-05
9.21891e-06
9.39698e-05
8.68262e-06
9.44043e-05
8.04901e-06
9.4487e-05
7.36588e-06
9.4391e-05
6.663e-06
9.42178e-05
5.95754e-06
9.40231e-05
5.25843e-06
9.3835e-05
4.56965e-06
9.36661e-05
3.89227e-06
9.3521e-05
3.22579e-06
9.34003e-05
2.56886e-06
9.3303e-05
1.91974e-06
9.32276e-05
1.27654e-06
9.31725e-05
6.37281e-07
9.31365e-05
-1.04493e-15
9.31187e-05
-6.37281e-07
9.31187e-05
-1.27654e-06
9.31365e-05
-1.91974e-06
9.31725e-05
-2.56886e-06
9.32276e-05
-3.22579e-06
9.3303e-05
-3.89227e-06
9.34003e-05
-4.56965e-06
9.3521e-05
-5.25843e-06
9.36661e-05
-5.95754e-06
9.3835e-05
-6.663e-06
9.40231e-05
-7.36588e-06
9.42178e-05
-8.04901e-06
9.4391e-05
-8.68262e-06
9.4487e-05
-9.21891e-06
9.44043e-05
-9.58731e-06
9.39698e-05
-9.69386e-06
9.29093e-05
-9.4307e-06
9.08241e-05
-8.7025e-06
8.71967e-05
-7.47195e-06
8.1455e-05
-5.81294e-06
7.31215e-05
-3.9413e-06
6.20359e-05
-2.18303e-06
4.85732e-05
-8.63275e-07
3.37172e-05
-1.57307e-07
1.88688e-05
5.42476e-06
1.257e-07
5.29906e-06
7.0649e-07
1.8288e-05
1.82368e-06
3.26e-05
3.36172e-06
4.70352e-05
5.06123e-06
6.03364e-05
6.63408e-06
7.15486e-05
7.86506e-06
8.0224e-05
8.65571e-06
8.6406e-05
9.01199e-06
9.04678e-05
9.00396e-06
9.29173e-05
8.72474e-06
9.42491e-05
8.26272e-06
9.48663e-05
7.68863e-06
9.50611e-05
7.053e-06
9.50266e-05
6.38891e-06
9.48819e-05
5.71647e-06
9.46956e-05
5.04686e-06
9.45046e-05
4.38559e-06
9.43273e-05
3.73473e-06
9.41718e-05
3.09437e-06
9.40407e-05
2.4635e-06
9.39339e-05
1.84054e-06
9.38506e-05
1.22364e-06
9.37894e-05
6.10797e-07
9.37493e-05
-1.14281e-15
9.37295e-05
-6.10797e-07
9.37295e-05
-1.22364e-06
9.37493e-05
-1.84054e-06
9.37894e-05
-2.4635e-06
9.38506e-05
-3.09437e-06
9.39339e-05
-3.73473e-06
9.40407e-05
-4.38559e-06
9.41718e-05
-5.04686e-06
9.43273e-05
-5.71647e-06
9.45046e-05
-6.38891e-06
9.46956e-05
-7.053e-06
9.48819e-05
-7.68863e-06
9.50266e-05
-8.26272e-06
9.50611e-05
-8.72474e-06
9.48663e-05
-9.00396e-06
9.42491e-05
-9.01199e-06
9.29173e-05
-8.65571e-06
9.04678e-05
-7.86506e-06
8.6406e-05
-6.63408e-06
8.0224e-05
-5.06123e-06
7.15486e-05
-3.36172e-06
6.03364e-05
-1.82368e-06
4.70352e-05
-7.0649e-07
3.26e-05
-1.257e-07
1.8288e-05
5.29906e-06
9.89378e-08
5.20012e-06
5.73657e-07
1.78133e-05
1.5136e-06
3.166e-05
2.84815e-06
4.57007e-05
4.37415e-06
5.88104e-05
5.84236e-06
7.00804e-05
7.04665e-06
7.90197e-05
7.87335e-06
8.55793e-05
8.30294e-06
9.00382e-05
8.38181e-06
9.28384e-05
8.18713e-06
9.44437e-05
7.7995e-06
9.5254e-05
7.28768e-06
9.55729e-05
6.70346e-06
9.56108e-05
6.0824e-06
9.5503e-05
5.4471e-06
9.53309e-05
4.81084e-06
9.51408e-05
4.18065e-06
9.49575e-05
3.55965e-06
9.47928e-05
2.94857e-06
9.46517e-05
2.34678e-06
9.45357e-05
1.75289e-06
9.44445e-05
1.16513e-06
9.43772e-05
5.81519e-07
9.43329e-05
-1.25398e-15
9.4311e-05
-5.81519e-07
9.4311e-05
-1.16513e-06
9.43329e-05
-1.75289e-06
9.43772e-05
-2.34678e-06
9.44445e-05
-2.94857e-06
9.45357e-05
-3.55965e-06
9.46517e-05
-4.18065e-06
9.47928e-05
-4.81084e-06
9.49575e-05
-5.4471e-06
9.51408e-05
-6.0824e-06
9.53309e-05
-6.70346e-06
9.5503e-05
-7.28768e-06
9.56108e-05
-7.7995e-06
9.55729e-05
-8.18713e-06
9.5254e-05
-8.38181e-06
9.44437e-05
-8.30294e-06
9.28384e-05
-7.87335e-06
9.00382e-05
-7.04665e-06
8.55793e-05
-5.84236e-06
7.90197e-05
-4.37415e-06
7.00804e-05
-2.84815e-06
5.88104e-05
-1.5136e-06
4.57007e-05
-5.73657e-07
3.166e-05
-9.89377e-08
1.78133e-05
5.20012e-06
7.58108e-08
5.12431e-06
4.59647e-07
1.74294e-05
1.24404e-06
3.08757e-05
2.39193e-06
4.45528e-05
3.74731e-06
5.7455e-05
5.09861e-06
6.87291e-05
6.25432e-06
7.7864e-05
7.09337e-06
8.47403e-05
7.57663e-06
8.95549e-05
7.72938e-06
9.26857e-05
7.61265e-06
9.45605e-05
7.29765e-06
9.5569e-05
6.84941e-06
9.60211e-05
6.31953e-06
9.61407e-05
5.74508e-06
9.60774e-05
5.15065e-06
9.59253e-05
4.55134e-06
9.57402e-05
3.95565e-06
9.55532e-05
3.36772e-06
9.53807e-05
2.78895e-06
9.52305e-05
2.21914e-06
9.51055e-05
1.65713e-06
9.50065e-05
1.10125e-06
9.49331e-05
5.49565e-07
9.48846e-05
-1.37755e-15
9.48606e-05
-5.49565e-07
9.48606e-05
-1.10125e-06
9.48846e-05
-1.65713e-06
9.49331e-05
-2.21914e-06
9.50065e-05
-2.78895e-06
9.51055e-05
-3.36772e-06
9.52305e-05
-3.95565e-06
9.53807e-05
-4.55134e-06
9.55532e-05
-5.15065e-06
9.57402e-05
-5.74508e-06
9.59253e-05
-6.31953e-06
9.60774e-05
-6.84941e-06
9.61407e-05
-7.29765e-06
9.60211e-05
-7.61265e-06
9.5569e-05
-7.72938e-06
9.45605e-05
-7.57663e-06
9.26857e-05
-7.09337e-06
8.95549e-05
-6.25432e-06
8.47403e-05
-5.09861e-06
7.7864e-05
-3.74731e-06
6.87291e-05
-2.39193e-06
5.7455e-05
-1.24404e-06
4.45528e-05
-4.59647e-07
3.08757e-05
-7.58108e-08
1.74294e-05
5.12431e-06
5.54697e-08
5.06884e-06
3.60555e-07
1.71243e-05
1.0078e-06
3.02284e-05
1.98508e-06
4.35755e-05
3.17548e-06
5.62646e-05
4.40246e-06
6.75021e-05
5.49248e-06
7.6774e-05
6.32319e-06
8.39096e-05
6.84142e-06
8.90367e-05
7.05438e-06
9.24727e-05
7.00758e-06
9.46073e-05
6.76191e-06
9.58146e-05
6.37724e-06
9.64058e-05
5.90363e-06
9.66143e-05
5.37871e-06
9.66024e-05
4.82842e-06
9.64756e-05
4.2694e-06
9.62992e-05
3.71143e-06
9.61112e-05
3.15962e-06
9.59325e-05
2.61609e-06
9.5774e-05
2.08105e-06
9.56406e-05
1.55361e-06
9.55339e-05
1.03224e-06
9.54544e-05
5.15052e-07
9.54018e-05
-1.51414e-15
9.53756e-05
-5.15052e-07
9.53756e-05
-1.03224e-06
9.54018e-05
-1.55361e-06
9.54544e-05
-2.08105e-06
9.55339e-05
-2.61609e-06
9.56406e-05
-3.15962e-06
9.5774e-05
-3.71143e-06
9.59325e-05
-4.2694e-06
9.61112e-05
-4.82842e-06
9.62992e-05
-5.37871e-06
9.64756e-05
-5.90363e-06
9.66024e-05
-6.37724e-06
9.66143e-05
-6.76191e-06
9.64058e-05
-7.00758e-06
9.58146e-05
-7.05438e-06
9.46073e-05
-6.84142e-06
9.24727e-05
-6.32319e-06
8.90367e-05
-5.49248e-06
8.39096e-05
-4.40246e-06
7.6774e-05
-3.17548e-06
6.75021e-05
-1.98508e-06
5.62646e-05
-1.0078e-06
4.35755e-05
-3.60555e-07
3.02284e-05
-5.54697e-08
1.71243e-05
5.06884e-06
3.73119e-08
5.03153e-06
2.73422e-07
1.68882e-05
7.99092e-07
2.97027e-05
1.62067e-06
4.27539e-05
2.65336e-06
5.52319e-05
3.75243e-06
6.64031e-05
4.7639e-06
7.57625e-05
5.56881e-06
8.31046e-05
6.10479e-06
8.85007e-05
6.3643e-06
9.22132e-05
6.37846e-06
9.45931e-05
6.19758e-06
9.59955e-05
5.87525e-06
9.67281e-05
5.45889e-06
9.70307e-05
4.98567e-06
9.70756e-05
4.48231e-06
9.6979e-05
3.96653e-06
9.6815e-05
3.44922e-06
9.66285e-05
2.93639e-06
9.64454e-05
2.43082e-06
9.62796e-05
1.93317e-06
9.61382e-05
1.44283e-06
9.60243e-05
9.58419e-07
9.59388e-05
4.78151e-07
9.58821e-05
-1.66256e-15
9.58538e-05
-4.78151e-07
9.58538e-05
-9.58419e-07
9.58821e-05
-1.44283e-06
9.59388e-05
-1.93317e-06
9.60243e-05
-2.43082e-06
9.61382e-05
-2.93639e-06
9.62796e-05
-3.44922e-06
9.64454e-05
-3.96653e-06
9.66285e-05
-4.48231e-06
9.6815e-05
-4.98567e-06
9.6979e-05
-5.45889e-06
9.70756e-05
-5.87525e-06
9.70307e-05
-6.19758e-06
9.67281e-05
-6.37846e-06
9.59955e-05
-6.3643e-06
9.45931e-05
-6.10479e-06
9.22132e-05
-5.56881e-06
8.85007e-05
-4.7639e-06
8.31046e-05
-3.75243e-06
7.57625e-05
-2.65336e-06
6.64031e-05
-1.62067e-06
5.52319e-05
-7.99092e-07
4.27539e-05
-2.73422e-07
2.97027e-05
-3.73119e-08
1.68882e-05
5.03153e-06
2.08992e-08
5.01063e-06
1.95979e-07
1.67132e-05
6.13219e-07
2.92855e-05
1.29266e-06
4.20745e-05
2.17582e-06
5.43488e-05
3.14628e-06
6.54326e-05
4.07005e-06
7.48387e-05
4.83484e-06
8.23399e-05
5.37326e-06
8.79623e-05
5.66616e-06
9.19203e-05
5.73191e-06
9.45273e-05
5.61033e-06
9.61171e-05
5.34811e-06
9.69904e-05
4.98901e-06
9.73898e-05
4.56896e-06
9.74956e-05
4.11471e-06
9.74332e-05
3.6447e-06
9.7285e-05
3.17066e-06
9.71025e-05
2.6994e-06
9.69166e-05
2.23428e-06
9.67447e-05
1.7764e-06
9.65961e-05
1.32545e-06
9.64752e-05
8.80246e-07
9.63841e-05
4.39082e-07
9.63232e-05
-1.82358e-15
9.62928e-05
-4.39082e-07
9.62928e-05
-8.80246e-07
9.63232e-05
-1.32545e-06
9.63841e-05
-1.7764e-06
9.64752e-05
-2.23428e-06
9.65961e-05
-2.6994e-06
9.67447e-05
-3.17066e-06
9.69166e-05
-3.6447e-06
9.71025e-05
-4.11471e-06
9.7285e-05
-4.56896e-06
9.74332e-05
-4.98901e-06
9.74956e-05
-5.34811e-06
9.73898e-05
-5.61033e-06
9.69904e-05
-5.73191e-06
9.61171e-05
-5.66616e-06
9.45273e-05
-5.37326e-06
9.19203e-05
-4.83484e-06
8.79623e-05
-4.07005e-06
8.23399e-05
-3.14628e-06
7.48387e-05
-2.17582e-06
6.54326e-05
-1.29266e-06
5.43488e-05
-6.13219e-07
4.20745e-05
-1.95979e-07
2.92855e-05
-2.08992e-08
1.67132e-05
5.01063e-06
5.90429e-09
5.00472e-06
1.26456e-07
1.65926e-05
4.4637e-07
2.89656e-05
9.95872e-07
4.1525e-05
1.738e-06
5.36066e-05
2.58131e-06
6.45893e-05
3.41134e-06
7.40087e-05
4.1247e-06
8.16265e-05
4.65231e-06
8.74347e-05
4.96641e-06
9.16062e-05
5.07437e-06
9.44194e-05
5.00603e-06
9.61854e-05
4.80084e-06
9.71955e-05
4.49823e-06
9.76924e-05
4.13204e-06
9.78618e-05
3.72851e-06
9.78367e-05
3.30632e-06
9.77072e-05
2.87779e-06
9.75311e-05
2.45032e-06
9.73441e-05
2.02782e-06
9.71672e-05
1.61183e-06
9.70121e-05
1.20231e-06
9.68847e-05
7.98258e-07
9.67881e-05
3.98117e-07
9.67234e-05
-1.99581e-15
9.6691e-05
-3.98117e-07
9.6691e-05
-7.98258e-07
9.67234e-05
-1.20231e-06
9.67881e-05
-1.61183e-06
9.68847e-05
-2.02782e-06
9.70121e-05
-2.45032e-06
9.71672e-05
-2.87779e-06
9.73441e-05
-3.30632e-06
9.75311e-05
-3.72851e-06
9.77072e-05
-4.13204e-06
9.78367e-05
-4.49823e-06
9.78618e-05
-4.80084e-06
9.76924e-05
-5.00603e-06
9.71955e-05
-5.07437e-06
9.61854e-05
-4.96641e-06
9.44194e-05
-4.65231e-06
9.16062e-05
-4.1247e-06
8.74347e-05
-3.41134e-06
8.16265e-05
-2.58131e-06
7.40087e-05
-1.738e-06
6.45893e-05
-9.95872e-07
5.36066e-05
-4.4637e-07
4.1525e-05
-1.26456e-07
2.89656e-05
-5.90428e-09
1.65926e-05
5.00472e-06
-7.92435e-09
5.01265e-06
6.34451e-08
1.65212e-05
2.95396e-07
2.87336e-05
7.25787e-07
4.10946e-05
1.33535e-06
5.29971e-05
2.05449e-06
6.38701e-05
2.78732e-06
7.32759e-05
3.44069e-06
8.09731e-05
3.94644e-06
8.6929e-05
4.27081e-06
9.12818e-05
4.41195e-06
9.42782e-05
4.39054e-06
9.62069e-05
4.23873e-06
9.73474e-05
3.99109e-06
9.794e-05
3.67881e-06
9.81741e-05
3.327e-06
9.81885e-05
2.95417e-06
9.808e-05
2.57291e-06
9.79123e-05
2.19108e-06
9.77259e-05
1.81305e-06
9.75453e-05
1.44071e-06
9.73844e-05
1.07432e-06
9.72511e-05
7.13079e-07
9.71493e-05
3.55568e-07
9.70809e-05
-2.18025e-15
9.70465e-05
-3.55568e-07
9.70465e-05
-7.13079e-07
9.70809e-05
-1.07432e-06
9.71493e-05
-1.44071e-06
9.72511e-05
-1.81305e-06
9.73844e-05
-2.19108e-06
9.75453e-05
-2.57291e-06
9.77259e-05
-2.95417e-06
9.79123e-05
-3.327e-06
9.808e-05
-3.67881e-06
9.81885e-05
-3.99109e-06
9.81741e-05
-4.23873e-06
9.794e-05
-4.39054e-06
9.73474e-05
-4.41195e-06
9.62069e-05
-4.27081e-06
9.42782e-05
-3.94644e-06
9.12818e-05
-3.44069e-06
8.6929e-05
-2.78732e-06
8.09731e-05
-2.05449e-06
7.32759e-05
-1.33535e-06
6.38701e-05
-7.25787e-07
5.29971e-05
-2.95396e-07
4.10946e-05
-6.3445e-08
2.87336e-05
7.92436e-09
1.65212e-05
5.01265e-06
-2.07869e-08
5.03343e-06
5.79641e-09
1.64946e-05
1.57645e-07
2.85818e-05
4.78452e-07
4.07738e-05
9.63604e-07
5.25119e-05
1.56258e-06
6.32712e-05
2.19685e-06
7.26416e-05
2.78416e-06
8.03858e-05
3.25916e-06
8.64539e-05
3.58432e-06
9.09567e-05
3.7503e-06
9.41123e-05
3.76953e-06
9.61876e-05
3.66706e-06
9.74498e-05
3.47234e-06
9.81348e-05
3.2134e-06
9.8433e-05
2.91373e-06
9.84882e-05
2.59126e-06
9.84025e-05
2.25859e-06
9.8245e-05
1.92385e-06
9.80607e-05
1.59172e-06
9.78774e-05
1.26444e-06
9.77117e-05
9.4253e-07
9.7573e-05
6.254e-07
9.74665e-05
3.11779e-07
9.73945e-05
-2.37527e-15
9.73583e-05
-3.11779e-07
9.73583e-05
-6.254e-07
9.73945e-05
-9.4253e-07
9.74665e-05
-1.26444e-06
9.7573e-05
-1.59172e-06
9.77117e-05
-1.92385e-06
9.78774e-05
-2.25859e-06
9.80607e-05
-2.59126e-06
9.8245e-05
-2.91373e-06
9.84025e-05
-3.2134e-06
9.84882e-05
-3.47234e-06
9.8433e-05
-3.66706e-06
9.81348e-05
-3.76953e-06
9.74498e-05
-3.7503e-06
9.61876e-05
-3.58432e-06
9.41123e-05
-3.25916e-06
9.09567e-05
-2.78416e-06
8.64539e-05
-2.19685e-06
8.03858e-05
-1.56258e-06
7.26416e-05
-9.63604e-07
6.32712e-05
-4.78452e-07
5.25119e-05
-1.57645e-07
4.07738e-05
-5.79639e-09
2.85818e-05
2.07869e-08
1.64946e-05
5.03343e-06
-3.28512e-08
5.06628e-06
-4.74603e-08
1.65093e-05
3.08359e-08
2.85035e-05
2.50338e-07
4.05543e-05
6.18749e-07
5.21435e-05
1.10223e-06
6.27877e-05
1.63826e-06
7.21056e-05
2.15559e-06
7.98685e-05
2.59304e-06
8.60165e-05
2.91107e-06
9.06387e-05
3.09445e-06
9.39289e-05
3.14833e-06
9.61337e-05
3.09102e-06
9.75071e-05
2.94675e-06
9.8279e-05
2.74005e-06
9.86397e-05
2.49241e-06
9.87358e-05
2.22082e-06
9.86741e-05
1.93758e-06
9.85282e-05
1.6509e-06
9.83473e-05
1.36571e-06
9.81626e-05
1.08451e-06
9.79929e-05
8.08048e-07
9.78495e-05
5.35954e-07
9.77386e-05
2.67115e-07
9.76633e-05
-2.58203e-15
9.76254e-05
-2.67115e-07
9.76254e-05
-5.35954e-07
9.76633e-05
-8.08048e-07
9.77386e-05
-1.08451e-06
9.78495e-05
-1.36571e-06
9.79929e-05
-1.6509e-06
9.81626e-05
-1.93758e-06
9.83473e-05
-2.22082e-06
9.85282e-05
-2.49241e-06
9.86741e-05
-2.74005e-06
9.87358e-05
-2.94675e-06
9.86397e-05
-3.09102e-06
9.8279e-05
-3.14833e-06
9.75071e-05
-3.09445e-06
9.61337e-05
-2.91107e-06
9.39289e-05
-2.59304e-06
9.06387e-05
-2.15559e-06
8.60165e-05
-1.63826e-06
7.98685e-05
-1.10223e-06
7.21056e-05
-6.18749e-07
6.27877e-05
-2.50338e-07
5.21435e-05
-3.08359e-08
4.05543e-05
4.74603e-08
2.85035e-05
3.28512e-08
1.65093e-05
5.06628e-06
-4.4264e-08
5.11055e-06
-9.71789e-08
1.65622e-05
-8.70627e-08
2.84934e-05
3.82241e-08
4.0429e-05
2.96963e-07
5.18848e-05
6.69992e-07
6.24146e-05
1.1094e-06
7.16662e-05
1.55473e-06
7.94232e-05
1.94978e-06
8.56214e-05
2.25437e-06
9.03341e-05
2.44875e-06
9.37345e-05
2.53178e-06
9.60507e-05
2.5155e-06
9.75234e-05
2.41896e-06
9.83756e-05
2.263e-06
9.87957e-05
2.0668e-06
9.89321e-05
1.84608e-06
9.88948e-05
1.61264e-06
9.87617e-05
1.37458e-06
9.85854e-05
1.13695e-06
9.84002e-05
9.0243e-07
9.82274e-05
6.72007e-07
9.80799e-05
4.45495e-07
9.79651e-05
2.21954e-07
9.78869e-05
-2.79854e-15
9.78474e-05
-2.21954e-07
9.78474e-05
-4.45495e-07
9.78869e-05
-6.72007e-07
9.79651e-05
-9.0243e-07
9.80799e-05
-1.13695e-06
9.82274e-05
-1.37458e-06
9.84002e-05
-1.61264e-06
9.85854e-05
-1.84608e-06
9.87617e-05
-2.0668e-06
9.88948e-05
-2.263e-06
9.89321e-05
-2.41896e-06
9.87957e-05
-2.5155e-06
9.83756e-05
-2.53178e-06
9.75234e-05
-2.44875e-06
9.60507e-05
-2.25437e-06
9.37345e-05
-1.94978e-06
9.03341e-05
-1.55473e-06
8.56214e-05
-1.1094e-06
7.94232e-05
-6.69992e-07
7.16662e-05
-2.96963e-07
6.24146e-05
-3.82241e-08
5.18848e-05
8.70627e-08
4.0429e-05
9.71789e-08
2.84934e-05
4.4264e-08
1.65622e-05
5.11055e-06
-5.5162e-08
5.16571e-06
-1.4415e-07
1.66512e-05
-1.97925e-07
2.85471e-05
-1.60895e-07
4.03919e-05
-5.434e-09
5.17293e-05
2.62335e-07
6.21469e-05
6.07781e-07
7.13207e-05
9.80706e-07
7.90502e-05
1.33029e-06
8.52719e-05
1.61672e-06
9.00476e-05
1.81685e-06
9.35344e-05
1.92415e-06
9.59434e-05
1.94495e-06
9.75026e-05
1.89331e-06
9.84272e-05
1.78628e-06
9.89027e-05
1.64052e-06
9.90778e-05
1.47025e-06
9.9065e-05
1.28654e-06
9.89454e-05
1.09722e-06
9.87747e-05
9.07342e-07
9.85901e-05
7.19724e-07
9.8415e-05
5.35533e-07
9.82641e-05
3.54769e-07
9.81458e-05
1.76666e-07
9.8065e-05
-3.02596e-15
9.8024e-05
-1.76666e-07
9.8024e-05
-3.54769e-07
9.8065e-05
-5.35533e-07
9.81458e-05
-7.19724e-07
9.82641e-05
-9.07342e-07
9.8415e-05
-1.09722e-06
9.85901e-05
-1.28654e-06
9.87747e-05
-1.47025e-06
9.89454e-05
-1.64052e-06
9.9065e-05
-1.78628e-06
9.90778e-05
-1.89331e-06
9.89027e-05
-1.94495e-06
9.84272e-05
-1.92415e-06
9.75026e-05
-1.81685e-06
9.59434e-05
-1.61672e-06
9.35344e-05
-1.33029e-06
9.00476e-05
-9.80706e-07
8.52719e-05
-6.07781e-07
7.90502e-05
-2.62335e-07
7.13207e-05
5.43401e-09
6.21469e-05
1.60895e-07
5.17293e-05
1.97926e-07
4.03919e-05
1.4415e-07
2.85471e-05
5.5162e-08
1.66512e-05
5.16571e-06
-6.56814e-08
5.23139e-06
-1.8914e-07
1.67746e-05
-3.03559e-07
2.86616e-05
-3.49913e-07
4.04383e-05
-2.92034e-07
5.16714e-05
-1.24315e-07
6.19792e-05
1.30617e-07
7.10658e-05
4.32121e-07
7.87487e-05
7.34799e-07
8.49692e-05
9.99853e-07
8.97826e-05
1.20164e-06
9.33326e-05
1.32909e-06
9.5816e-05
1.38337e-06
9.74483e-05
1.37379e-06
9.84368e-05
1.31368e-06
9.89628e-05
1.21702e-06
9.91745e-05
1.09639e-06
9.91857e-05
9.61924e-07
9.90798e-05
8.21055e-07
9.89156e-05
6.78733e-07
9.87324e-05
5.37848e-07
9.85559e-05
3.99711e-07
9.84023e-05
2.64496e-07
9.82811e-05
1.31611e-07
9.81979e-05
-3.26175e-15
9.81556e-05
-1.31611e-07
9.81556e-05
-2.64496e-07
9.81979e-05
-3.99711e-07
9.82811e-05
-5.37848e-07
9.84023e-05
-6.78733e-07
9.85559e-05
-8.21055e-07
9.87324e-05
-9.61924e-07
9.89156e-05
-1.09639e-06
9.90798e-05
-1.21702e-06
9.91857e-05
-1.31368e-06
9.91745e-05
-1.37379e-06
9.89628e-05
-1.38337e-06
9.84368e-05
-1.32909e-06
9.74483e-05
-1.20164e-06
9.5816e-05
-9.99853e-07
9.33326e-05
-7.34799e-07
8.97826e-05
-4.32121e-07
8.49692e-05
-1.30617e-07
7.87487e-05
1.24315e-07
7.10658e-05
2.92034e-07
6.19792e-05
3.49913e-07
5.16714e-05
3.03559e-07
4.04383e-05
1.8914e-07
2.86616e-05
6.56814e-08
1.67746e-05
5.23139e-06
-7.59685e-08
5.30736e-06
-2.32938e-07
1.69316e-05
-4.05774e-07
2.88344e-05
-5.31702e-07
4.05642e-05
-5.66401e-07
5.17061e-05
-4.93582e-07
6.19063e-05
-3.25075e-07
7.08973e-05
-9.28255e-08
7.85165e-05
1.62956e-07
8.47134e-05
4.04837e-07
8.95407e-05
6.05354e-07
9.31321e-05
7.49607e-07
9.56717e-05
8.3416e-07
9.73638e-05
8.63936e-07
9.8407e-05
8.48599e-07
9.89782e-05
7.99459e-07
9.92236e-05
7.27316e-07
9.92578e-05
6.41252e-07
9.91659e-05
5.48175e-07
9.90087e-05
4.52846e-07
9.88277e-05
3.58165e-07
9.86506e-05
2.65555e-07
9.84949e-05
1.75348e-07
9.83713e-05
8.71232e-08
9.82861e-05
-3.50671e-15
9.82428e-05
-8.71232e-08
9.82428e-05
-1.75348e-07
9.82861e-05
-2.65555e-07
9.83713e-05
-3.58165e-07
9.84949e-05
-4.52846e-07
9.86506e-05
-5.48175e-07
9.88277e-05
-6.41252e-07
9.90087e-05
-7.27316e-07
9.91659e-05
-7.99459e-07
9.92578e-05
-8.48599e-07
9.92236e-05
-8.63936e-07
9.89782e-05
-8.3416e-07
9.8407e-05
-7.49607e-07
9.73638e-05
-6.05354e-07
9.56717e-05
-4.04837e-07
9.31321e-05
-1.62956e-07
8.95407e-05
9.28255e-08
8.47134e-05
3.25075e-07
7.85165e-05
4.93582e-07
7.08973e-05
5.66401e-07
6.19063e-05
5.31702e-07
5.17061e-05
4.05774e-07
4.05642e-05
2.32938e-07
2.88344e-05
7.59685e-08
1.69316e-05
5.30736e-06
-8.61864e-08
5.39355e-06
-2.76378e-07
1.71218e-05
-5.06424e-07
2.90644e-05
-7.09126e-07
4.07669e-05
-8.32049e-07
5.18291e-05
-8.49048e-07
6.19233e-05
-7.62338e-07
7.08106e-05
-5.96157e-07
7.83503e-05
-3.85989e-07
8.45032e-05
-1.67804e-07
8.93225e-05
2.95969e-08
9.29347e-05
1.8809e-07
9.55132e-05
3.00183e-07
9.72517e-05
3.6676e-07
9.83404e-05
3.94022e-07
9.89509e-05
3.9063e-07
9.9227e-05
3.65553e-07
9.92829e-05
3.26734e-07
9.92047e-05
2.80463e-07
9.90549e-05
2.31235e-07
9.8877e-05
1.81907e-07
9.86999e-05
1.33981e-07
9.85428e-05
8.79307e-08
9.84173e-05
4.35049e-08
9.83305e-05
-3.75697e-15
9.82863e-05
-4.35049e-08
9.82863e-05
-8.79307e-08
9.83305e-05
-1.33981e-07
9.84173e-05
-1.81907e-07
9.85428e-05
-2.31235e-07
9.86999e-05
-2.80463e-07
9.8877e-05
-3.26734e-07
9.90549e-05
-3.65553e-07
9.92047e-05
-3.9063e-07
9.92829e-05
-3.94022e-07
9.9227e-05
-3.6676e-07
9.89509e-05
-3.00183e-07
9.83404e-05
-1.8809e-07
9.72517e-05
-2.95969e-08
9.55132e-05
1.67804e-07
9.29347e-05
3.85989e-07
8.93225e-05
5.96157e-07
8.45032e-05
7.62338e-07
7.83503e-05
8.49048e-07
7.08106e-05
8.32049e-07
6.19233e-05
7.09126e-07
5.18291e-05
5.06424e-07
4.07669e-05
2.76378e-07
2.90644e-05
8.61864e-08
1.71218e-05
5.39355e-06
-9.65499e-08
5.4901e-06
-3.20443e-07
1.73457e-05
-6.07557e-07
2.93516e-05
-8.85201e-07
4.10446e-05
-1.09256e-06
5.20364e-05
-1.19432e-06
6.20251e-05
-1.18426e-06
7.08005e-05
-1.08003e-06
7.82461e-05
-9.13038e-07
8.43362e-05
-7.17902e-07
8.91274e-05
-5.24449e-07
9.27412e-05
-3.53515e-07
9.53423e-05
-2.16142e-07
9.71143e-05
-1.15094e-07
9.82394e-05
-4.73974e-08
9.88832e-05
-6.94614e-09
9.91866e-05
1.33984e-08
9.92625e-05
2.03935e-08
9.91977e-05
1.96468e-08
9.90557e-05
1.53299e-08
9.88813e-05
1.02078e-08
9.87051e-05
5.83278e-09
9.85472e-05
2.80384e-09
9.84203e-05
1.03419e-09
9.83323e-05
-4.01214e-15
9.82873e-05
-1.03419e-09
9.82873e-05
-2.80384e-09
9.83323e-05
-5.83278e-09
9.84203e-05
-1.02078e-08
9.85472e-05
-1.53299e-08
9.87051e-05
-1.96467e-08
9.88813e-05
-2.03935e-08
9.90557e-05
-1.33984e-08
9.91977e-05
6.94615e-09
9.92625e-05
4.73974e-08
9.91866e-05
1.15094e-07
9.88832e-05
2.16142e-07
9.82394e-05
3.53515e-07
9.71143e-05
5.24449e-07
9.53423e-05
7.17902e-07
9.27412e-05
9.13038e-07
8.91274e-05
1.08003e-06
8.43362e-05
1.18426e-06
7.82461e-05
1.19432e-06
7.08005e-05
1.09256e-06
6.20251e-05
8.85201e-07
5.20364e-05
6.07557e-07
4.10446e-05
3.20443e-07
2.93516e-05
9.65499e-08
1.73457e-05
5.4901e-06
-1.07345e-07
5.59744e-06
-3.66371e-07
1.76047e-05
-7.11622e-07
2.96968e-05
-1.06338e-06
4.13963e-05
-1.35191e-06
5.2325e-05
-1.53334e-06
6.22065e-05
-1.59427e-06
7.08614e-05
-1.54702e-06
7.81988e-05
-1.41973e-06
8.42089e-05
-1.24592e-06
8.89536e-05
-1.05629e-06
9.25516e-05
-8.73963e-07
9.516e-05
-7.13058e-07
9.69534e-05
-5.7959e-07
9.81059e-05
-4.73541e-07
9.87772e-05
-3.91214e-07
9.91042e-05
-3.27247e-07
9.91986e-05
-2.76079e-07
9.91466e-05
-2.32822e-07
9.90124e-05
-1.93668e-07
9.88421e-05
-1.55981e-07
9.86674e-05
-1.18183e-07
9.85094e-05
-7.95652e-08
9.83817e-05
-4.00562e-08
9.82928e-05
-4.26811e-15
9.82473e-05
4.00562e-08
9.82473e-05
7.95652e-08
9.82928e-05
1.18183e-07
9.83817e-05
1.55981e-07
9.85094e-05
1.93668e-07
9.86674e-05
2.32822e-07
9.88421e-05
2.76079e-07
9.90124e-05
3.27247e-07
9.91466e-05
3.91214e-07
9.91986e-05
4.73541e-07
9.91042e-05
5.7959e-07
9.87772e-05
7.13058e-07
9.81059e-05
8.73963e-07
9.69534e-05
1.05629e-06
9.516e-05
1.24592e-06
9.25516e-05
1.41973e-06
8.89536e-05
1.54702e-06
8.42089e-05
1.59427e-06
7.81988e-05
1.53334e-06
7.08614e-05
1.35191e-06
6.22065e-05
1.06338e-06
5.2325e-05
7.11622e-07
4.13963e-05
3.66371e-07
2.96968e-05
1.07345e-07
1.76047e-05
5.59744e-06
-1.18922e-07
5.71636e-06
-4.15556e-07
1.79013e-05
-8.21186e-07
3.01024e-05
-1.24703e-06
4.18222e-05
-1.61373e-06
5.26917e-05
-1.86955e-06
6.24623e-05
-1.9953e-06
7.09872e-05
-1.9993e-06
7.82028e-05
-1.90739e-06
8.4117e-05
-1.75236e-06
8.87985e-05
-1.56568e-06
9.23649e-05
-1.3724e-06
9.49667e-05
-1.18929e-06
9.67703e-05
-1.02521e-06
9.79418e-05
-8.82807e-07
9.86348e-05
-7.60597e-07
9.8982e-05
-6.54916e-07
9.90929e-05
-5.61373e-07
9.9053e-05
-4.75812e-07
9.89269e-05
-3.9482e-07
9.87611e-05
-3.15912e-07
9.85885e-05
-2.37512e-07
9.8431e-05
-1.58809e-07
9.8303e-05
-7.95836e-08
9.82136e-05
-4.52171e-15
9.81677e-05
7.95835e-08
9.81677e-05
1.58809e-07
9.82136e-05
2.37512e-07
9.8303e-05
3.15912e-07
9.8431e-05
3.9482e-07
9.85885e-05
4.75812e-07
9.87611e-05
5.61373e-07
9.89269e-05
6.54916e-07
9.9053e-05
7.60597e-07
9.90929e-05
8.82807e-07
9.8982e-05
1.02521e-06
9.86348e-05
1.18929e-06
9.79418e-05
1.3724e-06
9.67703e-05
1.56568e-06
9.49667e-05
1.75236e-06
9.23649e-05
1.90739e-06
8.87985e-05
1.9993e-06
8.4117e-05
1.9953e-06
7.82028e-05
1.86955e-06
7.09872e-05
1.61373e-06
6.24623e-05
1.24703e-06
5.26917e-05
8.21186e-07
4.18222e-05
4.15556e-07
3.01024e-05
1.18922e-07
1.79013e-05
5.71636e-06
-1.31802e-07
5.84817e-06
-4.69841e-07
1.82394e-05
-9.3937e-07
3.0572e-05
-1.43993e-06
4.23227e-05
-1.88183e-06
5.31336e-05
-2.20635e-06
6.27869e-05
-2.39011e-06
7.11709e-05
-2.43893e-06
7.82517e-05
-2.37732e-06
8.40554e-05
-2.23778e-06
8.8659e-05
-2.05251e-06
9.21796e-05
-1.84821e-06
9.47624e-05
-1.64385e-06
9.65659e-05
-1.45073e-06
9.77487e-05
-1.27386e-06
9.84579e-05
-1.11376e-06
9.88219e-05
-9.68353e-07
9.89475e-05
-8.34359e-07
9.8919e-05
-7.08348e-07
9.88009e-05
-5.87314e-07
9.86401e-05
-4.68943e-07
9.84701e-05
-3.51674e-07
9.83137e-05
-2.34612e-07
9.8186e-05
-1.1739e-07
9.80963e-05
-4.76485e-15
9.80503e-05
1.1739e-07
9.80503e-05
2.34612e-07
9.80963e-05
3.51674e-07
9.8186e-05
4.68943e-07
9.83137e-05
5.87314e-07
9.84701e-05
7.08348e-07
9.86401e-05
8.34359e-07
9.88009e-05
9.68353e-07
9.8919e-05
1.11376e-06
9.89475e-05
1.27386e-06
9.88219e-05
1.45073e-06
9.84579e-05
1.64385e-06
9.77487e-05
1.84821e-06
9.65659e-05
2.05251e-06
9.47624e-05
2.23778e-06
9.21796e-05
2.37732e-06
8.8659e-05
2.43893e-06
8.40554e-05
2.39011e-06
7.82517e-05
2.20635e-06
7.11709e-05
1.88183e-06
6.27869e-05
1.43993e-06
5.31336e-05
9.3937e-07
4.23227e-05
4.69841e-07
3.0572e-05
1.31802e-07
1.82394e-05
5.84817e-06
-1.46741e-07
5.99491e-06
-5.31621e-07
1.86242e-05
-1.06987e-06
3.11102e-05
-1.64619e-06
4.28991e-05
-2.15999e-06
5.36474e-05
-2.54687e-06
6.31737e-05
-2.7811e-06
7.14052e-05
-2.86762e-06
7.83382e-05
-2.8306e-06
8.40184e-05
-2.70269e-06
8.85311e-05
-2.51681e-06
9.19937e-05
-2.30097e-06
9.45465e-05
-2.07599e-06
9.63409e-05
-1.85522e-06
9.7528e-05
-1.64567e-06
9.82483e-05
-1.44967e-06
9.86259e-05
-1.26657e-06
9.87644e-05
-1.09414e-06
9.87466e-05
-9.2965e-07
9.86364e-05
-7.70499e-07
9.84809e-05
-6.14557e-07
9.83142e-05
-4.60286e-07
9.81594e-05
-3.06719e-07
9.80324e-05
-1.53351e-07
9.7943e-05
-4.99093e-15
9.78969e-05
1.53351e-07
9.78969e-05
3.06719e-07
9.7943e-05
4.60286e-07
9.80324e-05
6.14557e-07
9.81594e-05
7.70499e-07
9.83142e-05
9.2965e-07
9.84809e-05
1.09414e-06
9.86364e-05
1.26657e-06
9.87466e-05
1.44967e-06
9.87644e-05
1.64567e-06
9.86259e-05
1.85522e-06
9.82483e-05
2.07599e-06
9.7528e-05
2.30097e-06
9.63409e-05
2.51681e-06
9.45465e-05
2.70269e-06
9.19937e-05
2.8306e-06
8.85311e-05
2.86762e-06
8.40184e-05
2.7811e-06
7.83382e-05
2.54687e-06
7.14052e-05
2.15999e-06
6.31737e-05
1.64619e-06
5.36474e-05
1.06987e-06
4.28991e-05
5.31621e-07
3.11102e-05
1.46741e-07
1.86243e-05
5.99491e-06
-1.6485e-07
6.15976e-06
-6.04025e-07
1.90634e-05
-1.21705e-06
3.17232e-05
-1.87018e-06
4.35522e-05
-2.45182e-06
5.4229e-05
-2.89378e-06
6.36157e-05
-3.17014e-06
7.16815e-05
-3.2866e-06
7.84546e-05
-3.26799e-06
8.39998e-05
-3.14745e-06
8.84106e-05
-2.95856e-06
9.18049e-05
-2.7304e-06
9.43184e-05
-2.48519e-06
9.60957e-05
-2.23797e-06
9.72807e-05
-1.99746e-06
9.80078e-05
-1.76752e-06
9.8396e-05
-1.54879e-06
9.85456e-05
-1.34001e-06
9.85378e-05
-1.13911e-06
9.84355e-05
-9.43865e-07
9.82857e-05
-7.52347e-07
9.81226e-05
-5.63047e-07
9.79701e-05
-3.74932e-07
9.78443e-05
-1.87365e-07
9.77554e-05
-5.18801e-15
9.77096e-05
1.87365e-07
9.77096e-05
3.74932e-07
9.77554e-05
5.63047e-07
9.78443e-05
7.52347e-07
9.79701e-05
9.43865e-07
9.81226e-05
1.13911e-06
9.82857e-05
1.34001e-06
9.84355e-05
1.54879e-06
9.85378e-05
1.76752e-06
9.85456e-05
1.99746e-06
9.8396e-05
2.23797e-06
9.80078e-05
2.48519e-06
9.72807e-05
2.7304e-06
9.60957e-05
2.95856e-06
9.43184e-05
3.14745e-06
9.18049e-05
3.26799e-06
8.84106e-05
3.2866e-06
8.39998e-05
3.17014e-06
7.84546e-05
2.89378e-06
7.16815e-05
2.45182e-06
6.36157e-05
1.87018e-06
5.4229e-05
1.21705e-06
4.35522e-05
6.04025e-07
3.17232e-05
1.6485e-07
1.90634e-05
6.15976e-06
-1.8778e-07
6.34754e-06
-6.91156e-07
1.95668e-05
-1.38603e-06
3.24181e-05
-2.11641e-06
4.42826e-05
-2.76056e-06
5.48732e-05
-3.2491e-06
6.41042e-05
-3.5584e-06
7.19908e-05
-3.69655e-06
7.85928e-05
-3.68984e-06
8.39931e-05
-3.57218e-06
8.82929e-05
-3.37769e-06
9.16104e-05
-3.13622e-06
9.40769e-05
-2.87103e-06
9.58306e-05
-2.59847e-06
9.70082e-05
-2.32863e-06
9.7738e-05
-2.0667e-06
9.81341e-05
-1.81443e-06
9.82934e-05
-1.57143e-06
9.82948e-05
-1.33624e-06
9.82003e-05
-1.10702e-06
9.80565e-05
-8.82001e-07
9.78976e-05
-6.59725e-07
9.77479e-05
-4.39097e-07
9.76236e-05
-2.19359e-07
9.75357e-05
-5.34377e-15
9.74902e-05
2.19359e-07
9.74902e-05
4.39097e-07
9.75357e-05
6.59725e-07
9.76236e-05
8.82001e-07
9.77479e-05
1.10702e-06
9.78976e-05
1.33624e-06
9.80565e-05
1.57143e-06
9.82003e-05
1.81443e-06
9.82948e-05
2.0667e-06
9.82934e-05
2.32863e-06
9.81341e-05
2.59847e-06
9.7738e-05
2.87103e-06
9.70082e-05
3.13622e-06
9.58306e-05
3.37769e-06
9.40769e-05
3.57218e-06
9.16104e-05
3.68984e-06
8.82929e-05
3.69655e-06
8.39931e-05
3.5584e-06
7.85928e-05
3.2491e-06
7.19908e-05
2.76056e-06
6.41042e-05
2.11641e-06
5.48732e-05
1.38603e-06
4.42826e-05
6.91156e-07
3.24181e-05
1.8778e-07
1.95668e-05
6.34754e-06
-2.17979e-07
6.56552e-06
-7.98326e-07
2.01471e-05
-1.58262e-06
3.32024e-05
-2.3893e-06
4.50892e-05
-3.08874e-06
5.55726e-05
-3.61392e-06
6.46294e-05
-3.94616e-06
7.23231e-05
-4.0974e-06
7.8744e-05
-4.09598e-06
8.39917e-05
-3.97666e-06
8.81736e-05
-3.77397e-06
9.14077e-05
-3.51814e-06
9.38211e-05
-3.23315e-06
9.55456e-05
-2.93628e-06
9.67113e-05
-2.63872e-06
9.74404e-05
-2.34674e-06
9.78421e-05
-2.06304e-06
9.80097e-05
-1.788e-06
9.80198e-05
-1.52071e-06
9.7933e-05
-1.25966e-06
9.77954e-05
-1.00328e-06
9.76412e-05
-7.50144e-07
9.74947e-05
-4.991e-07
9.73726e-05
-2.49274e-07
9.72858e-05
-5.44228e-15
9.72409e-05
2.49274e-07
9.72409e-05
4.991e-07
9.72858e-05
7.50144e-07
9.73726e-05
1.00328e-06
9.74947e-05
1.25966e-06
9.76412e-05
1.52071e-06
9.77954e-05
1.788e-06
9.7933e-05
2.06304e-06
9.80198e-05
2.34674e-06
9.80097e-05
2.63872e-06
9.78421e-05
2.93628e-06
9.74404e-05
3.23315e-06
9.67113e-05
3.51814e-06
9.55456e-05
3.77397e-06
9.38211e-05
3.97666e-06
9.14077e-05
4.09598e-06
8.81736e-05
4.0974e-06
8.39917e-05
3.94616e-06
7.8744e-05
3.61392e-06
7.23231e-05
3.08874e-06
6.46294e-05
2.3893e-06
5.55726e-05
1.58262e-06
4.50892e-05
7.98326e-07
3.32024e-05
2.17979e-07
2.01471e-05
6.56552e-06
-2.5904e-07
6.82456e-06
-9.3227e-07
2.08204e-05
-1.81311e-06
3.40832e-05
-2.69264e-06
4.59688e-05
-3.4377e-06
5.63177e-05
-3.98808e-06
6.51798e-05
-4.33264e-06
7.26676e-05
-4.48826e-06
7.88997e-05
-4.48565e-06
8.39891e-05
-4.36033e-06
8.80483e-05
-4.14693e-06
9.11943e-05
-3.87578e-06
9.35499e-05
-3.57119e-06
9.5241e-05
-3.25106e-06
9.63912e-05
-2.92738e-06
9.71167e-05
-2.60728e-06
9.7522e-05
-2.29427e-06
9.76967e-05
-1.9894e-06
9.77149e-05
-1.69222e-06
9.76358e-05
-1.40156e-06
9.75048e-05
-1.11601e-06
9.73557e-05
-8.34171e-07
9.72129e-05
-5.54854e-07
9.70933e-05
-2.77068e-07
9.7008e-05
-5.4649e-15
9.69639e-05
2.77068e-07
9.69639e-05
5.54854e-07
9.7008e-05
8.34171e-07
9.70933e-05
1.11601e-06
9.72129e-05
1.40156e-06
9.73557e-05
1.69222e-06
9.75048e-05
1.9894e-06
9.76358e-05
2.29427e-06
9.77149e-05
2.60728e-06
9.76967e-05
2.92738e-06
9.7522e-05
3.25106e-06
9.71167e-05
3.57119e-06
9.63912e-05
3.87578e-06
9.5241e-05
4.14693e-06
9.35499e-05
4.36033e-06
9.11943e-05
4.48565e-06
8.80483e-05
4.48826e-06
8.39891e-05
4.33264e-06
7.88997e-05
3.98808e-06
7.26676e-05
3.4377e-06
6.51798e-05
2.69264e-06
5.63177e-05
1.81311e-06
4.59688e-05
9.3227e-07
3.40832e-05
2.5904e-07
2.08204e-05
6.82456e-06
-3.16157e-07
7.14071e-06
-1.10121e-06
2.16054e-05
-2.0837e-06
3.50657e-05
-3.0289e-06
4.6914e-05
-3.80706e-06
5.70958e-05
-4.3698e-06
6.57425e-05
-4.71575e-06
7.30136e-05
-4.86732e-06
7.90512e-05
-4.85749e-06
8.39792e-05
-4.72221e-06
8.7913e-05
-4.49589e-06
9.0968e-05
-4.20863e-06
9.32627e-05
-3.88473e-06
9.49171e-05
-3.54242e-06
9.60489e-05
-3.19425e-06
9.67686e-05
-2.848e-06
9.71757e-05
-2.50784e-06
9.73565e-05
-2.17536e-06
9.73824e-05
-1.85056e-06
9.7311e-05
-1.53255e-06
9.71868e-05
-1.22004e-06
9.70432e-05
-9.11708e-07
9.69045e-05
-6.06293e-07
9.67879e-05
-3.02709e-07
9.67045e-05
-5.3941e-15
9.66612e-05
3.02709e-07
9.66612e-05
6.06293e-07
9.67045e-05
9.11708e-07
9.67879e-05
1.22004e-06
9.69045e-05
1.53255e-06
9.70432e-05
1.85056e-06
9.71868e-05
2.17536e-06
9.7311e-05
2.50784e-06
9.73824e-05
2.848e-06
9.73565e-05
3.19425e-06
9.71757e-05
3.54242e-06
9.67686e-05
3.88473e-06
9.60489e-05
4.20863e-06
9.49171e-05
4.49589e-06
9.32627e-05
4.72221e-06
9.0968e-05
4.85749e-06
8.7913e-05
4.86732e-06
8.39792e-05
4.71575e-06
7.90512e-05
4.3698e-06
7.30136e-05
3.80706e-06
6.57425e-05
3.0289e-06
5.70958e-05
2.0837e-06
4.6914e-05
1.10121e-06
3.50657e-05
3.16157e-07
2.16054e-05
7.14071e-06
-3.96666e-07
7.53738e-06
-1.31456e-06
2.25233e-05
-2.39947e-06
3.61506e-05
-3.39813e-06
4.79126e-05
-4.19394e-06
5.78916e-05
-4.75531e-06
6.63039e-05
-5.09201e-06
7.33503e-05
-5.23181e-06
7.9191e-05
-5.20944e-06
8.39568e-05
-5.06086e-06
8.77644e-05
-4.81987e-06
9.0727e-05
-4.51599e-06
9.29588e-05
-4.17326e-06
9.45744e-05
-3.80998e-06
9.56856e-05
-3.439e-06
9.63976e-05
-3.06862e-06
9.68054e-05
-2.70349e-06
9.69914e-05
-2.34569e-06
9.70246e-05
-1.99556e-06
9.69609e-05
-1.65248e-06
9.68437e-05
-1.31528e-06
9.6706e-05
-9.82678e-07
9.65719e-05
-6.53371e-07
9.64586e-05
-3.26173e-07
9.63773e-05
-5.20822e-15
9.6335e-05
3.26173e-07
9.6335e-05
6.53371e-07
9.63773e-05
9.82678e-07
9.64586e-05
1.31528e-06
9.65719e-05
1.65248e-06
9.6706e-05
1.99556e-06
9.68437e-05
2.34569e-06
9.69609e-05
2.70349e-06
9.70246e-05
3.06862e-06
9.69914e-05
3.439e-06
9.68054e-05
3.80998e-06
9.63976e-05
4.17326e-06
9.56856e-05
4.51599e-06
9.45744e-05
4.81987e-06
9.29588e-05
5.06086e-06
9.0727e-05
5.20944e-06
8.77644e-05
5.23181e-06
8.39568e-05
5.09201e-06
7.9191e-05
4.75531e-06
7.33503e-05
4.19394e-06
6.63039e-05
3.39813e-06
5.78916e-05
2.39947e-06
4.79126e-05
1.31456e-06
3.61506e-05
3.96666e-07
2.25233e-05
7.53738e-06
-5.10733e-07
8.04811e-06
-1.58205e-06
2.35946e-05
-2.76264e-06
3.73312e-05
-3.79661e-06
4.89466e-05
-4.59226e-06
5.86873e-05
-5.13861e-06
6.68503e-05
-5.45645e-06
7.36681e-05
-5.57797e-06
7.93126e-05
-5.53882e-06
8.39177e-05
-5.3744e-06
8.76e-05
-5.11756e-06
9.04701e-05
-4.79696e-06
9.26382e-05
-4.43613e-06
9.42135e-05
-4.05322e-06
9.53027e-05
-3.66126e-06
9.60056e-05
-3.26882e-06
9.64129e-05
-2.88098e-06
9.66035e-05
-2.50017e-06
9.66438e-05
-2.12707e-06
9.65878e-05
-1.76123e-06
9.64778e-05
-1.40164e-06
9.63464e-05
-1.04702e-06
9.62173e-05
-6.96049e-07
9.61076e-05
-3.47444e-07
9.60287e-05
-4.89703e-15
9.59875e-05
3.47444e-07
9.59875e-05
6.96049e-07
9.60287e-05
1.04702e-06
9.61076e-05
1.40164e-06
9.62173e-05
1.76123e-06
9.63464e-05
2.12707e-06
9.64778e-05
2.50017e-06
9.65878e-05
2.88098e-06
9.66438e-05
3.26882e-06
9.66035e-05
3.66126e-06
9.64129e-05
4.05322e-06
9.60056e-05
4.43613e-06
9.53027e-05
4.79696e-06
9.42135e-05
5.11756e-06
9.26382e-05
5.3744e-06
9.04701e-05
5.53882e-06
8.76e-05
5.57797e-06
8.39177e-05
5.45645e-06
7.93126e-05
5.13861e-06
7.36681e-05
4.59226e-06
6.68503e-05
3.79661e-06
5.86873e-05
2.76264e-06
4.89466e-05
1.58205e-06
3.73312e-05
5.10733e-07
2.35946e-05
8.04811e-06
-6.71763e-07
8.71988e-06
-1.91121e-06
2.48341e-05
-3.16964e-06
3.85897e-05
-4.21505e-06
4.9992e-05
-4.99203e-06
5.94643e-05
-5.5112e-06
6.73694e-05
-5.80256e-06
7.39595e-05
-5.90104e-06
7.9411e-05
-5.84223e-06
8.38589e-05
-5.66045e-06
8.74182e-05
-5.38726e-06
9.0197e-05
-5.0503e-06
9.23012e-05
-4.67244e-06
9.38357e-05
-4.27149e-06
9.49017e-05
-3.86049e-06
9.55946e-05
-3.44821e-06
9.60006e-05
-3.04e-06
9.61953e-05
-2.63858e-06
9.62424e-05
-2.24489e-06
9.61941e-05
-1.85868e-06
9.60916e-05
-1.47903e-06
9.59667e-05
-1.10468e-06
9.5843e-05
-7.34295e-07
9.57372e-05
-3.66506e-07
9.56609e-05
-4.44978e-15
9.5621e-05
3.66506e-07
9.5621e-05
7.34295e-07
9.56609e-05
1.10468e-06
9.57372e-05
1.47903e-06
9.5843e-05
1.85868e-06
9.59667e-05
2.24489e-06
9.60916e-05
2.63858e-06
9.61941e-05
3.04e-06
9.62424e-05
3.44821e-06
9.61953e-05
3.86049e-06
9.60006e-05
4.27149e-06
9.55946e-05
4.67244e-06
9.49017e-05
5.0503e-06
9.38357e-05
5.38726e-06
9.23012e-05
5.66045e-06
9.0197e-05
5.84223e-06
8.74182e-05
5.90104e-06
8.38589e-05
5.80256e-06
7.9411e-05
5.5112e-06
7.39595e-05
4.99203e-06
6.73694e-05
4.21505e-06
5.94643e-05
3.16964e-06
4.9992e-05
1.91121e-06
3.85897e-05
6.71763e-07
2.48341e-05
8.71988e-06
-8.93061e-07
9.61294e-06
-2.30009e-06
2.62411e-05
-3.60572e-06
3.98953e-05
-4.636e-06
5.10223e-05
-5.37832e-06
6.02066e-05
-5.86173e-06
6.78528e-05
-6.12207e-06
7.42198e-05
-6.19509e-06
7.94841e-05
-6.11541e-06
8.37792e-05
-5.9159e-06
8.72187e-05
-5.62673e-06
8.99078e-05
-5.27439e-06
9.19489e-05
-4.88097e-06
9.34423e-05
-4.4639e-06
9.44847e-05
-4.03605e-06
9.51668e-05
-3.6063e-06
9.55709e-05
-3.18018e-06
9.57692e-05
-2.76066e-06
9.58229e-05
-2.34887e-06
9.57823e-05
-1.94472e-06
9.56875e-05
-1.54737e-06
9.55694e-05
-1.15562e-06
9.54512e-05
-7.68087e-07
9.53497e-05
-3.83349e-07
9.52761e-05
-3.88807e-15
9.52377e-05
3.83349e-07
9.52377e-05
7.68087e-07
9.52761e-05
1.15562e-06
9.53497e-05
1.54737e-06
9.54512e-05
1.94472e-06
9.55694e-05
2.34887e-06
9.56875e-05
2.76066e-06
9.57823e-05
3.18018e-06
9.58229e-05
3.6063e-06
9.57692e-05
4.03605e-06
9.55709e-05
4.4639e-06
9.51668e-05
4.88097e-06
9.44847e-05
5.27439e-06
9.34423e-05
5.62673e-06
9.19489e-05
5.9159e-06
8.99078e-05
6.11541e-06
8.72187e-05
6.19509e-06
8.37792e-05
6.12207e-06
7.94841e-05
5.86173e-06
7.42198e-05
5.37832e-06
6.78528e-05
4.636e-06
6.02066e-05
3.60572e-06
5.10223e-05
2.30009e-06
3.98953e-05
8.93061e-07
2.62411e-05
9.61294e-06
-1.17349e-06
1.07864e-05
-2.72344e-06
2.77911e-05
-4.03857e-06
4.12104e-05
-5.03212e-06
5.20159e-05
-5.73112e-06
6.09056e-05
-6.17616e-06
6.82979e-05
-6.40513e-06
7.44488e-05
-6.45312e-06
7.95321e-05
-6.35338e-06
8.36795e-05
-6.13725e-06
8.70026e-05
-5.83352e-06
8.96041e-05
-5.46756e-06
9.15829e-05
-5.06066e-06
9.30354e-05
-4.62978e-06
9.40538e-05
-4.1876e-06
9.47246e-05
-3.74299e-06
9.51263e-05
-3.3016e-06
9.53278e-05
-2.86658e-06
9.53879e-05
-2.43922e-06
9.53549e-05
-2.01957e-06
9.52678e-05
-1.6069e-06
9.51567e-05
-1.20002e-06
9.50443e-05
-7.9756e-07
9.49472e-05
-3.98045e-07
9.48766e-05
-3.25553e-15
9.48396e-05
3.98045e-07
9.48396e-05
7.9756e-07
9.48766e-05
1.20002e-06
9.49472e-05
1.6069e-06
9.50443e-05
2.01957e-06
9.51567e-05
2.43922e-06
9.52678e-05
2.86658e-06
9.53549e-05
3.3016e-06
9.53879e-05
3.74299e-06
9.53278e-05
4.1876e-06
9.51263e-05
4.62978e-06
9.47246e-05
5.06066e-06
9.40538e-05
5.46756e-06
9.30354e-05
5.83352e-06
9.15829e-05
6.13725e-06
8.96041e-05
6.35338e-06
8.70026e-05
6.45312e-06
8.36795e-05
6.40513e-06
7.95321e-05
6.17616e-06
7.44488e-05
5.73112e-06
6.82979e-05
5.03212e-06
6.09056e-05
4.03858e-06
5.20159e-05
2.72344e-06
4.12104e-05
1.17349e-06
2.77911e-05
1.07864e-05
-1.46906e-06
1.22555e-05
-3.12965e-06
2.94516e-05
-4.42433e-06
4.25051e-05
-5.37386e-06
5.29654e-05
-6.03154e-06
6.15633e-05
-6.44216e-06
6.87085e-05
-6.64343e-06
7.465e-05
-6.66947e-06
7.95581e-05
-6.5523e-06
8.35623e-05
-6.32202e-06
8.67723e-05
-6.00622e-06
8.92883e-05
-5.62923e-06
9.12059e-05
-5.21159e-06
9.26177e-05
-4.76974e-06
9.36119e-05
-4.3161e-06
9.4271e-05
-3.85948e-06
9.46697e-05
-3.40559e-06
9.48739e-05
-2.9577e-06
9.494e-05
-2.51727e-06
9.49145e-05
-2.08446e-06
9.4835e-05
-1.65864e-06
9.47309e-05
-1.2387e-06
9.46244e-05
-8.23271e-07
9.45318e-05
-4.10874e-07
9.44642e-05
-2.65836e-15
9.44288e-05
4.10874e-07
9.44288e-05
8.23271e-07
9.44642e-05
1.2387e-06
9.45318e-05
1.65864e-06
9.46244e-05
2.08446e-06
9.47309e-05
2.51727e-06
9.4835e-05
2.9577e-06
9.49145e-05
3.40559e-06
9.494e-05
3.85948e-06
9.48739e-05
4.3161e-06
9.46697e-05
4.76974e-06
9.4271e-05
5.21159e-06
9.36119e-05
5.62923e-06
9.26177e-05
6.00622e-06
9.12059e-05
6.32202e-06
8.92883e-05
6.5523e-06
8.67723e-05
6.66947e-06
8.35623e-05
6.64343e-06
7.95581e-05
6.44216e-06
7.465e-05
6.03154e-06
6.87085e-05
5.37386e-06
6.15633e-05
4.42433e-06
5.29654e-05
3.12965e-06
4.25051e-05
1.46906e-06
2.94516e-05
1.22555e-05
-1.92524e-06
-3.58663e-06
-4.81639e-06
-5.70876e-06
-6.31832e-06
-6.68903e-06
-6.85771e-06
-6.85766e-06
-6.71998e-06
-6.47367e-06
-6.14513e-06
-5.75761e-06
-5.33069e-06
-4.88006e-06
-4.41769e-06
-3.95207e-06
-3.4888e-06
-3.03114e-06
-2.5806e-06
-2.13745e-06
-1.70113e-06
-1.2706e-06
-8.4454e-07
-4.21502e-07
-2.30425e-15
4.21502e-07
8.4454e-07
1.2706e-06
1.70113e-06
2.13745e-06
2.5806e-06
3.03114e-06
3.4888e-06
3.95207e-06
4.41769e-06
4.88006e-06
5.33069e-06
5.75761e-06
6.14513e-06
6.47367e-06
6.71998e-06
6.85766e-06
6.85771e-06
6.68903e-06
6.31832e-06
5.70876e-06
4.81639e-06
3.58663e-06
1.92524e-06
)
;

boundaryField
{
    left
    {
        type            calculated;
        value           uniform 0;
    }
    right
    {
        type            calculated;
        value           uniform 0;
    }
    up
    {
        type            calculated;
        value           nonuniform List<scalar> 
50
(
1.41807e-05
3.1113e-05
4.37349e-05
5.38578e-05
6.21728e-05
6.90792e-05
7.48187e-05
7.9558e-05
8.34246e-05
8.6526e-05
8.89597e-05
9.08184e-05
9.21908e-05
9.31613e-05
9.38086e-05
9.4204e-05
9.44106e-05
9.44823e-05
9.4464e-05
9.43919e-05
9.42946e-05
9.41939e-05
9.41057e-05
9.40412e-05
9.40073e-05
9.40073e-05
9.40412e-05
9.41057e-05
9.41939e-05
9.42946e-05
9.43919e-05
9.4464e-05
9.44823e-05
9.44106e-05
9.4204e-05
9.38086e-05
9.31613e-05
9.21908e-05
9.08184e-05
8.89597e-05
8.6526e-05
8.34246e-05
7.9558e-05
7.48187e-05
6.90792e-05
6.21728e-05
5.38578e-05
4.37349e-05
3.1113e-05
1.41807e-05
)
;
    }
    down
    {
        type            calculated;
        value           nonuniform List<scalar> 
50
(
-8e-05
-8e-05
-8e-05
-8e-05
-8e-05
-8e-05
-8e-05
-8e-05
-8e-05
-8e-05
-8e-05
-8e-05
-8e-05
-8e-05
-8e-05
-8e-05
-8e-05
-8e-05
-8e-05
-8e-05
-8e-05
-8e-05
-8e-05
-8e-05
-8e-05
-8e-05
-8e-05
-8e-05
-8e-05
-8e-05
-8e-05
-8e-05
-8e-05
-8e-05
-8e-05
-8e-05
-8e-05
-8e-05
-8e-05
-8e-05
-8e-05
-8e-05
-8e-05
-8e-05
-8e-05
-8e-05
-8e-05
-8e-05
-8e-05
-8e-05
)
;
    }
    frontAndBack
    {
        type            empty;
        value           nonuniform 0();
    }
}


// ************************************************************************* //
