/*--------------------------------*- C++ -*----------------------------------*\
  =========                 |
  \\      /  F ield         | OpenFOAM: The Open Source CFD Toolbox
   \\    /   O peration     | Website:  https://openfoam.org
    \\  /    A nd           | Version:  6
     \\/     M anipulation  |
\*---------------------------------------------------------------------------*/
FoamFile
{
    version     2.0;
    format      ascii;
    class       volVectorField;
    location    "3200";
    object      U;
}
// * * * * * * * * * * * * * * * * * * * * * * * * * * * * * * * * * * * * * //

dimensions      [0 1 -1 0 0 0 0];

internalField   nonuniform List<vector> 
2500
(
(-0.00438437 0.350276 -5.17399e-19)
(0.0160034 0.406635 0)
(0.0105792 0.401735 -1.53462e-19)
(0.00652148 0.400557 2.51661e-20)
(0.00448955 0.400281 1.29134e-19)
(0.003284 0.400159 0)
(0.00254383 0.400106 9.56066e-20)
(0.00205883 0.400078 -9.5836e-20)
(0.00171912 0.40006 4.23254e-20)
(0.00146796 0.400048 -4.24189e-20)
(0.00127318 0.400039 0)
(0.00111561 0.400032 3.67467e-20)
(0.000983391 0.400027 -3.68187e-20)
(0.000868968 0.400023 0)
(0.000767371 0.400019 0)
(0.000675246 0.400016 0)
(0.000590269 0.400014 -1.55349e-20)
(0.000510776 0.400011 3.97878e-22)
(0.000435544 0.40001 3.40107e-22)
(0.00036364 0.400008 2.94435e-20)
(0.000294325 0.400007 -7.41467e-21)
(0.000226995 0.400006 -1.42963e-20)
(0.000161133 0.400005 1.06359e-20)
(9.62839e-05 0.400005 -5.28244e-21)
(3.20289e-05 0.400005 1.75622e-21)
(-3.20289e-05 0.400005 1.75622e-21)
(-9.6284e-05 0.400005 -5.28244e-21)
(-0.000161133 0.400005 1.06359e-20)
(-0.000226995 0.400006 -1.42963e-20)
(-0.000294325 0.400007 -7.41467e-21)
(-0.00036364 0.400008 2.94435e-20)
(-0.000435544 0.40001 3.40107e-22)
(-0.000510776 0.400011 3.97878e-22)
(-0.000590269 0.400014 -1.55349e-20)
(-0.000675246 0.400016 0)
(-0.000767371 0.400019 0)
(-0.000868968 0.400023 0)
(-0.000983391 0.400027 -3.68187e-20)
(-0.00111561 0.400032 3.67467e-20)
(-0.00127318 0.400039 0)
(-0.00146796 0.400048 -4.24189e-20)
(-0.00171912 0.40006 4.23254e-20)
(-0.00205883 0.400078 -9.5836e-20)
(-0.00254383 0.400106 9.56066e-20)
(-0.003284 0.400159 0)
(-0.00448955 0.400281 1.29134e-19)
(-0.00652148 0.400557 2.51661e-20)
(-0.0105792 0.401735 -1.53462e-19)
(-0.0160034 0.406635 0)
(0.00438437 0.350276 5.17399e-19)
(-0.0161779 0.26024 4.18437e-19)
(0.0248845 0.388899 -4.35931e-19)
(0.0250433 0.403363 0)
(0.0186982 0.402926 0)
(0.0136625 0.401722 0)
(0.010235 0.401009 0)
(0.00796922 0.400635 1.29487e-19)
(0.00643557 0.400428 -1.29927e-19)
(0.00535124 0.400306 0)
(0.00454928 0.400231 0)
(0.00392994 0.400182 0)
(0.00343201 0.400149 0)
(0.003017 0.400126 4.74513e-20)
(0.00266014 0.40011 -4.75713e-20)
(0.00234505 0.400098 0)
(0.0020607 0.40009 0)
(0.00179943 0.400083 -2.08601e-20)
(0.00155577 0.400078 2.09037e-20)
(0.00132573 0.400073 1.99319e-20)
(0.00110628 0.40007 -1.99693e-20)
(0.000895044 0.400068 0)
(0.000690081 0.400066 9.54239e-21)
(0.00048975 0.400064 -9.55719e-21)
(0.000292606 0.400063 0)
(9.73293e-05 0.400063 0)
(-9.73293e-05 0.400063 0)
(-0.000292606 0.400063 0)
(-0.00048975 0.400064 -9.55719e-21)
(-0.000690081 0.400066 9.54239e-21)
(-0.000895044 0.400068 0)
(-0.00110628 0.40007 -1.99693e-20)
(-0.00132573 0.400073 1.99319e-20)
(-0.00155577 0.400078 2.09037e-20)
(-0.00179943 0.400083 -2.08601e-20)
(-0.0020607 0.40009 0)
(-0.00234505 0.400098 0)
(-0.00266014 0.40011 -4.75713e-20)
(-0.003017 0.400126 4.74513e-20)
(-0.00343201 0.400149 0)
(-0.00392994 0.400182 0)
(-0.00454928 0.400231 0)
(-0.00535124 0.400306 0)
(-0.00643557 0.400428 -1.29927e-19)
(-0.00796922 0.400635 1.29487e-19)
(-0.010235 0.401009 0)
(-0.0136625 0.401722 0)
(-0.0186982 0.402926 0)
(-0.0250433 0.403363 0)
(-0.0248845 0.388899 -4.35931e-19)
(0.0161779 0.26024 4.18437e-19)
(-0.0247593 0.199734 -1.97399e-20)
(0.0152555 0.358944 -3.17069e-19)
(0.0290013 0.399525 0)
(0.0271133 0.405336 0)
(0.021761 0.404258 -1.58041e-19)
(0.017022 0.402814 1.5873e-19)
(0.0135002 0.401854 -1.30874e-19)
(0.0109729 0.401267 7.03597e-20)
(0.00913565 0.400907 6.11929e-20)
(0.0077596 0.400679 0)
(0.00669207 0.400532 5.17416e-20)
(0.00583368 0.400433 -1.01359e-19)
(0.00511975 0.400365 9.70842e-20)
(0.00450768 0.400317 -4.76e-20)
(0.003969 0.400282 0)
(0.00348432 0.400257 -4.28109e-20)
(0.00304012 0.400238 4.29048e-20)
(0.00262678 0.400223 2.03e-20)
(0.00223724 0.400211 -4.74269e-22)
(0.00186615 0.400202 -3.94096e-20)
(0.00150934 0.400196 1.95409e-20)
(0.00116343 0.40019 -9.50144e-21)
(0.000825541 0.400187 9.51619e-21)
(0.000493173 0.400184 0)
(0.000164035 0.400183 0)
(-0.000164035 0.400183 0)
(-0.000493173 0.400184 0)
(-0.000825541 0.400187 9.51619e-21)
(-0.00116343 0.40019 -9.50144e-21)
(-0.00150934 0.400196 1.95409e-20)
(-0.00186615 0.400202 -3.94096e-20)
(-0.00223724 0.400211 -4.74269e-22)
(-0.00262678 0.400223 2.03e-20)
(-0.00304012 0.400238 4.29048e-20)
(-0.00348432 0.400257 -4.28109e-20)
(-0.003969 0.400282 0)
(-0.00450768 0.400317 -4.76e-20)
(-0.00511975 0.400365 9.70842e-20)
(-0.00583368 0.400433 -1.01359e-19)
(-0.00669207 0.400532 5.17416e-20)
(-0.0077596 0.400679 0)
(-0.00913565 0.400907 6.11929e-20)
(-0.0109729 0.401267 7.03597e-20)
(-0.0135002 0.401854 -1.30874e-19)
(-0.017022 0.402814 1.5873e-19)
(-0.021761 0.404258 -1.58041e-19)
(-0.0271133 0.405336 0)
(-0.0290013 0.399525 0)
(-0.0152555 0.358944 -3.17069e-19)
(0.0247593 0.199734 6.36182e-19)
(-0.0289946 0.151129 0)
(0.000589464 0.322814 2.37611e-19)
(0.0243233 0.388351 -2.31443e-19)
(0.0302315 0.405183 -1.78465e-19)
(0.0275077 0.406703 2.09534e-20)
(0.0229227 0.405174 1.58594e-19)
(0.0187646 0.40365 6.57101e-20)
(0.0154821 0.402574 -1.2717e-19)
(0.0129746 0.401866 6.14224e-20)
(0.0110465 0.401404 0)
(0.00953033 0.401098 5.17858e-20)
(0.00830364 0.400892 -1.01407e-19)
(0.00728132 0.400749 4.96069e-20)
(0.00640506 0.400648 4.56577e-20)
(0.00563489 0.400575 -8.98501e-20)
(0.0049431 0.400521 4.41835e-20)
(0.0043102 0.400481 0)
(0.00372222 0.40045 2.02269e-20)
(0.00316885 0.400426 -4.00529e-20)
(0.00264231 0.400407 1.98231e-20)
(0.00213652 0.400393 -9.56492e-21)
(0.00164652 0.400383 9.58073e-21)
(0.00116815 0.400375 4.69014e-21)
(0.000697775 0.40037 -2.36183e-21)
(0.000232077 0.400368 -2.33822e-21)
(-0.000232077 0.400368 -2.33822e-21)
(-0.000697775 0.40037 -2.36183e-21)
(-0.00116815 0.400375 4.69014e-21)
(-0.00164652 0.400383 9.58073e-21)
(-0.00213652 0.400393 -9.56492e-21)
(-0.00264231 0.400407 1.98231e-20)
(-0.00316885 0.400426 -4.00529e-20)
(-0.00372222 0.40045 2.02269e-20)
(-0.0043102 0.400481 0)
(-0.0049431 0.400521 4.41835e-20)
(-0.00563489 0.400575 -8.98501e-20)
(-0.00640506 0.400648 4.56577e-20)
(-0.00728132 0.400749 4.96069e-20)
(-0.00830364 0.400892 -1.01407e-19)
(-0.00953033 0.401098 5.17858e-20)
(-0.0110465 0.401404 0)
(-0.0129746 0.401866 6.14224e-20)
(-0.0154821 0.402574 -1.2717e-19)
(-0.0187646 0.40365 6.57101e-20)
(-0.0229227 0.405174 1.58594e-19)
(-0.0275077 0.406703 2.09534e-20)
(-0.0302315 0.405183 -1.78465e-19)
(-0.0243233 0.388351 -2.31443e-19)
(-0.000589464 0.322814 2.37611e-19)
(0.0289946 0.151129 0)
(-0.0292936 0.114855 0)
(-0.0125376 0.285091 0)
(0.0150923 0.370346 0)
(0.0285374 0.400722 -1.72636e-19)
(0.0303168 0.407642 1.72556e-19)
(0.0273727 0.407367 -1.42107e-19)
(0.0233998 0.40571 7.7063e-20)
(0.0197563 0.404217 6.58736e-20)
(0.0167537 0.403129 5.75425e-20)
(0.0143466 0.40238 -3.29607e-21)
(0.012409 0.401869 -5.46043e-20)
(0.0108213 0.401518 0)
(0.00948945 0.401273 0)
(0.00834474 0.401099 0)
(0.00733789 0.400973 0)
(0.00643385 0.40088 0)
(0.00560748 0.40081 2.06698e-20)
(0.00484052 0.400756 -2.07124e-20)
(0.00411944 0.400715 0)
(0.00343395 0.400683 0)
(0.00277595 0.400659 0)
(0.0021389 0.40064 0)
(0.00151728 0.400627 4.66425e-21)
(0.00090624 0.400619 -2.349e-21)
(0.000301398 0.400615 -2.32509e-21)
(-0.000301398 0.400615 -2.32509e-21)
(-0.00090624 0.400619 -2.349e-21)
(-0.00151728 0.400627 4.66425e-21)
(-0.0021389 0.40064 0)
(-0.00277595 0.400659 0)
(-0.00343395 0.400683 0)
(-0.00411944 0.400715 0)
(-0.00484052 0.400756 -2.07124e-20)
(-0.00560748 0.40081 2.06698e-20)
(-0.00643385 0.40088 0)
(-0.00733789 0.400973 0)
(-0.00834474 0.401099 0)
(-0.00948945 0.401273 0)
(-0.0108213 0.401518 0)
(-0.012409 0.401869 -5.46043e-20)
(-0.0143466 0.40238 -3.29607e-21)
(-0.0167537 0.403129 5.75425e-20)
(-0.0197563 0.404217 6.58736e-20)
(-0.0233998 0.40571 7.7063e-20)
(-0.0273727 0.407367 -1.42107e-19)
(-0.0303168 0.407642 1.72556e-19)
(-0.0285374 0.400722 -1.72636e-19)
(-0.0150923 0.370346 0)
(0.0125376 0.285091 0)
(0.0292936 0.114855 0)
(-0.0274591 0.0891304 -3.24367e-20)
(-0.0221246 0.249643 1.36599e-19)
(0.00462212 0.347793 1.77975e-19)
(0.0234854 0.391698 -1.74962e-19)
(0.0302883 0.406125 0)
(0.030081 0.408687 1.40393e-19)
(0.0271219 0.407652 -1.40881e-19)
(0.0236007 0.406017 -6.09998e-20)
(0.0203539 0.404615 3.80067e-21)
(0.0175898 0.403572 5.76167e-20)
(0.0152871 0.40283 5.16705e-20)
(0.0133623 0.402307 -5.18201e-20)
(0.0117295 0.401936 4.72565e-20)
(0.0103177 0.40167 -1.94687e-21)
(0.0090723 0.401477 -4.55388e-20)
(0.00795282 0.401333 -2.12009e-20)
(0.0069294 0.401225 6.63267e-22)
(0.00597991 0.401143 2.06254e-20)
(0.00508774 0.401079 0)
(0.00424011 0.40103 0)
(0.00342696 0.400992 9.46295e-21)
(0.0026401 0.400964 -1.88285e-20)
(0.00187259 0.400944 1.40011e-20)
(0.00111838 0.400931 -6.95128e-21)
(0.000371936 0.400925 2.31109e-21)
(-0.000371936 0.400925 2.31109e-21)
(-0.00111838 0.400931 -6.95128e-21)
(-0.00187259 0.400944 1.40011e-20)
(-0.0026401 0.400964 -1.88285e-20)
(-0.00342696 0.400992 9.46295e-21)
(-0.00424011 0.40103 0)
(-0.00508774 0.401079 0)
(-0.00597991 0.401143 2.06254e-20)
(-0.0069294 0.401225 6.63267e-22)
(-0.00795282 0.401333 -2.12009e-20)
(-0.0090723 0.401477 -4.55388e-20)
(-0.0103177 0.40167 -1.94687e-21)
(-0.0117295 0.401936 4.72565e-20)
(-0.0133623 0.402307 -5.18201e-20)
(-0.0152871 0.40283 5.16705e-20)
(-0.0175898 0.403572 5.76167e-20)
(-0.0203539 0.404615 3.80067e-21)
(-0.0236007 0.406017 -6.09998e-20)
(-0.0271219 0.407652 -1.40881e-19)
(-0.030081 0.408687 1.40393e-19)
(-0.0302883 0.406125 0)
(-0.0234854 0.391698 -1.74962e-19)
(-0.00462212 0.347793 1.77975e-19)
(0.0221246 0.249643 1.36599e-19)
(0.0274591 0.0891304 -2.33129e-19)
(-0.0247913 0.0710263 -7.94717e-20)
(-0.0281238 0.218343 0)
(-0.00506716 0.323167 0)
(0.0166502 0.378827 0)
(0.0279621 0.401777 0)
(0.0310333 0.408583 0)
(0.0297644 0.409089 0)
(0.0268582 0.407757 0)
(0.0236632 0.406216 0)
(0.0207041 0.40493 0)
(0.0181202 0.403958 -5.15151e-20)
(0.0158996 0.403249 2.48932e-21)
(0.0139849 0.402735 4.93096e-20)
(0.0123135 0.402361 4.52694e-20)
(0.0108314 0.402087 -4.53776e-20)
(0.00949554 0.401883 0)
(0.00827291 0.401728 0)
(0.00713824 0.40161 0)
(0.00607218 0.401519 0)
(0.00505967 0.401449 0)
(0.00408872 0.401395 0)
(0.00314951 0.401355 0)
(0.00223369 0.401326 0)
(0.00133395 0.401308 2.29315e-21)
(0.000443614 0.401298 -2.29621e-21)
(-0.000443614 0.401298 -2.29621e-21)
(-0.00133395 0.401308 2.29315e-21)
(-0.00223369 0.401326 0)
(-0.00314951 0.401355 0)
(-0.00408872 0.401395 0)
(-0.00505967 0.401449 0)
(-0.00607218 0.401519 0)
(-0.00713824 0.40161 0)
(-0.00827291 0.401728 0)
(-0.00949554 0.401883 0)
(-0.0108314 0.402087 -4.53776e-20)
(-0.0123135 0.402361 4.52694e-20)
(-0.0139849 0.402735 4.93096e-20)
(-0.0158996 0.403249 2.48932e-21)
(-0.0181202 0.403958 -5.15151e-20)
(-0.0207041 0.40493 0)
(-0.0236632 0.406216 0)
(-0.0268582 0.407757 0)
(-0.0297644 0.409089 0)
(-0.0310333 0.408583 0)
(-0.0279621 0.401777 0)
(-0.0166502 0.378827 0)
(0.00506716 0.323167 0)
(0.0281238 0.218343 0)
(0.0247913 0.0710263 7.94717e-20)
(-0.0219494 0.0582215 0)
(-0.0311753 0.191654 0)
(-0.0129883 0.298374 1.51948e-19)
(0.00933515 0.363205 -1.48033e-19)
(0.0240682 0.394688 0)
(0.0304343 0.406729 0)
(0.0312883 0.409683 0)
(0.0294278 0.409205 -6.00578e-20)
(0.0265899 0.407799 6.02584e-20)
(0.0236229 0.406383 0)
(0.0208637 0.405219 0)
(0.0184045 0.404327 -4.89758e-20)
(0.0162372 0.403662 4.91088e-20)
(0.0143203 0.40317 -4.50752e-20)
(0.0126074 0.402804 8.86297e-20)
(0.0110569 0.402529 -4.35446e-20)
(0.00963451 0.40232 2.03793e-20)
(0.00831302 0.40216 -2.042e-20)
(0.00707097 0.402037 0)
(0.0058913 0.401941 1.89967e-20)
(0.00476026 0.401868 -1.90288e-20)
(0.00366643 0.401814 0)
(0.0026001 0.401774 0)
(0.00155269 0.401749 0)
(0.000516343 0.401737 0)
(-0.000516343 0.401737 0)
(-0.00155269 0.401749 0)
(-0.0026001 0.401774 0)
(-0.00366643 0.401814 0)
(-0.00476026 0.401868 -1.90288e-20)
(-0.0058913 0.401941 1.89967e-20)
(-0.00707097 0.402037 0)
(-0.00831302 0.40216 -2.042e-20)
(-0.00963451 0.40232 2.03793e-20)
(-0.0110569 0.402529 -4.35446e-20)
(-0.0126074 0.402804 8.86297e-20)
(-0.0143203 0.40317 -4.50752e-20)
(-0.0162372 0.403662 4.91088e-20)
(-0.0184045 0.404327 -4.89758e-20)
(-0.0208637 0.405219 0)
(-0.0236229 0.406383 0)
(-0.0265899 0.407799 6.02584e-20)
(-0.0294278 0.409205 -6.00578e-20)
(-0.0312883 0.409683 0)
(-0.0304343 0.406729 0)
(-0.0240682 0.394688 0)
(-0.00933515 0.363205 -1.48033e-19)
(0.0129883 0.298374 1.51948e-19)
(0.0311753 0.191654 0)
(0.0219494 0.0582215 0)
(-0.0192433 0.0490975 0)
(-0.0320665 0.169371 0)
(-0.0188423 0.274685 0)
(0.00245128 0.345966 0)
(0.0193398 0.385256 0)
(0.0286252 0.40303 0)
(0.031769 0.409193 -6.2658e-20)
(0.0312724 0.410151 6.27802e-20)
(0.0290708 0.409219 0)
(0.0262902 0.407847 5.35375e-20)
(0.0234765 0.406565 -5.37021e-20)
(0.0208488 0.405517 0)
(0.0184677 0.404706 0)
(0.0163259 0.40409 0)
(0.0143923 0.403625 0)
(0.0126313 0.403271 0)
(0.0110103 0.403001 0)
(0.00950148 0.402794 0)
(0.00808208 0.402633 0)
(0.00673352 0.402508 0)
(0.00544047 0.402412 0)
(0.00419008 0.402341 0)
(0.00297129 0.40229 0)
(0.00177428 0.402257 0)
(0.000590021 0.40224 0)
(-0.000590021 0.40224 0)
(-0.00177428 0.402257 0)
(-0.00297129 0.40229 0)
(-0.00419008 0.402341 0)
(-0.00544047 0.402412 0)
(-0.00673352 0.402508 0)
(-0.00808208 0.402633 0)
(-0.00950148 0.402794 0)
(-0.0110103 0.403001 0)
(-0.0126313 0.403271 0)
(-0.0143923 0.403625 0)
(-0.0163259 0.40409 0)
(-0.0184677 0.404706 0)
(-0.0208488 0.405517 0)
(-0.0234765 0.406565 -5.37021e-20)
(-0.0262902 0.407847 5.35375e-20)
(-0.0290708 0.409219 0)
(-0.0312724 0.410151 6.27802e-20)
(-0.031769 0.409193 -6.2658e-20)
(-0.0286252 0.40303 0)
(-0.0193398 0.385256 0)
(-0.00245128 0.345966 0)
(0.0188423 0.274685 0)
(0.0320665 0.169371 0)
(0.0192433 0.0490975 0)
(-0.0168034 0.0425227 -1.7454e-20)
(-0.031503 0.151003 8.85207e-20)
(-0.0227271 0.252845 0)
(-0.00346428 0.328104 0)
(0.0143999 0.37404 0)
(0.0260007 0.397588 0)
(0.031366 0.407493 -6.15905e-20)
(0.0324158 0.410425 3.01058e-21)
(0.0310765 0.410344 2.98691e-21)
(0.0286658 0.40923 5.59402e-20)
(0.0259235 0.407941 0)
(0.0232063 0.406788 -4.84229e-20)
(0.020658 0.405849 9.4952e-20)
(0.0183174 0.405113 -4.65157e-20)
(0.0161772 0.404545 0)
(0.0142127 0.404108 -2.07603e-20)
(0.012396 0.403771 4.09325e-20)
(0.0107005 0.40351 -2.01686e-20)
(0.00910327 0.403307 -1.9119e-20)
(0.00758464 0.40315 2.85187e-20)
(0.00612811 0.403028 -1.85941e-20)
(0.00471955 0.402938 9.22639e-21)
(0.00334665 0.402873 -4.50759e-21)
(0.00199836 0.402831 6.75676e-21)
(0.00066453 0.40281 -2.24586e-21)
(-0.00066453 0.40281 -2.24586e-21)
(-0.00199836 0.402831 6.75676e-21)
(-0.00334665 0.402873 -4.50759e-21)
(-0.00471955 0.402938 9.22639e-21)
(-0.00612811 0.403028 -1.85941e-20)
(-0.00758464 0.40315 2.85187e-20)
(-0.00910327 0.403307 -1.9119e-20)
(-0.0107005 0.40351 -2.01686e-20)
(-0.012396 0.403771 4.09325e-20)
(-0.0142127 0.404108 -2.07603e-20)
(-0.0161772 0.404545 0)
(-0.0183174 0.405113 -4.65157e-20)
(-0.020658 0.405849 9.4952e-20)
(-0.0232063 0.406788 -4.84229e-20)
(-0.0259235 0.407941 0)
(-0.0286658 0.40923 5.59402e-20)
(-0.0310765 0.410344 2.98691e-21)
(-0.0324158 0.410425 3.01058e-21)
(-0.031366 0.407493 -6.15905e-20)
(-0.0260007 0.397588 0)
(-0.0143999 0.37404 0)
(0.00346428 0.328104 0)
(0.0227271 0.252845 0)
(0.031503 0.151003 8.85207e-20)
(0.0168034 0.0425227 -1.51538e-19)
(-0.0146636 0.0377082 0)
(-0.0300324 0.135966 1.14406e-19)
(-0.0249272 0.23321 -1.09936e-19)
(-0.0081685 0.310404 0)
(0.00971464 0.361642 -6.49855e-20)
(0.0229444 0.390641 6.42637e-20)
(0.030288 0.404572 6.05145e-20)
(0.0329319 0.40992 -6.04858e-20)
(0.0326106 0.411058 5.51712e-20)
(0.0307275 0.410448 -5.53065e-20)
(0.0281784 0.409292 0)
(0.0254543 0.408106 0)
(0.0227908 0.407071 4.60824e-20)
(0.0202826 0.406228 -1.91373e-21)
(0.0179533 0.40556 -6.57168e-20)
(0.0157948 0.405037 4.19959e-20)
(0.0137871 0.404629 -2.06581e-20)
(0.0119069 0.40431 0)
(0.0101321 0.404061 1.89738e-20)
(0.00844281 0.403867 -1.90061e-20)
(0.00682181 0.403717 0)
(0.00525385 0.403605 -9.0208e-21)
(0.00372549 0.403524 9.03379e-21)
(0.00222456 0.403472 0)
(0.000739742 0.403447 0)
(-0.000739742 0.403447 0)
(-0.00222456 0.403472 0)
(-0.00372549 0.403524 9.03379e-21)
(-0.00525385 0.403605 -9.0208e-21)
(-0.00682181 0.403717 0)
(-0.00844281 0.403867 -1.90061e-20)
(-0.0101321 0.404061 1.89738e-20)
(-0.0119069 0.40431 0)
(-0.0137871 0.404629 -2.06581e-20)
(-0.0157948 0.405037 4.19959e-20)
(-0.0179533 0.40556 -6.57168e-20)
(-0.0202826 0.406228 -1.91373e-21)
(-0.0227908 0.407071 4.60824e-20)
(-0.0254543 0.408106 0)
(-0.0281784 0.409292 0)
(-0.0307275 0.410448 -5.53065e-20)
(-0.0326106 0.411058 5.51712e-20)
(-0.0329319 0.40992 -6.04858e-20)
(-0.030288 0.404572 6.05145e-20)
(-0.0229444 0.390641 6.42637e-20)
(-0.00971464 0.361642 -6.49855e-20)
(0.0081685 0.310404 0)
(0.0249272 0.23321 -1.09936e-19)
(0.0300324 0.135966 1.14406e-19)
(0.0146636 0.0377082 0)
(-0.0128086 0.0341143 1.57436e-19)
(-0.0280442 0.123686 -1.99899e-19)
(-0.0257813 0.215866 1.06897e-19)
(-0.0116196 0.293424 0)
(0.00559199 0.348624 0)
(0.0197879 0.382506 0)
(0.0287601 0.400512 0)
(0.0329301 0.408588 -5.70167e-20)
(0.0337065 0.411279 5.70546e-20)
(0.0324719 0.411422 0)
(0.0302248 0.41056 4.98135e-20)
(0.0275749 0.409431 -4.9941e-20)
(0.024851 0.40835 4.57243e-20)
(0.0222094 0.407421 -4.58336e-20)
(0.0197118 0.406661 0)
(0.0173712 0.406054 0)
(0.0151788 0.405572 0)
(0.0131169 0.405193 -1.9283e-20)
(0.0111658 0.404894 3.81341e-20)
(0.00930602 0.40466 -1.88486e-20)
(0.00752004 0.404479 0)
(0.00579187 0.404343 8.94156e-21)
(0.00410706 0.404245 -4.52382e-21)
(0.00245241 0.404182 -2.23213e-21)
(0.00081551 0.404151 -2.20695e-21)
(-0.00081551 0.404151 -2.20695e-21)
(-0.00245241 0.404182 -2.23213e-21)
(-0.00410706 0.404245 -4.52382e-21)
(-0.00579187 0.404343 8.94156e-21)
(-0.00752004 0.404479 0)
(-0.00930602 0.40466 -1.88486e-20)
(-0.0111658 0.404894 3.81341e-20)
(-0.0131169 0.405193 -1.9283e-20)
(-0.0151788 0.405572 0)
(-0.0173712 0.406054 0)
(-0.0197118 0.406661 0)
(-0.0222094 0.407421 -4.58336e-20)
(-0.024851 0.40835 4.57243e-20)
(-0.0275749 0.409431 -4.9941e-20)
(-0.0302248 0.41056 4.98135e-20)
(-0.0324719 0.411422 0)
(-0.0337065 0.411279 5.70546e-20)
(-0.0329301 0.408588 -5.70167e-20)
(-0.0287601 0.400512 0)
(-0.0197879 0.382506 0)
(-0.00559199 0.348624 0)
(0.0116196 0.293424 0)
(0.0257813 0.215866 1.06897e-19)
(0.0280442 0.123686 -1.99899e-19)
(0.0128086 0.0341143 1.1235e-20)
(-0.0112027 0.0313765 0)
(-0.0257974 0.11365 0)
(-0.0256116 0.200732 -5.9778e-20)
(-0.0138966 0.277529 5.79047e-20)
(0.00220454 0.335469 -6.18364e-20)
(0.016792 0.373528 6.08933e-20)
(0.0269981 0.395462 0)
(0.0325393 0.406443 0)
(0.0344211 0.410955 0)
(0.0339129 0.412093 0)
(0.0320571 0.411693 -4.93268e-20)
(0.0295562 0.410729 9.66908e-20)
(0.026826 0.40966 -4.73609e-20)
(0.0240875 0.408677 2.17856e-20)
(0.0214444 0.40784 -4.28257e-20)
(0.0189354 0.407153 2.10357e-20)
(0.0165662 0.406599 0)
(0.014327 0.406157 1.91132e-20)
(0.0122015 0.405806 -3.77943e-20)
(0.0101721 0.405529 9.54806e-21)
(0.00822116 0.405315 9.14457e-21)
(0.00633238 0.405152 8.85701e-21)
(0.00449053 0.405036 -4.48125e-21)
(0.00268143 0.404961 -2.21082e-21)
(0.000891675 0.404924 -2.18562e-21)
(-0.000891675 0.404924 -2.18562e-21)
(-0.00268143 0.404961 -2.21082e-21)
(-0.00449053 0.405036 -4.48125e-21)
(-0.00633238 0.405152 8.85701e-21)
(-0.00822116 0.405315 9.14457e-21)
(-0.0101721 0.405529 9.54806e-21)
(-0.0122015 0.405806 -3.77943e-20)
(-0.014327 0.406157 1.91132e-20)
(-0.0165662 0.406599 0)
(-0.0189354 0.407153 2.10357e-20)
(-0.0214444 0.40784 -4.28257e-20)
(-0.0240875 0.408677 2.17856e-20)
(-0.026826 0.40966 -4.73609e-20)
(-0.0295562 0.410729 9.66908e-20)
(-0.0320571 0.411693 -4.93268e-20)
(-0.0339129 0.412093 0)
(-0.0344211 0.410955 0)
(-0.0325393 0.406443 0)
(-0.0269981 0.395462 0)
(-0.016792 0.373528 6.08933e-20)
(-0.00220454 0.335469 -6.18364e-20)
(0.0138966 0.277529 5.79047e-20)
(0.0256116 0.200732 -5.9778e-20)
(0.0257974 0.11365 0)
(0.0112027 0.0313765 0)
(-0.0098048 0.0292498 0)
(-0.0234541 0.10543 5.43668e-20)
(-0.0246919 0.18764 -5.25481e-20)
(-0.015139 0.262921 -6.06561e-20)
(-0.000378364 0.322558 5.91727e-20)
(0.0141437 0.364045 5.94549e-20)
(0.025192 0.389614 -5.88612e-20)
(0.0318933 0.403547 5.54376e-20)
(0.0348268 0.410076 -1.08546e-19)
(0.0350794 0.412417 5.32176e-20)
(0.0336801 0.412649 0)
(0.0313923 0.411964 0)
(0.0287068 0.410979 0)
(0.0259077 0.409982 0)
(0.0231432 0.409088 0)
(0.0204811 0.408331 0)
(0.0179444 0.407707 0)
(0.0155331 0.407202 0)
(0.0132363 0.406796 0)
(0.0110386 0.406475 0)
(0.00892335 0.406224 0)
(0.00687406 0.406034 0)
(0.00487498 0.405897 4.34279e-21)
(0.00291109 0.405809 -2.18808e-21)
(0.000968059 0.405765 -2.16289e-21)
(-0.000968059 0.405765 -2.16289e-21)
(-0.00291109 0.405809 -2.18808e-21)
(-0.00487498 0.405897 4.34279e-21)
(-0.00687406 0.406034 0)
(-0.00892335 0.406224 0)
(-0.0110386 0.406475 0)
(-0.0132363 0.406796 0)
(-0.0155331 0.407202 0)
(-0.0179444 0.407707 0)
(-0.0204811 0.408331 0)
(-0.0231432 0.409088 0)
(-0.0259077 0.409982 0)
(-0.0287068 0.410979 0)
(-0.0313923 0.411964 0)
(-0.0336801 0.412649 0)
(-0.0350794 0.412417 5.32176e-20)
(-0.0348268 0.410076 -1.08546e-19)
(-0.0318933 0.403547 5.54376e-20)
(-0.025192 0.389614 -5.88612e-20)
(-0.0141437 0.364045 5.94549e-20)
(0.000378364 0.322558 5.91727e-20)
(0.015139 0.262921 -6.06561e-20)
(0.0246919 0.18764 -5.25481e-20)
(0.0234541 0.10543 5.43668e-20)
(0.0098048 0.0292498 0)
(-0.00857588 0.0275699 0)
(-0.0211091 0.098677 0)
(-0.0232394 0.176383 0)
(-0.0155066 0.249691 0)
(-0.00215891 0.310178 0)
(0.0119629 0.354361 0)
(0.0234967 0.383182 0)
(0.03112 0.399999 0)
(0.0350044 0.408659 0)
(0.0360116 0.412375 0)
(0.0351076 0.413396 0)
(0.0330832 0.413107 0)
(0.0304877 0.412283 0)
(0.0276626 0.411318 0)
(0.0248012 0.410393 0)
(0.0220022 0.409579 0)
(0.0193083 0.408891 1.9268e-20)
(0.0167313 0.408324 -1.93014e-20)
(0.0142669 0.407864 0)
(0.0119031 0.407497 0)
(0.00962466 0.407208 0)
(0.00741547 0.406989 0)
(0.0052594 0.40683 0)
(0.0031408 0.406727 0)
(0.00104447 0.406677 0)
(-0.00104447 0.406677 0)
(-0.0031408 0.406727 0)
(-0.0052594 0.40683 0)
(-0.00741547 0.406989 0)
(-0.00962466 0.407208 0)
(-0.0119031 0.407497 0)
(-0.0142669 0.407864 0)
(-0.0167313 0.408324 -1.93014e-20)
(-0.0193083 0.408891 1.9268e-20)
(-0.0220022 0.409579 0)
(-0.0248012 0.410393 0)
(-0.0276626 0.411318 0)
(-0.0304877 0.412283 0)
(-0.0330832 0.413107 0)
(-0.0351076 0.413396 0)
(-0.0360116 0.412375 0)
(-0.0350044 0.408659 0)
(-0.03112 0.399999 0)
(-0.0234967 0.383182 0)
(-0.0119629 0.354361 0)
(0.00215891 0.310178 0)
(0.0155066 0.249691 0)
(0.0232394 0.176383 0)
(0.0211091 0.098677 0)
(0.00857588 0.0275699 0)
(-0.00748196 0.0262256 0)
(-0.0188127 0.0931126 0)
(-0.0214178 0.166749 0)
(-0.0151556 0.237845 0)
(-0.0031839 0.298528 -5.90115e-20)
(0.010314 0.344736 1.15712e-19)
(0.02203 0.376375 -5.70828e-20)
(0.0303334 0.395923 0)
(0.0350358 0.406753 -5.1861e-20)
(0.0367568 0.411969 5.18063e-20)
(0.0363611 0.413914 4.76757e-20)
(0.0346348 0.414133 -4.77403e-20)
(0.0321666 0.413551 0)
(0.0293471 0.412671 0)
(0.0264125 0.411746 -2.03468e-20)
(0.023493 0.410892 2.03844e-20)
(0.0206529 0.410148 -1.90478e-20)
(0.0179174 0.409523 1.90796e-20)
(0.0152899 0.409009 0)
(0.0127628 0.408594 -8.83744e-21)
(0.010323 0.408266 1.66285e-22)
(0.00795503 0.408015 8.6953e-21)
(0.00564272 0.407834 -4.24293e-21)
(0.00336992 0.407716 6.35838e-21)
(0.00112069 0.407658 -2.11274e-21)
(-0.00112069 0.407658 -2.11274e-21)
(-0.00336992 0.407716 6.35838e-21)
(-0.00564272 0.407834 -4.24293e-21)
(-0.00795503 0.408015 8.6953e-21)
(-0.010323 0.408266 1.66285e-22)
(-0.0127628 0.408594 -8.83744e-21)
(-0.0152899 0.409009 0)
(-0.0179174 0.409523 1.90796e-20)
(-0.0206529 0.410148 -1.90478e-20)
(-0.023493 0.410892 2.03844e-20)
(-0.0264125 0.411746 -2.03468e-20)
(-0.0293471 0.412671 0)
(-0.0321666 0.413551 0)
(-0.0346348 0.414133 -4.77403e-20)
(-0.0363611 0.413914 4.76757e-20)
(-0.0367568 0.411969 5.18063e-20)
(-0.0350358 0.406753 -5.1861e-20)
(-0.0303334 0.395923 0)
(-0.02203 0.376375 -5.70828e-20)
(-0.010314 0.344736 1.15712e-19)
(0.0031839 0.298528 -5.90115e-20)
(0.0151556 0.237845 0)
(0.0214178 0.166749 0)
(0.0188127 0.0931126 0)
(0.00748196 0.0262256 0)
(-0.00649467 0.0251409 4.60778e-20)
(-0.0165869 0.0885187 5.55132e-20)
(-0.0193454 0.158533 -5.3908e-20)
(-0.0142254 0.227342 0)
(-0.00352414 0.287735 5.84617e-20)
(0.00921948 0.335381 -5.73053e-20)
(0.0208742 0.369394 -5.54006e-20)
(0.0296289 0.391456 5.49143e-20)
(0.0349991 0.404426 0)
(0.0373657 0.411218 0)
(0.0374674 0.414197 -2.35365e-20)
(0.0360575 0.415028 2.35584e-20)
(0.0337446 0.414767 0)
(0.0309578 0.414026 0)
(0.027972 0.413136 -2.00935e-20)
(0.0249485 0.412262 2.01289e-20)
(0.0219737 0.411473 0)
(0.0190873 0.410795 0)
(0.016302 0.410228 0)
(0.0136151 0.409766 -8.72488e-21)
(0.0110162 0.409398 8.73681e-21)
(0.0084911 0.409115 0)
(0.00602377 0.40891 0)
(0.00359776 0.408776 0)
(0.0011965 0.40871 0)
(-0.0011965 0.40871 0)
(-0.00359776 0.408776 0)
(-0.00602377 0.40891 0)
(-0.0084911 0.409115 0)
(-0.0110162 0.409398 8.73681e-21)
(-0.0136151 0.409766 -8.72488e-21)
(-0.016302 0.410228 0)
(-0.0190873 0.410795 0)
(-0.0219737 0.411473 0)
(-0.0249485 0.412262 2.01289e-20)
(-0.027972 0.413136 -2.00935e-20)
(-0.0309578 0.414026 0)
(-0.0337446 0.414767 0)
(-0.0360575 0.415028 2.35584e-20)
(-0.0374674 0.414197 -2.35365e-20)
(-0.0373657 0.411218 0)
(-0.0349991 0.404426 0)
(-0.0296289 0.391456 5.49143e-20)
(-0.0208742 0.369394 -5.54006e-20)
(-0.00921948 0.335381 -5.73053e-20)
(0.00352414 0.287735 5.84617e-20)
(0.0142254 0.227342 0)
(0.0193454 0.158533 -5.3908e-20)
(0.0165869 0.0885187 5.55132e-20)
(0.00649468 0.0251409 -4.60778e-20)
(-0.0055909 0.024263 -4.77419e-20)
(-0.0144369 0.0847248 0)
(-0.0171051 0.151554 0)
(-0.0128343 0.218106 -5.85715e-20)
(-0.00325997 0.277869 5.71095e-20)
(0.00867156 0.326458 0)
(0.0200805 0.362417 -5.48101e-20)
(0.0290816 0.386736 5.42699e-20)
(0.0349639 0.401762 0)
(0.0378888 0.410159 -2.42319e-20)
(0.0384565 0.414253 9.9151e-22)
(0.0373658 0.415784 2.32333e-20)
(0.035226 0.415918 0)
(0.0324935 0.415372 2.0565e-20)
(0.0294759 0.414554 -2.05986e-20)
(0.0263639 0.413683 1.91487e-20)
(0.0232659 0.412862 -1.91796e-20)
(0.020237 0.412137 0)
(0.0172996 0.41152 0)
(0.014457 0.411011 0)
(0.011702 0.410602 0)
(0.00902196 0.410287 0)
(0.00640137 0.410056 0)
(0.00382362 0.409906 0)
(0.00127167 0.409832 0)
(-0.00127167 0.409832 0)
(-0.00382362 0.409906 0)
(-0.00640137 0.410056 0)
(-0.00902196 0.410287 0)
(-0.011702 0.410602 0)
(-0.014457 0.411011 0)
(-0.0172996 0.41152 0)
(-0.020237 0.412137 0)
(-0.0232659 0.412862 -1.91796e-20)
(-0.0263639 0.413683 1.91487e-20)
(-0.0294759 0.414554 -2.05986e-20)
(-0.0324935 0.415372 2.0565e-20)
(-0.035226 0.415918 0)
(-0.0373658 0.415784 2.32333e-20)
(-0.0384565 0.414253 9.9151e-22)
(-0.0378888 0.410159 -2.42319e-20)
(-0.0349639 0.401762 0)
(-0.0290816 0.386736 5.42699e-20)
(-0.0200805 0.362417 -5.48101e-20)
(-0.00867156 0.326458 0)
(0.00325997 0.277869 5.71095e-20)
(0.0128343 0.218106 -5.85715e-20)
(0.0171051 0.151554 0)
(0.0144369 0.0847248 0)
(0.0055909 0.024263 4.77419e-20)
(-0.00475209 0.0235549 0)
(-0.0123585 0.0815981 0)
(-0.0147527 0.145652 0)
(-0.0110781 0.21005 0)
(-0.00247178 0.268959 0)
(0.00864293 0.31809 5.62167e-20)
(0.0196747 0.355596 -5.53386e-20)
(0.0287467 0.381897 2.60558e-20)
(0.0349892 0.398853 -2.58813e-20)
(0.0383734 0.408842 0)
(0.0393596 0.414101 0)
(0.0385761 0.416402 0)
(0.0366173 0.416999 0)
(0.0339545 0.4167 0)
(0.0309216 0.415991 0)
(0.0277353 0.415147 0)
(0.0245254 0.414309 0)
(0.0213624 0.413545 0)
(0.0182792 0.412882 0)
(0.0152855 0.412328 0)
(0.012378 0.411879 0)
(0.00954575 0.41153 0)
(0.0067742 0.411274 0)
(0.00404673 0.411107 0)
(0.00134593 0.411024 0)
(-0.00134593 0.411024 0)
(-0.00404673 0.411107 0)
(-0.0067742 0.411274 0)
(-0.00954575 0.41153 0)
(-0.012378 0.411879 0)
(-0.0152855 0.412328 0)
(-0.0182792 0.412882 0)
(-0.0213624 0.413545 0)
(-0.0245254 0.414309 0)
(-0.0277353 0.415147 0)
(-0.0309216 0.415991 0)
(-0.0339545 0.4167 0)
(-0.0366173 0.416999 0)
(-0.0385761 0.416402 0)
(-0.0393596 0.414101 0)
(-0.0383734 0.408842 0)
(-0.0349892 0.398853 -2.58813e-20)
(-0.0287467 0.381897 2.60558e-20)
(-0.0196747 0.355596 -5.53386e-20)
(-0.00864293 0.31809 5.62167e-20)
(0.00247178 0.268959 0)
(0.0110781 0.21005 0)
(0.0147527 0.145652 0)
(0.0123585 0.0815981 0)
(0.00475209 0.0235549 0)
(-0.00396348 0.0229896 -5.19287e-20)
(-0.0103429 0.079035 5.51288e-20)
(-0.012325 0.14069 -5.85017e-20)
(-0.00903313 0.203083 5.69704e-20)
(-0.001235 0.261006 2.87262e-20)
(0.0090945 0.310361 -2.33673e-22)
(0.0196625 0.349061 -2.74468e-20)
(0.028661 0.377066 2.57542e-20)
(0.0351223 0.395794 -9.2189e-22)
(0.0388617 0.407325 -9.68461e-22)
(0.0402065 0.413767 -2.35145e-20)
(0.0397062 0.41689 -2.1603e-20)
(0.0379264 0.418006 8.82757e-22)
(0.0353424 0.418003 8.20329e-22)
(0.0323069 0.417441 1.9957e-20)
(0.0290589 0.416649 0)
(0.0257478 0.415809 8.98702e-21)
(0.0224593 0.415016 -8.99956e-21)
(0.019237 0.414312 -8.51614e-21)
(0.0160975 0.413715 8.52701e-21)
(0.0130415 0.413226 0)
(0.0100605 0.412843 4.0374e-21)
(0.00714087 0.412561 -4.04178e-21)
(0.00426625 0.412376 9.94155e-22)
(0.00141902 0.412285 -9.95129e-22)
(-0.00141902 0.412285 -9.95129e-22)
(-0.00426625 0.412376 9.94155e-22)
(-0.00714087 0.412561 -4.04178e-21)
(-0.0100605 0.412843 4.0374e-21)
(-0.0130415 0.413226 0)
(-0.0160975 0.413715 8.52701e-21)
(-0.019237 0.414312 -8.51614e-21)
(-0.0224593 0.415016 -8.99956e-21)
(-0.0257478 0.415809 8.98702e-21)
(-0.0290589 0.416649 0)
(-0.0323069 0.417441 1.9957e-20)
(-0.0353424 0.418003 8.20329e-22)
(-0.0379264 0.418006 8.82757e-22)
(-0.0397062 0.41689 -2.1603e-20)
(-0.0402065 0.413767 -2.35145e-20)
(-0.0388617 0.407325 -9.68461e-22)
(-0.0351223 0.395794 -9.2189e-22)
(-0.028661 0.377066 2.57542e-20)
(-0.0196625 0.349061 -2.74468e-20)
(-0.0090945 0.310361 -2.33673e-22)
(0.001235 0.261006 2.87262e-20)
(0.00903313 0.203083 5.69704e-20)
(0.012325 0.14069 -5.85017e-20)
(0.0103429 0.079035 5.51288e-20)
(0.00396348 0.0229896 -5.19287e-20)
(-0.00321322 0.0225474 -2.603e-20)
(-0.00837914 0.0769543 0)
(-0.00984517 0.136554 2.94008e-20)
(-0.00675881 0.197113 -2.86527e-20)
(0.000382668 0.25399 0)
(0.00998113 0.303328 0)
(0.0200348 0.342913 0)
(0.028845 0.372354 0)
(0.035398 0.392677 0)
(0.0393889 0.405672 2.32066e-20)
(0.0410249 0.41329 -2.31452e-20)
(0.0407736 0.417264 0)
(0.0391623 0.418943 0)
(0.03666 0.419279 0)
(0.0336308 0.418897 0)
(0.0303316 0.418182 0)
(0.0269292 0.417358 0)
(0.0235239 0.416545 0)
(0.0201694 0.415807 0)
(0.0168898 0.415169 0)
(0.01369 0.414641 0)
(0.0105642 0.414225 0)
(0.00749997 0.413917 0)
(0.00448134 0.413715 0)
(0.00149065 0.413614 0)
(-0.00149065 0.413614 0)
(-0.00448134 0.413715 0)
(-0.00749997 0.413917 0)
(-0.0105642 0.414225 0)
(-0.01369 0.414641 0)
(-0.0168898 0.415169 0)
(-0.0201694 0.415807 0)
(-0.0235239 0.416545 0)
(-0.0269292 0.417358 0)
(-0.0303316 0.418182 0)
(-0.0336308 0.418897 0)
(-0.03666 0.419279 0)
(-0.0391623 0.418943 0)
(-0.0407736 0.417264 0)
(-0.0410249 0.41329 -2.31452e-20)
(-0.0393889 0.405672 2.32066e-20)
(-0.035398 0.392677 0)
(-0.028845 0.372354 0)
(-0.0200348 0.342913 0)
(-0.00998113 0.303328 0)
(-0.000382668 0.25399 0)
(0.00675881 0.197113 -2.86527e-20)
(0.00984517 0.136554 2.94008e-20)
(0.00837914 0.0769543 0)
(0.00321322 0.0225474 2.603e-20)
(-0.00249174 0.0222133 -2.70273e-20)
(-0.00645593 0.0752916 5.82511e-20)
(-0.00732697 0.133145 7.09602e-22)
(-0.00430059 0.192054 -2.88067e-20)
(0.00232215 0.247878 -2.84739e-20)
(0.0112558 0.29702 2.78873e-20)
(0.0207716 0.337231 0)
(0.0293057 0.367857 0)
(0.0358397 0.389593 0)
(0.0399827 0.403949 0)
(0.0418386 0.412709 0)
(0.0417949 0.417546 0)
(0.0403341 0.419818 -9.99293e-21)
(0.0379105 0.420527 1.9599e-20)
(0.0348928 0.420357 -9.60992e-21)
(0.0315508 0.419743 8.93236e-21)
(0.0280662 0.41895 -8.94323e-21)
(0.0245522 0.418129 0)
(0.0210729 0.417362 0)
(0.0176592 0.416687 0)
(0.014321 0.416123 0)
(0.0110549 0.415674 0)
(0.00785006 0.41534 0)
(0.00469115 0.415119 0)
(0.00156053 0.41501 0)
(-0.00156053 0.41501 0)
(-0.00469115 0.415119 0)
(-0.00785006 0.41534 0)
(-0.0110549 0.415674 0)
(-0.014321 0.416123 0)
(-0.0176592 0.416687 0)
(-0.0210729 0.417362 0)
(-0.0245522 0.418129 0)
(-0.0280662 0.41895 -8.94323e-21)
(-0.0315508 0.419743 8.93236e-21)
(-0.0348928 0.420357 -9.60992e-21)
(-0.0379105 0.420527 1.9599e-20)
(-0.0403341 0.419818 -9.99293e-21)
(-0.0417949 0.417546 0)
(-0.0418386 0.412709 0)
(-0.0399827 0.403949 0)
(-0.0358397 0.389593 0)
(-0.0293057 0.367857 0)
(-0.0207716 0.337231 0)
(-0.0112558 0.29702 2.78873e-20)
(-0.00232215 0.247878 -2.84739e-20)
(0.00430059 0.192054 -2.88067e-20)
(0.00732697 0.133145 7.09602e-22)
(0.00645593 0.0752916 5.82511e-20)
(0.00249174 0.0222133 -2.70273e-20)
(-0.00179129 0.0219759 0)
(-0.00456244 0.0739957 -2.98376e-20)
(-0.00477812 0.130382 2.91287e-20)
(-0.00169332 0.187829 -1.45748e-20)
(0.0045326 0.242627 7.70482e-23)
(0.0128719 0.291452 1.38741e-20)
(0.021846 0.332073 1.30187e-20)
(0.0300389 0.363656 -1.28476e-20)
(0.0364598 0.38662 0)
(0.0406627 0.40222 0)
(0.0426668 0.41207 0)
(0.0427845 0.41776 -1.02185e-20)
(0.0414503 0.420643 1.02123e-20)
(0.0390976 0.421752 4.70016e-21)
(0.036093 0.421818 -4.7035e-21)
(0.0327144 0.421327 4.37116e-21)
(0.0291554 0.420582 -4.37599e-21)
(0.0255408 0.419764 4.11489e-21)
(0.021944 0.418974 -8.13212e-21)
(0.0184028 0.418267 2.05344e-21)
(0.0149318 0.417667 1.96554e-21)
(0.0115305 0.417187 0)
(0.00818972 0.416827 0)
(0.00489482 0.416589 0)
(0.00162839 0.41647 0)
(-0.00162839 0.41647 0)
(-0.00489482 0.416589 0)
(-0.00818972 0.416827 0)
(-0.0115305 0.417187 0)
(-0.0149318 0.417667 1.96554e-21)
(-0.0184028 0.418267 2.05344e-21)
(-0.021944 0.418974 -8.13212e-21)
(-0.0255408 0.419764 4.11489e-21)
(-0.0291554 0.420582 -4.37599e-21)
(-0.0327144 0.421327 4.37116e-21)
(-0.036093 0.421818 -4.7035e-21)
(-0.0390976 0.421752 4.70016e-21)
(-0.0414503 0.420643 1.02123e-20)
(-0.0427845 0.41776 -1.02185e-20)
(-0.0426668 0.41207 0)
(-0.0406627 0.40222 0)
(-0.0364598 0.38662 0)
(-0.0300389 0.363656 -1.28476e-20)
(-0.021846 0.332073 1.30187e-20)
(-0.0128719 0.291452 1.38741e-20)
(-0.0045326 0.242627 7.70482e-23)
(0.00169332 0.187829 -1.45748e-20)
(0.00477812 0.130382 2.91287e-20)
(0.00456244 0.0739957 -2.98376e-20)
(0.00179129 0.0219759 0)
(-0.00110554 0.0218261 0)
(-0.00268894 0.0730255 0)
(-0.00220265 0.128197 0)
(0.0010362 0.184366 0)
(0.00697053 0.238196 0)
(0.0147849 0.286622 1.34953e-20)
(0.0232264 0.32748 -6.83758e-21)
(0.0310317 0.359815 -6.34239e-21)
(0.0372615 0.383828 0)
(0.0414411 0.400548 0)
(0.0435235 0.411417 0)
(0.0437541 0.417936 0)
(0.0425187 0.421432 0)
(0.0402248 0.422958 0)
(0.0372315 0.423282 4.42208e-21)
(0.0338205 0.422932 -2.2907e-21)
(0.030194 0.42225 -2.13716e-21)
(0.0264863 0.421444 0)
(0.0227794 0.42064 0)
(0.0191176 0.419904 0)
(0.0155199 0.419272 0)
(0.0119891 0.418761 0)
(0.00851754 0.418377 0)
(0.00509151 0.418121 0)
(0.00169395 0.417993 0)
(-0.00169395 0.417993 0)
(-0.00509151 0.418121 0)
(-0.00851754 0.418377 0)
(-0.0119891 0.418761 0)
(-0.0155199 0.419272 0)
(-0.0191176 0.419904 0)
(-0.0227794 0.42064 0)
(-0.0264863 0.421444 0)
(-0.030194 0.42225 -2.13716e-21)
(-0.0338205 0.422932 -2.2907e-21)
(-0.0372315 0.423282 4.42208e-21)
(-0.0402248 0.422958 0)
(-0.0425187 0.421432 0)
(-0.0437541 0.417936 0)
(-0.0435235 0.411417 0)
(-0.0414411 0.400548 0)
(-0.0372615 0.383828 0)
(-0.0310317 0.359815 -6.34239e-21)
(-0.0232264 0.32748 -6.83758e-21)
(-0.0147849 0.286622 1.34953e-20)
(-0.00697053 0.238196 0)
(-0.0010362 0.184366 0)
(0.00220265 0.128197 0)
(0.00268894 0.0730255 0)
(0.00110554 0.0218261 0)
(-0.000429302 0.0217569 3.50746e-21)
(-0.000826931 0.0723479 3.78207e-21)
(0.000397549 0.126533 2.09083e-23)
(0.00386692 0.181603 -3.63161e-21)
(0.00959854 0.234538 0)
(0.0169528 0.28252 0)
(0.0248787 0.323477 0)
(0.0322648 0.356388 0)
(0.0382397 0.38128 0)
(0.0423225 0.398988 0)
(0.0444176 0.410795 2.56064e-21)
(0.0447123 0.418104 -2.55374e-21)
(0.043545 0.422204 0)
(0.0412948 0.424153 0)
(0.0383085 0.424749 -1.07792e-21)
(0.0348674 0.424556 1.07866e-21)
(0.0311792 0.423949 0)
(0.0273857 0.423167 0)
(0.023576 0.422355 0)
(0.0198007 0.421596 0)
(0.0160831 0.420934 0)
(0.0124288 0.420394 0)
(0.00883217 0.419986 0)
(0.00528041 0.419712 0)
(0.00175692 0.419576 0)
(-0.00175692 0.419576 0)
(-0.00528041 0.419712 0)
(-0.00883217 0.419986 0)
(-0.0124288 0.420394 0)
(-0.0160831 0.420934 0)
(-0.0198007 0.421596 0)
(-0.023576 0.422355 0)
(-0.0273857 0.423167 0)
(-0.0311792 0.423949 0)
(-0.0348674 0.424556 1.07866e-21)
(-0.0383085 0.424749 -1.07792e-21)
(-0.0412948 0.424153 0)
(-0.043545 0.422204 0)
(-0.0447123 0.418104 -2.55374e-21)
(-0.0444176 0.410795 2.56064e-21)
(-0.0423225 0.398988 0)
(-0.0382397 0.38128 0)
(-0.0322648 0.356388 0)
(-0.0248787 0.323477 0)
(-0.0169528 0.28252 0)
(-0.00959854 0.234538 0)
(-0.00386692 0.181603 -3.63161e-21)
(-0.000397549 0.126533 2.09084e-23)
(0.000826931 0.0723479 3.78207e-21)
(0.000429302 0.0217569 -3.50746e-21)
(0.000241722 0.0217625 3.55002e-21)
(0.00103077 0.0719361 -3.79631e-21)
(0.00302156 0.125343 -1.47803e-25)
(0.00678182 0.179485 3.62853e-21)
(0.0123841 0.231609 0)
(0.0193361 0.279128 0)
(0.0267672 0.320079 0)
(0.0337134 0.35341 0)
(0.0393825 0.379023 -2.78211e-21)
(0.043305 0.397589 2.76127e-21)
(0.0453527 0.410244 -2.49833e-21)
(0.0456641 0.418292 2.49076e-21)
(0.0445336 0.422975 0)
(0.0423098 0.425347 0)
(0.0393243 0.426223 0)
(0.0358538 0.426198 -1.01252e-21)
(0.0321087 0.425678 3.24906e-23)
(0.028236 0.424929 9.81661e-22)
(0.024331 0.424115 0)
(0.0204495 0.423337 -4.55164e-22)
(0.016619 0.422649 8.28661e-24)
(0.0128479 0.422082 4.47621e-22)
(0.00913235 0.42165 -2.18486e-22)
(0.00546076 0.42136 1.1e-22)
(0.00181707 0.421215 1.08702e-22)
(-0.00181707 0.421215 1.08702e-22)
(-0.00546076 0.42136 1.1e-22)
(-0.00913235 0.42165 -2.18486e-22)
(-0.0128479 0.422082 4.47621e-22)
(-0.016619 0.422649 8.28661e-24)
(-0.0204495 0.423337 -4.55164e-22)
(-0.024331 0.424115 0)
(-0.028236 0.424929 9.81661e-22)
(-0.0321087 0.425678 3.24906e-23)
(-0.0358538 0.426198 -1.01252e-21)
(-0.0393243 0.426223 0)
(-0.0423098 0.425347 0)
(-0.0445336 0.422975 0)
(-0.0456641 0.418292 2.49076e-21)
(-0.0453527 0.410244 -2.49833e-21)
(-0.043305 0.397589 2.76127e-21)
(-0.0393825 0.379023 -2.78211e-21)
(-0.0337134 0.35341 0)
(-0.0267672 0.320079 0)
(-0.0193361 0.279128 0)
(-0.0123841 0.231609 0)
(-0.00678182 0.179485 3.62853e-21)
(-0.00302156 0.125343 -1.47808e-25)
(-0.00103077 0.0719361 -3.79631e-21)
(-0.000241722 0.0217625 -3.55002e-21)
(0.000911093 0.0218384 0)
(0.00289006 0.0717685 0)
(0.00566872 0.124588 0)
(0.00976644 0.177964 0)
(0.0152984 0.22937 0)
(0.0218976 0.276426 -1.29649e-20)
(0.0288556 0.317288 6.62884e-21)
(0.0353494 0.350908 6.03811e-21)
(0.0406728 0.377099 5.43484e-21)
(0.0443812 0.396394 -5.39283e-21)
(0.0463276 0.409802 0)
(0.0466113 0.418529 0)
(0.0454864 0.423765 0)
(0.043271 0.426549 0)
(0.0402786 0.427708 -4.07245e-21)
(0.0367783 0.427858 2.10836e-21)
(0.0329802 0.427434 3.87125e-21)
(0.0290348 0.426725 -1.90575e-21)
(0.0250419 0.425917 0)
(0.0210618 0.425124 0)
(0.0171256 0.424413 0)
(0.0132447 0.423821 0)
(0.0094169 0.423367 0)
(0.00563185 0.423061 2.11081e-22)
(0.00187415 0.422908 -2.11199e-22)
(-0.00187415 0.422908 -2.11199e-22)
(-0.00563185 0.423061 2.11081e-22)
(-0.0094169 0.423367 0)
(-0.0132447 0.423821 0)
(-0.0171256 0.424413 0)
(-0.0210618 0.425124 0)
(-0.0250419 0.425917 0)
(-0.0290348 0.426725 -1.90575e-21)
(-0.0329802 0.427434 3.87125e-21)
(-0.0367783 0.427858 2.10836e-21)
(-0.0402786 0.427708 -4.07245e-21)
(-0.043271 0.426549 0)
(-0.0454864 0.423765 0)
(-0.0466113 0.418529 0)
(-0.0463276 0.409802 0)
(-0.0443812 0.396394 -5.39283e-21)
(-0.0406728 0.377099 5.43484e-21)
(-0.0353494 0.350908 6.03811e-21)
(-0.0288556 0.317288 6.62884e-21)
(-0.0218976 0.276426 -1.29649e-20)
(-0.0152984 0.22937 0)
(-0.00976644 0.177964 0)
(-0.00566872 0.124588 0)
(-0.00289006 0.0717685 0)
(-0.000911093 0.0218384 0)
(0.00158177 0.0219808 0)
(0.00475562 0.0718275 3.03753e-20)
(0.00833811 0.124235 -2.97219e-20)
(0.0128079 0.176998 1.41247e-20)
(0.018315 0.22778 -1.38354e-20)
(0.0246022 0.27439 0)
(0.0311074 0.315103 -1.19839e-20)
(0.037142 0.3489 1.18221e-20)
(0.0420888 0.375535 0)
(0.0455385 0.395438 0)
(0.0473369 0.4095 0)
(0.0475525 0.41884 8.97219e-21)
(0.0464037 0.424591 -8.95376e-21)
(0.0441786 0.427769 -4.10069e-21)
(0.0411708 0.429207 4.09981e-21)
(0.0376396 0.429536 -3.80731e-21)
(0.033792 0.429214 3.80942e-21)
(0.0297799 0.428552 -3.58644e-21)
(0.0257064 0.427755 7.08871e-21)
(0.0216354 0.426953 -1.78863e-21)
(0.0176012 0.426221 -1.71483e-21)
(0.0136178 0.425607 0)
(0.00968478 0.425132 0)
(0.00579305 0.424812 0)
(0.00192796 0.42465 0)
(-0.00192796 0.42465 0)
(-0.00579305 0.424812 0)
(-0.00968478 0.425132 0)
(-0.0136178 0.425607 0)
(-0.0176012 0.426221 -1.71483e-21)
(-0.0216354 0.426953 -1.78863e-21)
(-0.0257064 0.427755 7.08871e-21)
(-0.0297799 0.428552 -3.58644e-21)
(-0.033792 0.429214 3.80942e-21)
(-0.0376396 0.429536 -3.80731e-21)
(-0.0411708 0.429207 4.09981e-21)
(-0.0441786 0.427769 -4.10069e-21)
(-0.0464037 0.424591 -8.95376e-21)
(-0.0475525 0.41884 8.97219e-21)
(-0.0473369 0.4095 0)
(-0.0455385 0.395438 0)
(-0.0420888 0.375535 0)
(-0.037142 0.3489 1.18221e-20)
(-0.0311074 0.315103 -1.19839e-20)
(-0.0246022 0.27439 0)
(-0.018315 0.22778 -1.38354e-20)
(-0.0128079 0.176998 1.41247e-20)
(-0.00833811 0.124235 -2.97219e-20)
(-0.00475562 0.0718275 3.03753e-20)
(-0.00158177 0.0219808 0)
(0.00225621 0.022187 2.88122e-20)
(0.00663105 0.0720994 -6.09042e-20)
(0.0110282 0.124258 4.80319e-22)
(0.0158938 0.176554 2.85251e-20)
(0.0214094 0.226807 2.64392e-20)
(0.0274161 0.272993 -2.5956e-20)
(0.0334863 0.313513 0)
(0.0390585 0.347392 0)
(0.0436055 0.374353 0)
(0.0467607 0.394746 0)
(0.0483713 0.409366 0)
(0.0484833 0.419247 0)
(0.0472836 0.425468 8.27361e-21)
(0.0450315 0.429018 -1.61878e-20)
(0.0420001 0.430725 7.92074e-21)
(0.0384364 0.431233 -7.35616e-21)
(0.0345424 0.431016 7.35953e-21)
(0.0304695 0.430407 0)
(0.0263227 0.429627 0)
(0.0221685 0.428818 0)
(0.0180442 0.428071 0)
(0.0139659 0.427435 0)
(0.00993509 0.426942 0)
(0.00594382 0.426607 0)
(0.0019783 0.426438 0)
(-0.0019783 0.426438 0)
(-0.00594382 0.426607 0)
(-0.00993509 0.426942 0)
(-0.0139659 0.427435 0)
(-0.0180442 0.428071 0)
(-0.0221685 0.428818 0)
(-0.0263227 0.429627 0)
(-0.0304695 0.430407 0)
(-0.0345424 0.431016 7.35953e-21)
(-0.0384364 0.431233 -7.35616e-21)
(-0.0420001 0.430725 7.92074e-21)
(-0.0450315 0.429018 -1.61878e-20)
(-0.0472836 0.425468 8.27361e-21)
(-0.0484833 0.419247 0)
(-0.0483713 0.409366 0)
(-0.0467607 0.394746 0)
(-0.0436055 0.374353 0)
(-0.0390585 0.347392 0)
(-0.0334863 0.313513 0)
(-0.0274161 0.272993 -2.5956e-20)
(-0.0214094 0.226807 2.64392e-20)
(-0.0158938 0.176554 2.85251e-20)
(-0.0110282 0.124258 4.80319e-22)
(-0.00663105 0.0720994 -6.09042e-20)
(-0.00225621 0.022187 2.88122e-20)
(0.00293649 0.0224548 2.90299e-20)
(0.00851894 0.0725735 0)
(0.0137366 0.124636 -2.87793e-20)
(0.019012 0.176601 2.81863e-20)
(0.0245574 0.226417 0)
(0.0303064 0.272211 0)
(0.0359558 0.312505 0)
(0.0410649 0.346385 0)
(0.0451956 0.373565 0)
(0.0480282 0.394337 -1.87004e-20)
(0.0494188 0.409419 1.85927e-20)
(0.049397 0.419769 0)
(0.0481227 0.426411 0)
(0.0458281 0.430304 0)
(0.0427652 0.432267 0)
(0.0391675 0.432949 0)
(0.0352301 0.43284 0)
(0.0311021 0.432287 0)
(0.0268891 0.431527 0)
(0.0226597 0.430717 0)
(0.0184533 0.429956 0)
(0.0142881 0.429303 0)
(0.0101671 0.428793 0)
(0.0060837 0.428445 0)
(0.00202504 0.428269 0)
(-0.00202504 0.428269 0)
(-0.0060837 0.428445 0)
(-0.0101671 0.428793 0)
(-0.0142881 0.429303 0)
(-0.0184533 0.429956 0)
(-0.0226597 0.430717 0)
(-0.0268891 0.431527 0)
(-0.0311021 0.432287 0)
(-0.0352301 0.43284 0)
(-0.0391675 0.432949 0)
(-0.0427652 0.432267 0)
(-0.0458281 0.430304 0)
(-0.0481227 0.426411 0)
(-0.049397 0.419769 0)
(-0.0494188 0.409419 1.85927e-20)
(-0.0480282 0.394337 -1.87004e-20)
(-0.0451956 0.373565 0)
(-0.0410649 0.346385 0)
(-0.0359558 0.312505 0)
(-0.0303064 0.272211 0)
(-0.0245574 0.226417 0)
(-0.019012 0.176601 2.81863e-20)
(-0.0137366 0.124636 -2.87793e-20)
(-0.00851894 0.0725735 0)
(-0.00293649 0.0224548 -2.90299e-20)
(0.00362437 0.0227825 5.73129e-20)
(0.010421 0.0732425 -6.10092e-20)
(0.0164598 0.125355 5.66795e-20)
(0.0221494 0.177118 -5.55205e-20)
(0.0277354 0.226585 -2.52256e-20)
(0.0332405 0.27202 1.1897e-21)
(0.0384796 0.312063 2.32592e-20)
(0.0431265 0.345872 -2.05461e-20)
(0.0468299 0.373175 1.13545e-21)
(0.0493195 0.394224 1.0376e-21)
(0.0504649 0.409675 1.79031e-20)
(0.0502849 0.42042 1.60847e-20)
(0.0489162 0.427431 -7.22106e-22)
(0.0465658 0.431634 -6.32524e-22)
(0.0434646 0.433835 -1.46595e-20)
(0.0398317 0.434685 0)
(0.0358538 0.434682 -6.60411e-21)
(0.0316765 0.434188 6.6073e-21)
(0.0274047 0.433453 6.27685e-21)
(0.023108 0.432645 -6.28058e-21)
(0.0188277 0.431874 0)
(0.0145835 0.431205 -2.98758e-21)
(0.0103802 0.43068 2.98891e-21)
(0.00621234 0.43032 -7.36131e-22)
(0.00206804 0.430137 7.36344e-22)
(-0.00206804 0.430137 7.36344e-22)
(-0.00621234 0.43032 -7.36131e-22)
(-0.0103802 0.43068 2.98891e-21)
(-0.0145835 0.431205 -2.98758e-21)
(-0.0188277 0.431874 0)
(-0.023108 0.432645 -6.28058e-21)
(-0.0274047 0.433453 6.27685e-21)
(-0.0316765 0.434188 6.6073e-21)
(-0.0358538 0.434682 -6.60411e-21)
(-0.0398317 0.434685 0)
(-0.0434646 0.433835 -1.46595e-20)
(-0.0465658 0.431634 -6.32524e-22)
(-0.0489162 0.427431 -7.22106e-22)
(-0.0502849 0.42042 1.60847e-20)
(-0.0504649 0.409675 1.79031e-20)
(-0.0493195 0.394224 1.0376e-21)
(-0.0468299 0.373175 1.13545e-21)
(-0.0431265 0.345872 -2.05461e-20)
(-0.0384796 0.312063 2.32592e-20)
(-0.0332405 0.27202 1.1897e-21)
(-0.0277354 0.226585 -2.52256e-20)
(-0.0221494 0.177118 -5.55205e-20)
(-0.0164598 0.125355 5.66795e-20)
(-0.010421 0.0732425 -6.10092e-20)
(-0.00362437 0.0227825 5.73129e-20)
(0.00432138 0.0231696 0)
(0.0123382 0.0741017 0)
(0.0191933 0.126402 0)
(0.0252919 0.178085 0)
(0.0309187 0.227288 0)
(0.0361857 0.272395 -4.56441e-20)
(0.0410213 0.312168 4.49861e-20)
(0.045208 0.345845 -1.97593e-20)
(0.0484784 0.373181 1.95692e-20)
(0.0506114 0.394411 0)
(0.0514937 0.410142 0)
(0.051137 0.42121 0)
(0.0496581 0.428536 0)
(0.0472412 0.433015 0)
(0.0440965 0.435434 0)
(0.040428 0.436442 0)
(0.0364128 0.436543 0)
(0.0321919 0.436108 0)
(0.0278685 0.4354 0)
(0.0235126 0.434598 0)
(0.0191665 0.43382 0)
(0.0148516 0.433138 0)
(0.010574 0.432599 0)
(0.0063295 0.432229 0)
(0.00210723 0.43204 0)
(-0.00210723 0.43204 0)
(-0.0063295 0.432229 0)
(-0.010574 0.432599 0)
(-0.0148516 0.433138 0)
(-0.0191665 0.43382 0)
(-0.0235126 0.434598 0)
(-0.0278685 0.4354 0)
(-0.0321919 0.436108 0)
(-0.0364128 0.436543 0)
(-0.040428 0.436442 0)
(-0.0440965 0.435434 0)
(-0.0472412 0.433015 0)
(-0.0496581 0.428536 0)
(-0.051137 0.42121 0)
(-0.0514937 0.410142 0)
(-0.0506114 0.394411 0)
(-0.0484784 0.373181 1.95692e-20)
(-0.045208 0.345845 -1.97593e-20)
(-0.0410213 0.312168 4.49861e-20)
(-0.0361857 0.272395 -4.56441e-20)
(-0.0309187 0.227288 0)
(-0.0252919 0.178085 0)
(-0.0191933 0.126402 0)
(-0.0123382 0.0741017 0)
(-0.00432138 0.0231696 0)
(0.00502891 0.0236158 5.73905e-20)
(0.0142705 0.0751499 0)
(0.0219308 0.127773 0)
(0.0284235 0.17949 5.08585e-20)
(0.034081 0.228505 -4.99085e-20)
(0.0391083 0.273314 0)
(0.0435442 0.312798 4.07172e-20)
(0.0472743 0.346286 -4.02391e-20)
(0.0501106 0.373576 0)
(0.0518802 0.394898 1.64889e-20)
(0.0524881 0.410825 -8.76855e-22)
(0.0519421 0.422144 -1.5469e-20)
(0.0503422 0.429732 0)
(0.047851 0.434449 -1.341e-20)
(0.0446591 0.437064 1.33999e-20)
(0.0409554 0.438219 -1.24717e-20)
(0.0369066 0.438419 1.24737e-20)
(0.0326479 0.438044 0)
(0.0282802 0.437365 0)
(0.0238731 0.436572 0)
(0.0194695 0.43579 0)
(0.0150921 0.435098 0)
(0.0107483 0.434547 0)
(0.00643501 0.434167 0)
(0.00214256 0.433974 0)
(-0.00214256 0.433974 0)
(-0.00643501 0.434167 0)
(-0.0107483 0.434547 0)
(-0.0150921 0.435098 0)
(-0.0194695 0.43579 0)
(-0.0238731 0.436572 0)
(-0.0282802 0.437365 0)
(-0.0326479 0.438044 0)
(-0.0369066 0.438419 1.24737e-20)
(-0.0409554 0.438219 -1.24717e-20)
(-0.0446591 0.437064 1.33999e-20)
(-0.047851 0.434449 -1.341e-20)
(-0.0503422 0.429732 0)
(-0.0519421 0.422144 -1.5469e-20)
(-0.0524881 0.410825 -8.76855e-22)
(-0.0518802 0.394898 1.64889e-20)
(-0.0501106 0.373576 0)
(-0.0472743 0.346286 -4.02391e-20)
(-0.0435442 0.312798 4.07172e-20)
(-0.0391083 0.273314 0)
(-0.034081 0.228505 -4.99085e-20)
(-0.0284235 0.17949 5.08585e-20)
(-0.0219308 0.127773 0)
(-0.0142705 0.0751499 0)
(-0.00502891 0.0236158 -5.73905e-20)
(0.00574825 0.0241221 -5.68505e-20)
(0.0162174 0.076389 -5.66876e-20)
(0.0246642 0.129467 5.55043e-20)
(0.0315255 0.181326 0)
(0.0371942 0.23022 -4.5529e-20)
(0.0419736 0.274755 4.47806e-20)
(0.0460112 0.313931 3.88534e-20)
(0.04929 0.347176 -3.84034e-20)
(0.0516962 0.374345 0)
(0.053102 0.395677 0)
(0.0534311 0.411721 1.47375e-20)
(0.0526891 0.423224 -1.4687e-20)
(0.0509614 0.431021 0)
(0.0483914 0.43594 0)
(0.0451508 0.438727 1.22782e-20)
(0.0414132 0.440016 -1.22771e-20)
(0.0373348 0.44031 0)
(0.0330445 0.439993 0)
(0.0286398 0.439346 0)
(0.0241893 0.438564 5.39649e-21)
(0.0197365 0.43778 -5.39881e-21)
(0.0153048 0.43708 0)
(0.0109029 0.43652 0)
(0.00652882 0.436132 0)
(0.002174 0.435934 0)
(-0.002174 0.435934 0)
(-0.00652882 0.436132 0)
(-0.0109029 0.43652 0)
(-0.0153048 0.43708 0)
(-0.0197365 0.43778 -5.39881e-21)
(-0.0241893 0.438564 5.39649e-21)
(-0.0286398 0.439346 0)
(-0.0330445 0.439993 0)
(-0.0373348 0.44031 0)
(-0.0414132 0.440016 -1.22771e-20)
(-0.0451508 0.438727 1.22782e-20)
(-0.0483914 0.43594 0)
(-0.0509614 0.431021 0)
(-0.0526891 0.423224 -1.4687e-20)
(-0.0534311 0.411721 1.47375e-20)
(-0.053102 0.395677 0)
(-0.0516962 0.374345 0)
(-0.04929 0.347176 -3.84034e-20)
(-0.0460112 0.313931 3.88534e-20)
(-0.0419736 0.274755 4.47806e-20)
(-0.0371942 0.23022 -4.5529e-20)
(-0.0315255 0.181326 0)
(-0.0246642 0.129467 5.55043e-20)
(-0.0162174 0.076389 -5.66876e-20)
(-0.00574825 0.0241221 5.68505e-20)
(0.0064809 0.0246904 0)
(0.0181775 0.0778253 0)
(0.0273836 0.131488 0)
(0.034577 0.183589 0)
(0.0402277 0.232421 4.35462e-20)
(0.0447456 0.276696 -8.288e-20)
(0.0483853 0.315541 3.9486e-20)
(0.0512209 0.348494 0)
(0.0532059 0.375472 3.16529e-20)
(0.0542539 0.396738 -3.14368e-20)
(0.0543061 0.412825 -2.78513e-20)
(0.0533669 0.424447 2.77579e-20)
(0.0515093 0.432404 0)
(0.0488589 0.437488 0)
(0.0455699 0.440424 1.16286e-20)
(0.041801 0.441832 -1.16286e-20)
(0.0376977 0.442213 1.0943e-20)
(0.0333819 0.441953 -1.09481e-20)
(0.0289475 0.441338 0)
(0.0244617 0.440569 5.13269e-21)
(0.0199678 0.439787 -7.74465e-23)
(0.01549 0.439082 -5.06013e-21)
(0.0110379 0.438515 2.47988e-21)
(0.00661096 0.43812 -3.71448e-21)
(0.00220156 0.437918 1.23414e-21)
(-0.00220156 0.437918 1.23414e-21)
(-0.00661096 0.43812 -3.71448e-21)
(-0.0110379 0.438515 2.47988e-21)
(-0.01549 0.439082 -5.06013e-21)
(-0.0199678 0.439787 -7.74465e-23)
(-0.0244617 0.440569 5.13269e-21)
(-0.0289475 0.441338 0)
(-0.0333819 0.441953 -1.09481e-20)
(-0.0376977 0.442213 1.0943e-20)
(-0.041801 0.441832 -1.16286e-20)
(-0.0455699 0.440424 1.16286e-20)
(-0.0488589 0.437488 0)
(-0.0515093 0.432404 0)
(-0.0533669 0.424447 2.77579e-20)
(-0.0543061 0.412825 -2.78513e-20)
(-0.0542539 0.396738 -3.14368e-20)
(-0.0532059 0.375472 3.16529e-20)
(-0.0512209 0.348494 0)
(-0.0483853 0.315541 3.9486e-20)
(-0.0447456 0.276696 -8.288e-20)
(-0.0402277 0.232421 4.35462e-20)
(-0.034577 0.183589 0)
(-0.0273836 0.131488 0)
(-0.0181775 0.0778253 0)
(-0.0064809 0.0246904 0)
(0.00722854 0.0253242 0)
(0.0201488 0.0794697 0)
(0.0300758 0.133848 0)
(0.0375531 0.186282 0)
(0.0431482 0.235097 0)
(0.0473872 0.279116 0)
(0.0506298 0.317604 0)
(0.0530338 0.350212 0)
(0.054612 0.376936 0)
(0.0553143 0.398064 0)
(0.0550975 0.414126 0)
(0.0539653 0.42581 0)
(0.0519797 0.433877 0)
(0.0492504 0.439091 0)
(0.0459152 0.442152 0)
(0.0421187 0.443666 0)
(0.0379956 0.444127 -1.03472e-20)
(0.0336608 0.443922 1.03529e-20)
(0.0292041 0.443339 0)
(0.0246908 0.442586 0)
(0.0201638 0.441807 0)
(0.0156479 0.4411 0)
(0.0111537 0.440527 0)
(0.00668158 0.440127 0)
(0.0022253 0.439922 0)
(-0.0022253 0.439922 0)
(-0.00668158 0.440127 0)
(-0.0111537 0.440527 0)
(-0.0156479 0.4411 0)
(-0.0201638 0.441807 0)
(-0.0246908 0.442586 0)
(-0.0292041 0.443339 0)
(-0.0336608 0.443922 1.03529e-20)
(-0.0379956 0.444127 -1.03472e-20)
(-0.0421187 0.443666 0)
(-0.0459152 0.442152 0)
(-0.0492504 0.439091 0)
(-0.0519797 0.433877 0)
(-0.0539653 0.42581 0)
(-0.0550975 0.414126 0)
(-0.0553143 0.398064 0)
(-0.054612 0.376936 0)
(-0.0530338 0.350212 0)
(-0.0506298 0.317604 0)
(-0.0473872 0.279116 0)
(-0.0431482 0.235097 0)
(-0.0375531 0.186282 0)
(-0.0300758 0.133848 0)
(-0.0201488 0.0794697 0)
(-0.00722854 0.0253242 0)
(0.00799314 0.0260292 0)
(0.0221273 0.081339 -5.20272e-20)
(0.0327239 0.136564 5.09359e-20)
(0.0404236 0.18941 4.29878e-20)
(0.045918 0.238239 -4.2214e-20)
(0.0498591 0.281993 -3.55846e-20)
(0.0527081 0.320089 6.76808e-20)
(0.0546968 0.352302 -6.22109e-20)
(0.0558886 0.378709 5.75615e-20)
(0.0562635 0.399637 -2.76432e-20)
(0.0557912 0.415613 0)
(0.054475 0.427303 0)
(0.0523671 0.435438 0)
(0.0495633 0.440748 0)
(0.046186 0.443911 0)
(0.0423665 0.445517 1.00054e-20)
(0.0382294 0.446051 -1.00102e-20)
(0.0338822 0.445898 0)
(0.0294105 0.445348 0)
(0.0248773 0.444612 0)
(0.0203252 0.443839 0)
(0.0157791 0.443132 0)
(0.0112504 0.442555 -2.22856e-21)
(0.00674087 0.442152 1.12001e-21)
(0.00224527 0.441944 1.10983e-21)
(-0.00224527 0.441944 1.10983e-21)
(-0.00674087 0.442152 1.12001e-21)
(-0.0112504 0.442555 -2.22856e-21)
(-0.0157791 0.443132 0)
(-0.0203252 0.443839 0)
(-0.0248773 0.444612 0)
(-0.0294105 0.445348 0)
(-0.0338822 0.445898 0)
(-0.0382294 0.446051 -1.00102e-20)
(-0.0423665 0.445517 1.00054e-20)
(-0.046186 0.443911 0)
(-0.0495633 0.440748 0)
(-0.0523671 0.435438 0)
(-0.054475 0.427303 0)
(-0.0557912 0.415613 0)
(-0.0562635 0.399637 -2.76432e-20)
(-0.0558886 0.378709 5.75615e-20)
(-0.0546968 0.352302 -6.22109e-20)
(-0.0527081 0.320089 6.76808e-20)
(-0.0498591 0.281993 -3.55846e-20)
(-0.045918 0.238239 -4.2214e-20)
(-0.0404236 0.18941 4.29878e-20)
(-0.0327239 0.136564 5.09359e-20)
(-0.0221273 0.081339 -5.20272e-20)
(-0.00799314 0.0260292 0)
(0.00877715 0.0268138 0)
(0.0241071 0.0834572 0)
(0.0353054 0.139659 4.49996e-20)
(0.0431526 0.192984 -4.41081e-20)
(0.0484959 0.241836 3.65528e-20)
(0.0521212 0.285304 -3.59867e-20)
(0.0545847 0.322964 0)
(0.0561807 0.35473 0)
(0.0570127 0.380765 0)
(0.0570842 0.401434 0)
(0.0563752 0.417269 2.27863e-20)
(0.0548882 0.428916 -4.43713e-20)
(0.0526673 0.437078 2.16142e-20)
(0.0497955 0.442454 -9.9703e-21)
(0.0463818 0.445698 1.96142e-20)
(0.0425452 0.447382 -9.64852e-21)
(0.0384002 0.447982 -9.14356e-21)
(0.0340473 0.447878 2.0067e-22)
(0.0295678 0.44736 1.77442e-20)
(0.0250224 0.446644 -4.46792e-21)
(0.0204527 0.44588 -4.32987e-21)
(0.0158841 0.445174 -4.23132e-21)
(0.0113286 0.444597 2.13271e-21)
(0.00678908 0.444191 1.05583e-21)
(0.00226155 0.443982 1.04677e-21)
(-0.00226155 0.443982 1.04677e-21)
(-0.00678908 0.444191 1.05583e-21)
(-0.0113286 0.444597 2.13271e-21)
(-0.0158841 0.445174 -4.23132e-21)
(-0.0204527 0.44588 -4.32987e-21)
(-0.0250224 0.446644 -4.46792e-21)
(-0.0295678 0.44736 1.77442e-20)
(-0.0340473 0.447878 2.0067e-22)
(-0.0384002 0.447982 -9.14356e-21)
(-0.0425452 0.447382 -9.64852e-21)
(-0.0463818 0.445698 1.96142e-20)
(-0.0497955 0.442454 -9.9703e-21)
(-0.0526673 0.437078 2.16142e-20)
(-0.0548882 0.428916 -4.43713e-20)
(-0.0563752 0.417269 2.27863e-20)
(-0.0570842 0.401434 0)
(-0.0570127 0.380765 0)
(-0.0561807 0.35473 0)
(-0.0545847 0.322964 0)
(-0.0521212 0.285304 -3.59867e-20)
(-0.0484959 0.241836 3.65528e-20)
(-0.0431526 0.192984 -4.41081e-20)
(-0.0353054 0.139659 4.49996e-20)
(-0.0241071 0.0834572 0)
(-0.00877715 0.0268138 0)
(0.00958358 0.0276911 -2.01751e-19)
(0.0260789 0.0858574 2.00718e-19)
(0.0377907 0.143165 -9.34263e-20)
(0.0456975 0.197014 3.77998e-20)
(0.0508369 0.245878 -3.71325e-20)
(0.0541332 0.289019 0)
(0.0562266 0.326195 0)
(0.0574597 0.357462 2.56372e-20)
(0.0579648 0.383071 -2.54314e-20)
(0.0577624 0.40343 0)
(0.0568398 0.419076 -2.1054e-20)
(0.0551992 0.430638 2.09943e-20)
(0.0528772 0.43879 -1.92133e-20)
(0.0499462 0.444205 1.91985e-20)
(0.0465032 0.44751 0)
(0.0426558 0.44926 0)
(0.0385094 0.449918 0)
(0.0341577 0.44986 8.36797e-21)
(0.0296775 0.449376 -1.66013e-20)
(0.0251272 0.448679 8.23325e-21)
(0.0205475 0.447927 0)
(0.0159637 0.447226 -3.97084e-21)
(0.0113888 0.446648 2.00076e-21)
(0.00682652 0.446242 9.91132e-22)
(0.00227426 0.446032 9.83161e-22)
(-0.00227426 0.446032 9.83161e-22)
(-0.00682652 0.446242 9.91132e-22)
(-0.0113888 0.446648 2.00076e-21)
(-0.0159637 0.447226 -3.97084e-21)
(-0.0205475 0.447927 0)
(-0.0251272 0.448679 8.23325e-21)
(-0.0296775 0.449376 -1.66013e-20)
(-0.0341577 0.44986 8.36797e-21)
(-0.0385094 0.449918 0)
(-0.0426558 0.44926 0)
(-0.0465032 0.44751 0)
(-0.0499462 0.444205 1.91985e-20)
(-0.0528772 0.43879 -1.92133e-20)
(-0.0551992 0.430638 2.09943e-20)
(-0.0568398 0.419076 -2.1054e-20)
(-0.0577624 0.40343 0)
(-0.0579648 0.383071 -2.54314e-20)
(-0.0574597 0.357462 2.56372e-20)
(-0.0562266 0.326195 0)
(-0.0541332 0.289019 0)
(-0.0508369 0.245878 -3.71325e-20)
(-0.0456975 0.197014 3.77998e-20)
(-0.0377907 0.143165 -9.34263e-20)
(-0.0260789 0.0858574 2.00718e-19)
(-0.00958358 0.0276911 4.84838e-21)
(0.0104161 0.0286804 0)
(0.0280282 0.0885842 -9.03018e-20)
(0.0401414 0.147119 8.83591e-20)
(0.0480086 0.201511 0)
(0.0528933 0.250348 3.10352e-20)
(0.0558564 0.293105 -3.05732e-20)
(0.0576048 0.329741 -2.54149e-20)
(0.0585128 0.360457 2.51627e-20)
(0.0587301 0.385593 -2.17332e-20)
(0.0582878 0.405598 2.1608e-20)
(0.0571786 0.421014 0)
(0.0554039 0.432454 0)
(0.052995 0.440567 -1.77047e-20)
(0.0500151 0.445996 1.76932e-20)
(0.0465509 0.449344 8.30904e-21)
(0.0426998 0.451147 -1.6416e-20)
(0.0385588 0.451858 8.10925e-21)
(0.0342151 0.451844 0)
(0.0297413 0.451392 -7.66181e-21)
(0.0251932 0.450717 7.66942e-21)
(0.0206106 0.449978 0)
(0.0160189 0.449283 3.70855e-21)
(0.0114316 0.448709 -3.71132e-21)
(0.00685357 0.448303 0)
(0.00228351 0.448093 0)
(-0.00228351 0.448093 0)
(-0.00685357 0.448303 0)
(-0.0114316 0.448709 -3.71132e-21)
(-0.0160189 0.449283 3.70855e-21)
(-0.0206106 0.449978 0)
(-0.0251932 0.450717 7.66942e-21)
(-0.0297413 0.451392 -7.66181e-21)
(-0.0342151 0.451844 0)
(-0.0385588 0.451858 8.10925e-21)
(-0.0426998 0.451147 -1.6416e-20)
(-0.0465509 0.449344 8.30904e-21)
(-0.0500151 0.445996 1.76932e-20)
(-0.052995 0.440567 -1.77047e-20)
(-0.0554039 0.432454 0)
(-0.0571786 0.421014 0)
(-0.0582878 0.405598 2.1608e-20)
(-0.0587301 0.385593 -2.17332e-20)
(-0.0585128 0.360457 2.51627e-20)
(-0.0576048 0.329741 -2.54149e-20)
(-0.0558564 0.293105 -3.05732e-20)
(-0.0528933 0.250348 3.10352e-20)
(-0.0480086 0.201511 0)
(-0.0401414 0.147119 8.83591e-20)
(-0.0280282 0.0885842 -9.03018e-20)
(-0.0104161 0.0286804 0)
(0.0112787 0.0298113 -6.16613e-21)
(0.0299328 0.0916959 -9.65995e-20)
(0.0423082 0.151563 0)
(0.0500293 0.206483 0)
(0.0546174 0.255225 0)
(0.0572561 0.297523 0)
(0.0586964 0.333557 2.28932e-20)
(0.0593255 0.363673 -1.58267e-21)
(0.0592993 0.388297 -1.28465e-21)
(0.0586547 0.407912 -1.95437e-20)
(0.0573881 0.423064 0)
(0.055501 0.434351 1.68077e-20)
(0.0530208 0.442397 -3.29793e-20)
(0.0500034 0.447819 1.61863e-20)
(0.0465268 0.451195 0)
(0.0426795 0.453041 7.46632e-21)
(0.0385507 0.453798 -1.47936e-20)
(0.0342217 0.453826 7.32835e-21)
(0.029761 0.453406 7.09554e-21)
(0.025222 0.452756 -1.06083e-20)
(0.0206434 0.452031 6.97947e-21)
(0.0160505 0.451346 -3.47399e-21)
(0.0114576 0.450776 1.71305e-21)
(0.0068706 0.450372 -2.56813e-21)
(0.00228943 0.450163 8.54384e-22)
(-0.00228943 0.450163 8.54384e-22)
(-0.0068706 0.450372 -2.56813e-21)
(-0.0114576 0.450776 1.71305e-21)
(-0.0160505 0.451346 -3.47399e-21)
(-0.0206434 0.452031 6.97947e-21)
(-0.025222 0.452756 -1.06083e-20)
(-0.029761 0.453406 7.09554e-21)
(-0.0342217 0.453826 7.32835e-21)
(-0.0385507 0.453798 -1.47936e-20)
(-0.0426795 0.453041 7.46632e-21)
(-0.0465268 0.451195 0)
(-0.0500034 0.447819 1.61863e-20)
(-0.0530208 0.442397 -3.29793e-20)
(-0.055501 0.434351 1.68077e-20)
(-0.0573881 0.423064 0)
(-0.0586547 0.407912 -1.95437e-20)
(-0.0592993 0.388297 -1.28465e-21)
(-0.0593255 0.363673 -1.58267e-21)
(-0.0586964 0.333557 2.28932e-20)
(-0.0572561 0.297523 0)
(-0.0546174 0.255225 0)
(-0.0500293 0.206483 0)
(-0.0423082 0.151563 0)
(-0.0299328 0.0916959 -9.65995e-20)
(-0.0112787 0.0298113 1.86693e-19)
(0.0121755 0.0311275 0)
(0.0317592 0.0952668 0)
(0.0442298 0.156544 0)
(0.051699 0.211929 0)
(0.055965 0.260474 0)
(0.0583061 0.302226 0)
(0.0594875 0.337594 2.03315e-20)
(0.0598911 0.367068 -2.01453e-20)
(0.0596696 0.391146 0)
(0.0588622 0.410342 -1.65906e-20)
(0.0574685 0.425204 1.65306e-20)
(0.0554915 0.436314 0)
(0.0529562 0.444273 0)
(0.0499133 0.449669 0)
(0.0464334 0.45306 0)
(0.0425974 0.454941 0)
(0.0384876 0.455739 0)
(0.0341798 0.455805 0)
(0.0297386 0.455419 0)
(0.0252152 0.454793 0)
(0.0206471 0.454086 0)
(0.0160596 0.453412 0)
(0.0114676 0.452849 0)
(0.00687805 0.452448 0)
(0.00229215 0.45224 0)
(-0.00229215 0.45224 0)
(-0.00687805 0.452448 0)
(-0.0114676 0.452849 0)
(-0.0160596 0.453412 0)
(-0.0206471 0.454086 0)
(-0.0252152 0.454793 0)
(-0.0297386 0.455419 0)
(-0.0341798 0.455805 0)
(-0.0384876 0.455739 0)
(-0.0425974 0.454941 0)
(-0.0464334 0.45306 0)
(-0.0499133 0.449669 0)
(-0.0529562 0.444273 0)
(-0.0554915 0.436314 0)
(-0.0574685 0.425204 1.65306e-20)
(-0.0588622 0.410342 -1.65906e-20)
(-0.0596696 0.391146 0)
(-0.0598911 0.367068 -2.01453e-20)
(-0.0594875 0.337594 2.03315e-20)
(-0.0583061 0.302226 0)
(-0.055965 0.260474 0)
(-0.051699 0.211929 0)
(-0.0442298 0.156544 0)
(-0.0317592 0.0952668 0)
(-0.0121755 0.0311275 0)
(0.0131093 0.0326941 0)
(0.0334591 0.0993888 0)
(0.0458333 0.162101 -5.8246e-20)
(0.0529578 0.217834 5.70959e-20)
(0.0569019 0.266047 0)
(0.0589927 0.307155 0)
(0.0599765 0.341799 0)
(0.060213 0.370595 1.64716e-20)
(0.0598458 0.394104 -1.63614e-20)
(0.0589148 0.412862 0)
(0.057424 0.427415 0)
(0.0553792 0.43833 1.35781e-20)
(0.052805 0.446183 -1.35633e-20)
(0.0497484 0.45154 1.28626e-20)
(0.0462741 0.454934 -1.28666e-20)
(0.0424568 0.456842 0)
(0.0383725 0.457677 -6.09987e-21)
(0.0340921 0.457781 6.10695e-21)
(0.0296765 0.457427 0)
(0.0251747 0.456828 0)
(0.0206232 0.456141 0)
(0.0160473 0.45548 0)
(0.0114623 0.454925 0)
(0.00687632 0.454529 0)
(0.00229182 0.454324 0)
(-0.00229182 0.454324 0)
(-0.00687632 0.454529 0)
(-0.0114623 0.454925 0)
(-0.0160473 0.45548 0)
(-0.0206232 0.456141 0)
(-0.0251747 0.456828 0)
(-0.0296765 0.457427 0)
(-0.0340921 0.457781 6.10695e-21)
(-0.0383725 0.457677 -6.09987e-21)
(-0.0424568 0.456842 0)
(-0.0462741 0.454934 -1.28666e-20)
(-0.0497484 0.45154 1.28626e-20)
(-0.052805 0.446183 -1.35633e-20)
(-0.0553792 0.43833 1.35781e-20)
(-0.057424 0.427415 0)
(-0.0589148 0.412862 0)
(-0.0598458 0.394104 -1.63614e-20)
(-0.060213 0.370595 1.64716e-20)
(-0.0599765 0.341799 0)
(-0.0589927 0.307155 0)
(-0.0569019 0.266047 0)
(-0.0529578 0.217834 5.70959e-20)
(-0.0458333 0.162101 -5.8246e-20)
(-0.0334591 0.0993888 0)
(-0.0131093 0.0326941 0)
(0.0140795 0.0346073 8.14685e-20)
(0.0349647 0.104171 0)
(0.0470391 0.168266 0)
(0.0537567 0.224162 0)
(0.0574131 0.271883 0)
(0.0593215 0.312249 0)
(0.0601772 0.346117 0)
(0.060306 0.374211 0)
(0.0598407 0.397137 0)
(0.0588231 0.415445 0)
(0.0572631 0.429678 1.23413e-20)
(0.055171 0.440385 -3.43099e-22)
(0.0525729 0.44812 -1.19633e-20)
(0.0495135 0.453427 -1.14527e-20)
(0.0460533 0.456814 1.14575e-20)
(0.0422615 0.458743 0)
(0.0382087 0.459611 0)
(0.0339613 0.459751 0)
(0.0295769 0.459431 0)
(0.0251024 0.45886 0)
(0.0205732 0.458194 0)
(0.0160145 0.457549 0)
(0.0114424 0.457005 0)
(0.00686585 0.456615 -6.56604e-22)
(0.00228858 0.456412 6.5705e-22)
(-0.00228858 0.456412 6.5705e-22)
(-0.00686585 0.456615 -6.56604e-22)
(-0.0114424 0.457005 0)
(-0.0160145 0.457549 0)
(-0.0205732 0.458194 0)
(-0.0251024 0.45886 0)
(-0.0295769 0.459431 0)
(-0.0339613 0.459751 0)
(-0.0382087 0.459611 0)
(-0.0422615 0.458743 0)
(-0.0460533 0.456814 1.14575e-20)
(-0.0495135 0.453427 -1.14527e-20)
(-0.0525729 0.44812 -1.19633e-20)
(-0.055171 0.440385 -3.43099e-22)
(-0.0572631 0.429678 1.23413e-20)
(-0.0588231 0.415445 0)
(-0.0598407 0.397137 0)
(-0.060306 0.374211 0)
(-0.0601772 0.346117 0)
(-0.0593215 0.312249 0)
(-0.0574131 0.271883 0)
(-0.0537567 0.224162 0)
(-0.0470391 0.168266 0)
(-0.0349647 0.104171 0)
(-0.0140795 0.0346073 -8.14685e-20)
(0.0150785 0.0370141 -9.63477e-21)
(0.0361892 0.109737 -6.93553e-20)
(0.0477734 0.175044 -4.11087e-20)
(0.0540735 0.23085 4.03104e-20)
(0.057514 0.277905 0)
(0.0593235 0.317438 0)
(0.0601216 0.350496 0)
(0.0601978 0.377877 1.18988e-20)
(0.0596763 0.400216 -4.70826e-22)
(0.0586038 0.418071 -1.13078e-20)
(0.0569984 0.431976 -1.06247e-20)
(0.0548769 0.442467 1.06063e-20)
(0.0522678 0.450076 -1.01932e-20)
(0.0492153 0.455323 1.46354e-22)
(0.0457765 0.458697 1.00515e-20)
(0.0420161 0.460642 4.91568e-21)
(0.0380001 0.46154 -4.73029e-23)
(0.0337907 0.461716 -4.88036e-21)
(0.0294424 0.46143 0)
(0.0250001 0.460888 0)
(0.0204984 0.460246 -2.37696e-21)
(0.0159624 0.459618 4.74738e-21)
(0.0114086 0.459086 -3.5507e-21)
(0.00684698 0.458704 1.77108e-21)
(0.00228253 0.458505 -5.89871e-22)
(-0.00228253 0.458505 -5.89871e-22)
(-0.00684698 0.458704 1.77108e-21)
(-0.0114086 0.459086 -3.5507e-21)
(-0.0159624 0.459618 4.74738e-21)
(-0.0204984 0.460246 -2.37696e-21)
(-0.0250001 0.460888 0)
(-0.0294424 0.46143 0)
(-0.0337907 0.461716 -4.88036e-21)
(-0.0380001 0.46154 -4.73029e-23)
(-0.0420161 0.460642 4.91568e-21)
(-0.0457765 0.458697 1.00515e-20)
(-0.0492153 0.455323 1.46354e-22)
(-0.0522678 0.450076 -1.01932e-20)
(-0.0548769 0.442467 1.06063e-20)
(-0.0569984 0.431976 -1.06247e-20)
(-0.0586038 0.418071 -1.13078e-20)
(-0.0596763 0.400216 -4.70826e-22)
(-0.0601978 0.377877 1.18988e-20)
(-0.0601216 0.350496 0)
(-0.0593235 0.317438 0)
(-0.057514 0.277905 0)
(-0.0540735 0.23085 4.03104e-20)
(-0.0477734 0.175044 -4.11087e-20)
(-0.0361892 0.109737 -6.93553e-20)
(-0.0150785 0.0370141 1.39146e-19)
(0.0160795 0.0401384 0)
(0.037034 0.116205 0)
(0.047993 0.182395 0)
(0.0539348 0.237804 2.63492e-20)
(0.0572634 0.284023 -2.59451e-20)
(0.0590604 0.322657 2.14479e-20)
(0.0598626 0.354886 -1.11386e-20)
(0.0599296 0.381555 -1.00263e-20)
(0.0593837 0.403313 -9.33481e-21)
(0.0582803 0.420718 2.01903e-22)
(0.0566477 0.434295 9.07087e-21)
(0.0545103 0.444565 0)
(0.0519004 0.452041 0)
(0.0488623 0.457222 0)
(0.0454506 0.460579 0)
(0.0417261 0.462534 0)
(0.0377509 0.463461 -4.25533e-21)
(0.0335834 0.463671 4.26109e-21)
(0.0292753 0.46342 0)
(0.0248697 0.462909 0)
(0.0204002 0.462292 0)
(0.0158918 0.461684 0)
(0.0113615 0.461165 -1.04311e-21)
(0.00682002 0.460792 5.23007e-22)
(0.00227378 0.460597 5.21453e-22)
(-0.00227378 0.460597 5.21453e-22)
(-0.00682002 0.460792 5.23007e-22)
(-0.0113615 0.461165 -1.04311e-21)
(-0.0158918 0.461684 0)
(-0.0204002 0.462292 0)
(-0.0248697 0.462909 0)
(-0.0292753 0.46342 0)
(-0.0335834 0.463671 4.26109e-21)
(-0.0377509 0.463461 -4.25533e-21)
(-0.0417261 0.462534 0)
(-0.0454506 0.460579 0)
(-0.0488623 0.457222 0)
(-0.0519004 0.452041 0)
(-0.0545103 0.444565 0)
(-0.0566477 0.434295 9.07087e-21)
(-0.0582803 0.420718 2.01903e-22)
(-0.0593837 0.403313 -9.33481e-21)
(-0.0599296 0.381555 -1.00263e-20)
(-0.0598626 0.354886 -1.11386e-20)
(-0.0590604 0.322657 2.14479e-20)
(-0.0572634 0.284023 -2.59451e-20)
(-0.0539348 0.237804 2.63492e-20)
(-0.047993 0.182395 0)
(-0.037034 0.116205 0)
(-0.0160795 0.0401384 0)
(0.0170291 0.044231 0)
(0.0374211 0.123587 -2.93196e-20)
(0.0477313 0.190178 2.8634e-20)
(0.0534466 0.244872 1.82682e-20)
(0.0567762 0.290125 -1.35726e-21)
(0.0586289 0.327828 -1.64464e-20)
(0.0594743 0.359235 -7.61915e-21)
(0.0595564 0.385209 1.50118e-20)
(0.0590035 0.4064 -7.4072e-21)
(0.0578829 0.423364 0)
(0.056234 0.436617 -7.22889e-21)
(0.054089 0.446666 1.44373e-20)
(0.0514845 0.454006 -7.21472e-21)
(0.0484651 0.459118 -7.23798e-21)
(0.0450837 0.462452 1.44967e-20)
(0.0413978 0.464416 -7.26131e-21)
(0.0374659 0.465368 0)
(0.0333429 0.465613 -3.63808e-21)
(0.0290782 0.465397 7.27947e-21)
(0.0247127 0.464918 -3.6413e-21)
(0.0202795 0.464328 1.81369e-21)
(0.0158032 0.463741 -1.81593e-21)
(0.0113011 0.463238 -9.04827e-22)
(0.00678509 0.462875 4.53443e-22)
(0.00226234 0.462685 4.52596e-22)
(-0.00226234 0.462685 4.52596e-22)
(-0.00678509 0.462875 4.53443e-22)
(-0.0113011 0.463238 -9.04827e-22)
(-0.0158032 0.463741 -1.81593e-21)
(-0.0202795 0.464328 1.81369e-21)
(-0.0247127 0.464918 -3.6413e-21)
(-0.0290782 0.465397 7.27947e-21)
(-0.0333429 0.465613 -3.63808e-21)
(-0.0374659 0.465368 0)
(-0.0413978 0.464416 -7.26131e-21)
(-0.0450837 0.462452 1.44967e-20)
(-0.0484651 0.459118 -7.23798e-21)
(-0.0514845 0.454006 -7.21472e-21)
(-0.054089 0.446666 1.44373e-20)
(-0.056234 0.436617 -7.22889e-21)
(-0.0578829 0.423364 0)
(-0.0590035 0.4064 -7.4072e-21)
(-0.0595564 0.385209 1.50118e-20)
(-0.0594743 0.359235 -7.61915e-21)
(-0.0586289 0.327828 -1.64464e-20)
(-0.0567762 0.290125 -1.35726e-21)
(-0.0534466 0.244872 1.82682e-20)
(-0.0477313 0.190178 2.8634e-20)
(-0.0374211 0.123587 -2.93196e-20)
(-0.0170291 0.044231 0)
(0.0179515 0.0493184 8.88966e-21)
(0.0373919 0.13166 2.78342e-20)
(0.0471835 0.19812 0)
(0.0528323 0.251856 0)
(0.0562348 0.296091 1.01647e-20)
(0.0581639 0.332882 -1.00511e-20)
(0.0590541 0.363502 0)
(0.0591496 0.388811 5.31868e-21)
(0.058589 0.409461 -5.29217e-21)
(0.0574519 0.426003 0)
(0.0557882 0.438945 -5.62241e-21)
(0.053637 0.448779 1.13465e-20)
(0.0510385 0.455986 -1.15654e-20)
(0.048038 0.461029 5.83818e-21)
(0.0446865 0.464341 0)
(0.041039 0.466313 0)
(0.0371505 0.467293 0)
(0.0330729 0.467572 -3.09219e-21)
(0.0288531 0.467393 -8.71227e-24)
(0.0245304 0.466948 6.22358e-21)
(0.0201367 0.466387 -3.11786e-21)
(0.0156966 0.465823 1.56002e-21)
(0.0112276 0.465337 -1.56178e-21)
(0.00674203 0.464985 0)
(0.00224818 0.4648 0)
(-0.00224818 0.4648 0)
(-0.00674203 0.464985 0)
(-0.0112276 0.465337 -1.56178e-21)
(-0.0156966 0.465823 1.56002e-21)
(-0.0201367 0.466387 -3.11786e-21)
(-0.0245304 0.466948 6.22358e-21)
(-0.0288531 0.467393 -8.71228e-24)
(-0.0330729 0.467572 -3.09219e-21)
(-0.0371505 0.467293 0)
(-0.041039 0.466313 0)
(-0.0446865 0.464341 0)
(-0.048038 0.461029 5.83818e-21)
(-0.0510385 0.455986 -1.15654e-20)
(-0.053637 0.448779 1.13465e-20)
(-0.0557882 0.438945 -5.62241e-21)
(-0.0574519 0.426003 0)
(-0.058589 0.409461 -5.29217e-21)
(-0.0591496 0.388811 5.31868e-21)
(-0.0590541 0.363502 0)
(-0.0581639 0.332882 -1.00511e-20)
(-0.0562348 0.296091 1.01647e-20)
(-0.0528323 0.251856 0)
(-0.0471835 0.19812 0)
(-0.0373919 0.13166 2.78342e-20)
(-0.0179515 0.0493184 -6.08804e-20)
(0.0194506 0.0550349 -7.60368e-21)
(0.0373239 0.140439 8.14329e-21)
(0.046825 0.206149 0)
(0.0524533 0.258764 0)
(0.0558882 0.301982 0)
(0.0578369 0.337895 0)
(0.0587249 0.367764 0)
(0.0588005 0.392443 0)
(0.0582105 0.41258 0)
(0.0570428 0.428721 0)
(0.0553542 0.441368 0)
(0.0531892 0.451002 0)
(0.0505899 0.458087 -4.65226e-21)
(0.0476019 0.46307 4.65389e-21)
(0.0442749 0.466365 0)
(0.040661 0.468352 0)
(0.0368123 0.469364 2.59302e-21)
(0.032778 0.469683 -2.59687e-21)
(0.0286025 0.469544 -2.65979e-21)
(0.0243235 0.469138 2.66374e-21)
(0.0199719 0.46861 0)
(0.0155715 0.468072 -1.35143e-21)
(0.0111402 0.467605 1.35299e-21)
(0.00669041 0.467265 0)
(0.00223112 0.467086 0)
(-0.00223112 0.467086 0)
(-0.00669041 0.467265 0)
(-0.0111402 0.467605 1.35299e-21)
(-0.0155715 0.468072 -1.35143e-21)
(-0.0199719 0.46861 0)
(-0.0243235 0.469138 2.66374e-21)
(-0.0286025 0.469544 -2.65979e-21)
(-0.032778 0.469683 -2.59687e-21)
(-0.0368123 0.469364 2.59302e-21)
(-0.040661 0.468352 0)
(-0.0442749 0.466365 0)
(-0.0476019 0.46307 4.65389e-21)
(-0.0505899 0.458087 -4.65226e-21)
(-0.0531892 0.451002 0)
(-0.0553542 0.441368 0)
(-0.0570428 0.428721 0)
(-0.0582105 0.41258 0)
(-0.0588005 0.392443 0)
(-0.0587249 0.367764 0)
(-0.0578369 0.337895 0)
(-0.0558882 0.301982 0)
(-0.0524533 0.258764 0)
(-0.046825 0.206149 0)
(-0.0373239 0.140439 8.14329e-21)
(-0.0194506 0.0550349 -7.60368e-21)
(0.0218765 0.0692758 1.45738e-20)
(0.0383506 0.153968 0)
(0.0473411 0.217244 9.57492e-21)
(0.0527216 0.267975 5.834e-23)
(0.0559956 0.309686 -9.19683e-21)
(0.0578253 0.344352 0)
(0.0586178 0.373171 -8.33587e-21)
(0.058612 0.396971 8.25948e-21)
(0.0579517 0.416388 -3.93286e-21)
(0.0567248 0.431957 3.91467e-21)
(0.05499 0.444168 0)
(0.052793 0.453486 -3.95619e-21)
(0.050177 0.460358 3.95513e-21)
(0.0471872 0.465209 0)
(0.0438716 0.468436 4.24446e-21)
(0.0402801 0.4704 -4.25216e-21)
(0.0364623 0.471417 2.2217e-21)
(0.0324648 0.471759 3.61785e-23)
(0.0283298 0.471653 -2.26825e-21)
(0.0240932 0.47128 -2.32441e-21)
(0.0197846 0.470783 1.15683e-21)
(0.0154269 0.470272 2.35526e-21)
(0.0110377 0.469825 -1.77524e-21)
(0.0066293 0.469498 8.9104e-22)
(0.00221084 0.469327 -2.97673e-22)
(-0.00221084 0.469327 -2.97673e-22)
(-0.0066293 0.469498 8.9104e-22)
(-0.0110377 0.469825 -1.77524e-21)
(-0.0154269 0.470272 2.35526e-21)
(-0.0197846 0.470783 1.15683e-21)
(-0.0240932 0.47128 -2.32441e-21)
(-0.0283298 0.471653 -2.26825e-21)
(-0.0324648 0.471759 3.61785e-23)
(-0.0364623 0.471417 2.2217e-21)
(-0.0402801 0.4704 -4.25216e-21)
(-0.0438716 0.468436 4.24446e-21)
(-0.0471872 0.465209 0)
(-0.050177 0.460358 3.95513e-21)
(-0.052793 0.453486 -3.95619e-21)
(-0.05499 0.444168 0)
(-0.0567248 0.431957 3.91467e-21)
(-0.0579517 0.416388 -3.93286e-21)
(-0.058612 0.396971 8.25948e-21)
(-0.0586178 0.373171 -8.33587e-21)
(-0.0578253 0.344352 0)
(-0.0559956 0.309686 -9.19683e-21)
(-0.0527216 0.267975 5.834e-23)
(-0.0473411 0.217244 9.57492e-21)
(-0.0383506 0.153968 0)
(-0.0218765 0.0692758 -1.45738e-20)
)
;

boundaryField
{
    left
    {
        type            noSlip;
    }
    right
    {
        type            noSlip;
    }
    up
    {
        type            zeroGradient;
    }
    down
    {
        type            fixedValue;
        value           uniform (0 0.4 0);
    }
    frontAndBack
    {
        type            empty;
    }
}


// ************************************************************************* //
