/*--------------------------------*- C++ -*----------------------------------*\
  =========                 |
  \\      /  F ield         | OpenFOAM: The Open Source CFD Toolbox
   \\    /   O peration     | Website:  https://openfoam.org
    \\  /    A nd           | Version:  6
     \\/     M anipulation  |
\*---------------------------------------------------------------------------*/
FoamFile
{
    version     2.0;
    format      ascii;
    class       labelList;
    note        "nPoints:7800  nCells:3773  nFaces:15218  nInternalFaces:7420";
    location    "constant/polyMesh";
    object      neighbour;
}
// * * * * * * * * * * * * * * * * * * * * * * * * * * * * * * * * * * * * * //


7420
(
1
33
2
34
3
35
4
36
5
37
6
38
7
39
8
40
9
41
10
42
11
43
12
44
13
45
14
46
15
47
16
48
17
49
18
50
19
51
20
52
21
53
22
54
23
55
24
56
25
57
26
58
27
59
28
60
29
61
30
62
31
63
32
64
65
1617
34
66
35
67
36
68
37
69
38
70
39
71
40
72
41
73
42
74
43
75
44
76
45
77
46
78
47
79
48
80
49
81
50
82
51
83
52
84
53
85
54
86
55
87
56
88
57
89
58
90
59
91
60
92
61
93
62
94
63
95
64
96
65
97
98
1640
67
99
68
100
69
101
70
102
71
103
72
104
73
105
74
106
75
107
76
108
77
109
78
110
79
111
80
112
81
113
82
114
83
115
84
116
85
117
86
118
87
119
88
120
89
121
90
122
91
123
92
124
93
125
94
126
95
127
96
128
97
129
98
130
131
1663
100
132
101
133
102
134
103
135
104
136
105
137
106
138
107
139
108
140
109
141
110
142
111
143
112
144
113
145
114
146
115
147
116
148
117
149
118
150
119
151
120
152
121
153
122
154
123
155
124
156
125
157
126
158
127
159
128
160
129
161
130
162
131
163
164
1686
133
165
134
166
135
167
136
168
137
169
138
170
139
171
140
172
141
173
142
174
143
175
144
176
145
177
146
178
147
179
148
180
149
181
150
182
151
183
152
184
153
185
154
186
155
187
156
188
157
189
158
190
159
191
160
192
161
193
162
194
163
195
164
196
197
1709
166
198
167
199
168
200
169
201
170
202
171
203
172
204
173
205
174
206
175
207
176
208
177
209
178
210
179
211
180
212
181
213
182
214
183
215
184
216
185
217
186
218
187
219
188
220
189
221
190
222
191
223
192
224
193
225
194
226
195
227
196
228
197
229
230
1732
199
231
200
232
201
233
202
234
203
235
204
236
205
237
206
238
207
239
208
240
209
241
210
242
211
243
212
244
213
245
214
246
215
247
216
248
217
249
218
250
219
251
220
252
221
253
222
254
223
255
224
256
225
257
226
258
227
259
228
260
229
261
230
262
263
1755
232
264
233
265
234
266
235
267
236
268
237
269
238
270
239
271
240
272
241
273
242
274
243
275
244
276
245
277
246
278
247
279
248
280
249
281
250
282
251
283
252
284
253
285
254
286
255
287
256
288
257
289
258
290
259
291
260
292
261
293
262
294
263
295
296
1778
265
297
266
298
267
299
268
300
269
301
270
302
271
303
272
304
273
305
274
306
275
307
276
308
277
309
278
310
279
311
280
312
281
313
282
314
283
315
284
316
285
317
286
318
287
319
288
320
289
321
290
322
291
323
292
324
293
325
294
326
295
327
296
328
329
1801
298
330
299
331
300
332
301
333
302
334
303
335
304
336
305
337
306
338
307
339
308
340
309
341
310
342
311
343
312
344
313
345
314
346
315
347
316
348
317
349
318
350
319
351
320
352
321
353
322
354
323
355
324
356
325
357
326
358
327
359
328
360
329
361
362
1824
331
363
332
364
333
365
334
366
335
367
336
368
337
369
338
370
339
371
340
372
341
373
342
374
343
375
344
376
345
377
346
378
347
379
348
380
349
381
350
382
351
383
352
384
353
385
354
386
355
387
356
388
357
389
358
390
359
391
360
392
361
393
362
394
395
1847
364
396
365
397
366
398
367
399
368
400
369
401
370
402
371
403
372
404
373
405
374
406
375
407
376
408
377
409
378
410
379
411
380
412
381
413
382
414
383
415
384
416
385
417
386
418
387
419
388
420
389
421
390
422
391
423
392
424
393
425
394
426
395
427
428
1870
397
429
398
430
399
431
400
432
401
433
402
434
403
435
404
436
405
437
406
438
407
439
408
440
409
441
410
442
411
443
412
444
413
445
414
446
415
447
416
448
417
449
418
450
419
451
420
452
421
453
422
454
423
455
424
456
425
457
426
458
427
459
428
460
461
1893
430
462
431
463
432
464
433
465
434
466
435
467
436
468
437
469
438
470
439
471
440
472
441
473
442
474
443
475
444
476
445
477
446
478
447
479
448
480
449
481
450
482
451
483
452
484
453
485
454
486
455
487
456
488
457
489
458
490
459
491
460
492
461
493
494
1916
463
495
464
496
465
497
466
498
467
499
468
500
469
501
470
502
471
503
472
504
473
505
474
506
475
507
476
508
477
509
478
510
479
511
480
512
481
513
482
514
483
515
484
516
485
517
486
518
487
519
488
520
489
521
490
522
491
523
492
524
493
525
494
526
527
1939
496
528
497
529
498
530
499
531
500
532
501
533
502
534
503
535
504
536
505
537
506
538
507
539
508
540
509
541
510
542
511
543
512
544
513
545
514
546
515
547
516
548
517
549
518
550
519
551
520
552
521
553
522
554
523
555
524
556
525
557
526
558
527
559
560
1962
529
561
530
562
531
563
532
564
533
565
534
566
535
567
536
568
537
569
538
570
539
571
540
572
541
573
542
574
543
575
544
576
545
577
546
578
547
579
548
580
549
581
550
582
551
583
552
584
553
585
554
586
555
587
556
588
557
589
558
590
559
591
560
592
593
1985
562
594
563
595
564
596
565
597
566
598
567
599
568
600
569
601
570
602
571
603
572
604
573
605
574
606
575
607
576
608
577
609
578
610
579
611
580
612
581
613
582
614
583
615
584
616
585
617
586
618
587
619
588
620
589
621
590
622
591
623
592
624
593
625
626
2008
595
627
596
628
597
629
598
630
599
631
600
632
601
633
602
634
603
635
604
636
605
637
606
638
607
639
608
640
609
641
610
642
611
643
612
644
613
645
614
646
615
647
616
648
617
649
618
650
619
651
620
652
621
653
622
654
623
655
624
656
625
657
626
658
659
2031
628
660
629
661
630
662
631
663
632
664
633
665
634
666
635
667
636
668
637
669
638
670
639
671
640
672
641
673
642
674
643
675
644
676
645
677
646
678
647
679
648
680
649
681
650
682
651
683
652
684
653
685
654
686
655
687
656
688
657
689
658
690
659
691
692
2054
661
693
662
694
663
695
664
696
665
697
666
698
667
699
668
700
669
701
670
702
671
703
672
704
673
705
674
706
675
707
676
708
677
709
678
710
679
711
680
712
681
713
682
714
683
715
684
716
685
717
686
718
687
719
688
720
689
721
690
722
691
723
692
724
725
2077
694
726
695
727
696
728
697
729
698
730
699
731
700
732
701
733
702
734
703
735
704
736
705
737
706
738
707
739
708
740
709
741
710
742
711
743
712
744
713
745
714
746
715
747
716
748
717
749
718
750
719
751
720
752
721
753
722
754
723
755
724
756
725
757
758
2100
727
759
728
760
729
761
730
762
731
763
732
764
733
765
734
766
735
767
736
768
737
769
738
770
739
771
740
772
741
773
742
774
743
775
744
776
745
777
746
778
747
779
748
780
749
781
750
782
751
783
752
784
753
785
754
786
755
787
756
788
757
789
758
790
791
2123
760
792
761
793
762
794
763
795
764
796
765
797
766
798
767
799
768
800
769
801
770
802
771
803
772
804
773
805
774
806
775
807
776
808
777
809
778
810
779
811
780
812
781
813
782
814
783
815
784
816
785
817
786
818
787
819
788
820
789
821
790
822
791
823
824
2146
793
825
794
826
795
827
796
828
797
829
798
830
799
831
800
832
801
833
802
834
803
835
804
836
805
837
806
838
807
839
808
840
809
841
810
842
811
843
812
844
813
845
814
846
815
847
816
848
817
849
818
850
819
851
820
852
821
853
822
854
823
855
824
856
857
2169
826
858
827
859
828
860
829
861
830
862
831
863
832
864
833
865
834
866
835
867
836
868
837
869
838
870
839
871
840
872
841
873
842
874
843
875
844
876
845
877
846
878
847
879
848
880
849
881
850
882
851
883
852
884
853
885
854
886
855
887
856
888
857
889
890
2192
859
891
860
892
861
893
862
894
863
895
864
896
865
897
866
898
867
899
868
900
869
901
870
902
871
903
872
904
873
905
874
906
875
907
876
908
877
909
878
910
879
911
880
912
881
913
882
914
883
915
884
916
885
917
886
918
887
919
888
920
889
921
890
922
923
2215
892
924
893
925
894
926
895
927
896
928
897
929
898
930
899
931
900
932
901
933
902
934
903
935
904
936
905
937
906
938
907
939
908
940
909
941
910
942
911
943
912
944
913
945
914
946
915
947
916
948
917
949
918
950
919
951
920
952
921
953
922
954
923
955
956
2238
925
957
926
958
927
959
928
960
929
961
930
962
931
963
932
964
933
965
934
966
935
967
936
968
937
969
938
970
939
971
940
972
941
973
942
974
943
975
944
976
945
977
946
978
947
979
948
980
949
981
950
982
951
983
952
984
953
985
954
986
955
987
956
988
989
2261
958
990
959
991
960
992
961
993
962
994
963
995
964
996
965
997
966
998
967
999
968
1000
969
1001
970
1002
971
1003
972
1004
973
1005
974
1006
975
1007
976
1008
977
1009
978
1010
979
1011
980
1012
981
1013
982
1014
983
1015
984
1016
985
1017
986
1018
987
1019
988
1020
989
1021
1022
2284
991
1023
992
1024
993
1025
994
1026
995
1027
996
1028
997
1029
998
1030
999
1031
1000
1032
1001
1033
1002
1034
1003
1035
1004
1036
1005
1037
1006
1038
1007
1039
1008
1040
1009
1041
1010
1042
1011
1043
1012
1044
1013
1045
1014
1046
1015
1047
1016
1048
1017
1049
1018
1050
1019
1051
1020
1052
1021
1053
1022
1054
1055
2307
1024
1056
1025
1057
1026
1058
1027
1059
1028
1060
1029
1061
1030
1062
1031
1063
1032
1064
1033
1065
1034
1066
1035
1067
1036
1068
1037
1069
1038
1070
1039
1071
1040
1072
1041
1073
1042
1074
1043
1075
1044
1076
1045
1077
1046
1078
1047
1079
1048
1080
1049
1081
1050
1082
1051
1083
1052
1084
1053
1085
1054
1086
1055
1087
1088
2330
1057
1089
1058
1090
1059
1091
1060
1092
1061
1093
1062
1094
1063
1095
1064
1096
1065
1097
1066
1098
1067
1099
1068
1100
1069
1101
1070
1102
1071
1103
1072
1104
1073
1105
1074
1106
1075
1107
1076
1108
1077
1109
1078
1110
1079
1111
1080
1112
1081
1113
1082
1114
1083
1115
1084
1116
1085
1117
1086
1118
1087
1119
1088
1120
1121
2353
1090
1122
1091
1123
1092
1124
1093
1125
1094
1126
1095
1127
1096
1128
1097
1129
1098
1130
1099
1131
1100
1132
1101
1133
1102
1134
1103
1135
1104
1136
1105
1137
1106
1138
1107
1139
1108
1140
1109
1141
1110
1142
1111
1143
1112
1144
1113
1145
1114
1146
1115
1147
1116
1148
1117
1149
1118
1150
1119
1151
1120
1152
1121
1153
1154
2376
1123
1155
1124
1156
1125
1157
1126
1158
1127
1159
1128
1160
1129
1161
1130
1162
1131
1163
1132
1164
1133
1165
1134
1166
1135
1167
1136
1168
1137
1169
1138
1170
1139
1171
1140
1172
1141
1173
1142
1174
1143
1175
1144
1176
1145
1177
1146
1178
1147
1179
1148
1180
1149
1181
1150
1182
1151
1183
1152
1184
1153
1185
1154
1186
1187
2399
1156
1188
1157
1189
1158
1190
1159
1191
1160
1192
1161
1193
1162
1194
1163
1195
1164
1196
1165
1197
1166
1198
1167
1199
1168
1200
1169
1201
1170
1202
1171
1203
1172
1204
1173
1205
1174
1206
1175
1207
1176
1208
1177
1209
1178
1210
1179
1211
1180
1212
1181
1213
1182
1214
1183
1215
1184
1216
1185
1217
1186
1218
1187
1219
1220
2422
1189
1221
1190
1222
1191
1223
1192
1224
1193
1225
1194
1226
1195
1227
1196
1228
1197
1229
1198
1230
1199
1231
1200
1232
1201
1233
1202
1234
1203
1235
1204
1236
1205
1237
1206
1238
1207
1239
1208
1240
1209
1241
1210
1242
1211
1243
1212
1244
1213
1245
1214
1246
1215
1247
1216
1248
1217
1249
1218
1250
1219
1251
1220
1252
1253
2445
1222
1254
1223
1255
1224
1256
1225
1257
1226
1258
1227
1259
1228
1260
1229
1261
1230
1262
1231
1263
1232
1264
1233
1265
1234
1266
1235
1267
1236
1268
1237
1269
1238
1270
1239
1271
1240
1272
1241
1273
1242
1274
1243
1275
1244
1276
1245
1277
1246
1278
1247
1279
1248
1280
1249
1281
1250
1282
1251
1283
1252
1284
1253
1285
1286
2468
1255
1287
1256
1288
1257
1289
1258
1290
1259
1291
1260
1292
1261
1293
1262
1294
1263
1295
1264
1296
1265
1297
1266
1298
1267
1299
1268
1300
1269
1301
1270
1302
1271
1303
1272
1304
1273
1305
1274
1306
1275
1307
1276
1308
1277
1309
1278
1310
1279
1311
1280
1312
1281
1313
1282
1314
1283
1315
1284
1316
1285
1317
1286
1318
1319
2491
1288
1320
1289
1321
1290
1322
1291
1323
1292
1324
1293
1325
1294
1326
1295
1327
1296
1328
1297
1329
1298
1330
1299
1331
1300
1332
1301
1333
1302
1334
1303
1335
1304
1336
1305
1337
1306
1338
1307
1339
1308
1340
1309
1341
1310
1342
1311
1343
1312
1344
1313
1345
1314
1346
1315
1347
1316
1348
1317
1349
1318
1350
1319
1351
1352
2514
1321
1353
1322
1354
1323
1355
1324
1356
1325
1357
1326
1358
1327
1359
1328
1360
1329
1361
1330
1362
1331
1363
1332
1364
1333
1365
1334
1366
1335
1367
1336
1368
1337
1369
1338
1370
1339
1371
1340
1372
1341
1373
1342
1374
1343
1375
1344
1376
1345
1377
1346
1378
1347
1379
1348
1380
1349
1381
1350
1382
1351
1383
1352
1384
1385
2537
1354
1386
1355
1387
1356
1388
1357
1389
1358
1390
1359
1391
1360
1392
1361
1393
1362
1394
1363
1395
1364
1396
1365
1397
1366
1398
1367
1399
1368
1400
1369
1401
1370
1402
1371
1403
1372
1404
1373
1405
1374
1406
1375
1407
1376
1408
1377
1409
1378
1410
1379
1411
1380
1412
1381
1413
1382
1414
1383
1415
1384
1416
1385
1417
1418
2560
1387
1419
1388
1420
1389
1421
1390
1422
1391
1423
1392
1424
1393
1425
1394
1426
1395
1427
1396
1428
1397
1429
1398
1430
1399
1431
1400
1432
1401
1433
1402
1434
1403
1435
1404
1436
1405
1437
1406
1438
1407
1439
1408
1440
1409
1441
1410
1442
1411
1443
1412
1444
1413
1445
1414
1446
1415
1447
1416
1448
1417
1449
1418
1450
1451
2583
1420
1452
1421
1453
1422
1454
1423
1455
1424
1456
1425
1457
1426
1458
1427
1459
1428
1460
1429
1461
1430
1462
1431
1463
1432
1464
1433
1465
1434
1466
1435
1467
1436
1468
1437
1469
1438
1470
1439
1471
1440
1472
1441
1473
1442
1474
1443
1475
1444
1476
1445
1477
1446
1478
1447
1479
1448
1480
1449
1481
1450
1482
1451
1483
1484
2606
1453
1485
1454
1486
1455
1487
1456
1488
1457
1489
1458
1490
1459
1491
1460
1492
1461
1493
1462
1494
1463
1495
1464
1496
1465
1497
1466
1498
1467
1499
1468
1500
1469
1501
1470
1502
1471
1503
1472
1504
1473
1505
1474
1506
1475
1507
1476
1508
1477
1509
1478
1510
1479
1511
1480
1512
1481
1513
1482
1514
1483
1515
1484
1516
1517
2629
1486
1518
1487
1519
1488
1520
1489
1521
1490
1522
1491
1523
1492
1524
1493
1525
1494
1526
1495
1527
1496
1528
1497
1529
1498
1530
1499
1531
1500
1532
1501
1533
1502
1534
1503
1535
1504
1536
1505
1537
1506
1538
1507
1539
1508
1540
1509
1541
1510
1542
1511
1543
1512
1544
1513
1545
1514
1546
1515
1547
1516
1548
1517
1549
1550
2652
1519
1551
1520
1552
1521
1553
1522
1554
1523
1555
1524
1556
1525
1557
1526
1558
1527
1559
1528
1560
1529
1561
1530
1562
1531
1563
1532
1564
1533
1565
1534
1566
1535
1567
1536
1568
1537
1569
1538
1570
1539
1571
1540
1572
1541
1573
1542
1574
1543
1575
1544
1576
1545
1577
1546
1578
1547
1579
1548
1580
1549
1581
1550
1582
1583
2675
1552
1584
1553
1585
1554
1586
1555
1587
1556
1588
1557
1589
1558
1590
1559
1591
1560
1592
1561
1593
1562
1594
1563
1595
1564
1596
1565
1597
1566
1598
1567
1599
1568
1600
1569
1601
1570
1602
1571
1603
1572
1604
1573
1605
1574
1606
1575
1607
1576
1608
1577
1609
1578
1610
1579
1611
1580
1612
1581
1613
1582
1614
1583
1615
1616
2698
1585
1586
1587
1588
1589
1590
1591
1592
1593
1594
1595
1596
1597
1598
1599
1600
1601
1602
1603
1604
1605
1606
1607
1608
1609
1610
1611
1612
1613
1614
1615
1616
2721
1618
1640
1619
1641
1620
1642
1621
1643
1622
1644
1623
1645
1624
1646
1625
1647
1626
1648
1627
1649
1628
1650
1629
1651
1630
1652
1631
1653
1632
1654
1633
1655
1634
1656
1635
1657
1636
1658
1637
1659
1638
1660
1639
1661
1662
2744
1641
1663
1642
1664
1643
1665
1644
1666
1645
1667
1646
1668
1647
1669
1648
1670
1649
1671
1650
1672
1651
1673
1652
1674
1653
1675
1654
1676
1655
1677
1656
1678
1657
1679
1658
1680
1659
1681
1660
1682
1661
1683
1662
1684
1685
2765
1664
1686
1665
1687
1666
1688
1667
1689
1668
1690
1669
1691
1670
1692
1671
1693
1672
1694
1673
1695
1674
1696
1675
1697
1676
1698
1677
1699
1678
1700
1679
1701
1680
1702
1681
1703
1682
1704
1683
1705
1684
1706
1685
1707
1708
2786
1687
1709
1688
1710
1689
1711
1690
1712
1691
1713
1692
1714
1693
1715
1694
1716
1695
1717
1696
1718
1697
1719
1698
1720
1699
1721
1700
1722
1701
1723
1702
1724
1703
1725
1704
1726
1705
1727
1706
1728
1707
1729
1708
1730
1731
2807
1710
1732
1711
1733
1712
1734
1713
1735
1714
1736
1715
1737
1716
1738
1717
1739
1718
1740
1719
1741
1720
1742
1721
1743
1722
1744
1723
1745
1724
1746
1725
1747
1726
1748
1727
1749
1728
1750
1729
1751
1730
1752
1731
1753
1754
2828
1733
1755
1734
1756
1735
1757
1736
1758
1737
1759
1738
1760
1739
1761
1740
1762
1741
1763
1742
1764
1743
1765
1744
1766
1745
1767
1746
1768
1747
1769
1748
1770
1749
1771
1750
1772
1751
1773
1752
1774
1753
1775
1754
1776
1777
2849
1756
1778
1757
1779
1758
1780
1759
1781
1760
1782
1761
1783
1762
1784
1763
1785
1764
1786
1765
1787
1766
1788
1767
1789
1768
1790
1769
1791
1770
1792
1771
1793
1772
1794
1773
1795
1774
1796
1775
1797
1776
1798
1777
1799
1800
2870
1779
1801
1780
1802
1781
1803
1782
1804
1783
1805
1784
1806
1785
1807
1786
1808
1787
1809
1788
1810
1789
1811
1790
1812
1791
1813
1792
1814
1793
1815
1794
1816
1795
1817
1796
1818
1797
1819
1798
1820
1799
1821
1800
1822
1823
2891
1802
1824
1803
1825
1804
1826
1805
1827
1806
1828
1807
1829
1808
1830
1809
1831
1810
1832
1811
1833
1812
1834
1813
1835
1814
1836
1815
1837
1816
1838
1817
1839
1818
1840
1819
1841
1820
1842
1821
1843
1822
1844
1823
1845
1846
2912
1825
1847
1826
1848
1827
1849
1828
1850
1829
1851
1830
1852
1831
1853
1832
1854
1833
1855
1834
1856
1835
1857
1836
1858
1837
1859
1838
1860
1839
1861
1840
1862
1841
1863
1842
1864
1843
1865
1844
1866
1845
1867
1846
1868
1869
2933
1848
1870
1849
1871
1850
1872
1851
1873
1852
1874
1853
1875
1854
1876
1855
1877
1856
1878
1857
1879
1858
1880
1859
1881
1860
1882
1861
1883
1862
1884
1863
1885
1864
1886
1865
1887
1866
1888
1867
1889
1868
1890
1869
1891
1892
2954
1871
1893
1872
1894
1873
1895
1874
1896
1875
1897
1876
1898
1877
1899
1878
1900
1879
1901
1880
1902
1881
1903
1882
1904
1883
1905
1884
1906
1885
1907
1886
1908
1887
1909
1888
1910
1889
1911
1890
1912
1891
1913
1892
1914
1915
2975
1894
1916
1895
1917
1896
1918
1897
1919
1898
1920
1899
1921
1900
1922
1901
1923
1902
1924
1903
1925
1904
1926
1905
1927
1906
1928
1907
1929
1908
1930
1909
1931
1910
1932
1911
1933
1912
1934
1913
1935
1914
1936
1915
1937
1938
2996
1917
1939
1918
1940
1919
1941
1920
1942
1921
1943
1922
1944
1923
1945
1924
1946
1925
1947
1926
1948
1927
1949
1928
1950
1929
1951
1930
1952
1931
1953
1932
1954
1933
1955
1934
1956
1935
1957
1936
1958
1937
1959
1938
1960
1961
3017
1940
1962
1941
1963
1942
1964
1943
1965
1944
1966
1945
1967
1946
1968
1947
1969
1948
1970
1949
1971
1950
1972
1951
1973
1952
1974
1953
1975
1954
1976
1955
1977
1956
1978
1957
1979
1958
1980
1959
1981
1960
1982
1961
1983
1984
3038
1963
1985
1964
1986
1965
1987
1966
1988
1967
1989
1968
1990
1969
1991
1970
1992
1971
1993
1972
1994
1973
1995
1974
1996
1975
1997
1976
1998
1977
1999
1978
2000
1979
2001
1980
2002
1981
2003
1982
2004
1983
2005
1984
2006
2007
3059
1986
2008
1987
2009
1988
2010
1989
2011
1990
2012
1991
2013
1992
2014
1993
2015
1994
2016
1995
2017
1996
2018
1997
2019
1998
2020
1999
2021
2000
2022
2001
2023
2002
2024
2003
2025
2004
2026
2005
2027
2006
2028
2007
2029
2030
3080
2009
2031
2010
2032
2011
2033
2012
2034
2013
2035
2014
2036
2015
2037
2016
2038
2017
2039
2018
2040
2019
2041
2020
2042
2021
2043
2022
2044
2023
2045
2024
2046
2025
2047
2026
2048
2027
2049
2028
2050
2029
2051
2030
2052
2053
3101
2032
2054
2033
2055
2034
2056
2035
2057
2036
2058
2037
2059
2038
2060
2039
2061
2040
2062
2041
2063
2042
2064
2043
2065
2044
2066
2045
2067
2046
2068
2047
2069
2048
2070
2049
2071
2050
2072
2051
2073
2052
2074
2053
2075
2076
3122
2055
2077
2056
2078
2057
2079
2058
2080
2059
2081
2060
2082
2061
2083
2062
2084
2063
2085
2064
2086
2065
2087
2066
2088
2067
2089
2068
2090
2069
2091
2070
2092
2071
2093
2072
2094
2073
2095
2074
2096
2075
2097
2076
2098
2099
3143
2078
2100
2079
2101
2080
2102
2081
2103
2082
2104
2083
2105
2084
2106
2085
2107
2086
2108
2087
2109
2088
2110
2089
2111
2090
2112
2091
2113
2092
2114
2093
2115
2094
2116
2095
2117
2096
2118
2097
2119
2098
2120
2099
2121
2122
3164
2101
2123
2102
2124
2103
2125
2104
2126
2105
2127
2106
2128
2107
2129
2108
2130
2109
2131
2110
2132
2111
2133
2112
2134
2113
2135
2114
2136
2115
2137
2116
2138
2117
2139
2118
2140
2119
2141
2120
2142
2121
2143
2122
2144
2145
3185
2124
2146
2125
2147
2126
2148
2127
2149
2128
2150
2129
2151
2130
2152
2131
2153
2132
2154
2133
2155
2134
2156
2135
2157
2136
2158
2137
2159
2138
2160
2139
2161
2140
2162
2141
2163
2142
2164
2143
2165
2144
2166
2145
2167
2168
3206
2147
2169
2148
2170
2149
2171
2150
2172
2151
2173
2152
2174
2153
2175
2154
2176
2155
2177
2156
2178
2157
2179
2158
2180
2159
2181
2160
2182
2161
2183
2162
2184
2163
2185
2164
2186
2165
2187
2166
2188
2167
2189
2168
2190
2191
3227
2170
2192
2171
2193
2172
2194
2173
2195
2174
2196
2175
2197
2176
2198
2177
2199
2178
2200
2179
2201
2180
2202
2181
2203
2182
2204
2183
2205
2184
2206
2185
2207
2186
2208
2187
2209
2188
2210
2189
2211
2190
2212
2191
2213
2214
3248
2193
2215
2194
2216
2195
2217
2196
2218
2197
2219
2198
2220
2199
2221
2200
2222
2201
2223
2202
2224
2203
2225
2204
2226
2205
2227
2206
2228
2207
2229
2208
2230
2209
2231
2210
2232
2211
2233
2212
2234
2213
2235
2214
2236
2237
3269
2216
2238
2217
2239
2218
2240
2219
2241
2220
2242
2221
2243
2222
2244
2223
2245
2224
2246
2225
2247
2226
2248
2227
2249
2228
2250
2229
2251
2230
2252
2231
2253
2232
2254
2233
2255
2234
2256
2235
2257
2236
2258
2237
2259
2260
3290
2239
2261
2240
2262
2241
2263
2242
2264
2243
2265
2244
2266
2245
2267
2246
2268
2247
2269
2248
2270
2249
2271
2250
2272
2251
2273
2252
2274
2253
2275
2254
2276
2255
2277
2256
2278
2257
2279
2258
2280
2259
2281
2260
2282
2283
3311
2262
2284
2263
2285
2264
2286
2265
2287
2266
2288
2267
2289
2268
2290
2269
2291
2270
2292
2271
2293
2272
2294
2273
2295
2274
2296
2275
2297
2276
2298
2277
2299
2278
2300
2279
2301
2280
2302
2281
2303
2282
2304
2283
2305
2306
3332
2285
2307
2286
2308
2287
2309
2288
2310
2289
2311
2290
2312
2291
2313
2292
2314
2293
2315
2294
2316
2295
2317
2296
2318
2297
2319
2298
2320
2299
2321
2300
2322
2301
2323
2302
2324
2303
2325
2304
2326
2305
2327
2306
2328
2329
3353
2308
2330
2309
2331
2310
2332
2311
2333
2312
2334
2313
2335
2314
2336
2315
2337
2316
2338
2317
2339
2318
2340
2319
2341
2320
2342
2321
2343
2322
2344
2323
2345
2324
2346
2325
2347
2326
2348
2327
2349
2328
2350
2329
2351
2352
3374
2331
2353
2332
2354
2333
2355
2334
2356
2335
2357
2336
2358
2337
2359
2338
2360
2339
2361
2340
2362
2341
2363
2342
2364
2343
2365
2344
2366
2345
2367
2346
2368
2347
2369
2348
2370
2349
2371
2350
2372
2351
2373
2352
2374
2375
3395
2354
2376
2355
2377
2356
2378
2357
2379
2358
2380
2359
2381
2360
2382
2361
2383
2362
2384
2363
2385
2364
2386
2365
2387
2366
2388
2367
2389
2368
2390
2369
2391
2370
2392
2371
2393
2372
2394
2373
2395
2374
2396
2375
2397
2398
3416
2377
2399
2378
2400
2379
2401
2380
2402
2381
2403
2382
2404
2383
2405
2384
2406
2385
2407
2386
2408
2387
2409
2388
2410
2389
2411
2390
2412
2391
2413
2392
2414
2393
2415
2394
2416
2395
2417
2396
2418
2397
2419
2398
2420
2421
3437
2400
2422
2401
2423
2402
2424
2403
2425
2404
2426
2405
2427
2406
2428
2407
2429
2408
2430
2409
2431
2410
2432
2411
2433
2412
2434
2413
2435
2414
2436
2415
2437
2416
2438
2417
2439
2418
2440
2419
2441
2420
2442
2421
2443
2444
3458
2423
2445
2424
2446
2425
2447
2426
2448
2427
2449
2428
2450
2429
2451
2430
2452
2431
2453
2432
2454
2433
2455
2434
2456
2435
2457
2436
2458
2437
2459
2438
2460
2439
2461
2440
2462
2441
2463
2442
2464
2443
2465
2444
2466
2467
3479
2446
2468
2447
2469
2448
2470
2449
2471
2450
2472
2451
2473
2452
2474
2453
2475
2454
2476
2455
2477
2456
2478
2457
2479
2458
2480
2459
2481
2460
2482
2461
2483
2462
2484
2463
2485
2464
2486
2465
2487
2466
2488
2467
2489
2490
3500
2469
2491
2470
2492
2471
2493
2472
2494
2473
2495
2474
2496
2475
2497
2476
2498
2477
2499
2478
2500
2479
2501
2480
2502
2481
2503
2482
2504
2483
2505
2484
2506
2485
2507
2486
2508
2487
2509
2488
2510
2489
2511
2490
2512
2513
3521
2492
2514
2493
2515
2494
2516
2495
2517
2496
2518
2497
2519
2498
2520
2499
2521
2500
2522
2501
2523
2502
2524
2503
2525
2504
2526
2505
2527
2506
2528
2507
2529
2508
2530
2509
2531
2510
2532
2511
2533
2512
2534
2513
2535
2536
3542
2515
2537
2516
2538
2517
2539
2518
2540
2519
2541
2520
2542
2521
2543
2522
2544
2523
2545
2524
2546
2525
2547
2526
2548
2527
2549
2528
2550
2529
2551
2530
2552
2531
2553
2532
2554
2533
2555
2534
2556
2535
2557
2536
2558
2559
3563
2538
2560
2539
2561
2540
2562
2541
2563
2542
2564
2543
2565
2544
2566
2545
2567
2546
2568
2547
2569
2548
2570
2549
2571
2550
2572
2551
2573
2552
2574
2553
2575
2554
2576
2555
2577
2556
2578
2557
2579
2558
2580
2559
2581
2582
3584
2561
2583
2562
2584
2563
2585
2564
2586
2565
2587
2566
2588
2567
2589
2568
2590
2569
2591
2570
2592
2571
2593
2572
2594
2573
2595
2574
2596
2575
2597
2576
2598
2577
2599
2578
2600
2579
2601
2580
2602
2581
2603
2582
2604
2605
3605
2584
2606
2585
2607
2586
2608
2587
2609
2588
2610
2589
2611
2590
2612
2591
2613
2592
2614
2593
2615
2594
2616
2595
2617
2596
2618
2597
2619
2598
2620
2599
2621
2600
2622
2601
2623
2602
2624
2603
2625
2604
2626
2605
2627
2628
3626
2607
2629
2608
2630
2609
2631
2610
2632
2611
2633
2612
2634
2613
2635
2614
2636
2615
2637
2616
2638
2617
2639
2618
2640
2619
2641
2620
2642
2621
2643
2622
2644
2623
2645
2624
2646
2625
2647
2626
2648
2627
2649
2628
2650
2651
3647
2630
2652
2631
2653
2632
2654
2633
2655
2634
2656
2635
2657
2636
2658
2637
2659
2638
2660
2639
2661
2640
2662
2641
2663
2642
2664
2643
2665
2644
2666
2645
2667
2646
2668
2647
2669
2648
2670
2649
2671
2650
2672
2651
2673
2674
3668
2653
2675
2654
2676
2655
2677
2656
2678
2657
2679
2658
2680
2659
2681
2660
2682
2661
2683
2662
2684
2663
2685
2664
2686
2665
2687
2666
2688
2667
2689
2668
2690
2669
2691
2670
2692
2671
2693
2672
2694
2673
2695
2674
2696
2697
3689
2676
2698
2677
2699
2678
2700
2679
2701
2680
2702
2681
2703
2682
2704
2683
2705
2684
2706
2685
2707
2686
2708
2687
2709
2688
2710
2689
2711
2690
2712
2691
2713
2692
2714
2693
2715
2694
2716
2695
2717
2696
2718
2697
2719
2720
3710
2699
2721
2700
2722
2701
2723
2702
2724
2703
2725
2704
2726
2705
2727
2706
2728
2707
2729
2708
2730
2709
2731
2710
2732
2711
2733
2712
2734
2713
2735
2714
2736
2715
2737
2716
2738
2717
2739
2718
2740
2719
2741
2720
2742
2743
3731
2722
2723
2724
2725
2726
2727
2728
2729
2730
2731
2732
2733
2734
2735
2736
2737
2738
2739
2740
2741
2742
2743
3752
2745
2765
2746
2766
2747
2767
2748
2768
2749
2769
2750
2770
2751
2771
2752
2772
2753
2773
2754
2774
2755
2775
2756
2776
2757
2777
2758
2778
2759
2779
2760
2780
2761
2781
2762
2782
2763
2783
2764
2784
2785
2766
2786
2767
2787
2768
2788
2769
2789
2770
2790
2771
2791
2772
2792
2773
2793
2774
2794
2775
2795
2776
2796
2777
2797
2778
2798
2779
2799
2780
2800
2781
2801
2782
2802
2783
2803
2784
2804
2785
2805
2806
2787
2807
2788
2808
2789
2809
2790
2810
2791
2811
2792
2812
2793
2813
2794
2814
2795
2815
2796
2816
2797
2817
2798
2818
2799
2819
2800
2820
2801
2821
2802
2822
2803
2823
2804
2824
2805
2825
2806
2826
2827
2808
2828
2809
2829
2810
2830
2811
2831
2812
2832
2813
2833
2814
2834
2815
2835
2816
2836
2817
2837
2818
2838
2819
2839
2820
2840
2821
2841
2822
2842
2823
2843
2824
2844
2825
2845
2826
2846
2827
2847
2848
2829
2849
2830
2850
2831
2851
2832
2852
2833
2853
2834
2854
2835
2855
2836
2856
2837
2857
2838
2858
2839
2859
2840
2860
2841
2861
2842
2862
2843
2863
2844
2864
2845
2865
2846
2866
2847
2867
2848
2868
2869
2850
2870
2851
2871
2852
2872
2853
2873
2854
2874
2855
2875
2856
2876
2857
2877
2858
2878
2859
2879
2860
2880
2861
2881
2862
2882
2863
2883
2864
2884
2865
2885
2866
2886
2867
2887
2868
2888
2869
2889
2890
2871
2891
2872
2892
2873
2893
2874
2894
2875
2895
2876
2896
2877
2897
2878
2898
2879
2899
2880
2900
2881
2901
2882
2902
2883
2903
2884
2904
2885
2905
2886
2906
2887
2907
2888
2908
2889
2909
2890
2910
2911
2892
2912
2893
2913
2894
2914
2895
2915
2896
2916
2897
2917
2898
2918
2899
2919
2900
2920
2901
2921
2902
2922
2903
2923
2904
2924
2905
2925
2906
2926
2907
2927
2908
2928
2909
2929
2910
2930
2911
2931
2932
2913
2933
2914
2934
2915
2935
2916
2936
2917
2937
2918
2938
2919
2939
2920
2940
2921
2941
2922
2942
2923
2943
2924
2944
2925
2945
2926
2946
2927
2947
2928
2948
2929
2949
2930
2950
2931
2951
2932
2952
2953
2934
2954
2935
2955
2936
2956
2937
2957
2938
2958
2939
2959
2940
2960
2941
2961
2942
2962
2943
2963
2944
2964
2945
2965
2946
2966
2947
2967
2948
2968
2949
2969
2950
2970
2951
2971
2952
2972
2953
2973
2974
2955
2975
2956
2976
2957
2977
2958
2978
2959
2979
2960
2980
2961
2981
2962
2982
2963
2983
2964
2984
2965
2985
2966
2986
2967
2987
2968
2988
2969
2989
2970
2990
2971
2991
2972
2992
2973
2993
2974
2994
2995
2976
2996
2977
2997
2978
2998
2979
2999
2980
3000
2981
3001
2982
3002
2983
3003
2984
3004
2985
3005
2986
3006
2987
3007
2988
3008
2989
3009
2990
3010
2991
3011
2992
3012
2993
3013
2994
3014
2995
3015
3016
2997
3017
2998
3018
2999
3019
3000
3020
3001
3021
3002
3022
3003
3023
3004
3024
3005
3025
3006
3026
3007
3027
3008
3028
3009
3029
3010
3030
3011
3031
3012
3032
3013
3033
3014
3034
3015
3035
3016
3036
3037
3018
3038
3019
3039
3020
3040
3021
3041
3022
3042
3023
3043
3024
3044
3025
3045
3026
3046
3027
3047
3028
3048
3029
3049
3030
3050
3031
3051
3032
3052
3033
3053
3034
3054
3035
3055
3036
3056
3037
3057
3058
3039
3059
3040
3060
3041
3061
3042
3062
3043
3063
3044
3064
3045
3065
3046
3066
3047
3067
3048
3068
3049
3069
3050
3070
3051
3071
3052
3072
3053
3073
3054
3074
3055
3075
3056
3076
3057
3077
3058
3078
3079
3060
3080
3061
3081
3062
3082
3063
3083
3064
3084
3065
3085
3066
3086
3067
3087
3068
3088
3069
3089
3070
3090
3071
3091
3072
3092
3073
3093
3074
3094
3075
3095
3076
3096
3077
3097
3078
3098
3079
3099
3100
3081
3101
3082
3102
3083
3103
3084
3104
3085
3105
3086
3106
3087
3107
3088
3108
3089
3109
3090
3110
3091
3111
3092
3112
3093
3113
3094
3114
3095
3115
3096
3116
3097
3117
3098
3118
3099
3119
3100
3120
3121
3102
3122
3103
3123
3104
3124
3105
3125
3106
3126
3107
3127
3108
3128
3109
3129
3110
3130
3111
3131
3112
3132
3113
3133
3114
3134
3115
3135
3116
3136
3117
3137
3118
3138
3119
3139
3120
3140
3121
3141
3142
3123
3143
3124
3144
3125
3145
3126
3146
3127
3147
3128
3148
3129
3149
3130
3150
3131
3151
3132
3152
3133
3153
3134
3154
3135
3155
3136
3156
3137
3157
3138
3158
3139
3159
3140
3160
3141
3161
3142
3162
3163
3144
3164
3145
3165
3146
3166
3147
3167
3148
3168
3149
3169
3150
3170
3151
3171
3152
3172
3153
3173
3154
3174
3155
3175
3156
3176
3157
3177
3158
3178
3159
3179
3160
3180
3161
3181
3162
3182
3163
3183
3184
3165
3185
3166
3186
3167
3187
3168
3188
3169
3189
3170
3190
3171
3191
3172
3192
3173
3193
3174
3194
3175
3195
3176
3196
3177
3197
3178
3198
3179
3199
3180
3200
3181
3201
3182
3202
3183
3203
3184
3204
3205
3186
3206
3187
3207
3188
3208
3189
3209
3190
3210
3191
3211
3192
3212
3193
3213
3194
3214
3195
3215
3196
3216
3197
3217
3198
3218
3199
3219
3200
3220
3201
3221
3202
3222
3203
3223
3204
3224
3205
3225
3226
3207
3227
3208
3228
3209
3229
3210
3230
3211
3231
3212
3232
3213
3233
3214
3234
3215
3235
3216
3236
3217
3237
3218
3238
3219
3239
3220
3240
3221
3241
3222
3242
3223
3243
3224
3244
3225
3245
3226
3246
3247
3228
3248
3229
3249
3230
3250
3231
3251
3232
3252
3233
3253
3234
3254
3235
3255
3236
3256
3237
3257
3238
3258
3239
3259
3240
3260
3241
3261
3242
3262
3243
3263
3244
3264
3245
3265
3246
3266
3247
3267
3268
3249
3269
3250
3270
3251
3271
3252
3272
3253
3273
3254
3274
3255
3275
3256
3276
3257
3277
3258
3278
3259
3279
3260
3280
3261
3281
3262
3282
3263
3283
3264
3284
3265
3285
3266
3286
3267
3287
3268
3288
3289
3270
3290
3271
3291
3272
3292
3273
3293
3274
3294
3275
3295
3276
3296
3277
3297
3278
3298
3279
3299
3280
3300
3281
3301
3282
3302
3283
3303
3284
3304
3285
3305
3286
3306
3287
3307
3288
3308
3289
3309
3310
3291
3311
3292
3312
3293
3313
3294
3314
3295
3315
3296
3316
3297
3317
3298
3318
3299
3319
3300
3320
3301
3321
3302
3322
3303
3323
3304
3324
3305
3325
3306
3326
3307
3327
3308
3328
3309
3329
3310
3330
3331
3312
3332
3313
3333
3314
3334
3315
3335
3316
3336
3317
3337
3318
3338
3319
3339
3320
3340
3321
3341
3322
3342
3323
3343
3324
3344
3325
3345
3326
3346
3327
3347
3328
3348
3329
3349
3330
3350
3331
3351
3352
3333
3353
3334
3354
3335
3355
3336
3356
3337
3357
3338
3358
3339
3359
3340
3360
3341
3361
3342
3362
3343
3363
3344
3364
3345
3365
3346
3366
3347
3367
3348
3368
3349
3369
3350
3370
3351
3371
3352
3372
3373
3354
3374
3355
3375
3356
3376
3357
3377
3358
3378
3359
3379
3360
3380
3361
3381
3362
3382
3363
3383
3364
3384
3365
3385
3366
3386
3367
3387
3368
3388
3369
3389
3370
3390
3371
3391
3372
3392
3373
3393
3394
3375
3395
3376
3396
3377
3397
3378
3398
3379
3399
3380
3400
3381
3401
3382
3402
3383
3403
3384
3404
3385
3405
3386
3406
3387
3407
3388
3408
3389
3409
3390
3410
3391
3411
3392
3412
3393
3413
3394
3414
3415
3396
3416
3397
3417
3398
3418
3399
3419
3400
3420
3401
3421
3402
3422
3403
3423
3404
3424
3405
3425
3406
3426
3407
3427
3408
3428
3409
3429
3410
3430
3411
3431
3412
3432
3413
3433
3414
3434
3415
3435
3436
3417
3437
3418
3438
3419
3439
3420
3440
3421
3441
3422
3442
3423
3443
3424
3444
3425
3445
3426
3446
3427
3447
3428
3448
3429
3449
3430
3450
3431
3451
3432
3452
3433
3453
3434
3454
3435
3455
3436
3456
3457
3438
3458
3439
3459
3440
3460
3441
3461
3442
3462
3443
3463
3444
3464
3445
3465
3446
3466
3447
3467
3448
3468
3449
3469
3450
3470
3451
3471
3452
3472
3453
3473
3454
3474
3455
3475
3456
3476
3457
3477
3478
3459
3479
3460
3480
3461
3481
3462
3482
3463
3483
3464
3484
3465
3485
3466
3486
3467
3487
3468
3488
3469
3489
3470
3490
3471
3491
3472
3492
3473
3493
3474
3494
3475
3495
3476
3496
3477
3497
3478
3498
3499
3480
3500
3481
3501
3482
3502
3483
3503
3484
3504
3485
3505
3486
3506
3487
3507
3488
3508
3489
3509
3490
3510
3491
3511
3492
3512
3493
3513
3494
3514
3495
3515
3496
3516
3497
3517
3498
3518
3499
3519
3520
3501
3521
3502
3522
3503
3523
3504
3524
3505
3525
3506
3526
3507
3527
3508
3528
3509
3529
3510
3530
3511
3531
3512
3532
3513
3533
3514
3534
3515
3535
3516
3536
3517
3537
3518
3538
3519
3539
3520
3540
3541
3522
3542
3523
3543
3524
3544
3525
3545
3526
3546
3527
3547
3528
3548
3529
3549
3530
3550
3531
3551
3532
3552
3533
3553
3534
3554
3535
3555
3536
3556
3537
3557
3538
3558
3539
3559
3540
3560
3541
3561
3562
3543
3563
3544
3564
3545
3565
3546
3566
3547
3567
3548
3568
3549
3569
3550
3570
3551
3571
3552
3572
3553
3573
3554
3574
3555
3575
3556
3576
3557
3577
3558
3578
3559
3579
3560
3580
3561
3581
3562
3582
3583
3564
3584
3565
3585
3566
3586
3567
3587
3568
3588
3569
3589
3570
3590
3571
3591
3572
3592
3573
3593
3574
3594
3575
3595
3576
3596
3577
3597
3578
3598
3579
3599
3580
3600
3581
3601
3582
3602
3583
3603
3604
3585
3605
3586
3606
3587
3607
3588
3608
3589
3609
3590
3610
3591
3611
3592
3612
3593
3613
3594
3614
3595
3615
3596
3616
3597
3617
3598
3618
3599
3619
3600
3620
3601
3621
3602
3622
3603
3623
3604
3624
3625
3606
3626
3607
3627
3608
3628
3609
3629
3610
3630
3611
3631
3612
3632
3613
3633
3614
3634
3615
3635
3616
3636
3617
3637
3618
3638
3619
3639
3620
3640
3621
3641
3622
3642
3623
3643
3624
3644
3625
3645
3646
3627
3647
3628
3648
3629
3649
3630
3650
3631
3651
3632
3652
3633
3653
3634
3654
3635
3655
3636
3656
3637
3657
3638
3658
3639
3659
3640
3660
3641
3661
3642
3662
3643
3663
3644
3664
3645
3665
3646
3666
3667
3648
3668
3649
3669
3650
3670
3651
3671
3652
3672
3653
3673
3654
3674
3655
3675
3656
3676
3657
3677
3658
3678
3659
3679
3660
3680
3661
3681
3662
3682
3663
3683
3664
3684
3665
3685
3666
3686
3667
3687
3688
3669
3689
3670
3690
3671
3691
3672
3692
3673
3693
3674
3694
3675
3695
3676
3696
3677
3697
3678
3698
3679
3699
3680
3700
3681
3701
3682
3702
3683
3703
3684
3704
3685
3705
3686
3706
3687
3707
3688
3708
3709
3690
3710
3691
3711
3692
3712
3693
3713
3694
3714
3695
3715
3696
3716
3697
3717
3698
3718
3699
3719
3700
3720
3701
3721
3702
3722
3703
3723
3704
3724
3705
3725
3706
3726
3707
3727
3708
3728
3709
3729
3730
3711
3731
3712
3732
3713
3733
3714
3734
3715
3735
3716
3736
3717
3737
3718
3738
3719
3739
3720
3740
3721
3741
3722
3742
3723
3743
3724
3744
3725
3745
3726
3746
3727
3747
3728
3748
3729
3749
3730
3750
3751
3732
3752
3733
3753
3734
3754
3735
3755
3736
3756
3737
3757
3738
3758
3739
3759
3740
3760
3741
3761
3742
3762
3743
3763
3744
3764
3745
3765
3746
3766
3747
3767
3748
3768
3749
3769
3750
3770
3751
3771
3772
3753
3754
3755
3756
3757
3758
3759
3760
3761
3762
3763
3764
3765
3766
3767
3768
3769
3770
3771
3772
)


// ************************************************************************* //
